 8 
 1             1 
 2 
 -9998.0  ,   -9997.0
  1999.0  ,    9990.0
 6 
-66.70513      55 
-66.65503      54.97831 
-66.64558      54.97651 
-66.63951      54.97843 
-66.65071      54.99365 
-66.65621      55 
 1             2 
 2 
 -9998.0  ,   -9997.0
  1999.0  ,    9990.0
 60 
-67.2288       55 
-67.22578      54.99481 
-67.21548      54.9837 
-67.19138      54.97338 
-67.17153      54.96694 
-67.15805      54.96036 
-67.1267       54.94242 
-67.10389      54.92536 
-67.07858      54.90042 
-67.0599       54.89141 
-67.04251      54.87078 
-67.03741      54.86367 
-67.03398      54.85868 
-67.02533      54.85326 
-66.99089      54.83969 
-66.98403      54.83712 
-66.98213      54.83353 
-66.97641      54.83015 
-66.96955      54.82758 
-66.92638      54.81523 
-66.91573      54.81288 
-66.89657      54.80582 
-66.88541      54.80053 
-66.86435      54.79728 
-66.84661      54.79087 
-66.83976      54.7883 
-66.7986       54.7721 
-66.78633      54.7676 
-66.7752       54.7623 
-66.76786      54.75678 
-66.76422      54.75032 
-66.7627       54.74892 
-66.75841      54.7462 
-66.75663      54.7466 
-66.74835      54.75186 
-66.74146      54.75085 
-66.7065       54.72796 
-66.67605      54.71079 
-66.66125      54.71478 
-66.6648       54.72719 
-66.67765      54.74072 
-66.69998      54.75168 
-66.71411      54.76078 
-66.71613      54.76846 
-66.67876      54.77021 
-66.653        54.77524 
-66.63623      54.78207 
-66.61868      54.79399 
-66.60681      54.81179 
-66.60906      54.82106 
-66.65326      54.86204 
-66.66306      54.88123 
-66.68435      54.90256 
-66.6829       54.90836 
-66.69099      54.92168 
-66.70652      54.93918 
-66.72702      54.95528 
-66.76153      54.97911 
-66.78208      54.99771 
-66.78308      55 
 1             3 
 2 
 -9998.0  ,   -9997.0
  1999.0  ,    9990.0
 190 
-66.27206      55 
-66.24614      54.97386 
-66.2404       54.97277 
-66.22933      54.98132 
-66.22028      54.98199 
-66.18506      54.97272 
-66.15037      54.97234 
-66.1391       54.96876 
-66.1184       54.95786 
-66.08832      54.9371 
-66.05445      54.91743 
-66.04718      54.91938 
-66.04975      54.93161 
-66.04053      54.93663 
-66.03405      54.93579 
-66.02426      54.93694 
-65.99341      54.92695 
-65.97525      54.92506 
-65.97541      54.9262 
-65.96046      54.93011 
-65.94427      54.93086 
-65.91011      54.93108 
-65.88931      54.93021 
-65.8534       54.92066 
-65.84911      54.91559 
-65.85318      54.90488 
-65.85238      54.8992 
-65.82156      54.86033 
-65.82468      54.85424 
-65.83473      54.84943 
-65.84074      54.84412 
-65.83938      54.84006 
-65.80561      54.82536 
-65.76527      54.80294 
-65.74973      54.79083 
-65.73275      54.77078 
-65.71194      54.72549 
-65.70508      54.71573 
-65.70085      54.71363 
-65.69244      54.71287 
-65.67046      54.71408 
-65.66161      54.71882 
-65.6501       54.73032 
-65.63816      54.74756 
-65.62954      54.74817 
-65.61305      54.74318 
-65.58566      54.73958 
-65.57508      54.73731 
-65.5526       54.73486 
-65.52481      54.73402 
-65.50317      54.73496 
-65.46691      54.73584 
-65.45151      54.73925 
-65.43426      54.74662 
-65.42595      54.7527 
-65.42469      54.75825 
-65.42728      54.77529 
-65.43146      54.78312 
-65.44033      54.79349 
-65.4586       54.80918 
-65.46216      54.8152 
-65.47186      54.82577 
-65.47103      54.83152 
-65.46319      54.84147 
-65.45032      54.84614 
-65.43575      54.84699 
-65.4253       54.84286 
-65.40935      54.82982 
-65.39036      54.82399 
-65.35025      54.82019 
-65.34351      54.82643 
-65.34314      54.83285 
-65.33749      54.84452 
-65.33268      54.84724 
-65.32608      54.84523 
-65.3085       54.83155 
-65.28168      54.81649 
-65.28508      54.82818 
-65.28035      54.83776 
-65.25936      54.84754 
-65.25074      54.84836 
-65.23686      54.85145 
-65.21617      54.85092 
-65.20019      54.85318 
-65.18926      54.86095 
-65.19185      54.87227 
-65.19043      54.88651 
-65.17945      54.89405 
-65.17396      54.91073 
-65.16558      54.91999 
-65.14968      54.92956 
-65.12858      54.93246 
-65.11691      54.93774 
-65.11588      54.94235 
-65.1082       54.95752 
-65.09869      54.9643 
-65.09495      54.96628 
-65.07528      54.96798 
-65.06958      54.96363 
-65.06866      54.9527 
-65.06157      54.9532 
-65.04706      54.95812 
-65.03943      54.95751 
-65.02814      54.9495 
-65.01673      54.93715 
-65.0032       54.93036 
-65            54.93003 
-64.98711      54.9287 
-64.9704       54.93507 
-64.95698      54.93582 
-64.9329       54.92692 
-64.87781      54.89726 
-64.86046      54.88444 
-64.85461      54.87163 
-64.85163      54.8491 
-64.84516      54.84112 
-64.8355       54.83988 
-64.828        54.8436 
-64.82053      54.84411 
-64.79088      54.83083 
-64.77328      54.83286 
-64.76106      54.82646 
-64.75291      54.81739 
-64.75073      54.80856 
-64.75325      54.79589 
-64.77704      54.76482 
-64.78605      54.74665 
-64.78499      54.73731 
-64.78041      54.7352 
-64.76466      54.73236 
-64.74111      54.7337 
-64.7358       54.73572 
-64.72386      54.73503 
-64.70448      54.72775 
-64.69625      54.72828 
-64.69158      54.72548 
-64.68368      54.72554 
-64.66722      54.73392 
-64.65816      54.73426 
-64.61375      54.72559 
-64.58307      54.72327 
-64.56354      54.72169 
-64.54834      54.7236 
-64.53436      54.72959 
-64.54566      54.74633 
-64.546        54.75317 
-64.54003      54.76024 
-64.52642      54.75867 
-64.49266      54.74981 
-64.47663      54.74763 
-64.47071      54.7515 
-64.47591      54.75955 
-64.48178      54.77008 
-64.47743      54.78509 
-64.46713      54.78865 
-64.44445      54.78739 
-64.43121      54.78945 
-64.39808      54.78672 
-64.39229      54.78675 
-64.37363      54.78367 
-64.36598      54.78233 
-64.33335      54.77271 
-64.32173      54.76351 
-64.30141      54.75825 
-64.30584      54.75124 
-64.30524      54.74143 
-64.29411      54.73702 
-64.28309      54.72961 
-64.27185      54.72771 
-64.2478       54.72828 
-64.23694      54.72636 
-64.22412      54.72061 
-64.21072      54.72083 
-64.20543      54.72329 
-64.19195      54.7267 
-64.18798      54.71861 
-64.1882       54.70489 
-64.18016      54.69144 
-64.17154      54.68807 
-64.16401      54.68375 
-64.11039      54.65578 
-64.1157       54.63322 
-64.11338      54.62574 
-64.10305      54.62083 
-64.07996      54.61426 
-64.06236      54.61139 
-64.03612      54.60469 
-64.01156      54.60318 
-64.00778      54.6049 
-64            54.60634 
 1             4 
 2 
 -9998.0  ,   -9997.0
  1999.0  ,    9990.0
 412 
-66.49908      53.01651 
-66.49703      52.99613 
-66.49229      52.96405 
-66.49987      52.95882 
-66.50738      52.95819 
-66.52117      52.9641 
-66.5279       52.9658 
-66.53305      52.95956 
-66.54553      52.95155 
-66.56379      52.94666 
-66.58098      52.94733 
-66.59575      52.95204 
-66.62072      52.96398 
-66.6285       52.96012 
-66.63614      52.95281 
-66.6473       52.9311 
-66.64158      52.9009 
-66.6552       52.89556 
-66.65833      52.88621 
-66.65691      52.86931 
-66.66497      52.8324 
-66.66461      52.8175 
-66.66198      52.80755 
-66.65287      52.78993 
-66.6558       52.78679 
-66.67213      52.7946 
-66.67759      52.79315 
-66.68895      52.78564 
-66.70507      52.76479 
-66.71218      52.76416 
-66.73739      52.78065 
-66.75793      52.78868 
-66.77862      52.80014 
-66.78415      52.79914 
-66.76526      52.75753 
-66.76093      52.73666 
-66.7613       52.71438 
-66.77321      52.69352 
-66.77123      52.68307 
-66.76875      52.67679 
-66.77185      52.67478 
-66.78162      52.67446 
-66.79172      52.68123 
-66.80432      52.69681 
-66.8115       52.71155 
-66.83358      52.74426 
-66.84181      52.75343 
-66.85379      52.75505 
-66.86003      52.74895 
-66.862        52.73484 
-66.86048      52.72506 
-66.86312      52.72262 
-66.86837      52.72232 
-66.87728      52.72364 
-66.87836      52.71854 
-66.86933      52.70413 
-66.86647      52.69557 
-66.86846      52.68651 
-66.87662      52.68306 
-66.88473      52.68421 
-66.89556      52.68817 
-66.90856      52.6989 
-66.9328       52.73286 
-66.95535      52.75841 
-66.96281      52.76486 
-66.97222      52.76937 
-66.98126      52.76907 
-66.99798      52.76466 
-67.03066      52.75839 
-67.04088      52.76308 
-67.05375      52.77724 
-67.0685       52.79841 
-67.06277      52.81229 
-67.06179      52.83691 
-67.064        52.85538 
-67.06603      52.86329 
-67.06465      52.86888 
-67.07339      52.88306 
-67.09458      52.89444 
-67.10346      52.8953 
-67.10408      52.88975 
-67.10008      52.88149 
-67.1048       52.87777 
-67.11375      52.87678 
-67.1474       52.85965 
-67.16178      52.84778 
-67.1733       52.83699 
-67.18036      52.83382 
-67.19396      52.83346 
-67.21174      52.8425 
-67.2303       52.85379 
-67.24938      52.85908 
-67.27936      52.87518 
-67.28823      52.87832 
-67.29436      52.88782 
-67.30403      52.89343 
-67.32938      52.89052 
-67.33836      52.89434 
-67.34606      52.90398 
-67.3518       52.91786 
-67.35538      52.93693 
-67.3539       52.9508 
-67.3445       52.95826 
-67.33543      52.96318 
-67.31438      52.96467 
-67.29423      52.96474 
-67.27303      52.96992 
-67.25438      52.98137 
-67.24876      52.98883 
-67.2528       52.99249 
-67.26828      52.99179 
-67.29033      52.9962 
-67.30446      52.9942 
-67.31776      52.9895 
-67.33566      52.98727 
-67.35138      52.99251 
-67.36418      53.00298 
-67.36782      53.01103 
-67.36705      53.02233 
-67.37388      53.03569 
-67.38817      53.06168 
-67.39225      53.07452 
-67.3896       53.08593 
-67.39167      53.10945 
-67.385        53.11744 
-67.38378      53.12601 
-67.38565      53.13485 
-67.37204      53.13338 
-67.36615      53.13006 
-67.35396      53.1122 
-67.34818      53.11186 
-67.32201      53.12654 
-67.29998      53.14095 
-67.29307      53.14986 
-67.29047      53.1709 
-67.27938      53.17776 
-67.27246      53.1752 
-67.25728      53.16669 
-67.24098      53.15137 
-67.23075      53.14715 
-67.20763      53.1483 
-67.15995      53.144 
-67.15911      53.1413 
-67.165        53.13521 
-67.15752      53.12923 
-67.1406       53.12379 
-67.13231      53.1151 
-67.12358      53.11309 
-67.09401      53.12836 
-67.07598      53.13492 
-67.06838      53.13513 
-67.06573      53.12817 
-67.07937      53.09456 
-67.07744      53.08732 
-67.05788      53.07722 
-67.03634      53.07365 
-67.02751      53.07324 
-67.01518      53.08199 
-66.99612      53.10581 
-66.99751      53.11215 
-66.98708      53.12561 
-66.98746      53.1304 
-67.00698      53.15452 
-67.00985      53.16285 
-67.00789      53.16732 
-66.99987      53.17214 
-66.98439      53.17326 
-66.97463      53.1791 
-66.97077      53.1885 
-66.97602      53.21895 
-66.98138      53.25237 
-66.97076      53.27936 
-66.95983      53.30201 
-66.96196      53.31291 
-66.96955      53.31959 
-66.99423      53.32529 
-67.01294      53.3272 
-67.02317      53.3312 
-67.0259       53.3338 
-67.01808      53.33998 
-67.00881      53.34442 
-67.00222      53.36063 
-67.00059      53.37197 
-66.99518      53.37411 
-66.9789       53.36357 
-66.97071      53.36266 
-66.94096      53.39028 
-66.91998      53.39353 
-66.90611      53.40051 
-66.89871      53.40712 
-66.88779      53.4254 
-66.88982      53.4285 
-66.90868      53.42629 
-66.91918      53.42707 
-66.93321      53.4428 
-66.93708      53.47172 
-66.94205      53.47396 
-66.94975      53.47398 
-66.9634       53.47275 
-66.97706      53.46921 
-66.98766      53.46815 
-66.99543      53.46863 
-67.00018      53.4718 
-67.00281      53.49528 
-67.02035      53.5085 
-67.03664      53.5234 
-67.06298      53.53382 
-67.07218      53.53581 
-67.1015       53.53136 
-67.1234       53.53101 
-67.13641      53.53049 
-67.16189      53.53542 
-67.17138      53.54152 
-67.17785      53.54803 
-67.18483      53.5506 
-67.20015      53.54994 
-67.20942      53.54549 
-67.21996      53.53707 
-67.22932      53.53537 
-67.23698      53.53744 
-67.27008      53.55545 
-67.29238      53.55275 
-67.30531      53.54946 
-67.31531      53.55391 
-67.32881      53.56527 
-67.33425      53.57458 
-67.33928      53.59058 
-67.34502      53.59482 
-67.36788      53.59988 
-67.38296      53.60678 
-67.38848      53.61426 
-67.39545      53.63013 
-67.40396      53.64362 
-67.41865      53.65949 
-67.42567      53.6733 
-67.40901      53.67316 
-67.40631      53.67768 
-67.41216      53.68467 
-67.4226       53.68909 
-67.43273      53.70524 
-67.43696      53.72082 
-67.44575      53.7336 
-67.45765      53.73518 
-67.45756      53.71682 
-67.46766      53.71253 
-67.48991      53.71141 
-67.50925      53.7224 
-67.51887      53.73536 
-67.51981      53.74517 
-67.51975      53.75367 
-67.53076      53.7546 
-67.56385      53.75326 
-67.58285      53.75555 
-67.59255      53.75999 
-67.59796      53.76425 
-67.59905      53.77268 
-67.59388      53.78287 
-67.58765      53.78715 
-67.55748      53.79199 
-67.55246      53.79437 
-67.53054      53.83748 
-67.53346      53.84305 
-67.54923      53.84002 
-67.55809      53.83741 
-67.55936      53.84238 
-67.5567       53.84714 
-67.56921      53.86083 
-67.58785      53.86519 
-67.60273      53.87461 
-67.61048      53.88539 
-67.61261      53.89306 
-67.60923      53.89809 
-67.61066      53.90833 
-67.61587      53.92018 
-67.6258       53.92783 
-67.65146      53.93428 
-67.65578      53.93447 
-67.66846      53.94447 
-67.67985      53.96672 
-67.69553      53.97815 
-67.70716      53.98202 
-67.71429      53.98272 
-67.75728      53.99634 
-67.77663      54.00844 
-67.79801      54.01444 
-67.81145      54.01543 
-67.81651      54.02178 
-67.8108       54.03109 
-67.78698      54.05876 
-67.78132      54.06416 
-67.77978      54.07712 
-67.76415      54.08567 
-67.76517      54.09342 
-67.78103      54.10115 
-67.7968       54.10613 
-67.80523      54.11593 
-67.80181      54.12717 
-67.79078      54.13957 
-67.77816      54.14541 
-67.75264      54.15137 
-67.73214      54.15264 
-67.71143      54.15278 
-67.69313      54.15322 
-67.68673      54.15247 
-67.65435      54.15516 
-67.64456      54.15943 
-67.64238      54.16255 
-67.64531      54.17018 
-67.64331      54.17649 
-67.62653      54.18556 
-67.6175       54.19414 
-67.61609      54.20157 
-67.62335      54.2071 
-67.66922      54.22907 
-67.67868      54.24019 
-67.68031      54.25363 
-67.67778      54.26343 
-67.67894      54.26772 
-67.66306      54.28843 
-67.66871      54.29795 
-67.69773      54.31728 
-67.70949      54.31931 
-67.72207      54.32588 
-67.73473      54.33933 
-67.73843      54.34667 
-67.73048      54.37631 
-67.73925      54.39207 
-67.7502       54.4024 
-67.76178      54.40765 
-67.77636      54.42488 
-67.7725       54.43384 
-67.76673      54.43672 
-67.75046      54.44255 
-67.73389      54.44243 
-67.70571      54.43911 
-67.6876       54.44344 
-67.67751      54.45301 
-67.65995      54.48874 
-67.64923      54.49697 
-67.63865      54.47994 
-67.635        54.47282 
-67.62458      54.46749 
-67.6222       54.46741 
-67.5985       54.4693 
-67.59383      54.4806 
-67.58007      54.4874 
-67.56778      54.487 
-67.5295       54.48012 
-67.50945      54.48041 
-67.49113      54.48379 
-67.44381      54.48592 
-67.43096      54.49357 
-67.4278       54.50476 
-67.42817      54.51805 
-67.42188      54.52714 
-67.41365      54.53198 
-67.39767      54.52857 
-67.38145      54.52379 
-67.34625      54.51645 
-67.33324      54.51193 
-67.31973      54.50905 
-67.30663      54.49949 
-67.29598      54.49025 
-67.2938       54.48442 
-67.2831       54.47953 
-67.25473      54.49792 
-67.23033      54.52111 
-67.23305      54.52554 
-67.25105      54.53161 
-67.2791       54.54788 
-67.28551      54.5576 
-67.28345      54.5685 
-67.27973      54.57674 
-67.28228      54.5892 
-67.25815      54.58211 
-67.24948      54.58445 
-67.23765      54.59613 
-67.23236      54.60905 
-67.21753      54.60784 
-67.20536      54.60831 
-67.18481      54.60833 
-67.16438      54.61363 
-67.14838      54.62187 
-67.13223      54.64549 
-67.12586      54.65227 
-67.10666      54.66275 
-67.08645      54.67191 
-67.07736      54.67907 
-67.07313      54.69627 
-67.07725      54.71369 
-67.10692      54.7393 
-67.12941      54.7527 
-67.16096      54.77729 
-67.19056      54.78798 
-67.20665      54.78913 
-67.21374      54.79354 
-67.22637      54.8185 
-67.24548      54.83483 
-67.26555      54.84743 
-67.29141      54.86818 
-67.31226      54.89197 
-67.33857      54.9104 
-67.34399      54.91627 
-67.34848      54.93275 
-67.36146      54.94094 
-67.38931      54.95193 
-67.40259      54.9617 
-67.40795      54.96712 
-67.41154      54.98067 
-67.40864      54.98909 
-67.41092      54.99744 
-67.41359      55 
 1             5 
 2 
 -9998.0  ,   -9997.0
  1999.0  ,    9990.0
 21 
-64            52.36357 
-64.00706      52.3649 
-64.02869      52.38912 
-64.029        52.39255 
-64.02185      52.40033 
-64.02797      52.41432 
-64.03323      52.41872 
-64.0615       52.4331 
-64.07746      52.44378 
-64.09181      52.46137 
-64.09113      52.47833 
-64.0842       52.49687 
-64.07554      52.5006 
-64.07353      52.5073 
-64.06721      52.51621 
-64.05009      52.53417 
-64.04516      52.55013 
-64.04391      52.55703 
-64.03595      52.5644 
-64.01535      52.5692 
-64            52.57587 
 1             6 
 2 
 -9998.0  ,   -9997.0
  1999.0  ,    9990.0
 184 
-65.70314      52.10712 
-65.71385      52.10157 
-65.718        52.09887 
-65.72683      52.09226 
-65.73099      52.09274 
-65.74501      52.10628 
-65.75902      52.10514 
-65.77027      52.10873 
-65.78702      52.1086 
-65.81188      52.12229 
-65.82381      52.12514 
-65.8386       52.12144 
-65.85636      52.12332 
-65.87248      52.1184 
-65.88002      52.11344 
-65.89021      52.10033 
-65.89329      52.09536 
-65.90411      52.08703 
-65.91196      52.08732 
-65.92662      52.09118 
-65.92675      52.0921 
-65.95109      52.1044 
-65.95862      52.10219 
-65.9712       52.09033 
-65.97398      52.06657 
-65.97645      52.06278 
-65.98136      52.06322 
-65.98541      52.06577 
-65.99514      52.0662 
-66.00771      52.07106 
-66.0259       52.08459 
-66.04336      52.09264 
-66.06692      52.09878 
-66.08588      52.0985 
-66.09248      52.10045 
-66.09405      52.10657 
-66.08445      52.13182 
-66.08081      52.15173 
-66.0801       52.16575 
-66.0836       52.17222 
-66.10189      52.19147 
-66.12012      52.21553 
-66.13011      52.22304 
-66.14422      52.23057 
-66.15266      52.22945 
-66.16344      52.22362 
-66.17753      52.21211 
-66.18575      52.21214 
-66.20949      52.2405 
-66.21928      52.26246 
-66.22546      52.26924 
-66.23226      52.2698 
-66.24237      52.27524 
-66.25656      52.30959 
-66.27213      52.31932 
-66.27941      52.31779 
-66.2931       52.30606 
-66.2938       52.28974 
-66.30745      52.29636 
-66.31264      52.29333 
-66.31503      52.27853 
-66.30776      52.25621 
-66.30955      52.2451 
-66.3051       52.22676 
-66.28678      52.2002 
-66.2817       52.164 
-66.2847       52.15352 
-66.29972      52.14103 
-66.30935      52.14052 
-66.31509      52.1416 
-66.32613      52.1511 
-66.3402       52.15563 
-66.35498      52.15461 
-66.36696      52.16016 
-66.36941      52.16691 
-66.36576      52.17789 
-66.36751      52.18766 
-66.38876      52.20831 
-66.39618      52.22099 
-66.41068      52.23604 
-66.42555      52.22514 
-66.43246      52.22385 
-66.44966      52.23416 
-66.45671      52.24158 
-66.46202      52.25506 
-66.45911      52.266 
-66.44247      52.26208 
-66.43605      52.26426 
-66.43546      52.26796 
-66.43931      52.27647 
-66.4532       52.28719 
-66.46052      52.29895 
-66.47103      52.30687 
-66.47538      52.30847 
-66.48366      52.31903 
-66.48516      52.32675 
-66.48304      52.33283 
-66.46783      52.34673 
-66.4616       52.35028 
-66.44803      52.35491 
-66.44158      52.36214 
-66.43736      52.37178 
-66.42758      52.38193 
-66.41911      52.38308 
-66.40509      52.37948 
-66.39512      52.37266 
-66.38391      52.36776 
-66.375        52.36044 
-66.35375      52.35859 
-66.3424       52.36309 
-66.34266      52.38601 
-66.34641      52.39912 
-66.36283      52.40903 
-66.36483      52.41511 
-66.35918      52.44385 
-66.36218      52.45699 
-66.36691      52.4611 
-66.38886      52.46751 
-66.3934       52.47552 
-66.39295      52.47761 
-66.39145      52.4802 
-66.38721      52.47952 
-66.37514      52.47396 
-66.3692       52.47451 
-66.36277      52.47944 
-66.36506      52.50065 
-66.37143      52.50834 
-66.38959      52.51953 
-66.39201      52.5233 
-66.38201      52.52957 
-66.37553      52.53954 
-66.37913      52.55403 
-66.39731      52.5783 
-66.42761      52.61062 
-66.43333      52.61628 
-66.43761      52.62752 
-66.43533      52.63521 
-66.41796      52.66091 
-66.40698      52.67113 
-66.3953       52.67129 
-66.38752      52.66712 
-66.36115      52.64122 
-66.33248      52.61475 
-66.31092      52.59846 
-66.30375      52.59838 
-66.28944      52.60899 
-66.28381      52.61983 
-66.28512      52.63169 
-66.30791      52.65137 
-66.32621      52.67907 
-66.33531      52.6951 
-66.33721      52.71105 
-66.32833      52.72551 
-66.32443      52.73787 
-66.32798      52.75466 
-66.32785      52.76957 
-66.34122      52.78102 
-66.34968      52.7925 
-66.3675       52.80578 
-66.3793       52.8141 
-66.39004      52.82546 
-66.40623      52.84823 
-66.40929      52.86664 
-66.38507      52.867 
-66.34517      52.86108 
-66.32801      52.8551 
-66.31066      52.84775 
-66.3064       52.84705 
-66.2966       52.85008 
-66.28411      52.86335 
-66.27655      52.87956 
-66.27463      52.88998 
-66.27891      52.89871 
-66.28911      52.9117 
-66.3137       52.93496 
-66.3252       52.9621 
-66.32871      52.97063 
-66.35821      53.00899 
-66.38021      53.01907 
-66.41394      53.02601 
-66.43713      53.02845 
-66.4843       53.02571 
-66.49441      53.02471 
-66.49908      53.01651 
 1             7 
 2 
 -9998.0  ,   -9997.0
  1999.0  ,    9990.0
 274 
-64            52.73136 
-64.0087       52.73303 
-64.016        52.73874 
-64.03063      52.74192 
-64.04218      52.74038 
-64.05275      52.73226 
-64.06223      52.73286 
-64.0773       52.7367 
-64.09648      52.73628 
-64.10521      52.73278 
-64.11865      52.7353 
-64.12835      52.73817 
-64.1391       52.73621 
-64.14902      52.72946 
-64.14985      52.72623 
-64.14438      52.71612 
-64.14076      52.70159 
-64.13841      52.69252 
-64.14297      52.68893 
-64.15243      52.6854 
-64.16146      52.68532 
-64.17275      52.67716 
-64.17292      52.67097 
-64.16721      52.65034 
-64.1669       52.64303 
-64.17196      52.63278 
-64.17164      52.61334 
-64.17395      52.60983 
-64.17266      52.60004 
-64.17503      52.59744 
-64.19377      52.6048 
-64.2035       52.60423 
-64.21177      52.60028 
-64.21276      52.59086 
-64.2255       52.59042 
-64.23355      52.59197 
-64.2391       52.59109 
-64.23857      52.58562 
-64.19725      52.56188 
-64.17711      52.54358 
-64.16621      52.52748 
-64.15933      52.5101 
-64.15116      52.4868 
-64.14451      52.44767 
-64.13552      52.42349 
-64.12485      52.41333 
-64.12455      52.39801 
-64.13861      52.38013 
-64.15014      52.37127 
-64.16125      52.35806 
-64.16765      52.34251 
-64.1858       52.34073 
-64.18801      52.33631 
-64.18086      52.31595 
-64.18451      52.31102 
-64.1957       52.30674 
-64.219        52.30043 
-64.22422      52.29636 
-64.22602      52.29172 
-64.2357       52.29138 
-64.24983      52.28287 
-64.25228      52.27729 
-64.25121      52.27 
-64.23696      52.25334 
-64.2363       52.24649 
-64.23839      52.23704 
-64.2327       52.22419 
-64.2129       52.19605 
-64.20355      52.17577 
-64.18951      52.15704 
-64.1818       52.1422 
-64.18315      52.12865 
-64.18661      52.12601 
-64.2052       52.13772 
-64.21786      52.14185 
-64.22505      52.14261 
-64.22805      52.14332 
-64.23631      52.14807 
-64.24814      52.14719 
-64.25823      52.13585 
-64.26076      52.1195 
-64.2622       52.1071 
-64.26545      52.09828 
-64.26475      52.09098 
-64.26741      52.08768 
-64.28871      52.08486 
-64.29866      52.08015 
-64.3019       52.07522 
-64.29938      52.06433 
-64.29284      52.05426 
-64.28313      52.04202 
-64.27806      52.02389 
-64.26206      52.00776 
-64.24846      51.98558 
-64.2459       51.97811 
-64.25062      51.97703 
-64.25885      51.97765 
-64.30186      51.99717 
-64.33026      52.01468 
-64.34447      52.01966 
-64.35444      52.01907 
-64.36274      52.0167 
-64.36883      52.01053 
-64.36906      52.00526 
-64.36186      51.99224 
-64.35835      51.97909 
-64.35755      51.9631 
-64.35316      51.94837 
-64.35372      51.94263 
-64.35773      51.93424 
-64.35503      51.92176 
-64.35077      51.91207 
-64.34981      51.89836 
-64.35611      51.88692 
-64.36219      51.87319 
-64.36135      51.86451 
-64.35393      51.8451 
-64.33255      51.81864 
-64.31523      51.79981 
-64.31751      51.78897 
-64.31524      51.76914 
-64.31182      51.76422 
-64.3047       51.75922 
-64.29486      51.7566 
-64.29096      51.75056 
-64.29775      51.73658 
-64.31921      51.71016 
-64.33898      51.68952 
-64.34806      51.68049 
-64.3543       51.67637 
-64.36383      51.67212 
-64.37327      51.67063 
-64.38436      51.66724 
-64.39173      51.6672 
-64.40327      51.6686 
-64.42428      51.67629 
-64.44149      51.67153 
-64.45095      51.6627 
-64.45478      51.63806 
-64.46023      51.62984 
-64.47892      51.62158 
-64.48645      51.61946 
-64.49396      51.61368 
-64.50408      51.61192 
-64.51635      51.60573 
-64.53895      51.59639 
-64.55908      51.59538 
-64.56375      51.59795 
-64.56982      51.60344 
-64.57821      51.62097 
-64.58898      51.62926 
-64.60021      51.63111 
-64.61196      51.62722 
-64.61563      51.63074 
-64.62051      51.64612 
-64.62306      51.66388 
-64.62437      51.67665 
-64.63053      51.68649 
-64.64736      51.69613 
-64.67772      51.70455 
-64.69432      51.73664 
-64.7015       51.75239 
-64.70594      51.75611 
-64.71601      51.76051 
-64.75386      51.76954 
-64.76967      51.77233 
-64.77818      51.77245 
-64.79056      51.76737 
-64.79887      51.7691 
-64.80788      51.77743 
-64.81692      51.77912 
-64.84524      51.77797 
-64.87931      51.77886 
-64.91471      51.77831 
-64.93563      51.77699 
-64.94171      51.77513 
-64.94899      51.7675 
-64.94526      51.76376 
-64.92935      51.76007 
-64.92726      51.75099 
-64.9278       51.73906 
-64.93062      51.72772 
-64.93851      51.72235 
-64.95493      51.72396 
-64.96338      51.72704 
-64.97823      51.73787 
-65            51.7491 
-65.00131      51.74972 
-65.00732      51.75061 
-65.03308      51.76303 
-65.04695      51.76817 
-65.0552       51.76942 
-65.07705      51.76665 
-65.09388      51.7586 
-65.10871      51.7559 
-65.1287       51.75641 
-65.14558      51.75866 
-65.16016      51.76352 
-65.17618      51.76465 
-65.18125      51.76695 
-65.18318      51.77099 
-65.182        51.77677 
-65.17377      51.79202 
-65.17513      51.80708 
-65.18763      51.82257 
-65.19916      51.82321 
-65.22101      51.82339 
-65.2371       51.82498 
-65.24703      51.82774 
-65.25319      51.83297 
-65.2539       51.84531 
-65.25         51.85625 
-65.25107      51.86239 
-65.26145      51.87201 
-65.26327      51.87491 
-65.30539      51.87418 
-65.3095       51.87445 
-65.32041      51.87281 
-65.32481      51.8662 
-65.32906      51.85203 
-65.32888      51.84104 
-65.3378       51.83193 
-65.34451      51.82934 
-65.35163      51.83635 
-65.35837      51.85255 
-65.38353      51.87409 
-65.38948      51.88367 
-65.38355      51.89609 
-65.35916      51.91529 
-65.35221      51.93463 
-65.3554       51.95212 
-65.35573      51.95807 
-65.36235      51.96693 
-65.36419      51.97922 
-65.37079      51.98786 
-65.37991      51.99272 
-65.38869      51.99164 
-65.39951      51.97969 
-65.40403      51.97719 
-65.44395      52.00333 
-65.45379      52.00791 
-65.4683       52.02031 
-65.4804       52.03717 
-65.48425      52.04753 
-65.48496      52.0624 
-65.48165      52.09303 
-65.48676      52.10448 
-65.49876      52.10828 
-65.50834      52.1044 
-65.52043      52.09078 
-65.53135      52.08271 
-65.55899      52.0475 
-65.58125      52.04119 
-65.59081      52.04028 
-65.60903      52.0463 
-65.61941      52.04306 
-65.6347       52.02858 
-65.64726      52.00438 
-65.65066      51.99298 
-65.66026      51.98657 
-65.66591      51.98722 
-65.66794      51.99744 
-65.66925      52.02259 
-65.66508      52.04249 
-65.65096      52.0544 
-65.64708      52.06787 
-65.65467      52.09273 
-65.6659       52.11374 
-65.6696       52.11632 
-65.67395      52.11842 
-65.67797      52.11798 
-65.68466      52.1149 
-65.69045      52.11288 
-65.70314      52.10712 
 1             8 
 1 
 -9998.0  ,   -9997.0
 306
-66.90028      50
-66.89934      50.00122
-66.88811      50.00236
-66.88206      50.00479
-66.88438      50.00855
-66.88386      50.01225
-66.88046      50.01338
-66.87493      50.00958
-66.86684      50.01029
-66.86263      50.01078
-66.85412      50.01588
-66.84228      50.01774
-66.83669      50.02335
-66.83019      50.0203
-66.82053      50.02248
-66.8198       50.01496
-66.81499      50.01616
-66.80862      50.01402
-66.80517      50.0159
-66.8022       50.02381
-66.78289      50.02083
-66.76055      50.02399
-66.7536       50.03013
-66.73682      50.0348
-66.73138      50.0342
-66.72151      50.04235
-66.71643      50.06169
-66.70761      50.07988
-66.6938       50.0956
-66.68416      50.10305
-66.67827      50.1066
-66.66017      50.11752
-66.6527       50.12025
-66.62567      50.12343
-66.60795      50.12927
-66.60282      50.13346
-66.60031      50.13843
-66.60191      50.14476
-66.60545      50.14863
-66.592        50.15302
-66.59011      50.14852
-66.58932      50.14663
-66.58205      50.14315
-66.58247      50.14106
-66.58724      50.13941
-66.58418      50.13798
-66.56251      50.14381
-66.54953      50.14547
-66.52246      50.14587
-66.51795      50.14429
-66.51659      50.13703
-66.50245      50.14059
-66.49115      50.13366
-66.47262      50.12874
-66.46322      50.12263
-66.45447      50.12129
-66.44878      50.12138
-66.44729      50.12353
-66.4515       50.12792
-66.4527       50.12919
-66.44991      50.13485
-66.44179      50.14333
-66.43499      50.14578
-66.41993      50.14525
-66.42272      50.15266
-66.42074      50.15644
-66.42471      50.15943
-66.44093      50.15531
-66.45684      50.15418
-66.46563      50.15575
-66.46478      50.15993
-66.49525      50.15568
-66.50253      50.15664
-66.51456      50.161
-66.52278      50.16879
-66.52419      50.17204
-66.53066      50.18692
-66.53396      50.20554
-66.52395      50.22354
-66.51525      50.23046
-66.50291      50.23689
-66.4647       50.25029
-66.45661      50.25648
-66.45371      50.26146
-66.43062      50.26001
-66.41693      50.26192
-66.4078       50.2606
-66.40307      50.25742
-66.39516      50.24662
-66.38945      50.23089
-66.39024      50.22626
-66.39451      50.22349
-66.40241      50.22374
-66.4065       50.21962
-66.40183      50.21162
-66.3938       50.20771
-66.39005      50.20379
-66.38621      50.19667
-66.36306      50.18396
-66.3513       50.18416
-66.31847      50.19767
-66.27592      50.20276
-66.25861      50.20692
-66.23726      50.20762
-66.20646      50.20371
-66.20056      50.20296
-66.17758      50.19664
-66.14668      50.18431
-66.13745      50.18206
-66.12518      50.18111
-66.09037      50.1825
-66.07633      50.18714
-66.09244      50.19019
-66.10501      50.19617
-66.10745      50.20131
-66.10831      50.21067
-66.10917      50.22002
-66.1058       50.22707
-66.09926      50.23178
-66.0779       50.24071
-66.04096      50.24816
-66.03231      50.25165
-66.02819      50.25731
-66.03129      50.26197
-66.03553      50.26426
-66.042        50.26461
-66.04645      50.263
-66.06242      50.25092
-66.07153      50.24952
-66.07745      50.25104
-66.0651       50.25789
-66.0606       50.25904
-66.05296      50.26632
-66.03566      50.26815
-66.02173      50.26269
-66.0197       50.25798
-66.02388      50.25158
-66.0306       50.24824
-66.03493      50.24572
-66.07583      50.23302
-66.09331      50.22453
-66.09426      50.22081
-66.09148      50.21591
-66.08081      50.21075
-66.07118      50.20804
-66.05293      50.20786
-66.05873      50.20297
-66.0606       50.19806
-66.05455      50.19815
-66.04599      50.20388
-66.03849      50.2178
-66.0345       50.22201
-66.03094      50.22576
-66.00978      50.25598
-65.99931      50.26639
-65.9954       50.26934
-65.99931      50.26639
-65.9954       50.26934
-65.97933      50.27521
-65.96808      50.27672
-65.95896      50.27811
-65.95472      50.28704
-65.95031      50.28612
-65.94666      50.28014
-65.94183      50.27854
-65.93131      50.28023
-65.92688      50.27908
-65.91663      50.28007
-65.9083       50.27362
-65.8962       50.27126
-65.88959      50.26702
-65.88379      50.2664
-65.87801      50.26303
-65.87535      50.26752
-65.87061      50.26684
-65.86723      50.26266
-65.86101      50.2616
-65.85865      50.25691
-65.84932      50.2567
-65.84647      50.25386
-65.84732      50.24924
-65.84505      50.24821
-65.83235      50.24954
-65.8252       50.24669
-65.8183       50.24864
-65.81263      50.25191
-65.81357      50.25668
-65.82071      50.25952
-65.82059      50.26137
-65.81153      50.26045
-65.80503      50.26284
-65.79755      50.25726
-65.78651      50.25758
-65.77986      50.25585
-65.77917      50.25314
-65.76794      50.25485
-65.76071      50.25131
-65.75457      50.25369
-65.74714      50.25429
-65.74671      50.2566
-65.73984      50.25305
-65.73551      50.25281
-65.72908      50.25565
-65.71745      50.25416
-65.71412      50.25616
-65.70906      50.25572
-65.70039      50.25203
-65.68702      50.25086
-65.68547      50.25575
-65.67959      50.25444
-65.67456      50.2572
-65.6621       50.25759
-65.65975      50.26183
-65.64598      50.26021
-65.64195      50.26247
-65.62752      50.26135
-65.62126      50.26578
-65.61431      50.26451
-65.6042       50.26662
-65.59536      50.27048
-65.5851       50.27143
-65.57879      50.26945
-65.53778      50.27028
-65.51628      50.2791
-65.50449      50.28219
-65.49267      50.28207
-65.48344      50.28572
-65.44612      50.28771
-65.43088      50.28889
-65.39881      50.29613
-65.37286      50.29757
-65.34471      50.29842
-65.3221       50.29145
-65.31452      50.29088
-65.30017      50.2936
-65.30017      50.2936
-65.28767      50.29372
-65.28268      50.29716
-65.27346      50.29781
-65.26269      50.29738
-65.24588      50.29234
-65.24754      50.29624
-65.24161      50.30086
-65.23811      50.29827
-65.23921      50.29204
-65.23488      50.28536
-65.23148      50.28369
-65.20803      50.28497
-65.20115      50.28093
-65.19245      50.27996
-65.17312      50.28289
-65.16112      50.28434
-65.14252      50.28425
-65.1166       50.27922
-65.09738      50.28007
-65.08971      50.27858
-65.07757      50.27865
-65.05896      50.27512
-65.05496      50.27117
-65.04523      50.27366
-65.03562      50.27408
-65.03098      50.27749
-65.02392      50.27826
-65.01907      50.27297
-65.00526      50.27082
-65            50.26894
-64.98928      50.2651
-64.9789       50.26486
-64.96865      50.26256
-64.96336      50.25981
-64.95689      50.2594
-64.94862      50.26571
-64.94255      50.26574
-64.93648      50.26577
-64.93027      50.2713
-64.92488      50.27108
-64.92315      50.26818
-64.90882      50.261
-64.89899      50.25913
-64.87881      50.2588
-64.87622      50.25666
-64.8381       50.26101
-64.83056      50.26064
-64.82911      50.2618
-64.82726      50.26329
-64.81817      50.26528
-64.80285      50.26568
-64.79148      50.26982
-64.77518      50.26752
-64.76059      50.26812
-64.75256      50.26639
-64.74569      50.2621
-64.72848      50.26853
-64.69358      50.27315
-64.67206      50.26876
-64.63643      50.26974
-64.62149      50.274
-64.61871      50.27846
-64.61325      50.28097
-64.59427      50.28042
-64.59318      50.28039
-64.58096      50.2834
-64.56816      50.28024
-64.53815      50.28028
-64.52663      50.28691
-64.50202      50.2948
