 9 
 1             1 
 2 
 -9998.0  ,   -9997.0
  1999.0  ,    9990.0
 86 
 13.8488       15 
 13.84766      14.99592 
 13.84389      14.99178 
 13.83919      14.98051 
 13.83004      14.9566 
 13.82417      14.94578 
 13.79671      14.88437 
 13.79649      14.87771 
 13.79227      14.86851 
 13.78968      14.86321 
 13.79066      14.85426 
 13.78973      14.84667 
 13.79144      14.8299 
 13.791        14.82071 
 13.79224      14.80233 
 13.79414      14.79728 
 13.79915      14.78007 
 13.80941      14.74585 
 13.8116       14.72725 
 13.80996      14.72173 
 13.79724      14.71273 
 13.79512      14.70882 
 13.78876      14.70651 
 13.78853      14.70398 
 13.78145      14.70235 
 13.77037      14.69566 
 13.76873      14.69197 
 13.75218      14.69744 
 13.74557      14.69834 
 13.70649      14.6633 
 13.70227      14.65686 
 13.69402      14.65132 
 13.67731      14.63656 
 13.67686      14.63173 
 13.679        14.62645 
 13.6925       14.61294 
 13.69182      14.60696 
 13.69143      14.5826 
 13.69602      14.55112 
 13.67342      14.53543 
 13.66589      14.52989 
 13.66283      14.52942 
 13.65906      14.52527 
 13.64094      14.51372 
 13.63316      14.51048 
 13.60087      14.50233 
 13.59284      14.50277 
 13.58647      14.50435 
 13.57207      14.50568 
 13.54451      14.49479 
 13.51977      14.48596 
 13.49975      14.47785 
 13.49339      14.47461 
 13.47883      14.46007 
 13.47509      14.45201 
 13.47348      14.44282 
 13.47622      14.40789 
 13.47964      14.37963 
 13.48108      14.37504 
 13.48563      14.35827 
 13.48804      14.34541 
 13.4938       14.32153 
 13.49929      14.30476 
 13.501        14.29259 
 13.51852      14.21564 
 13.5286       14.17338 
 13.53267      14.15684 
 13.53508      14.14213 
 13.55115      14.07299 
 13.55714      14.04841 
 13.56073      14.03187 
 13.56363      14.01417 
 13.56769      13.99947 
 13.57847      13.9526 
 13.58589      13.9209 
 13.59068      13.90206 
 13.59453      13.87954 
 13.60193      13.85174 
 13.61461      13.7959 
 13.61845      13.77752 
 13.62083      13.77132 
 13.623        13.75592 
 13.6261       13.74604 
 13.62801      13.73708 
 13.63351      13.71363 
 13.63455      13.71068 
 1             2 
 2 
 -9998.0  ,   -9997.0
  1999.0  ,    9990.0
 138 
 13.04599      13.52901 
 13.04495      13.53201 
 13.04756      13.54143 
 13.0492       13.54258 
 13.05484      13.53935 
 13.05766      13.54027 
 13.06496      13.54716 
 13.07554      13.54737 
 13.07978      13.54667 
 13.08142      13.54575 
 13.08189      13.54368 
 13.07529      13.53495 
 13.07153      13.53495 
 13.06752      13.53105 
 13.06705      13.52714 
 13.07198      13.52322 
 13.07973      13.5216 
 13.08326      13.51952 
 13.08678      13.52044 
 13.09077      13.51468 
 13.09359      13.51628 
 13.10067      13.53076 
 13.10562      13.53535 
 13.12299      13.51968 
 13.12745      13.51898 
 13.12746      13.52151 
 13.12535      13.52473 
 13.12653      13.52726 
 13.12864      13.5284 
 13.12255      13.53624 
 13.1242       13.53968 
 13.12984      13.53921 
 13.13313      13.53921 
 13.13901      13.54012 
 13.14561      13.54723 
 13.1482       13.54769 
 13.14984      13.54492 
 13.14441      13.53666 
 13.14534      13.52975 
 13.14203      13.51803 
 13.14319      13.5148 
 13.14954      13.51548 
 13.15518      13.51271 
 13.158        13.51293 
 13.15941      13.51408 
 13.15801      13.51776 
 13.16178      13.52144 
 13.16296      13.5219 
 13.16273      13.52627 
 13.16532      13.52833 
 13.1792       13.53244 
 13.1839       13.5322 
 13.18648      13.53013 
 13.19162      13.51493 
 13.1949       13.51079 
 13.19867      13.51032 
 13.20008      13.51146 
 13.19985      13.51515 
 13.19868      13.51883 
 13.2001       13.5225 
 13.20834      13.52663 
 13.2093       13.53421 
 13.21427      13.5503 
 13.21568      13.55145 
 13.21849      13.54615 
 13.22014      13.54661 
 13.22156      13.55282 
 13.23215      13.55532 
 13.23756      13.5583 
 13.2411       13.56358 
 13.24205      13.56703 
 13.24135      13.57048 
 13.23854      13.5721 
 13.23313      13.57165 
 13.23243      13.57349 
 13.23551      13.58476 
 13.23975      13.58636 
 13.25172      13.58058 
 13.25478      13.58149 
 13.25714      13.58448 
 13.25691      13.58793 
 13.26422      13.59251 
 13.26516      13.59412 
 13.26211      13.59872 
 13.25482      13.5969 
 13.25414      13.60633 
 13.25226      13.60956 
 13.24827      13.61302 
 13.24992      13.61508 
 13.25722      13.61783 
 13.26146      13.62242 
 13.26501      13.63115 
 13.26996      13.63574 
 13.27538      13.63825 
 13.27515      13.63963 
 13.27116      13.64309 
 13.27446      13.64745 
 13.28317      13.65157 
 13.29331      13.65937 
 13.29848      13.65797 
 13.30038      13.66418 
 13.29874      13.67062 
 13.29781      13.67269 
 13.29946      13.6743 
 13.30628      13.67474 
 13.30865      13.68118 
 13.3136       13.683 
 13.31479      13.68944 
 13.31785      13.69104 
 13.33126      13.69147 
 13.33479      13.6933 
 13.33574      13.6947 
 13.33877      13.70656 
 13.3411       13.71002 
 13.3491       13.71006 
 13.35378      13.71444 
 13.3625       13.71172 
 13.37049      13.71359 
 13.37615      13.7104 
 13.39238      13.71184 
 13.40885      13.7103 
 13.41615      13.70918 
 13.43097      13.70947 
 13.4432       13.71043 
 13.45684      13.71118 
 13.46532      13.70937 
 13.46531      13.71029 
 13.47496      13.71056 
 13.54295      13.71034 
 13.55494      13.71131 
 13.5613       13.71018 
 13.58153      13.71002 
 13.58694      13.70934 
 13.59211      13.71074 
 13.60717      13.70987 
 13.61282      13.70874 
 13.61658      13.71059 
 13.63455      13.71068 
 1             3 
 2 
 -9998.0  ,   -9997.0
  1999.0  ,    9990.0
 51 
 14.08544      13.07806 
 14.08295      13.07944 
 14.07212      13.09369 
 14.06765      13.09736 
 14.066        13.10173 
 14.05187      13.12172 
 14.04835      13.12378 
 14.04599      13.12815 
 14.03021      13.15066 
 14.02503      13.15986 
 14.01538      13.1718 
 14.00266      13.19018 
 13.97981      13.22142 
 13.97697      13.22762 
 13.97439      13.229 
 13.96685      13.2391 
 13.96143      13.24668 
 13.93503      13.28251 
 13.93197      13.28733 
 13.88929      13.34612 
 13.88433      13.35669 
 13.88339      13.35669 
 13.87019      13.37345 
 13.86593      13.38287 
 13.86122      13.38631 
 13.85674      13.39412 
 13.84966      13.40284 
 13.84187      13.41524 
 13.8034       13.47035 
 13.79938      13.47908 
 13.79371      13.48711 
 13.78451      13.49652 
 13.78096      13.50594 
 13.77436      13.51167 
 13.76255      13.52843 
 13.76112      13.53325 
 13.75547      13.53784 
 13.75192      13.54496 
 13.71554      13.59614 
 13.71222      13.60556 
 13.70797      13.60854 
 13.70278      13.61427 
 13.69309      13.62643 
 13.68317      13.64135 
 13.67065      13.65649 
 13.66734      13.66062 
 13.66214      13.66658 
 13.66213      13.66934 
 13.63873      13.70146 
 13.63779      13.70146 
 13.63455      13.71068 
 1             4 
 2 
 -9998.0  ,   -9997.0
  1999.0  ,    9990.0
 399 
 10            13.16536 
 10.01629      13.1751 
 10.03329      13.18342 
 10.03952      13.18973 
 10.04951      13.1961 
 10.0609       13.20342 
 10.10006      13.22083 
 10.12291      13.23039 
 10.12546      13.23273 
 10.14552      13.2411 
 10.16136      13.24871 
 10.19681      13.26398 
 10.20709      13.26782 
 10.25051      13.26986 
 10.25777      13.27135 
 10.26929      13.27061 
 10.28806      13.27181 
 10.30074      13.27246 
 10.32538      13.27398 
 10.33571      13.27414 
 10.38547      13.27672 
 10.40331      13.27744 
 10.41363      13.27851 
 10.43192      13.28062 
 10.4392       13.28027 
 10.45187      13.28183 
 10.46642      13.2825 
 10.48438      13.29081 
 10.53343      13.30923 
 10.54653      13.31309 
 10.56146      13.32021 
 10.57221      13.32381 
 10.5867       13.3293 
 10.60049      13.33364 
 10.61707      13.34077 
 10.6547       13.35417 
 10.66923      13.3569 
 10.68731      13.35738 
 10.70422      13.35807 
 10.73756      13.3599 
 10.75518      13.36014 
 10.79156      13.3627 
 10.82185      13.36425 
 10.84909      13.3653 
 10.86035      13.36659 
 10.88103      13.3664 
 10.90145      13.36828 
 10.91156      13.36818 
 10.92353      13.36925 
 10.97729      13.37223 
 10.9855       13.37372 
 11.02498      13.37329 
 11.02499      13.37237 
 11.03485      13.37342 
 11.05928      13.37395 
 11.06513      13.37563 
 11.06868      13.37407 
 11.13258      13.37507 
 11.14408      13.37613 
 11.16688      13.37503 
 11.17463      13.37604 
 11.18099      13.37474 
 11.20565      13.37526 
 11.2127       13.3758 
 11.21271      13.37488 
 11.28392      13.3741 
 11.2959       13.37378 
 11.30226      13.37247 
 11.30225      13.3734 
 11.32646      13.37321 
 11.36759      13.37207 
 11.39558      13.37008 
 11.43701      13.36364 
 11.45089      13.36195 
 11.46431      13.36003 
 11.4688       13.35778 
 11.48009      13.35606 
 11.48549      13.35681 
 11.51726      13.35278 
 11.52219      13.35306 
 11.5222       13.35214 
 11.53963      13.34796 
 11.59064      13.32526 
 11.60151      13.31917 
 11.60976      13.31718 
 11.62557      13.31044 
 11.63761      13.30528 
 11.65198      13.30175 
 11.6614       13.29931 
 11.66567      13.2959 
 11.67179      13.29459 
 11.69559      13.28701 
 11.72832      13.27997 
 11.73891      13.27778 
 11.74387      13.27553 
 11.75115      13.27537 
 11.76457      13.27251 
 11.77186      13.27189 
 11.77706      13.26849 
 11.78575      13.26858 
 11.81023      13.26399 
 11.81965      13.26132 
 11.87544      13.24966 
 11.88463      13.24652 
 11.88464      13.24537 
 11.9106       13.23251 
 11.92878      13.22278 
 11.93517      13.21778 
 11.98911      13.17687 
 11.99502      13.17324 
 12.0116       13.15821 
 12.01472      13.15133 
 12.02703      13.14086 
 12.04098      13.13087 
 12.04545      13.12975 
 12.04736      13.12655 
 12.07355      13.11183 
 12.10424      13.09346 
 12.11413      13.09033 
 12.1181       13.0922 
 12.12303      13.09155 
 12.12985      13.09115 
 12.13142      13.10096 
 12.1347       13.10419 
 12.1394       13.09936 
 12.14222      13.09914 
 12.14927      13.09685 
 12.15114      13.09846 
 12.14902      13.10559 
 12.15089      13.10859 
 12.1577       13.10814 
 12.16193      13.10331 
 12.16358      13.10216 
 12.17038      13.10378 
 12.1732       13.10057 
 12.17743      13.09827 
 12.18024      13.1038 
 12.18751      13.10657 
 12.17928      13.1153 
 12.17693      13.12036 
 12.17856      13.12519 
 12.18397      13.12106 
 12.18843      13.12037 
 12.19476      13.12222 
 12.20274      13.12269 
 12.20721      13.1204 
 12.21097      13.11488 
 12.21848      13.11397 
 12.23023      13.10777 
 12.23375      13.10732 
 12.2382       13.1133 
 12.24125      13.11469 
 12.25698      13.11448 
 12.2652       13.10966 
 12.26815      13.10599 
 12.27038      13.10322 
 12.27297      13.0954 
 12.27251      13.08873 
 12.27486      13.08321 
 12.27768      13.08091 
 12.28707      13.08 
 12.28848      13.08115 
 12.28801      13.0823 
 12.28237      13.08368 
 12.28049      13.0862 
 12.28706      13.09196 
 12.29433      13.09542 
 12.29738      13.09611 
 12.30724      13.09566 
 12.31123      13.09383 
 12.31663      13.089 
 12.32227      13.08648 
 12.32321      13.08579 
 12.32978      13.08487 
 12.33471      13.08303 
 12.33284      13.07774 
 12.33402      13.07429 
 12.33684      13.07176 
 12.33965      13.07315 
 12.34082      13.08419 
 12.34339      13.08649 
 12.35209      13.07937 
 12.35537      13.07845 
 12.36171      13.08075 
 12.3617       13.08812 
 12.3624       13.09019 
 12.36569      13.08973 
 12.36874      13.08697 
 12.36945      13.0849 
 12.36875      13.07846 
 12.3704       13.07662 
 12.37814      13.07594 
 12.39645      13.07779 
 12.40208      13.07733 
 12.40044      13.07411 
 12.4049       13.07756 
 12.40701      13.07895 
 12.40982      13.07872 
 12.41804      13.07596 
 12.43354      13.07114 
 12.44269      13.0716 
 12.45278      13.07184 
 12.46123      13.06954 
 12.47086      13.06333 
 12.47673      13.06241 
 12.48048      13.06472 
 12.48259      13.0707 
 12.4793       13.08105 
 12.48094      13.08358 
 12.48422      13.08404 
 12.49596      13.0829 
 12.4969       13.08382 
 12.49643      13.08704 
 12.49173      13.08818 
 12.49056      13.09003 
 12.49689      13.09371 
 12.49243      13.09831 
 12.49173      13.10176 
 12.49642      13.10981 
 12.49454      13.1128 
 12.49078      13.1197 
 12.49078      13.12085 
 12.49477      13.12891 
 12.50439      13.13903 
 12.51213      13.14317 
 12.5187       13.14985 
 12.52622      13.14617 
 12.53209      13.14686 
 12.53702      13.14617 
 12.53796      13.14042 
 12.5396       13.13927 
 12.54242      13.14042 
 12.54617      13.14916 
 12.54993      13.1533 
 12.55321      13.15422 
 12.55885      13.15768 
 12.55415      13.16136 
 12.55297      13.1678 
 12.55344      13.17608 
 12.55555      13.18137 
 12.56518      13.1931 
 12.56142      13.19816 
 12.55907      13.19724 
 12.5532       13.19103 
 12.54827      13.19057 
 12.54358      13.19241 
 12.54029      13.19586 
 12.53676      13.20368 
 12.53747      13.20736 
 12.53606      13.21243 
 12.53655      13.21306 
 12.54061      13.21283 
 12.54704      13.20115 
 12.55009      13.20094 
 12.55289      13.20372 
 12.55347      13.21913 
 12.55744      13.22261 
 12.56822      13.22614 
 12.5724       13.23123 
 12.56625      13.2374 
 12.56599      13.24015 
 12.57461      13.24988 
 12.57715      13.25611 
 12.57893      13.26831 
 12.58103      13.27016 
 12.59142      13.26333 
 12.59233      13.26748 
 12.58874      13.27597 
 12.58919      13.27781 
 12.59767      13.2758 
 12.6094       13.27657 
 12.61813      13.2718 
 12.62611      13.27231 
 12.63381      13.27972 
 12.64026      13.29702 
 12.64352      13.30026 
 12.64704      13.30052 
 12.64709      13.29408 
 12.64877      13.28707 
 12.64831      13.28603 
 12.65089      13.28373 
 12.65512      13.2835 
 12.65982      13.28557 
 12.66381      13.28465 
 12.6671       13.27867 
 12.66827      13.27383 
 12.66968      13.27314 
 12.67368      13.27291 
 12.67649      13.27429 
 12.68918      13.29039 
 12.69388      13.30051 
 12.6906       13.30879 
 12.69295      13.31316 
 12.69811      13.31224 
 12.70375      13.31339 
 12.70939      13.30832 
 12.71432      13.30418 
 12.71761      13.30464 
 12.7216       13.30671 
 12.72066      13.30901 
 12.71385      13.31453 
 12.71456      13.31683 
 12.73053      13.31889 
 12.73829      13.32142 
 12.74205      13.3251 
 12.74299      13.32878 
 12.73853      13.33177 
 12.73759      13.33499 
 12.74041      13.34028 
 12.75334      13.35362 
 12.75475      13.35201 
 12.76297      13.35177 
 12.77237      13.35406 
 12.7806       13.35774 
 12.782        13.3582 
 12.78741      13.36118 
 12.79423      13.36877 
 12.79541      13.37176 
 12.79423      13.37498 
 12.79706      13.37981 
 12.79753      13.38073 
 12.80035      13.38096 
 12.80552      13.3844 
 12.81962      13.39313 
 12.82104      13.39658 
 12.81916      13.40072 
 12.82222      13.40555 
 12.82527      13.40716 
 12.82692      13.40348 
 12.82621      13.3998 
 12.82785      13.39681 
 12.83161      13.39795 
 12.83397      13.40439 
 12.83163      13.41728 
 12.82904      13.41981 
 12.81612      13.4212 
 12.81518      13.42327 
 12.81683      13.42557 
 12.82764      13.42625 
 12.82976      13.43062 
 12.83211      13.43084 
 12.83446      13.429 
 12.83798      13.429 
 12.83869      13.43176 
 12.8354       13.43797 
 12.83776      13.44257 
 12.84175      13.44372 
 12.84786      13.43911 
 12.85444      13.43842 
 12.86125      13.43657 
 12.8622       13.43887 
 12.86173      13.44117 
 12.85633      13.44669 
 12.85539      13.44945 
 12.85704      13.45497 
 12.86104      13.46325 
 12.86246      13.46555 
 12.86128      13.46785 
 12.85376      13.46832 
 12.85117      13.46855 
 12.8493       13.47039 
 12.85212      13.47407 
 12.85612      13.47591 
 12.85847      13.48005 
 12.86576      13.47705 
 12.87445      13.47037 
 12.87844      13.47013 
 12.87986      13.47335 
 12.87939      13.47749 
 12.87352      13.48394 
 12.87258      13.48808 
 12.87376      13.49498 
 12.87706      13.49705 
 12.89151      13.49303 
 12.8925       13.4856 
 12.9012       13.48519 
 12.90616      13.48108 
 12.92401      13.48325 
 12.93053      13.49341 
 12.93778      13.50012 
 12.94693      13.50294 
 12.95417      13.50964 
 12.9582       13.50438 
 12.96118      13.49722 
 12.9664       13.50948 
 12.97059      13.51549 
 12.97413      13.5139 
 12.9758       13.50953 
 12.98614      13.50982 
 12.99505      13.51378 
 13.00116      13.51404 
 13.00447      13.51107 
 13.00776      13.51109 
 13.01198      13.51387 
 13.02622      13.53097 
 13.03021      13.53214 
 13.04176      13.52553 
 13.04671      13.52441 
 13.04599      13.52901 
 1             5 
 2 
 -9998.0  ,   -9997.0
  1999.0  ,    9990.0
 152 
 14.08544      13.07806 
 14.08929      13.07784 
 14.13411      13.07768 
 14.16768      13.07726 
 14.17941      13.07705 
 14.18739      13.07752 
 14.21321      13.07778 
 14.22307      13.07756 
 14.28902      13.07578 
 14.29888      13.07625 
 14.31836      13.07604 
 14.32493      13.07489 
 14.35826      13.07584 
 14.36412      13.0763 
 14.37046      13.07492 
 14.44181      13.07472 
 14.45354      13.07404 
 14.45988      13.0745 
 14.47374      13.0538 
 14.48783      13.03448 
 14.49088      13.02735 
 14.51272      12.99837 
 14.53338      12.96892 
 14.54042      12.96018 
 14.5437       12.95673 
 14.55215      12.95074 
 14.55356      12.94154 
 14.55051      12.93096 
 14.5545       12.91877 
 14.56131      12.91486 
 14.56178      12.91325 
 14.5668       12.9015 
 14.56875      12.89176 
 14.56732      12.88878 
 14.56096      12.88491 
 14.55833      12.87849 
 14.56061      12.8695 
 14.56385      12.8628 
 14.56451      12.85612 
 14.56471      12.85175 
 14.56788      12.83631 
 14.56636      12.82871 
 14.56391      12.82697 
 14.5625       12.82582 
 14.5557       12.81179 
 14.55125      12.79707 
 14.55173      12.78579 
 14.55548      12.78096 
 14.56204      12.77659 
 14.57283      12.77659 
 14.57658      12.7736 
 14.57986      12.75795 
 14.58573      12.74737 
 14.59416      12.74461 
 14.60073      12.74806 
 14.61784      12.7683 
 14.62159      12.77037 
 14.62487      12.76761 
 14.62464      12.75909 
 14.62042      12.74598 
 14.62159      12.73839 
 14.62769      12.74 
 14.63659      12.73953 
 14.65394      12.72503 
 14.66284      12.7202 
 14.67152      12.7195 
 14.6891       12.72064 
 14.69941      12.72432 
 14.70621      12.72477 
 14.71675      12.71833 
 14.72355      12.70636 
 14.7205       12.69693 
 14.71041      12.68566 
 14.70619      12.67899 
 14.70643      12.67094 
 14.71275      12.66127 
 14.71861      12.65736 
 14.72353      12.65735 
 14.72986      12.66517 
 14.73643      12.6815 
 14.74393      12.68633 
 14.74768      12.68632 
 14.7526       12.68333 
 14.75751      12.67389 
 14.75918      12.66815 
 14.76126      12.66101 
 14.76195      12.6403 
 14.76523      12.63547 
 14.77155      12.63132 
 14.79194      12.63061 
 14.81561      12.6345 
 14.81936      12.63449 
 14.83154      12.6285 
 14.83411      12.62252 
 14.83504      12.61124 
 14.83667      12.59858 
 14.84041      12.58593 
 14.84649      12.5758 
 14.85187      12.5636 
 14.85467      12.55002 
 14.85396      12.54473 
 14.85301      12.52954 
 14.85674      12.51458 
 14.85228      12.50332 
 14.85859      12.48398 
 14.84992      12.4718 
 14.84757      12.4626 
 14.84897      12.45638 
 14.85669      12.44786 
 14.86278      12.44993 
 14.86844      12.45778 
 14.87239      12.46326 
 14.87801      12.46417 
 14.88175      12.45841 
 14.88314      12.44047 
 14.88617      12.42689 
 14.89295      12.41422 
 14.90347      12.39879 
 14.90767      12.38982 
 14.91047      12.37923 
 14.90952      12.36727 
 14.90762      12.34127 
 14.90972      12.33068 
 14.90807      12.32102 
 14.9022       12.30952 
 14.90009      12.30239 
 14.90895      12.27316 
 14.90683      12.26097 
 14.904        12.23865 
 14.9061       12.2253 
 14.90492      12.21748 
 14.89999      12.20552 
 14.90069      12.20023 
 14.91003      12.18181 
 14.90706      12.17834 
 14.90511      12.17607 
 14.89247      12.1678 
 14.89129      12.1609 
 14.89573      12.15215 
 14.90321      12.15053 
 14.93358      12.1139 
 14.93849      12.1132 
 14.94643      12.10813 
 14.95227      12.10145 
 14.95718      12.09753 
 14.96722      12.09199 
 14.98055      12.09036 
 14.98266      12.09312 
 14.98898      12.09541 
 14.99062      12.10093 
 14.99461      12.10736 
 15            12.1115 
 1             6 
 2 
 -9998.0  ,   -9997.0
  1999.0  ,    9990.0
 442 
 14.08544      13.07806 
 14.08577      13.07576 
 14.09218      13.04081 
 14.09478      13.02701 
 14.0974       13.01022 
 14.09907      12.99596 
 14.10119      12.99297 
 14.10426      12.97871 
 14.10428      12.9679 
 14.10736      12.95571 
 14.11778      12.90259 
 14.11921      12.88764 
 14.12204      12.87936 
 14.12323      12.87292 
 14.12535      12.86901 
 14.12797      12.8467 
 14.13129      12.82669 
 14.13483      12.80944 
 14.14502      12.75148 
 14.14574      12.73952 
 14.14668      12.73952 
 14.15046      12.7225 
 14.15142      12.71123 
 14.15543      12.69466 
 14.15568      12.68914 
 14.1578       12.67857 
 14.17081      12.60795 
 14.17083      12.59967 
 14.17743      12.57184 
 14.17887      12.55412 
 14.18383      12.52974 
 14.19087      12.52031 
 14.19485      12.51848 
 14.19697      12.51526 
 14.19533      12.51112 
 14.19792      12.50215 
 14.19114      12.498 
 14.18648      12.48327 
 14.17829      12.47704 
 14.17479      12.47083 
 14.17973      12.45956 
 14.17867      12.45031 
 14.18057      12.44464 
 14.19042      12.44711 
 14.1951       12.44662 
 14.19789      12.44316 
 14.19576      12.44018 
 14.192        12.43767 
 14.19525      12.43212 
 14.19593      12.42867 
 14.19265      12.42823 
 14.18727      12.42964 
 14.18584      12.42482 
 14.18209      12.42415 
 14.17576      12.42372 
 14.17504      12.42051 
 14.17923      12.41519 
 14.17286      12.40786 
 14.17308      12.4051 
 14.1836       12.40297 
 14.18851      12.40064 
 14.19918      12.38401 
 14.20898      12.37774 
 14.2155       12.37287 
 14.21806      12.36963 
 14.22035      12.36202 
 14.22479      12.35924 
 14.23111      12.35989 
 14.24963      12.36484 
 14.2543       12.3632 
 14.26533      12.36682 
 14.2665       12.36704 
 14.27494      12.36837 
 14.28008      12.36765 
 14.28451      12.36463 
 14.29214      12.34917 
 14.29709      12.3542 
 14.29153      12.3639 
 14.29295      12.36619 
 14.29671      12.36847 
 14.29717      12.36754 
 14.30156      12.35739 
 14.30365      12.35554 
 14.3081       12.35574 
 14.31586      12.36099 
 14.32574      12.36852 
 14.33136      12.3694 
 14.34816      12.36032 
 14.35213      12.35915 
 14.35822      12.3598 
 14.36805      12.35974 
 14.37879      12.35552 
 14.38558      12.35571 
 14.40505      12.36111 
 14.41019      12.36061 
 14.42024      12.3571 
 14.42822      12.36026 
 14.43525      12.36114 
 14.44155      12.35949 
 14.44621      12.35623 
 14.45012      12.34562 
 14.45199      12.34538 
 14.45554      12.35065 
 14.46001      12.3543 
 14.4675       12.35425 
 14.47193      12.35146 
 14.47679      12.34337 
 14.48243      12.34701 
 14.48596      12.34883 
 14.48875      12.34697 
 14.48683      12.33985 
 14.48799      12.33823 
 14.49383      12.33681 
 14.4987       12.32987 
 14.50617      12.32614 
 14.51926      12.32444 
 14.5248       12.31312 
 14.52478      12.31059 
 14.52337      12.30945 
 14.51401      12.31021 
 14.51353      12.30814 
 14.51655      12.30444 
 14.51676      12.30098 
 14.51344      12.29479 
 14.51529      12.29248 
 14.52396      12.29334 
 14.52722      12.29079 
 14.53022      12.28593 
 14.53958      12.28495 
 14.54819      12.2789 
 14.55028      12.27636 
 14.55025      12.27152 
 14.54833      12.26486 
 14.55084      12.25587 
 14.55384      12.24964 
 14.56019      12.25512 
 14.56159      12.25465 
 14.55941      12.24384 
 14.55799      12.24109 
 14.55141      12.237 
 14.54997      12.23264 
 14.55651      12.23029 
 14.57216      12.22673 
 14.57471      12.22349 
 14.58874      12.22223 
 14.59832      12.22032 
 14.59781      12.21573 
 14.59686      12.21343 
 14.60244      12.2081 
 14.61054      12.19653 
 14.60419      12.19221 
 14.60231      12.19107 
 14.60183      12.18923 
 14.60323      12.1883 
 14.61515      12.18683 
 14.61888      12.1852 
 14.62002      12.18058 
 14.62725      12.17846 
 14.63263      12.17865 
 14.63197      12.18418 
 14.63456      12.18646 
 14.63949      12.18781 
 14.64088      12.18642 
 14.64322      12.18663 
 14.64385      12.19028 
 14.65037      12.18779 
 14.65856      12.19584 
 14.66558      12.18595 
 14.66394      12.17928 
 14.67376      12.17444 
 14.6782       12.16546 
 14.68007      12.15603 
 14.67867      12.1512 
 14.65785      12.13556 
 14.65481      12.12981 
 14.65457      12.11531 
 14.6527       12.1068 
 14.64358      12.09507 
 14.64077      12.093 
 14.63984      12.08909 
 14.64218      12.08034 
 14.652        12.06745 
 14.65176      12.06124 
 14.64592      12.05641 
 14.63352      12.05274 
 14.62394      12.04284 
 14.62444      12.03463 
 14.6217       12.02777 
 14.62302      12.01786 
 14.62718      12.01116 
 14.63157      12.00307 
 14.63639      11.99222 
 14.64586      11.9765 
 14.64607      11.97305 
 14.6486       11.9682 
 14.65535      11.96424 
 14.65858      11.95777 
 14.65786      11.95501 
 14.65197      11.94953 
 14.64655      11.94336 
 14.63897      11.93007 
 14.63893      11.92431 
 14.64143      11.91532 
 14.6435       11.91093 
 14.64278      11.90864 
 14.64019      11.90497 
 14.63526      11.90271 
 14.63173      11.89928 
 14.62795      11.8931 
 14.62628      11.89499 
 14.62137      11.88454 
 14.60735      11.86981 
 14.60524      11.86452 
 14.60571      11.85992 
 14.61039      11.85486 
 14.61389      11.85348 
 14.60548      11.84059 
 14.60595      11.83852 
 14.60548      11.83231 
 14.61039      11.8185 
 14.60642      11.80654 
 14.60572      11.79457 
 14.61016      11.78031 
 14.60782      11.77409 
 14.59988      11.7642 
 14.59871      11.76075 
 14.59287      11.75523 
 14.584        11.75155 
 14.57653      11.74442 
 14.57022      11.73567 
 14.55761      11.73015 
 14.55341      11.72647 
 14.55248      11.71773 
 14.56346      11.69955 
 14.5728       11.69034 
 14.59382      11.68068 
 14.60526      11.67239 
 14.60829      11.66779 
 14.61553      11.66111 
 14.61553      11.65996 
 14.6251       11.65582 
 14.63164      11.65144 
 14.63468      11.64431 
 14.64005      11.63763 
 14.64121      11.62843 
 14.64495      11.61669 
 14.64541      11.60634 
 14.64728      11.60335 
 14.64028      11.57942 
 14.63771      11.55687 
 14.63981      11.54076 
 14.63724      11.5288 
 14.62907      11.52098 
 14.61694      11.51385 
 14.6069       11.51155 
 14.58404      11.50258 
 14.57634      11.50097 
 14.53131      11.48073 
 14.51405      11.4729 
 14.50355      11.47037 
 14.48628      11.46922 
 14.46692      11.46576 
 14.45399      11.45977 
 14.45153      11.45863 
 14.4485       11.45448 
 14.44268      11.43447 
 14.43476      11.4202 
 14.42403      11.40938 
 14.41564      11.40707 
 14.39278      11.39924 
 14.37973      11.39164 
 14.36807      11.38611 
 14.36015      11.38404 
 14.34032      11.37988 
 14.32564      11.37458 
 14.31212      11.36536 
 14.29324      11.35891 
 14.26714      11.34347 
 14.24803      11.3324 
 14.24034      11.32595 
 14.23081      11.30961 
 14.22219      11.2997 
 14.20916      11.28358 
 14.20054      11.27851 
 14.19705      11.27551 
 14.18423      11.27251 
 14.15511      11.25889 
 14.14183      11.25519 
 14.13717      11.25266 
 14.12692      11.25103 
 14.11969      11.2501 
 14.1078       11.25031 
 14.09964      11.25191 
 14.08773      11.25994 
 14.07653      11.2689 
 14.07161      11.27671 
 14.06134      11.28682 
 14.05573      11.28981 
 14.03731      11.29345 
 14.0275       11.29689 
 14.01491      11.29686 
 13.99763      11.31018 
 13.98947      11.31154 
 13.98038      11.30761 
 13.97433      11.303 
 13.97062      11.2954 
 13.96415      11.26893 
 13.96114      11.25838 
 13.95223      11.2476 
 13.94402      11.23775 
 13.93958      11.23524 
 13.92762      11.2208 
 13.92547      11.21069 
 13.92424      11.1962 
 13.92305      11.19252 
 13.91931      11.18955 
 13.91604      11.18795 
 13.91506      11.17806 
 13.90333      11.16132 
 13.88884      11.1531 
 13.88253      11.15014 
 13.87972      11.14601 
 13.87921      11.13796 
 13.88336      11.12805 
 13.88498      11.12597 
 13.88357      11.12229 
 13.88217      11.12115 
 13.87307      11.11889 
 13.86511      11.11064 
 13.85923      11.09893 
 13.8557       11.09205 
 13.85126      11.08862 
 13.8452       11.08841 
 13.83957      11.08039 
 13.8363       11.07787 
 13.83163      11.07513 
 13.81828      11.05954 
 13.81593      11.05449 
 13.81426      11.04713 
 13.8119       11.03978 
 13.80699      11.03543 
 13.80232      11.03269 
 13.8002       11.0281 
 13.80064      11.01981 
 13.79874      11.01315 
 13.79313      11.00811 
 13.79149      11.00628 
 13.78473      11.00446 
 13.78147      11.00517 
 13.77611      11.00427 
 13.76958      11.00329 
 13.74638      10.98746 
 13.73009      10.98235 
 13.70728      10.97883 
 13.69822      10.96983 
 13.69474      10.96683 
 13.69249      10.94359 
 13.68998      10.92886 
 13.69003      10.9162 
 13.69079      10.89826 
 13.6878       10.88698 
 13.68155      10.87637 
 13.67463      10.85887 
 13.66374      10.8425 
 13.65819      10.83374 
 13.65262      10.82958 
 13.64959      10.82934 
 13.64031      10.82057 
 13.63707      10.81527 
 13.635        10.80836 
 13.63012      10.80535 
 13.62967      10.80121 
 13.62042      10.78484 
 13.61185      10.77423 
 13.60817      10.76479 
 13.60269      10.73624 
 13.59857      10.71851 
 13.59465      10.707 
 13.58981      10.69617 
 13.58425      10.68856 
 13.57707      10.68117 
 13.5613       10.66754 
 13.55318      10.66199 
 13.54994      10.65899 
 13.54692      10.65691 
 13.53909      10.6394 
 13.53269      10.60924 
 13.52994      10.59957 
 13.52928      10.59128 
 13.53         10.5853 
 13.53494      10.57129 
 13.53545      10.56002 
 13.53525      10.5515 
 13.5409       10.53358 
 13.54852      10.52622 
 13.55329      10.51673 
 13.55446      10.50487 
 13.55323      10.48946 
 13.54241      10.47644 
 13.52723      10.46291 
 13.52494      10.45485 
 13.52219      10.44495 
 13.52065      10.42539 
 13.52258      10.40768 
 13.52311      10.38928 
 13.5111       10.37221 
 13.50742      10.36254 
 13.50702      10.34782 
 13.51129      10.32552 
 13.50951      10.30734 
 13.504        10.29007 
 13.49686      10.27624 
 13.48877      10.26678 
 13.48554      10.26125 
 13.47281      10.2497 
 13.46382      10.23517 
 13.46221      10.23057 
 13.46342      10.21953 
 13.46439      10.20941 
 13.46397      10.19837 
 13.45961      10.18685 
 13.45429      10.18177 
 13.44155      10.1739 
 13.43367      10.17019 
 13.42882      10.16396 
 13.42308      10.14968 
 13.41712      10.13217 
 13.41041      10.12847 
 13.39949      10.12842 
 13.3821       10.12513 
 13.36357      10.11585 
 13.35521      10.1149 
 13.33036      10.1164 
 13.31554      10.1099 
 13.3093       10.1032 
 13.29409      10.08036 
 13.28648      10.07021 
 13.27729      10.05039 
 13.25257      10.02819 
 13.24799      10.01575 
 13.24849      10.00794 
 13.25037      10 
 1             7 
 2 
 -9998.0  ,   -9997.0
  1999.0  ,    9990.0
 7 
 14.3267       10 
 14.30788      10.00368 
 14.3037       10.00345 
 14.29883      10.00252 
 14.28839      10.00137 
 14.27921      10 
 14.2792       10 
 1             8 
 2 
 -9998.0  ,   -9997.0
  1999.0  ,    9990.0
 12 
 14.54157      10 
 14.51673      10.00584 
 14.49955      10.00883 
 14.4847       10.01021 
 14.47147      10.00814 
 14.46359      10.00538 
 14.43342      10.00491 
 14.41694      10.00283 
 14.40627      10.00351 
 14.38167      10.00442 
 14.35963      10.00165 
 14.35618      10 
 1             9 
 2 
 -9998.0  ,   -9997.0
  1999.0  ,    9990.0
 4 
 15            10.00124 
 14.99407      10.00109 
 14.98549      10.0011 
 14.9829       10 
