 4 
 1             1 
 2 
 -9998.0  ,   -9997.0
  1999.0  ,    9990.0
 367 
 22.88134      10.9309 
 22.88816      10.94715 
 22.8888       10.95521 
 22.90409      10.99256 
 22.90725      11.00569 
 22.91047      11.00985 
 22.91816      11.03153 
 22.93804      11.08753 
 22.94499      11.09103 
 22.96257      11.1369 
 22.96579      11.14221 
 22.967        11.1462 
 22.97766      11.18136 
 22.98174      11.18785 
 22.98608      11.1996 
 22.98416      11.26833 
 22.9841       11.26916 
 22.98209      11.29613 
 22.96524      11.30612 
 22.96358      11.30956 
 22.95332      11.31201 
 22.95137      11.3228 
 22.94784      11.3775 
 22.94528      11.41725 
 22.93852      11.41812 
 22.89938      11.4153 
 22.87118      11.41485 
 22.85776      11.41295 
 22.78901      11.40318 
 22.78778      11.43835 
 22.77762      11.4514 
 22.77317      11.45591 
 22.75421      11.47511 
 22.74152      11.47936 
 22.71343      11.49316 
 22.70852      11.49426 
 22.66217      11.51549 
 22.66208      11.51559 
 22.64217      11.53648 
 22.63631      11.53987 
 22.60265      11.57568 
 22.60026      11.58141 
 22.59366      11.5894 
 22.59062      11.59098 
 22.57629      11.60832 
 22.56609      11.62066 
 22.55405      11.68723 
 22.55469      11.69413 
 22.55631      11.69598 
 22.56233      11.72899 
 22.57741      11.78721 
 22.59191      11.85202 
 22.59761      11.87751 
 22.62203      11.97494 
 22.63504      12.0268 
 22.63906      12.04775 
 22.63806      12.05556 
 22.635        12.05784 
 22.61101      12.05051 
 22.59578      12.0538 
 22.58643      12.05581 
 22.57712      12.0516 
 22.56381      12.05102 
 22.55818      12.05373 
 22.55141      12.05298 
 22.53116      12.04499 
 22.5242       12.03918 
 22.51792      12.03705 
 22.51282      12.03195 
 22.49167      12.0205 
 22.47846      12.01923 
 22.47132      12.01937 
 22.45726      12.02641 
 22.47149      12.02972 
 22.48205      12.05898 
 22.48338      12.07026 
 22.48869      12.08041 
 22.48651      12.09212 
 22.49059      12.11238 
 22.49075      12.1155 
 22.49246      12.14848 
 22.48616      12.18224 
 22.48306      12.19188 
 22.47721      12.20266 
 22.47551      12.21959 
 22.46564      12.22856 
 22.44395      12.27204 
 22.44262      12.28881 
 22.43447      12.31012 
 22.43234      12.31804 
 22.42903      12.33038 
 22.42574      12.33868 
 22.42568      12.34833 
 22.41978      12.35611 
 22.41881      12.36071 
 22.42384      12.3789 
 22.4219       12.38785 
 22.40871      12.40157 
 22.39384      12.42033 
 22.38797      12.42328 
 22.37814      12.42367 
 22.37509      12.42595 
 22.37391      12.42862 
 22.37176      12.43352 
 22.37214      12.44151 
 22.37457      12.44529 
 22.39541      12.47775 
 22.40745      12.49171 
 22.41297      12.4952 
 22.42016      12.50907 
 22.43705      12.55386 
 22.44138      12.56536 
 22.45889      12.61977 
 22.45838      12.62413 
 22.45105      12.63119 
 22.41657      12.63823 
 22.40888      12.64106 
 22.38978      12.6481 
 22.35944      12.66138 
 22.29214      12.69426 
 22.28744      12.69655 
 22.28577      12.69976 
 22.27706      12.70335 
 22.25442      12.71899 
 22.19789      12.75016 
 22.19674      12.7326 
 22.19506      12.70691 
 22.18394      12.69297 
 22.16452      12.67881 
 22.13625      12.66586 
 22.10819      12.65809 
 22.03284      12.6372 
 21.98236      12.63875 
 21.96047      12.63942 
 21.94108      12.63553 
 21.93425      12.63936 
 21.91546      12.66468 
 21.88781      12.68644 
 21.88587      12.69794 
 21.88529      12.70135 
 21.88028      12.70911 
 21.86588      12.71953 
 21.85798      12.73415 
 21.85984      12.75486 
 21.85332      12.77157 
 21.84331      12.78594 
 21.83895      12.7983 
 21.83953      12.80843 
 21.83964      12.80877 
 21.84834      12.83657 
 21.85029      12.85015 
 21.85074      12.87154 
 21.85343      12.88168 
 21.86036      12.89049 
 21.87871      12.92426 
 21.87939      12.92653 
 21.89111      12.96594 
 21.89867      12.98171 
 21.91133      13.00231 
 21.92555      13.00913 
 21.93084      13.01838 
 21.93075      13.0298 
 21.93303      13.03575 
 21.92689      13.0416 
 21.92568      13.04688 
 21.93268      13.05015 
 21.93897      13.05526 
 21.94731      13.06797 
 21.95642      13.07042 
 21.96486      13.0727 
 21.98206      13.09146 
 21.9942       13.09937 
 22.00332      13.10266 
 22.00749      13.10889 
 22.00989      13.13075 
 22.0136       13.13629 
 22.02038      13.1391 
 22.04643      13.13833 
 22.05112      13.13819 
 22.06446      13.14265 
 22.07173      13.14317 
 22.07452      13.14618 
 22.07865      13.15701 
 22.08262      13.16003 
 22.08824      13.16076 
 22.09318      13.15919 
 22.10913      13.16045 
 22.12787      13.16427 
 22.13465      13.16777 
 22.13814      13.17193 
 22.14649      13.19273 
 22.15392      13.19598 
 22.16847      13.2097 
 22.17236      13.21513 
 22.18424      13.24513 
 22.19473      13.2519 
 22.21048      13.27113 
 22.22147      13.27515 
 22.22652      13.28543 
 22.23044      13.29339 
 22.23578      13.29896 
 22.24371      13.30294 
 22.24396      13.30532 
 22.2544       13.31686 
 22.26113      13.32793 
 22.27488      13.34228 
 22.28422      13.34969 
 22.28317      13.37354 
 22.28281      13.38186 
 22.27925      13.38689 
 22.27852      13.39057 
 22.26433      13.4038 
 22.25961      13.40676 
 22.2481       13.40829 
 22.24051      13.4172 
 22.23883      13.42316 
 22.23826      13.43649 
 22.23422      13.44267 
 22.23162      13.44495 
 22.22409      13.44719 
 22.221        13.45177 
 22.21751      13.46852 
 22.21647      13.47095 
 22.22138      13.48652 
 22.22184      13.48796 
 22.21668      13.50831 
 22.22224      13.53825 
 22.2219       13.54909 
 22.21497      13.56074 
 22.21373      13.56647 
 22.19619      13.58169 
 22.18087      13.58805 
 22.17897      13.59169 
 22.1701       13.5962 
 22.16726      13.59916 
 22.16793      13.60284 
 22.16078      13.61704 
 22.15702      13.61564 
 22.15161      13.61629 
 22.14617      13.62176 
 22.14258      13.62909 
 22.13534      13.65317 
 22.12327      13.66388 
 22.12042      13.668 
 22.11629      13.6852 
 22.11781      13.68919 
 22.11928      13.69304 
 22.12511      13.69974 
 22.12945      13.71586 
 22.12399      13.72249 
 22.12489      13.72778 
 22.12391      13.73259 
 22.11402      13.74247 
 22.10958      13.74334 
 22.10011      13.7526 
 22.0908       13.7656 
 22.09221      13.7762 
 22.12216      13.82244 
 22.12638      13.82432 
 22.13238      13.83472 
 22.1393       13.84353 
 22.14931      13.85626 
 22.20961      13.91599 
 22.22502      13.93773 
 22.23186      13.94737 
 22.26345      13.96353 
 22.29175      13.97482 
 22.31998      14.00451 
 22.32749      14.01049 
 22.32815      14.01102 
 22.35186      14.01721 
 22.35844      14.0175 
 22.36686      14.02286 
 22.39272      14.04998 
 22.42614      14.04983 
 22.43105      14.05109 
 22.44011      14.05712 
 22.4529       14.06563 
 22.50372      14.10956 
 22.53635      14.11858 
 22.5432       14.12843 
 22.57632      14.17612 
 22.57907      14.18441 
 22.55341      14.209 
 22.55817      14.22971 
 22.55457      14.23094 
 22.51682      14.24382 
 22.50857      14.24398 
 22.50129      14.24162 
 22.48981      14.23532 
 22.47925      14.232 
 22.44566      14.26727 
 22.43761      14.27573 
 22.43164      14.28418 
 22.42826      14.29218 
 22.42911      14.30253 
 22.43537      14.31246 
 22.4459       14.32013 
 22.45953      14.32393 
 22.46183      14.329 
 22.45544      14.35674 
 22.44999      14.35945 
 22.44458      14.36444 
 22.44358      14.36536 
 22.44117      14.41931 
 22.44346      14.42599 
 22.44294      14.43081 
 22.44961      14.47243 
 22.44763      14.48252 
 22.44221      14.4866 
 22.42863      14.49682 
 22.41799      14.50062 
 22.41016      14.50537 
 22.4007       14.50827 
 22.3873       14.50448 
 22.38422      14.50674 
 22.39744      14.55256 
 22.40253      14.56248 
 22.40249      14.56616 
 22.40255      14.56634 
 22.41116      14.59586 
 22.4154       14.59704 
 22.42555      14.59553 
 22.43143      14.59719 
 22.44291      14.6051 
 22.44716      14.60514 
 22.45195      14.59692 
 22.45587      14.60683 
 22.46658      14.61596 
 22.48199      14.62376 
 22.48874      14.625 
 22.49154      14.62551 
 22.50305      14.63043 
 22.52306      14.63451 
 22.53225      14.63505 
 22.61554      14.64994 
 22.61727      14.65025 
 22.7172       14.68643 
 22.7207       14.69128 
 22.7178       14.7059 
 22.71133      14.7385 
 22.70145      14.76138 
 22.68446      14.81496 
 22.67996      14.82632 
 22.67107      14.84872 
 22.67468      14.85878 
 22.68498      14.87468 
 22.70402      14.89062 
 22.72004      14.89644 
 22.7257       14.89716 
 22.74083      14.89471 
 22.74436      14.89725 
 22.75238      14.89913 
 22.75708      14.90282 
 22.75988      14.90995 
 22.75936      14.9173 
 22.75865      14.91933 
 22.75288      14.93586 
 22.75004      14.93699 
 22.75043      14.94496 
 22.74965      14.95037 
 22.75085      14.95543 
 22.75314      14.9651 
 22.75691      14.97221 
 22.76712      14.98452 
 22.77702      14.9944 
 22.78435      15 
 1             2 
 2 
 -9998.0  ,   -9997.0
  1999.0  ,    9990.0
 55 
 22.88134      10.9309 
 22.8658       10.93215 
 22.85324      10.93117 
 22.84741      10.93413 
 22.81739      10.93445 
 22.77567      10.94528 
 22.7687       10.94409 
 22.76122      10.94957 
 22.75981      10.95294 
 22.75603      10.96196 
 22.74458      10.9711 
 22.73432      10.9745 
 22.71083      10.97161 
 22.70314      10.97226 
 22.6974       10.97539 
 22.69476      10.97524 
 22.68291      10.9802 
 22.68181      10.98017 
 22.65577      10.97948 
 22.63205      10.99039 
 22.61228      10.99704 
 22.60444      10.99672 
 22.58377      10.99023 
 22.57707      10.9877 
 22.57303      10.98435 
 22.56869      10.98419 
 22.56096      10.98788 
 22.55266      10.99373 
 22.52068      11.00757 
 22.50904      11.00727 
 22.4972       11.00306 
 22.49398      10.9973 
 22.4866       10.99875 
 22.47696      11.00064 
 22.46859      10.99921 
 22.46143      10.99112 
 22.45656      10.98787 
 22.44283      10.98848 
 22.43333      10.98129 
 22.43082      10.97438 
 22.42432      10.97066 
 22.41361      10.97174 
 22.40244      10.97075 
 22.38435      10.9619 
 22.37716      10.96891 
 22.37662      10.96944 
 22.37018      10.95836 
 22.35599      10.95643 
 22.32691      10.95578 
 22.32366      10.95438 
 22.31302      10.94419 
 22.29819      10.93582 
 22.28984      10.93139 
 22.28217      10.93065 
 22.26561      10.92302 
 1             3 
 2 
 -9998.0  ,   -9997.0
  1999.0  ,    9990.0
 210 
 22.26561      10.92302 
 22.25132      10.92621 
 22.24527      10.92547 
 22.23628      10.91756 
 22.22237      10.91283 
 22.20494      10.91104 
 22.19554      10.90856 
 22.18276      10.90008 
 22.17468      10.8838 
 22.15873      10.88069 
 22.15607      10.8789 
 22.15181      10.87602 
 22.14436      10.87833 
 22.12058      10.88146 
 22.11684      10.88304 
 22.11198      10.88048 
 22.105        10.88066 
 22.0987       10.88291 
 22.08839      10.89134 
 22.08162      10.89497 
 22.07416      10.89583 
 22.06003      10.8886 
 22.04862      10.8892 
 22.04168      10.88432 
 22.03611      10.88313 
 22.02934      10.88561 
 22.02601      10.88585 
 22.02072      10.88623 
 22.01655      10.88505 
 22.00175      10.87344 
 21.98942      10.8738 
 21.98252      10.86363 
 21.97833      10.86314 
 21.97085      10.86837 
 21.96221      10.87129 
 21.96347      10.86027 
 21.96023      10.85817 
 21.95279      10.85719 
 21.94904      10.86015 
 21.94455      10.86908 
 21.94152      10.86929 
 21.9428       10.85785 
 21.94303      10.85574 
 21.94004      10.85226 
 21.93398      10.85336 
 21.92741      10.86021 
 21.92103      10.87188 
 21.91264      10.8725 
 21.90851      10.86603 
 21.90435      10.86324 
 21.89923      10.86274 
 21.8873       10.87023 
 21.88079      10.86995 
 21.87825      10.86786 
 21.87162      10.85447 
 21.86517      10.8466 
 21.85658      10.84469 
 21.84916      10.84643 
 21.84443      10.84753 
 21.84171      10.83775 
 21.83262      10.83948 
 21.8193       10.82439 
 21.81815      10.82124 
 21.81412      10.81031 
 21.80995      10.80911 
 21.80259      10.80213 
 21.79124      10.79809 
 21.7885       10.79461 
 21.78812      10.78748 
 21.7908       10.77671 
 21.78585      10.76286 
 21.78435      10.75204 
 21.78844      10.74036 
 21.78971      10.73187 
 21.78634      10.72218 
 21.78793      10.71327 
 21.78685      10.70823 
 21.78338      10.70613 
 21.78317      10.70337 
 21.78883      10.69469 
 21.78912      10.68779 
 21.78712      10.67766 
 21.78859      10.6694 
 21.78236      10.66452 
 21.78078      10.65922 
 21.77037      10.65384 
 21.76462      10.64666 
 21.75861      10.64224 
 21.75303      10.64266 
 21.74882      10.64561 
 21.74059      10.65588 
 21.73617      10.65607 
 21.73363      10.65398 
 21.73327      10.6484 
 21.732        10.62914 
 21.73332      10.61168 
 21.72695      10.59714 
 21.729        10.57647 
 21.73308      10.56134 
 21.73292      10.55421 
 21.7298       10.53924 
 21.7213       10.52882 
 21.72103      10.52732 
 21.71754      10.50787 
 21.71969      10.50122 
 21.73269      10.47789 
 21.74404      10.46981 
 21.75086      10.46386 
 21.75255      10.45836 
 21.75145      10.4526 
 21.75853      10.44395 
 21.75836      10.43889 
 21.75409      10.42689 
 21.75812      10.42027 
 21.77045      10.41789 
 21.77099      10.41169 
 21.76663      10.40403 
 21.74294      10.3817 
 21.74133      10.37249 
 21.74041      10.3672 
 21.7408       10.35434 
 21.728        10.35671 
 21.72314      10.34706 
 21.72347      10.34265 
 21.7242       10.34116 
 21.72963      10.33006 
 21.73738      10.32024 
 21.73443      10.31263 
 21.73029      10.30846 
 21.72826      10.30178 
 21.72458      10.29783 
 21.71949      10.29572 
 21.70967      10.27886 
 21.70551      10.27629 
 21.69391      10.27596 
 21.68227      10.27884 
 21.67647      10.2781 
 21.67465      10.27441 
 21.67561      10.2712 
 21.682        10.26498 
 21.68264      10.26437 
 21.68034      10.26159 
 21.67526      10.25901 
 21.66367      10.25707 
 21.66069      10.25314 
 21.66305      10.24948 
 21.66863      10.24815 
 21.67379      10.24199 
 21.67569      10.23764 
 21.67271      10.23371 
 21.66832      10.23183 
 21.6495       10.23396 
 21.64097      10.22722 
 21.6368       10.22672 
 21.63285      10.22737 
 21.62794      10.231 
 21.62236      10.23141 
 21.61088      10.21821 
 21.61034      10.218 
 21.59747      10.21303 
 21.58935      10.21249 
 21.58867      10.21134 
 21.58469      10.21475 
 21.57911      10.21515 
 21.56129      10.21039 
 21.55382      10.21423 
 21.54768      10.2252 
 21.54394      10.22792 
 21.53675      10.22694 
 21.52294      10.21555 
 21.51152      10.19457 
 21.51012      10.18986 
 21.50451      10.18714 
 21.49384      10.18701 
 21.49103      10.17088 
 21.48764      10.16464 
 21.48116      10.1634 
 21.47585      10.15887 
 21.46808      10.15221 
 21.47114      10.14857 
 21.47167      10.14375 
 21.46898      10.13613 
 21.46212      10.12846 
 21.45542      10.127 
 21.45012      10.12371 
 21.44833      10.11863 
 21.45097      10.11246 
 21.45377      10.11066 
 21.45475      10.10676 
 21.45252      10.09984 
 21.45501      10.087 
 21.45344      10.08308 
 21.44509      10.08297 
 21.44141      10.08085 
 21.4378       10.07322 
 21.4381       10.06279 
 21.43749      10.05935 
 21.43314      10.05425 
 21.43204      10.04872 
 21.42973      10.04732 
 21.42042      10.05022 
 21.41603      10.04834 
 21.40776      10.04113 
 21.40365      10.03443 
 21.403        10.03005 
 21.40448      10.02133 
 21.40221      10.01671 
 21.39599      10.01298 
 21.39379      10.00123 
 21.39266      10 
 1             4 
 2 
 -9998.0  ,   -9997.0
  1999.0  ,    9990.0
 57 
 22.88134      10.9309 
 22.87723      10.91742 
 22.88527      10.8947 
 22.89112      10.88763 
 22.89878      10.88224 
 22.90852      10.87214 
 22.91389      10.86988 
 22.92069      10.86257 
 22.92152      10.84626 
 22.93631      10.82738 
 22.97272      10.78089 
 22.97623      10.77816 
 22.99064      10.747 
 22.99376      10.73392 
 22.99848      10.72476 
 23.00225      10.72109 
 23.00738      10.71609 
 23.05499      10.69045 
 23.06948      10.67929 
 23.07298      10.67839 
 23.07791      10.67107 
 23.0875       10.66309 
 23.10767      10.65209 
 23.12996      10.63993 
 23.13674      10.63423 
 23.15954      10.59715 
 23.18643      10.57296 
 23.19108      10.57138 
 23.19584      10.56465 
 23.20938      10.54553 
 23.2167       10.54068 
 23.22803      10.53622 
 23.24133      10.52665 
 23.24791      10.51543 
 23.26384      10.49461 
 23.27061      10.48983 
 23.28758      10.48158 
 23.30188      10.47464 
 23.32316      10.44441 
 23.32716      10.43524 
 23.34169      10.41372 
 23.34453      10.40615 
 23.35014      10.40021 
 23.36142      10.38157 
 23.38368      10.34479 
 23.38741      10.34182 
 23.39071      10.33357 
 23.42677      10.28045 
 23.42886      10.27492 
 23.42936      10.27358 
 23.48648      10.18283 
 23.48746      10.17829 
 23.49532      10.16739 
 23.50149      10.15883 
 23.56209      10.05973 
 23.58691      10.0191 
 23.59909      10 
