 5 
 1             1 
 2 
 -9998.0  ,   -9997.0
  1999.0  ,    9990.0
 4 
-83.34918      15 
-83.3497       14.9975 
-83.35561      14.99609 
-83.35996      15 
 1             2 
 2 
 -9998.0  ,   -9997.0
  1999.0  ,    9990.0
 14 
-83.41308      15 
-83.41611      14.99777 
-83.42038      14.99415 
-83.42489      14.98877 
-83.42773      14.98726 
-83.43373      14.98854 
-83.43975      14.98825 
-83.44665      14.98447 
-83.45561      14.9776 
-83.4681       14.97508 
-83.48036      14.98544 
-83.48394      14.98706 
-83.48223      14.99328 
-83.48371      15 
 1             3 
 2 
 -9998.0  ,   -9997.0
  1999.0  ,    9990.0
 22 
-83.15781      14.99208 
-83.17205      14.98977 
-83.1999       14.99329 
-83.20921      14.99301 
-83.22552      14.98426 
-83.23691      14.98055 
-83.25328      14.98446 
-83.27424      14.98379 
-83.27691      14.98217 
-83.27749      14.98086 
-83.28047      14.9741 
-83.28373      14.97416 
-83.29173      14.97777 
-83.29261      14.98019 
-83.29101      14.98288 
-83.27936      14.99142 
-83.27848      14.99713 
-83.28093      14.99898 
-83.28683      14.99879 
-83.29808      14.99492 
-83.3032       14.99471 
-83.31453      15 
 1             4 
 2 
 -9998.0  ,   -9997.0
  1999.0  ,    9990.0
 348 
-85            14.72102 
-84.9979       14.72226 
-84.98786      14.73455 
-84.97721      14.73719 
-84.97104      14.7427 
-84.96792      14.74549 
-84.9615       14.7513 
-84.95201      14.75263 
-84.93986      14.75434 
-84.92894      14.75791 
-84.92713      14.76053 
-84.92786      14.76795 
-84.92644      14.7719 
-84.91648      14.78579 
-84.91224      14.79724 
-84.90341      14.80771 
-84.89904      14.80938 
-84.88737      14.80818 
-84.88068      14.81021 
-84.86821      14.80715 
-84.86006      14.80704 
-84.85791      14.80831 
-84.83854      14.81974 
-84.83105      14.82123 
-84.82826      14.82106 
-84.81968      14.82326 
-84.81021      14.8177 
-84.80296      14.81761 
-84.79844      14.81083 
-84.79287      14.80947 
-84.78946      14.79374 
-84.78235      14.78372 
-84.77256      14.77752 
-84.76376      14.771 
-84.75461      14.7664 
-84.75335      14.76222 
-84.7521       14.7574 
-84.75646      14.75137 
-84.76532      14.75308 
-84.76897      14.75121 
-84.77132      14.74708 
-84.76649      14.74029 
-84.7609       14.73894 
-84.75661      14.74048 
-84.74898      14.74455 
-84.74641      14.73971 
-84.74579      14.73746 
-84.74916      14.73174 
-84.75056      14.72568 
-84.74679      14.71154 
-84.73997      14.706 
-84.72924      14.69594 
-84.72272      14.69105 
-84.71224      14.68867 
-84.71066      14.68289 
-84.70876      14.67774 
-84.70589      14.67098 
-84.70599      14.66457 
-84.70503      14.66168 
-84.6988       14.66032 
-84.69583      14.66092 
-84.68879      14.67076 
-84.68099      14.68699 
-84.67542      14.68531 
-84.67648      14.67988 
-84.67389      14.67665 
-84.67064      14.67372 
-84.6651       14.67044 
-84.65954      14.66781 
-84.65394      14.66838 
-84.64865      14.67023 
-84.64269      14.67271 
-84.63744      14.67232 
-84.63388      14.66779 
-84.63264      14.66201 
-84.62839      14.66035 
-84.61522      14.66114 
-84.61031      14.65915 
-84.60542      14.65556 
-84.59853      14.65451 
-84.59026      14.6576 
-84.58181      14.65012 
-84.57918      14.65041 
-84.57389      14.65194 
-84.56926      14.65348 
-84.56537      14.6499 
-84.56048      14.64631 
-84.55384      14.65071 
-84.55022      14.65098 
-84.54199      14.65119 
-84.53536      14.65398 
-84.52977      14.6539 
-84.52451      14.65383 
-84.52324      14.65029 
-84.52527      14.64712 
-84.52794      14.64427 
-84.5329       14.64274 
-84.53686      14.64151 
-84.53759      14.63672 
-84.53632      14.63318 
-84.53442      14.62867 
-84.52881      14.62955 
-84.52714      14.63113 
-84.52123      14.63009 
-84.51628      14.63162 
-84.51097      14.63443 
-84.50704      14.63342 
-84.50582      14.62668 
-84.50152      14.62393 
-84.501        14.6229 
-84.49804      14.62101 
-84.46906      14.61453 
-84.46606      14.61554 
-84.46239      14.62528 
-84.45769      14.63024 
-84.43308      14.63188 
-84.42226      14.63808 
-84.40995      14.64333 
-84.40839      14.6538 
-84.38848      14.67186 
-84.38317      14.67725 
-84.37735      14.69083 
-84.37085      14.69659 
-84.36756      14.70201 
-84.36826      14.70866 
-84.3646       14.71173 
-84.35389      14.70416 
-84.34309      14.70167 
-84.34803      14.69354 
-84.35096      14.68577 
-84.35106      14.67914 
-84.3483       14.67598 
-84.34113      14.67236 
-84.32672      14.67099 
-84.32068      14.67285 
-84.31697      14.67904 
-84.30931      14.68167 
-84.30337      14.6769 
-84.3011       14.66789 
-84.30036      14.66436 
-84.2964       14.6604 
-84.28922      14.65796 
-84.27884      14.65507 
-84.27074      14.66081 
-84.25735      14.67037 
-84.25448      14.67463 
-84.26239      14.68177 
-84.26314      14.68529 
-84.25941      14.69304 
-84.25933      14.69773 
-84.26361      14.70677 
-84.26904      14.71894 
-84.26935      14.72441 
-84.26762      14.73219 
-84.26352      14.7376 
-84.25177      14.74601 
-84.2388       14.75441 
-84.23358      14.75512 
-84.22919      14.75349 
-84.226        14.75227 
-84.22245      14.74832 
-84.22334      14.74248 
-84.22873      14.73124 
-84.22515      14.72923 
-84.21878      14.7268 
-84.21441      14.72361 
-84.20611      14.71568 
-84.19735      14.71165 
-84.19017      14.7092 
-84.18016      14.70788 
-84.16971      14.70929 
-84.15402      14.71218 
-84.14638      14.71362 
-84.13984      14.72133 
-84.12894      14.72585 
-84.12411      14.72617 
-84.11132      14.72364 
-84.10214      14.72116 
-84.09851      14.72227 
-84.09962      14.72775 
-84.10032      14.7344 
-84.09921      14.73759 
-84.1066       14.74308 
-84.11515      14.76038 
-84.1182       14.77019 
-84.11767      14.77837 
-84.11357      14.78378 
-84.10754      14.78447 
-84.09911      14.78512 
-84.09231      14.78346 
-84.08712      14.78181 
-84.08477      14.77827 
-84.08569      14.77126 
-84.08616      14.76697 
-84.08473      14.75602 
-84.08237      14.75325 
-84.07757      14.7524 
-84.06465      14.75728 
-84.0614       14.75957 
-84.05209      14.76489 
-84.04849      14.76444 
-84.04576      14.75972 
-84.04708      14.7531 
-84.04594      14.7484 
-84.04363      14.74251 
-84.04124      14.74091 
-84.03405      14.73963 
-84.02725      14.73836 
-84.01998      14.74176 
-84.01349      14.74595 
-84.00742      14.74898 
-84.0034       14.74931 
-83.98868      14.74206 
-83.98029      14.73997 
-83.97545      14.74146 
-83.96009      14.74864 
-83.95484      14.75051 
-83.95002      14.75043 
-83.94607      14.74764 
-83.94012      14.74325 
-83.93211      14.74273 
-83.93044      14.74661 
-83.93854      14.76547 
-83.93649      14.76817 
-83.92367      14.76758 
-83.9204       14.77104 
-83.91798      14.77218 
-83.90171      14.76138 
-83.89894      14.75899 
-83.88966      14.76236 
-83.89239      14.76709 
-83.88896      14.77991 
-83.88575      14.78064 
-83.88178      14.77785 
-83.881        14.77627 
-83.88028      14.77158 
-83.87922      14.76259 
-83.87723      14.76177 
-83.86349      14.7678 
-83.85147      14.76683 
-83.84455      14.77335 
-83.83553      14.78374 
-83.82775      14.7853 
-83.82466      14.78591 
-83.8169       14.787 
-83.8066       14.7864 
-83.7994       14.78511 
-83.79616      14.78701 
-83.8013       14.79178 
-83.81839      14.80064 
-83.81955      14.80378 
-83.8151       14.80605 
-83.80752      14.8032 
-83.79518      14.79793 
-83.79155      14.79943 
-83.78828      14.80211 
-83.78811      14.81186 
-83.78525      14.81455 
-83.78051      14.81018 
-83.7742       14.80383 
-83.7634       14.80209 
-83.76131      14.80713 
-83.76276      14.81613 
-83.75701      14.82345 
-83.75221      14.82259 
-83.7399       14.81537 
-83.73588      14.81569 
-83.73503      14.81841 
-83.73656      14.82273 
-83.74053      14.82552 
-83.74205      14.82984 
-83.73881      14.83135 
-83.7284       14.83001 
-83.72034      14.83222 
-83.71476      14.83018 
-83.71122      14.82582 
-83.70521      14.82573 
-83.70632      14.83082 
-83.7034       14.83779 
-83.70616      14.84018 
-83.71377      14.84109 
-83.71566      14.84224 
-83.71775      14.8435 
-83.71405      14.84812 
-83.706        14.84877 
-83.69991      14.85335 
-83.70141      14.85923 
-83.70088      14.86624 
-83.69726      14.86696 
-83.68975      14.8606 
-83.68366      14.8644 
-83.67878      14.86783 
-83.6715       14.87122 
-83.65947      14.87063 
-83.65417      14.87522 
-83.64735      14.87511 
-83.64095      14.87344 
-83.63375      14.87293 
-83.63019      14.86936 
-83.63076      14.86 
-83.62524      14.85484 
-83.62159      14.85673 
-83.62461      14.86731 
-83.61683      14.87577 
-83.61474      14.88042 
-83.61946      14.88596 
-83.6194       14.89025 
-83.60972      14.89204 
-83.59881      14.89615 
-83.59796      14.89887 
-83.60151      14.90205 
-83.60266      14.9048 
-83.6018       14.9083 
-83.59775      14.91018 
-83.59216      14.90892 
-83.58742      14.90454 
-83.58381      14.90409 
-83.57851      14.90868 
-83.57489      14.90901 
-83.56895      14.90501 
-83.56533      14.90534 
-83.56364      14.90999 
-83.56507      14.91938 
-83.56495      14.92602 
-83.56285      14.93144 
-83.5588       14.93372 
-83.5472       14.93118 
-83.54512      14.93504 
-83.55141      14.94218 
-83.55252      14.94727 
-83.55009      14.94879 
-83.53776      14.94233 
-83.53532      14.94424 
-83.5416       14.95215 
-83.54503      14.96197 
-83.54533      14.96744 
-83.5416       14.97401 
-83.53482      14.97155 
-83.5297       14.966 
-83.52566      14.9671 
-83.53033      14.97577 
-83.53174      14.98633 
-83.52886      14.98979 
-83.5249       14.98699 
-83.5178       14.98023 
-83.51359      14.9907 
-83.50661      14.99877 
-83.5041       15 
 1             5 
 2 
 -9998.0  ,   -9997.0
  1999.0  ,    9990.0
 170 
-83.69355      10.93761 
-83.69463      10.93554 
-83.69435      10.93171 
-83.68018      10.91618 
-83.67745      10.91126 
-83.68124      10.89603 
-83.67605      10.89108 
-83.67228      10.88475 
-83.671        10.87778 
-83.67415      10.85871 
-83.67399      10.84724 
-83.66629      10.82513 
-83.66461      10.82031 
-83.6669       10.80992 
-83.67706      10.79556 
-83.67791      10.79375 
-83.68635      10.78952 
-83.69686      10.78738 
-83.704        10.78613 
-83.71035      10.78861 
-83.71333      10.78994 
-83.71892      10.78934 
-83.72576      10.7837 
-83.73856      10.78275 
-83.7491       10.77808 
-83.7604       10.76929 
-83.76497      10.76792 
-83.78495      10.76737 
-83.7927       10.76838 
-83.7956       10.76587 
-83.79961      10.76001 
-83.80221      10.75752 
-83.80434      10.75448 
-83.81039      10.7492 
-83.81538      10.74518 
-83.83195      10.74647 
-83.83584      10.74602 
-83.84368      10.74256 
-83.84706      10.73538 
-83.85278      10.72953 
-83.86083      10.72465 
-83.86689      10.71834 
-83.8765       10.71747 
-83.88346      10.71963 
-83.89278      10.72004 
-83.90132      10.72069 
-83.9079       10.71465 
-83.9199       10.70997 
-83.92849      10.70754 
-83.93599      10.70843 
-83.94056      10.7144 
-83.94127      10.71825 
-83.94328      10.72213 
-83.94791      10.72451 
-83.95953      10.72649 
-83.96831      10.72919 
-83.97332      10.73449 
-83.97456      10.74287 
-83.97658      10.74623 
-83.98223      10.74965 
-83.98868      10.75155 
-83.99278      10.75418 
-83.99636      10.75782 
-84.00809      10.76404 
-84.01092      10.77061 
-84.0137       10.77501 
-84.01901      10.78329 
-84.02155      10.7864 
-84.02513      10.78928 
-84.03212      10.78964 
-84.03552      10.7879 
-84.03769      10.7823 
-84.03865      10.77536 
-84.04791      10.77942 
-84.05242      10.78033 
-84.05668      10.77914 
-84.06142      10.77446 
-84.06426      10.76514 
-84.07036      10.76342 
-84.08038      10.76413 
-84.08242      10.76526 
-84.09636      10.7729 
-84.10298      10.7744 
-84.10722      10.77419 
-84.11764      10.76778 
-84.12666      10.76973 
-84.13274      10.78729 
-84.13441      10.789 
-84.13868      10.78682 
-84.14951      10.78548 
-84.16288      10.78568 
-84.17506      10.78358 
-84.18491      10.78734 
-84.19159      10.78744 
-84.19631      10.78486 
-84.20241      10.77901 
-84.20699      10.78628 
-84.2082       10.79363 
-84.21282      10.797 
-84.21681      10.79904 
-84.22413      10.80047 
-84.22879      10.80186 
-84.23138      10.80719 
-84.23403      10.80855 
-84.23868      10.8106 
-84.2406       10.81671 
-84.22582      10.82098 
-84.22242      10.82423 
-84.2226       10.82957 
-84.21822      10.83672 
-84.21946      10.84334 
-84.22269      10.85066 
-84.22003      10.85666 
-84.22246      10.86382 
-84.22674      10.86906 
-84.23506      10.87198 
-84.24371      10.87475 
-84.25096      10.88213 
-84.25626      10.88419 
-84.26427      10.88563 
-84.27699      10.88859 
-84.28428      10.88856 
-84.28758      10.89126 
-84.28823      10.89651 
-84.29472      10.90523 
-84.29934      10.90926 
-84.30599      10.91201 
-84.31666      10.91348 
-84.32664      10.91296 
-84.33171      10.91803 
-84.33517      10.92762 
-84.34167      10.94027 
-84.34564      10.94297 
-84.35159      10.94702 
-84.35219      10.95231 
-84.34887      10.95737 
-84.34502      10.96832 
-84.34481      10.97335 
-84.3542       10.98858 
-84.35838      10.99283 
-84.36119      10.99399 
-84.36376      10.99263 
-84.37869      10.97789 
-84.39927      10.97301 
-84.4014       10.97191 
-84.40398      10.97057 
-84.41188      10.96216 
-84.41902      10.95723 
-84.42613      10.95481 
-84.43249      10.95462 
-84.43996      10.95641 
-84.45442      10.96429 
-84.48812      11.00068 
-84.50276      11.00869 
-84.50749      11.01129 
-84.54241      11.02323 
-84.56209      11.0316 
-84.56682      11.03754 
-84.57217      11.04991 
-84.60769      11.03837 
-84.61249      11.04114 
-84.67788      11.07886 
-84.68099      11.07932 
-84.72289      11.05393 
-84.79453      11.01051 
-84.83248      10.98857 
-84.91411      10.94132 
-84.94489      10.95403 
-84.98881      10.97214 
-85            10.97613 
