 10 
 1 
 1             1             
1
 -9999.0   ,   9990.0
   7
 7 
50.13278     -13.8224
50.13173     -13.81981
50.13291     -13.81509
50.13497     -13.8103
50.13688     -13.80953
50.13716     -13.81448
50.13278     -13.8224
 1 
 1             2             
1
 -9999.0   ,   9990.0
   7
 10 
50.13748     -13.8486
50.13706     -13.85596
50.13265     -13.86335
50.12818     -13.86385
50.12792     -13.85994
50.1248      -13.8533
50.11986     -13.85426
50.11797     -13.85266
50.11984     -13.85104
50.13748     -13.8486
 1 
 1             3             
1
 -9999.0   ,   9990.0
   7
 9 
50.08624     -14.03293
50.08763     -14.0297
50.1015      -14.0266
50.11014     -14.01688
50.11173     -14.0102
50.11535     -14.02029
50.10319     -14.03142
50.08677     -14.04051
50.08624     -14.03293
 1 
 1             4             
1
 -9999.0   ,   9990.0
   7
 6 
50.02066     -14.02284
50.01736     -14.02264
50.01568     -14.01874
50.01751     -14.01183
50.02177     -14.01433
50.02066     -14.02284
 1 
 1             5             
1
 -9999.0   ,   9990.0
   7
 7 
50.13297     -14.0144
50.14365     -14.02421
50.14156     -14.02767
50.13281     -14.0236
50.12948     -14.02018
50.13015     -14.01558
50.13297     -14.0144
 1 
 1             6             
1
 -9999.0   ,   9990.0
   7
 9 
50.14678     -14.08901
50.13918     -14.08103
50.14291     -14.07663
50.14903     -14.07543
50.15351     -14.07655
50.15589     -14.07929
50.15429     -14.08528
50.15149     -14.08852
50.14678     -14.08901
 1 
 1             7             
1
 -9999.0   ,   9990.0
   7
 48 
50           -14.18797
50           -14.1821
50.00871     -14.18109
50.01274     -14.18313
50.01465     -14.18725
50.01446     -14.19231
50.01021     -14.20614
50.00802     -14.21328
50.01065     -14.2174
50.01491     -14.21943
50.0278      -14.21083
50.04402     -14.20428
50.05198     -14.19778
50.05594     -14.19178
50.06791     -14.18479
50.08662     -14.16695
50.09506     -14.1616
50.10545     -14.15749
50.10869     -14.1562
50.14162     -14.1479
50.14725     -14.14487
50.15128     -14.12171
50.15272     -14.12207
50.15394     -14.12758
50.15122     -14.14384
50.15022     -14.14786
50.14877     -14.15011
50.14801     -14.1513
50.14026     -14.15389
50.12427     -14.15838
50.1099      -14.15964
50.10497     -14.16173
50.10214     -14.16292
50.08971     -14.17037
50.07927     -14.17966
50.06912     -14.18869
50.05856     -14.19474
50.05298     -14.2049
50.02011     -14.22146
50.01069     -14.22268
50.00595     -14.21973
50.00426     -14.21422
50.0047      -14.21031
50.01094     -14.19533
50.00784     -14.18983
50.00452     -14.18733
50.00199     -14.18768
50           -14.18797
 1 
 1             8             
1
 -9999.0   ,   9990.0
   7
 5 
50.16435     -14.27254
50.16606     -14.27828
50.16327     -14.28359
50.16064     -14.27878
50.16435     -14.27254
 1 
 1             9             
1
 -9999.0   ,   9990.0
   7
 6 
50.17272     -14.31408
50.17058     -14.31111
50.18464     -14.30112
50.1866      -14.30937
50.18191     -14.31309
50.17272     -14.31408
 1 
 1             10            
1
 -9999.0   ,   9990.0
   7
 11 
50.16514     -14.30931
50.16824     -14.3132
50.17189     -14.32627
50.17613     -14.32647
50.17947     -14.33058
50.17481     -14.33797
50.17293     -14.33867
50.16774     -14.33826
50.16203     -14.33255
50.16477     -14.32219
50.16514     -14.30931
