 63 
 1 
 1             1             
1
 -9999.0   ,   9990.0
   7
 24 
130.1042     -14.79453
130.0997     -14.79636
130.0834     -14.78581
130.0791     -14.79269
130.0749     -14.79594
130.0661     -14.7987
130.0583     -14.80378
130.0524     -14.80356
130.0404     -14.79872
130.0156     -14.80611
130          -14.80572
130          -14.80086
130.0021     -14.80106
130.0399     -14.79342
130.0479     -14.79272
130.0553     -14.79594
130.059      -14.79525
130.0683     -14.78881
130.0763     -14.78006
130.081      -14.77844
130.0857     -14.77889
130.0928     -14.78256
130.0997     -14.79178
130.1042     -14.79453
 1 
 1             2             
1
 -9999.0   ,   9990.0
   7
 7 
132.8983     -11.43311
132.9041     -11.42442
132.9071     -11.42392
132.9139     -11.43053
132.906      -11.43153
132.9012     -11.43458
132.8983     -11.43311
 1 
 1             3             
1
 -9999.0   ,   9990.0
   7
 9 
132.9052     -12.07289
132.9029     -12.07222
132.9017     -12.07017
132.9031     -12.06578
132.9087     -12.06178
132.9124     -12.06128
132.9131     -12.06336
132.9085     -12.07078
132.9052     -12.07289
 1 
 1             4             
1
 -9999.0   ,   9990.0
   7
 11 
131.2906     -12.11783
131.2955     -12.11222
131.2943     -12.10786
131.2975     -12.10231
131.301      -12.10206
131.3027     -12.10414
131.303      -12.10872
131.3004     -12.11358
131.3044     -12.12003
131.2974     -12.12122
131.2906     -12.11783
 1 
 1             5             
1
 -9999.0   ,   9990.0
   7
 9 
134.4414     -12.14167
134.4471     -12.13992
134.4508     -12.14139
134.4574     -12.14842
134.4599     -12.15467
134.4653     -12.16145
134.4644     -12.16372
134.4608     -12.16436
134.4414     -12.14167
 1 
 1             6             
1
 -9999.0   ,   9990.0
   7
 18 
134.0718     -12.185
134.0741     -12.18597
134.0772     -12.1927
134.0806     -12.18978
134.0841     -12.18939
134.1001     -12.19178
134.0992     -12.1927
134.1003     -12.19547
134.0967     -12.2
134.094      -12.19672
134.0844     -12.20389
134.0761     -12.20233
134.0714     -12.19994
134.0656     -12.20097
134.0619     -12.19792
134.0606     -12.19328
134.0666     -12.18697
134.0718     -12.185
 1 
 1             7             
1
 -9999.0   ,   9990.0
   7
 8 
134.9535     -12.2117
134.95       -12.20036
134.952      -12.19625
134.9562     -12.19447
134.9634     -12.19414
134.964      -12.20244
134.9567     -12.20439
134.9535     -12.2117
 1 
 1             8             
1
 -9999.0   ,   9990.0
   7
 7 
134.8508     -12.22117
134.8473     -12.21745
134.8512     -12.21106
134.8554     -12.21067
134.8572     -12.21486
134.8545     -12.22008
134.8508     -12.22117
 1 
 1             9             
1
 -9999.0   ,   9990.0
   7
 189 
131.3193     -12.21925
131.3216     -12.22058
131.3216     -12.22606
131.3201     -12.23061
131.3173     -12.23317
131.3067     -12.23694
131.2971     -12.24628
131.2922     -12.24792
131.2849     -12.24786
131.2853     -12.25561
131.2884     -12.26106
131.2842     -12.27497
131.2892     -12.28625
131.2931     -12.28978
131.2974     -12.29564
131.2925     -12.3085
131.2922     -12.30928
131.2859     -12.3162
131.2819     -12.32061
131.2789     -12.32661
131.2792     -12.33031
131.2822     -12.33697
131.2839     -12.34733
131.2926     -12.35881
131.2967     -12.36825
131.3058     -12.37256
131.3091     -12.37878
131.3129     -12.37944
131.3202     -12.3732
131.3243     -12.37361
131.3286     -12.37797
131.3303     -12.3835
131.3279     -12.39089
131.3245     -12.39319
131.3144     -12.39411
131.3104     -12.39767
131.3163     -12.40225
131.3177     -12.405
131.3161     -12.41239
131.3028     -12.41522
131.3028     -12.41914
131.3134     -12.41978
131.3171     -12.42136
131.3202     -12.42525
131.3212     -12.43308
131.3273     -12.42961
131.3338     -12.42886
131.3387     -12.43022
131.343      -12.43411
131.3437     -12.4385
131.3404     -12.44219
131.3273     -12.44528
131.325      -12.44806
131.3269     -12.45058
131.3323     -12.44939
131.3405     -12.44728
131.344      -12.44864
131.3445     -12.45095
131.3394     -12.45856
131.3406     -12.46042
131.3476     -12.45806
131.3511     -12.45897
131.3565     -12.46447
131.3467     -12.4705
131.3435     -12.47628
131.3472     -12.47742
131.3547     -12.47117
131.361      -12.47089
131.3697     -12.47383
131.3699     -12.47683
131.3639     -12.48747
131.3733     -12.48511
131.3782     -12.48669
131.3822     -12.49122
131.3827     -12.49175
131.3832     -12.49542
131.3764     -12.50514
131.3795     -12.50789
131.3922     -12.50442
131.3842     -12.512
131.3809     -12.51319
131.3758     -12.51161
131.3729     -12.50817
131.3725     -12.50536
131.3722     -12.50356
131.3773     -12.49408
131.3766     -12.49039
131.3728     -12.48972
131.3651     -12.493
131.3609     -12.49256
131.3581     -12.48911
131.3583     -12.48633
131.3648     -12.47686
131.3598     -12.47414
131.3517     -12.48039
131.3463     -12.4825
131.3411     -12.48092
131.3388     -12.47561
131.3408     -12.47008
131.3476     -12.4645
131.3328     -12.46228
131.3326     -12.45931
131.337      -12.45397
131.3342     -12.45122
131.3232     -12.45611
131.3194     -12.45406
131.3178     -12.45086
131.3187     -12.44556
131.3219     -12.44161
131.3355     -12.4397
131.3381     -12.43714
131.3348     -12.4337
131.331      -12.43328
131.3303     -12.43356
131.3175     -12.43842
131.3151     -12.43703
131.3132     -12.42922
131.3096     -12.42647
131.3026     -12.42628
131.2977     -12.42331
131.296      -12.41986
131.2962     -12.41478
131.3007     -12.41153
131.3124     -12.40825
131.3107     -12.40503
131.3034     -12.39978
131.3022     -12.39725
131.3039     -12.39308
131.3081     -12.39053
131.3169     -12.39003
131.3209     -12.38769
131.3228     -12.384
131.3211     -12.37964
131.315      -12.38336
131.3098     -12.38506
131.3071     -12.38592
131.3031     -12.3795
131.2937     -12.37308
131.2849     -12.36117
131.28       -12.35358
131.278      -12.34136
131.2705     -12.33428
131.2679     -12.32945
131.2721     -12.32044
131.2753     -12.31858
131.2832     -12.30906
131.2853     -12.30653
131.289      -12.29939
131.2809     -12.28536
131.2777     -12.27986
131.2764     -12.25936
131.2702     -12.24278
131.2481     -12.22517
131.2404     -12.22336
131.2348     -12.22431
131.2177     -12.23544
131.2124     -12.24239
131.215      -12.24606
131.2107     -12.2522
131.2073     -12.25695
131.2289     -12.2605
131.2321     -12.26481
131.2292     -12.26836
131.2193     -12.26347
131.2055     -12.26606
131.2021     -12.2652
131.1999     -12.2617
131.2003     -12.25586
131.2061     -12.24522
131.1992     -12.23894
131.2018     -12.23575
131.2112     -12.23317
131.2182     -12.22669
131.2155     -12.22017
131.2306     -12.21242
131.2314     -12.21372
131.2434     -12.21345
131.2504     -12.21661
131.2598     -12.22647
131.2692     -12.22806
131.2786     -12.23722
131.2901     -12.24014
131.2978     -12.23689
131.3024     -12.23139
131.3046     -12.23064
131.3106     -12.23197
131.3129     -12.22528
131.316      -12.22111
131.3193     -12.21925
 1 
 1             10            
1
 -9999.0   ,   9990.0
   7
 7 
131.8864     -12.24147
131.8843     -12.23986
131.8875     -12.23156
131.8913     -12.23222
131.8934     -12.23567
131.8899     -12.24006
131.8864     -12.24147
 2 
 1             11            
1
 -9999.0   ,   9990.0
   7
 24 
131.7683     -12.296
131.7726     -12.29989
131.7777     -12.29503
131.7857     -12.2975
131.7869     -12.29956
131.7827     -12.30628
131.7769     -12.30928
131.7718     -12.31189
131.768      -12.31558
131.7601     -12.3182
131.7554     -12.31706
131.7471     -12.31067
131.7385     -12.31164
131.7239     -12.31014
131.7214     -12.30761
131.7281     -12.30319
131.7387     -12.30542
131.7422     -12.30472
131.7454     -12.30192
131.7459     -12.29592
131.7556     -12.28411
131.7598     -12.28386
131.7608     -12.28525
131.7683     -12.296
 1             11            2 
1
 -9999.0   ,   9990.0
   7
 8 
131.76       -12.30345
131.7635     -12.3025
131.7644     -12.30064
131.763      -12.29697
131.7578     -12.294
131.7555     -12.29542
131.7562     -12.3
131.76       -12.30345
 1 
 1             12            
1
 -9999.0   ,   9990.0
   7
 92 
132.4488     -12.62136
132.445      -12.62094
132.443      -12.61258
132.4428     -12.61175
132.4348     -12.60628
132.4336     -12.60008
132.4369     -12.58322
132.4445     -12.57025
132.4417     -12.54653
132.4435     -12.53547
132.4421     -12.53364
132.4271     -12.537
132.4116     -12.53231
132.4061     -12.52728
132.4051     -12.52553
132.4009     -12.51789
132.4025     -12.51372
132.4134     -12.50808
132.4186     -12.5085
132.4268     -12.51167
132.4289     -12.50611
132.4251     -12.50014
132.413      -12.48828
132.4111     -12.48461
132.4084     -12.46667
132.4094     -12.45236
132.4126     -12.44589
132.4166     -12.44447
132.4253     -12.44945
132.3915     -12.41772
132.3815     -12.40008
132.372      -12.38819
132.3705     -12.38331
132.3691     -12.37853
132.3701     -12.36722
132.3881     -12.33872
132.4056     -12.32406
132.4214     -12.31514
132.4249     -12.31072
132.4251     -12.30842
132.4215     -12.30431
132.4044     -12.29039
132.4035     -12.28964
132.4325     -12.28575
132.4399     -12.29308
132.4421     -12.30136
132.4424     -12.30989
132.4406     -12.31497
132.4332     -12.32378
132.4213     -12.33311
132.4128     -12.3422
132.3963     -12.35478
132.3828     -12.36781
132.3822     -12.37003
132.3803     -12.37681
132.3815     -12.38303
132.3947     -12.41147
132.4204     -12.42967
132.4249     -12.43378
132.433      -12.44547
132.4369     -12.45811
132.436      -12.46294
132.4308     -12.46392
132.4244     -12.45983
132.4172     -12.45645
132.4151     -12.46061
132.4149     -12.46361
132.4182     -12.47142
132.4181     -12.48361
132.4333     -12.49961
132.4362     -12.50858
132.4341     -12.51458
132.43       -12.519
132.4241     -12.51975
132.4159     -12.51636
132.4105     -12.51803
132.4251     -12.52803
132.4318     -12.52883
132.434      -12.52911
132.4462     -12.52806
132.4498     -12.5292
132.4528     -12.53283
132.4548     -12.54042
132.4529     -12.56211
132.4543     -12.56464
132.4438     -12.58569
132.4396     -12.59911
132.443      -12.60183
132.4488     -12.59925
132.4517     -12.60222
132.4513     -12.61328
132.4488     -12.62136
 1 
 1             13            
1
 -9999.0   ,   9990.0
   7
 6 
131.9785     -12.28997
131.9912     -12.29158
131.9898     -12.29367
131.9821     -12.2945
131.9795     -12.29386
131.9785     -12.28997
 1 
 1             14            
1
 -9999.0   ,   9990.0
   7
 7 
131.9625     -12.30225
131.9647     -12.30064
131.9684     -12.30053
131.9708     -12.30439
131.969      -12.30697
131.9621     -12.30686
131.9625     -12.30225
 1 
 1             15            
1
 -9999.0   ,   9990.0
   7
 8 
132.9799     -12.35158
132.981      -12.34306
132.9828     -12.33933
132.9859     -12.34
132.9873     -12.34228
132.9865     -12.34853
132.9839     -12.35086
132.9799     -12.35158
 1 
 1             16            
1
 -9999.0   ,   9990.0
   7
 14 
131.4829     -12.37781
131.4808     -12.36814
131.4721     -12.35875
131.4711     -12.35436
131.4732     -12.34928
131.4755     -12.34881
131.4793     -12.3527
131.4821     -12.3527
131.4842     -12.35522
131.4882     -12.35633
131.4878     -12.36003
131.4932     -12.36692
131.4923     -12.36945
131.4829     -12.37781
 1 
 1             17            
1
 -9999.0   ,   9990.0
   7
 8 
131.171      -12.3857
131.1682     -12.385
131.1649     -12.38133
131.1653     -12.37811
131.1677     -12.3765
131.1738     -12.37622
131.1747     -12.37875
131.171      -12.3857
 1 
 1             18            
1
 -9999.0   ,   9990.0
   7
 7 
131.141      -12.37728
131.1436     -12.37883
131.1449     -12.38228
131.1424     -12.38739
131.1393     -12.38742
131.1357     -12.38381
131.141      -12.37728
 1 
 1             19            
1
 -9999.0   ,   9990.0
   7
 27 
131.6622     -12.48406
131.6678     -12.48564
131.6711     -12.48447
131.6769     -12.47519
131.6759     -12.46969
131.6724     -12.46603
131.6644     -12.46114
131.6634     -12.46056
131.6554     -12.45967
131.654      -12.4567
131.6573     -12.44953
131.6553     -12.44425
131.6565     -12.44169
131.661      -12.44145
131.6635     -12.43889
131.6654     -12.44142
131.6624     -12.45411
131.6662     -12.45753
131.6716     -12.45058
131.6747     -12.45978
131.6787     -12.46253
131.6804     -12.46811
131.6832     -12.477
131.6774     -12.4865
131.662      -12.49581
131.6622     -12.48572
131.6622     -12.48406
 1 
 1             20            
1
 -9999.0   ,   9990.0
   7
 8 
131.0411     -12.48131
131.0479     -12.48281
131.0493     -12.48442
131.0503     -12.48717
131.048      -12.48972
131.0438     -12.49003
131.0423     -12.48867
131.0411     -12.48131
 1 
 1             21            
1
 -9999.0   ,   9990.0
   7
 8 
131.3243     -12.51947
131.3231     -12.51764
131.3321     -12.50608
131.333      -12.49778
131.3375     -12.49958
131.3347     -12.51067
131.3282     -12.519
131.3243     -12.51947
 1 
 1             22            
1
 -9999.0   ,   9990.0
   7
 7 
131.8285     -12.51264
131.8205     -12.51017
131.8182     -12.50697
131.821      -12.50417
131.8254     -12.50345
131.8299     -12.51056
131.8285     -12.51264
 1 
 1             23            
1
 -9999.0   ,   9990.0
   7
 7 
131.8259     -12.53272
131.8172     -12.52931
131.8204     -12.51639
131.8251     -12.52028
131.8281     -12.52072
131.827      -12.53156
131.8259     -12.53272
 1 
 1             24            
1
 -9999.0   ,   9990.0
   7
 14 
132.8709     -12.56697
132.8697     -12.56689
132.869      -12.56528
132.8706     -12.55928
132.8726     -12.55633
132.877      -12.54997
132.876      -12.5447
132.8776     -12.54097
132.8807     -12.54003
132.8817     -12.54556
132.8801     -12.55292
132.8792     -12.55733
132.8723     -12.56708
132.8709     -12.56697
 1 
 1             25            
1
 -9999.0   ,   9990.0
   7
 7 
131.7922     -12.57075
131.791      -12.56544
131.7916     -12.56014
131.7947     -12.55806
131.7987     -12.56539
131.7973     -12.56817
131.7922     -12.57075
 1 
 1             26            
1
 -9999.0   ,   9990.0
   7
 7 
131.3391     -12.57111
131.3396     -12.58531
131.3284     -12.58375
131.3255     -12.58031
131.3274     -12.57614
131.339      -12.56572
131.3391     -12.57111
 1 
 1             27            
1
 -9999.0   ,   9990.0
   7
 11 
135          -12.58361
135          -12.63017
134.9981     -12.62797
134.9973     -12.60425
134.9967     -12.60033
134.9918     -12.58508
134.9912     -12.58092
134.9921     -12.57242
134.9971     -12.56911
134.9969     -12.57917
135          -12.58361
 1 
 1             28            
1
 -9999.0   ,   9990.0
   7
 13 
131.4142     -12.58742
131.4134     -12.57958
131.4146     -12.57636
131.4202     -12.57472
131.4213     -12.56942
131.4228     -12.56964
131.4258     -12.57192
131.427      -12.57814
131.4257     -12.58206
131.4247     -12.58322
131.4191     -12.58142
131.4161     -12.58717
131.4142     -12.58742
 1 
 1             29            
1
 -9999.0   ,   9990.0
   7
 8 
131.7634     -12.60367
131.7615     -12.60206
131.7619     -12.59997
131.7687     -12.59164
131.7708     -12.59439
131.7692     -12.599
131.7662     -12.60272
131.7634     -12.60367
 1 
 1             30            
1
 -9999.0   ,   9990.0
   7
 8 
131.8828     -12.64292
131.8807     -12.64178
131.8794     -12.62933
131.8812     -12.62608
131.8833     -12.62931
131.8893     -12.63317
131.8858     -12.63597
131.8828     -12.64292
 1 
 1             31            
1
 -9999.0   ,   9990.0
   7
 8 
134.9479     -12.62678
134.9517     -12.62611
134.9557     -12.62839
134.9581     -12.63156
134.959      -12.6402
134.9553     -12.64081
134.947      -12.63008
134.9479     -12.62678
 1 
 1             32            
1
 -9999.0   ,   9990.0
   7
 7 
131.5634     -12.67895
131.5622     -12.67686
131.5643     -12.66878
131.5697     -12.67153
131.5718     -12.67428
131.5679     -12.67822
131.5634     -12.67895
 1 
 1             33            
1
 -9999.0   ,   9990.0
   7
 7 
131.3808     -12.72933
131.3832     -12.73045
131.3837     -12.73389
131.3772     -12.73836
131.3739     -12.7375
131.3764     -12.73261
131.3808     -12.72933
 1 
 1             34            
1
 -9999.0   ,   9990.0
   7
 83 
130.9724     -12.82919
130.9762     -12.82595
130.98       -12.82595
130.9844     -12.8227
130.9888     -12.82314
130.991      -12.82658
130.9945     -12.82633
130.9983     -12.83139
131.0065     -12.82997
131.0116     -12.83295
131.0206     -12.83361
131.0239     -12.83842
131.0211     -12.84097
131.004      -12.84472
131.0028     -12.84611
131.0042     -12.84911
131.0084     -12.85278
131.0115     -12.8507
131.0251     -12.85086
131.0268     -12.85339
131.0235     -12.85547
131.0148     -12.85622
131.0138     -12.85786
131.0132     -12.85897
131.0155     -12.8615
131.023      -12.861
131.024      -12.86239
131.0219     -12.86656
131.0252     -12.86883
131.0318     -12.86767
131.0341     -12.86142
131.0366     -12.86025
131.0405     -12.86878
131.0442     -12.869
131.0461     -12.87219
131.0534     -12.87747
131.0532     -12.88186
131.0478     -12.88164
131.0454     -12.8775
131.0327     -12.87386
131.0299     -12.87481
131.029      -12.88125
131.0274     -12.88333
131.0236     -12.88428
131.0236     -12.87967
131.0158     -12.87625
131.0103     -12.87253
131.0012     -12.86642
130.9975     -12.86919
131.0006     -12.87103
130.9999     -12.87678
131.0152     -12.88822
131.0166     -12.89561
131.0155     -12.90458
131.0123     -12.91014
131.0096     -12.90645
131.0101     -12.90161
131.0068     -12.89842
131.0072     -12.89125
130.9971     -12.88717
130.9952     -12.88186
130.9898     -12.88236
130.9838     -12.89089
130.9779     -12.8907
130.9774     -12.88725
130.9793     -12.88331
130.9931     -12.8752
130.9914     -12.87267
130.9853     -12.86947
130.9851     -12.866
130.9888     -12.85978
130.9836     -12.85703
130.9824     -12.85403
130.9868     -12.84895
130.9859     -12.84572
130.9812     -12.84528
130.9763     -12.849
130.9725     -12.84994
130.9672     -12.85525
130.9625     -12.85458
130.9615     -12.85297
130.9708     -12.83497
130.9724     -12.82919
 1 
 1             35            
1
 -9999.0   ,   9990.0
   7
 10 
131.6612     -12.84328
131.6577     -12.84331
131.6551     -12.84103
131.6506     -12.84036
131.6517     -12.83022
131.6545     -12.82881
131.6573     -12.82995
131.6581     -12.83594
131.6609     -12.83936
131.6612     -12.84328
 1 
 1             36            
1
 -9999.0   ,   9990.0
   7
 30 
131.1303     -12.86997
131.1249     -12.86564
131.1204     -12.86403
131.1193     -12.8675
131.1207     -12.87325
131.1193     -12.87695
131.117      -12.87764
131.1139     -12.87581
131.112      -12.86708
131.109      -12.86661
131.1059     -12.874
131.1029     -12.87425
131.1017     -12.87289
131.1026     -12.86758
131.0986     -12.86806
131.0974     -12.86597
131.0986     -12.86297
131.1026     -12.86181
131.1077     -12.85742
131.1164     -12.85945
131.1169     -12.85853
131.1119     -12.85439
131.1124     -12.85233
131.1173     -12.84931
131.1213     -12.84031
131.1241     -12.83983
131.126      -12.84189
131.1244     -12.85781
131.1313     -12.86722
131.1303     -12.86997
 1 
 1             37            
1
 -9999.0   ,   9990.0
   7
 7 
132.5008     -12.85161
132.5132     -12.84886
132.5161     -12.85322
132.5135     -12.85556
132.4997     -12.85867
132.4957     -12.85595
132.5008     -12.85161
 1 
 1             38            
1
 -9999.0   ,   9990.0
   7
 15 
130.5071     -12.92414
130.5138     -12.924
130.5274     -12.92997
130.5361     -12.92486
130.5408     -12.92439
130.5441     -12.92578
130.545      -12.92783
130.5431     -12.92992
130.5307     -12.93225
130.5244     -12.9355
130.518      -12.93206
130.514      -12.93275
130.5126     -12.93
130.5075     -12.92747
130.5071     -12.92414
 1 
 1             39            
1
 -9999.0   ,   9990.0
   7
 8 
132.6088     -12.98617
132.6054     -12.98553
132.5962     -12.97686
132.5983     -12.972
132.603      -12.9715
132.6075     -12.97628
132.6108     -12.98247
132.6088     -12.98617
 1 
 1             40            
1
 -9999.0   ,   9990.0
   7
 7 
130.413      -13.1977
130.4098     -13.19539
130.4093     -13.19194
130.4099     -13.18319
130.4123     -13.18133
130.4163     -13.19331
130.413      -13.1977
 1 
 1             41            
1
 -9999.0   ,   9990.0
   7
 11 
130.5486     -13.196
130.5399     -13.19072
130.5183     -13.18961
130.5115     -13.19078
130.5084     -13.1892
130.5159     -13.18433
130.5375     -13.18636
130.5443     -13.18772
130.5491     -13.19161
130.551      -13.19483
130.5486     -13.196
 1 
 1             42            
1
 -9999.0   ,   9990.0
   7
 13 
130.4022     -13.26514
130.4058     -13.26222
130.4092     -13.26317
130.4146     -13.26303
130.4184     -13.26378
130.4198     -13.26661
130.4185     -13.26936
130.416      -13.2695
130.4127     -13.26831
130.4086     -13.26614
130.4058     -13.26706
130.4029     -13.26628
130.4022     -13.26514
 1 
 1             43            
1
 -9999.0   ,   9990.0
   7
 7 
130.4504     -13.29436
130.4481     -13.29414
130.4464     -13.29183
130.4574     -13.28492
130.4591     -13.28767
130.456      -13.29136
130.4504     -13.29436
 2 
 1             44            
1
 -9999.0   ,   9990.0
   7
 65 
130.4306     -13.47683
130.4335     -13.48097
130.4295     -13.48767
130.4203     -13.48678
130.4189     -13.48953
130.4232     -13.49758
130.4222     -13.5015
130.4196     -13.50336
130.4145     -13.50406
130.4032     -13.50086
130.3928     -13.50317
130.3886     -13.5032
130.3828     -13.4997
130.3712     -13.49264
130.3495     -13.46942
130.3215     -13.46208
130.2941     -13.43772
130.2836     -13.4345
130.2786     -13.42992
130.2763     -13.42161
130.2809     -13.40617
130.2814     -13.40531
130.2861     -13.39581
130.2988     -13.38242
130.3086     -13.36097
130.3064     -13.35431
130.2963     -13.34328
130.2728     -13.33017
130.2673     -13.29908
130.281      -13.30231
130.2908     -13.30667
130.3007     -13.31586
130.3044     -13.32067
130.3055     -13.32206
130.3182     -13.35061
130.3196     -13.36006
130.318      -13.36672
130.3075     -13.38381
130.288      -13.40733
130.2849     -13.41678
130.2864     -13.42253
130.2972     -13.42642
130.3005     -13.42781
130.3056     -13.42917
130.3075     -13.43061
130.3104     -13.43286
130.3193     -13.44803
130.3249     -13.45272
130.3281     -13.45539
130.333      -13.45814
130.3338     -13.45831
130.3518     -13.46156
130.3695     -13.47811
130.3718     -13.48272
130.3737     -13.48422
130.3848     -13.49328
130.3952     -13.49533
130.4034     -13.49533
130.4107     -13.49761
130.4149     -13.49692
130.4159     -13.49347
130.4147     -13.48308
130.4175     -13.47986
130.4274     -13.48078
130.4306     -13.47683
 1             44            2 
1
 -9999.0   ,   9990.0
   7
 8 
130.3069     -13.34233
130.3092     -13.34142
130.3012     -13.32392
130.2913     -13.31425
130.284      -13.31058
130.2784     -13.31036
130.2765     -13.31336
130.3069     -13.34233
 1 
 1             45            
1
 -9999.0   ,   9990.0
   7
 11 
130.3821     -13.55895
130.3742     -13.56103
130.3629     -13.57164
130.3462     -13.57214
130.3429     -13.56778
130.3476     -13.56522
130.3605     -13.56406
130.3727     -13.55181
130.3753     -13.55136
130.3814     -13.5555
130.3821     -13.55895
 1 
 1             46            
1
 -9999.0   ,   9990.0
   7
 11 
130.3907     -13.58817
130.3883     -13.5875
130.3827     -13.58083
130.3775     -13.58014
130.3735     -13.57692
130.3749     -13.57392
130.3888     -13.57297
130.3897     -13.57989
130.393      -13.5815
130.3944     -13.58472
130.3907     -13.58817
 1 
 1             47            
1
 -9999.0   ,   9990.0
   7
 8 
130.1051     -13.60472
130.1102     -13.60678
130.1133     -13.61025
130.1138     -13.61461
130.1117     -13.61761
130.1098     -13.61831
130.1044     -13.60842
130.1051     -13.60472
 1 
 1             48            
1
 -9999.0   ,   9990.0
   7
 12 
130.4518     -13.64656
130.4494     -13.64447
130.4548     -13.63756
130.4566     -13.62881
130.4611     -13.6205
130.467      -13.61564
130.4684     -13.61933
130.4654     -13.62372
130.4661     -13.62739
130.4611     -13.63478
130.4614     -13.64214
130.4518     -13.64656
 1 
 1             49            
1
 -9999.0   ,   9990.0
   7
 9 
130.3395     -13.63986
130.3369     -13.63364
130.331      -13.62814
130.3336     -13.62444
130.3406     -13.62281
130.3451     -13.62628
130.3468     -13.63386
130.3447     -13.63825
130.3395     -13.63986
 1 
 1             50            
1
 -9999.0   ,   9990.0
   7
 8 
130.3581     -13.66561
130.3557     -13.65664
130.3567     -13.65111
130.3598     -13.6495
130.3623     -13.65089
130.365      -13.65733
130.3628     -13.66517
130.3581     -13.66561
 1 
 1             51            
1
 -9999.0   ,   9990.0
   7
 13 
130.4599     -13.69328
130.4519     -13.68892
130.4523     -13.68431
130.4485     -13.67464
130.4501     -13.65922
130.4532     -13.65506
130.4546     -13.65828
130.4539     -13.66497
130.4565     -13.6705
130.4573     -13.68247
130.4615     -13.69006
130.4613     -13.69306
130.4599     -13.69328
 1 
 1             52            
1
 -9999.0   ,   9990.0
   7
 10 
130.1391     -13.69889
130.1421     -13.69981
130.1447     -13.70417
130.1412     -13.70903
130.1445     -13.71225
130.1445     -13.71592
130.1384     -13.71408
130.136      -13.71133
130.1372     -13.7012
130.1391     -13.69889
 1 
 1             53            
1
 -9999.0   ,   9990.0
   7
 8 
130.4164     -13.73828
130.4131     -13.73761
130.4108     -13.73092
130.4108     -13.72539
130.4133     -13.72217
130.4164     -13.72286
130.4181     -13.73344
130.4164     -13.73828
 1 
 1             54            
1
 -9999.0   ,   9990.0
   7
 16 
130.4403     -13.75089
130.4424     -13.75181
130.4452     -13.74906
130.4452     -13.75594
130.4497     -13.76331
130.4483     -13.76586
130.4433     -13.76425
130.4403     -13.76656
130.4294     -13.74286
130.4221     -13.7392
130.4214     -13.73575
130.4251     -13.73411
130.4358     -13.74239
130.4386     -13.74675
130.4381     -13.75022
130.4403     -13.75089
 1 
 1             55            
1
 -9999.0   ,   9990.0
   7
 8 
130.4138     -13.79286
130.4138     -13.78919
130.4201     -13.77903
130.4224     -13.77833
130.4246     -13.78225
130.4234     -13.78572
130.4175     -13.79172
130.4138     -13.79286
 1 
 1             56            
1
 -9999.0   ,   9990.0
   7
 9 
130.4326     -13.79767
130.4288     -13.78708
130.4361     -13.77925
130.4379     -13.77922
130.4387     -13.78108
130.4333     -13.78983
130.4357     -13.79467
130.4352     -13.79719
130.4326     -13.79767
 1 
 1             57            
1
 -9999.0   ,   9990.0
   7
 8 
130.415      -13.83547
130.4129     -13.83408
130.4115     -13.8265
130.4173     -13.80922
130.4209     -13.80875
130.422      -13.81128
130.4193     -13.82808
130.415      -13.83547
 1 
 1             58            
1
 -9999.0   ,   9990.0
   7
 6 
133.7593     -14.19092
133.7617     -14.1925
133.7627     -14.19617
133.7593     -14.2045
133.7571     -14.19603
133.7593     -14.19092
 1 
 1             59            
1
 -9999.0   ,   9990.0
   7
 11 
132.6314     -14.63647
132.6205     -14.63267
132.6119     -14.62584
132.611      -14.62286
132.6123     -14.62031
132.6223     -14.61953
132.6277     -14.62061
132.6315     -14.62311
132.6323     -14.62747
132.6363     -14.63503
132.6314     -14.63647
 1 
 1             60            
1
 -9999.0   ,   9990.0
   7
 8 
132.8467     -14.72517
132.844      -14.72381
132.8431     -14.72106
132.8447     -14.71689
132.847      -14.71642
132.853      -14.72025
132.8502     -14.7242
132.8467     -14.72517
 1 
 1             61            
1
 -9999.0   ,   9990.0
   7
 9 
133.4785     -14.78953
133.4708     -14.79722
133.4651     -14.79958
133.4601     -14.79897
133.4593     -14.79636
133.4608     -14.79436
133.4684     -14.79425
133.4742     -14.7882
133.4785     -14.78953
 2 
 1             62            
1
 -9999.0   ,   9990.0
   7
 7 
135          -14.81208
134.9925     -14.81072
134.9812     -14.80581
134.9693     -14.78822
134.9944     -14.79417
135          -14.79633
135          -14.81208
 1             62            2 
1
 -9999.0   ,   9990.0
   7
 7 
134.9933     -14.80033
134.9851     -14.79483
134.9827     -14.79647
134.9846     -14.80119
134.9877     -14.80258
134.9931     -14.80233
134.9933     -14.80033
 1 
 1             63            
1
 -9999.0   ,   9990.0
   7
 11 
133.435      -14.89203
133.4309     -14.88817
133.432      -14.88492
133.4289     -14.87806
133.4307     -14.87297
133.4319     -14.87267
133.4398     -14.88231
133.4372     -14.88508
133.4371     -14.88614
133.4368     -14.89039
133.435      -14.89203
