 5 
 1 
 1             1             
1
 -9999.0   ,   9990.0
   7
 11 
149.1346     -10.03333
149.1367     -10.03703
149.135      -10.04453
149.1331     -10.04647
149.1355     -10.04839
149.1369     -10.04947
149.135      -10.05289
149.1332     -10.05089
149.1319     -10.04942
149.1318     -10.04269
149.1346     -10.03333
 1 
 1             2             
1
 -9999.0   ,   9990.0
   7
 7 
149.1352     -10.05419
149.137      -10.06019
149.1356     -10.06386
149.1344     -10.06206
149.1327     -10.05958
149.1333     -10.05831
149.1352     -10.05419
 1 
 1             3             
1
 -9999.0   ,   9990.0
   7
 35 
149.1382     -10.067
149.1395     -10.06717
149.141      -10.07439
149.1458     -10.08489
149.1508     -10.09017
149.1529     -10.09431
149.1547     -10.09789
149.1608     -10.10203
149.1645     -10.10697
149.1638     -10.10944
149.1661     -10.11306
149.1672     -10.12256
149.1701     -10.12489
149.1704     -10.12783
149.1676     -10.13369
149.1726     -10.14036
149.1608     -10.15775
149.1564     -10.15806
149.1562     -10.15614
149.1593     -10.15406
149.1602     -10.14786
149.1626     -10.14753
149.1635     -10.14633
149.1621     -10.14319
149.1656     -10.14183
149.1683     -10.13803
149.1648     -10.13386
149.1673     -10.12678
149.1641     -10.12303
149.1612     -10.11056
149.1412     -10.08289
149.1374     -10.07306
149.1365     -10.07092
149.1368     -10.07031
149.1382     -10.067
 1 
 1             4             
1
 -9999.0   ,   9990.0
   7
 46 
149.1545     -10.16064
149.1509     -10.16564
149.1425     -10.17008
149.1386     -10.16986
149.1359     -10.17678
149.1345     -10.17747
149.1276     -10.17497
149.1188     -10.17889
149.1144     -10.18528
149.1136     -10.18925
149.1148     -10.19186
149.1106     -10.20136
149.1114     -10.20361
149.104      -10.21275
149.1014     -10.21289
149.1025     -10.21797
149.1064     -10.22258
149.1051     -10.22481
149.0995     -10.22664
149.1008     -10.23053
149.0982     -10.23114
149.1057     -10.23169
149.1004     -10.23603
149.0964     -10.23436
149.0949     -10.23131
149.0963     -10.22789
149.0956     -10.22164
149.1014     -10.22239
149.0992     -10.21522
149.0991     -10.20872
149.1023     -10.20925
149.1061     -10.20497
149.1088     -10.19839
149.1085     -10.19597
149.1117     -10.19097
149.1116     -10.18542
149.1178     -10.17628
149.1278     -10.17117
149.1304     -10.17189
149.1343     -10.17036
149.1353     -10.16725
149.1376     -10.16569
149.1425     -10.16711
149.1471     -10.16247
149.1506     -10.16339
149.1545     -10.16064
 1 
 1             5             
1
 -9999.0   ,   9990.0
   7
 8 
145.1676     -14.95161
145.1631     -14.95033
145.1593     -14.94719
145.159      -14.94445
145.1625     -14.94092
145.1651     -14.94156
145.1685     -14.94908
145.1676     -14.95161
