 33 
 1 
 1             1             
1
 -9999.0   ,   9990.0
   7
 9 
-65           -11.9179
-65           -11.90195
-64.99825     -11.90288
-64.99508     -11.90757
-64.99201     -11.91213
-64.9916      -11.92042
-64.9945      -11.93582
-64.99955     -11.9479
-65           -11.9179
 4 
 1             2             
1
 -9999.0   ,   9990.0
   7
 1977 
-65           -11.98116
-65           -11.97307
-64.99761     -11.98069
-64.99709     -11.98874
-64.99676     -11.99359
-64.99395     -11.99689
-64.9917      -12.00024
-64.97509     -12.00249
-64.96508     -12.0067
-64.96418     -12.00658
-64.9204      -12.00079
-64.91364     -12.00314
-64.91322     -12.00358
-64.90863     -12.00844
-64.90226     -12.01519
-64.89755     -12.01754
-64.89388     -12.01938
-64.86513     -12.01888
-64.85696     -12.02032
-64.84295     -12.01956
-64.83428     -12.01908
-64.7967      -12.02715
-64.78692     -12.03204
-64.7825      -12.03645
-64.7802      -12.04199
-64.77538     -12.06405
-64.77451     -12.06803
-64.77251     -12.07014
-64.75453     -12.08911
-64.75308     -12.09002
-64.74336     -12.09608
-64.73545     -12.10396
-64.73179     -12.11733
-64.7317      -12.11937
-64.73055     -12.1445
-64.7285      -12.15534
-64.72546     -12.15535
-64.71703     -12.15126
-64.71443     -12.1469
-64.71198     -12.12689
-64.71236     -12.11284
-64.71221     -12.11231
-64.70998     -12.10457
-64.70573     -12.09792
-64.69401     -12.09408
-64.68608     -12.09412
-64.67746     -12.10177
-64.67717     -12.10345
-64.67565     -12.11214
-64.67935     -12.136
-64.68001     -12.14029
-64.68003     -12.14172
-64.68003     -12.14256
-64.67972     -12.1438
-64.67633     -12.14874
-64.67521     -12.15864
-64.66593     -12.17205
-64.66299     -12.17522
-64.65711     -12.18154
-64.65175     -12.18433
-64.64263     -12.18577
-64.6321      -12.18491
-64.62815     -12.18907
-64.62911     -12.19367
-64.62773     -12.19759
-64.62235     -12.19923
-64.61304     -12.20596
-64.6072      -12.20807
-64.59365     -12.20883
-64.58801     -12.2061
-64.58263     -12.20613
-64.56468     -12.21636
-64.5542      -12.22286
-64.5355      -12.22526
-64.5241      -12.23637
-64.51333     -12.23574
-64.50018     -12.22522
-64.49339     -12.22342
-64.48428     -12.22576
-64.48171     -12.22996
-64.48033     -12.23223
-64.47384     -12.24331
-64.46838     -12.26808
-64.46515     -12.28272
-64.47021     -12.31561
-64.47899     -12.34043
-64.48843     -12.35073
-64.49264     -12.35532
-64.49486     -12.35988
-64.49268     -12.3643
-64.48895     -12.36639
-64.4803      -12.36805
-64.474       -12.37153
-64.4619      -12.38587
-64.45467     -12.39028
-64.44672     -12.3917
-64.44511     -12.39976
-64.43861     -12.40808
-64.41221     -12.43446
-64.4011      -12.44556
-64.37937     -12.45602
-64.36698     -12.45953
-64.35412     -12.46098
-64.345       -12.46424
-64.3244      -12.46181
-64.31388     -12.46485
-64.3031      -12.46397
-64.29267     -12.46607
-64.28581     -12.4728
-64.28561     -12.47855
-64.29021     -12.48772
-64.29103     -12.48935
-64.29129     -12.4951
-64.28764     -12.50034
-64.2871      -12.5011
-64.2843      -12.50158
-64.2782      -12.49815
-64.25963     -12.47982
-64.25142     -12.4764
-64.24554     -12.46998
-64.2357      -12.46726
-64.2254      -12.46708
-64.2212      -12.46848
-64.20366     -12.47545
-64.19081     -12.48241
-64.18543     -12.48267
-64.18051     -12.47992
-64.17629     -12.47971
-64.17325     -12.48202
-64.16631     -12.50185
-64.16773     -12.50829
-64.16706     -12.51589
-64.1638      -12.51981
-64.15421     -12.52423
-64.14626     -12.52518
-64.13993     -12.52221
-64.1378      -12.51577
-64.13825     -12.51326
-64.14078     -12.49919
-64.13606     -12.48977
-64.13137     -12.48841
-64.11991     -12.48891
-64.11405     -12.49077
-64.11243     -12.49331
-64.11666     -12.49859
-64.11734     -12.50146
-64.11471     -12.50969
-64.10991     -12.51082
-64.09559     -12.49913
-64.09021     -12.49938
-64.08136     -12.50752
-64.07643     -12.50795
-64.0636      -12.50392
-64.05978     -12.50272
-64.05159     -12.50252
-64.04785     -12.50414
-64.04283     -12.51317
-64.04139     -12.51533
-64.0313      -12.5263
-64.02382     -12.53024
-64.01446     -12.53235
-64.00697     -12.53237
-63.99573     -12.53356
-63.98588     -12.52646
-63.97534     -12.52511
-63.96271     -12.53045
-63.95921     -12.53391
-63.95643     -12.54169
-63.95526     -12.54497
-63.95364     -12.54615
-63.95175     -12.54752
-63.9445      -12.54869
-63.93137     -12.54367
-63.91049     -12.52832
-63.90698     -12.52764
-63.89923     -12.52144
-63.88746     -12.49754
-63.8823      -12.49295
-63.87597     -12.49136
-63.87222     -12.48746
-63.87314     -12.48446
-63.88249     -12.47937
-63.88622     -12.47176
-63.88129     -12.46556
-63.87144     -12.45869
-63.86045     -12.46286
-63.8511      -12.46911
-63.84689     -12.4705
-63.84057     -12.47006
-63.8272      -12.4602
-63.79697     -12.44739
-63.79183     -12.44833
-63.78435     -12.45226
-63.77705     -12.4524
-63.7703      -12.45253
-63.76538     -12.45139
-63.76374     -12.44955
-63.75158     -12.45419
-63.73917     -12.45399
-63.73097     -12.45148
-63.70898     -12.45337
-63.69705     -12.46123
-63.6706      -12.46152
-63.6568      -12.46592
-63.65212     -12.46962
-63.64689     -12.47948
-63.6421      -12.48851
-63.63882     -12.49197
-63.63391     -12.49244
-63.63286     -12.49167
-63.63016     -12.48969
-63.6268      -12.48945
-63.6222      -12.48911
-63.61471     -12.48857
-63.6105      -12.49249
-63.60515     -12.50203
-63.60326     -12.5054
-63.59611     -12.50647
-63.5939      -12.5068
-63.58197     -12.51258
-63.56864     -12.52503
-63.5655      -12.53016
-63.56327     -12.53379
-63.55415     -12.54255
-63.54433     -12.54717
-63.52138     -12.5509
-63.51237     -12.55101
-63.50007     -12.55117
-63.48369     -12.55326
-63.47666     -12.55604
-63.47011     -12.5618
-63.46736     -12.56855
-63.46475     -12.57493
-63.4568      -12.58714
-63.45563     -12.59244
-63.45775     -12.59727
-63.46384     -12.60117
-63.46197     -12.60394
-63.45588     -12.60395
-63.44956     -12.60626
-63.44301     -12.61156
-63.43605     -12.6207
-63.43108     -12.62723
-63.42758     -12.64081
-63.42383     -12.64519
-63.41611     -12.6505
-63.40745     -12.66156
-63.39952     -12.66564
-63.39797     -12.66644
-63.39177     -12.66963
-63.38473     -12.66991
-63.3735      -12.67035
-63.36811     -12.67289
-63.35167     -12.68798
-63.35079     -12.68879
-63.34819     -12.68946
-63.34001     -12.69156
-63.33041     -12.70078
-63.3112      -12.70103
-63.28449     -12.70451
-63.28018     -12.70526
-63.27532     -12.7061
-63.27254     -12.70659
-63.26954     -12.70802
-63.25896     -12.71304
-63.25217     -12.71351
-63.24912     -12.71098
-63.247       -12.69993
-63.24349     -12.69073
-63.23857     -12.68406
-63.22802     -12.67831
-63.22193     -12.67716
-63.19991     -12.67718
-63.19499     -12.67534
-63.19218     -12.67005
-63.19194     -12.66199
-63.18983     -12.65555
-63.18649     -12.65435
-63.18468     -12.65371
-63.18286     -12.65355
-63.16442     -12.65191
-63.15516     -12.6482
-63.14397     -12.64017
-63.14041     -12.63762
-63.13722     -12.63773
-63.13619     -12.63777
-63.13408     -12.63785
-63.12448     -12.64568
-63.1213      -12.6466
-63.11815     -12.64752
-63.10457     -12.64666
-63.1035      -12.64659
-63.10031     -12.647
-63.07974     -12.6496
-63.07365     -12.65259
-63.0706      -12.65927
-63.06731     -12.67007
-63.0645      -12.6793
-63.0647      -12.68711
-63.06485     -12.69336
-63.06496     -12.69771
-63.0628      -12.7007
-63.05746     -12.70807
-63.04481     -12.71451
-63.04189     -12.71738
-63.04129     -12.71797
-63.04012     -12.72211
-63.04129     -12.72602
-63.0509      -12.73339
-63.053       -12.735
-63.05429     -12.73819
-63.05651     -12.74375
-63.05417     -12.74973
-63.04948     -12.75387
-63.03971     -12.75846
-63.03378     -12.76124
-63.02838     -12.76653
-63.01432     -12.78817
-63.01079     -12.79599
-63.00938     -12.80497
-63.01032     -12.81164
-63.00895     -12.81833
-63.00753     -12.8213
-63.00421     -12.82822
-63.00353     -12.83381
-63.00257     -12.8418
-63.00019     -12.84428
-62.99965     -12.84485
-62.99922     -12.84558
-62.99459     -12.8464
-62.98982     -12.84603
-62.98545     -12.84271
-62.981       -12.84225
-62.97561     -12.84455
-62.97475     -12.8456
-62.96787     -12.85399
-62.96364     -12.85468
-62.95122     -12.85007
-62.94841     -12.85145
-62.94454     -12.86304
-62.94399     -12.864
-62.9409      -12.86365
-62.93762     -12.8549
-62.93365     -12.84937
-62.92427     -12.84661
-62.91817     -12.84868
-62.90269     -12.86754
-62.89216     -12.88766
-62.88813     -12.89539
-62.8663      -12.91701
-62.85879     -12.92138
-62.84753     -12.92482
-62.84682     -12.93058
-62.8502      -12.93764
-62.85268     -12.94231
-62.85173     -12.94508
-62.85032     -12.94623
-62.83884     -12.94139
-62.8318      -12.94
-62.81772     -12.94989
-62.81289     -12.9558
-62.81208     -12.95679
-62.80205     -12.98517
-62.80102     -12.98808
-62.78834     -12.99635
-62.78686     -12.99847
-62.77918     -13.00946
-62.77415     -13.01431
-62.76699     -13.02119
-62.76633     -13.02243
-62.77541     -13.02327
-62.81204     -12.99085
-62.81885     -12.98257
-62.82144     -12.97567
-62.82154     -12.9728
-62.82193     -12.9614
-62.82616     -12.95081
-62.82945     -12.94667
-62.8421      -12.94587
-62.84368     -12.94617
-62.84976     -12.95501
-62.85101     -12.95682
-62.85476     -12.95751
-62.85828     -12.95567
-62.8604      -12.95038
-62.85947     -12.94002
-62.86089     -12.93335
-62.86535     -12.92875
-62.87027     -12.92691
-62.87918     -12.92921
-62.88106     -12.92576
-62.88083     -12.91771
-62.8874      -12.91265
-62.8867      -12.90966
-62.88835     -12.90459
-62.90769     -12.87582
-62.91511     -12.86479
-62.92238     -12.85743
-62.92709     -12.85436
-62.93106     -12.85559
-62.93842     -12.87314
-62.93878     -12.874
-62.95567     -12.85836
-62.97138     -12.85813
-62.97443     -12.85652
-62.97993     -12.84703
-62.9803      -12.8464
-62.98405     -12.84617
-62.9906      -12.85076
-62.99389     -12.85307
-62.99881     -12.85422
-63.00092     -12.85284
-63.00655     -12.84341
-63.01946     -12.81142
-63.02345     -12.80658
-63.02462     -12.79231
-63.02838     -12.78633
-63.02998     -12.78525
-63.03283     -12.78334
-63.03705     -12.7716
-63.04127     -12.76722
-63.05581     -12.76009
-63.06307     -12.75318
-63.06589     -12.74467
-63.06542     -12.73868
-63.05464     -12.72602
-63.05278     -12.71912
-63.05488     -12.71474
-63.06262     -12.71198
-63.06637     -12.70853
-63.06871     -12.703
-63.06989     -12.68873
-63.07057     -12.68695
-63.07997     -12.66249
-63.08395     -12.65651
-63.08864     -12.65397
-63.0966      -12.65259
-63.12424     -12.65466
-63.13314     -12.64429
-63.13783     -12.64199
-63.1452      -12.64485
-63.15727     -12.65487
-63.15938     -12.65879
-63.16313     -12.66085
-63.16533     -12.66095
-63.17953     -12.66154
-63.18281     -12.66315
-63.1839      -12.66545
-63.18601     -12.6699
-63.18679     -12.67673
-63.18984     -12.68064
-63.21607     -12.68177
-63.22428     -12.68476
-63.23904     -12.69649
-63.24246     -12.70351
-63.24115     -12.71536
-63.2456      -12.71927
-63.25709     -12.72018
-63.26482     -12.72064
-63.28052     -12.71487
-63.31472     -12.70747
-63.33112     -12.70837
-63.34517     -12.70306
-63.36297     -12.692
-63.36975     -12.68002
-63.37254     -12.67949
-63.37468     -12.6788
-63.3796      -12.68139
-63.38943     -12.68184
-63.41225     -12.66781
-63.41495     -12.66615
-63.42268     -12.65854
-63.42877     -12.65647
-63.43251     -12.65278
-63.43625     -12.6431
-63.43718     -12.63643
-63.44044     -12.62445
-63.44582     -12.618
-63.45144     -12.61431
-63.46572     -12.60945
-63.47438     -12.60208
-63.47461     -12.59839
-63.46945     -12.59426
-63.4657      -12.58713
-63.46573     -12.5864
-63.46593     -12.58252
-63.46896     -12.57515
-63.47528     -12.56755
-63.48276     -12.56385
-63.49774     -12.56015
-63.50758     -12.56082
-63.51297     -12.56449
-63.51742     -12.56356
-63.5235      -12.55987
-63.5405      -12.55691
-63.55019     -12.55522
-63.5558      -12.5513
-63.56982     -12.53616
-63.58035     -12.52478
-63.59157     -12.51647
-63.60889     -12.51068
-63.61893     -12.4957
-63.62549     -12.49614
-63.63088     -12.50097
-63.63603     -12.50257
-63.64305     -12.5014
-63.64656     -12.4984
-63.65262     -12.48619
-63.66361     -12.47488
-63.66524     -12.47427
-63.67343     -12.47118
-63.69707     -12.47089
-63.70222     -12.46973
-63.70993     -12.4635
-63.71555     -12.46233
-63.73077     -12.46368
-63.76681     -12.46059
-63.77711     -12.46103
-63.77946     -12.46401
-63.7825      -12.46423
-63.78843     -12.46122
-63.79162     -12.45961
-63.79898     -12.45923
-63.80121     -12.45912
-63.81124     -12.46316
-63.81192     -12.46364
-63.83271     -12.47831
-63.83474     -12.47974
-63.8413      -12.48179
-63.85135     -12.47509
-63.86001     -12.47368
-63.86647     -12.46751
-63.86725     -12.46676
-63.87122     -12.46559
-63.87638     -12.46788
-63.87873     -12.47087
-63.87873     -12.47363
-63.87775     -12.47486
-63.87524     -12.47801
-63.86799     -12.48264
-63.86683     -12.48563
-63.86726     -12.48789
-63.86754     -12.48931
-63.87364     -12.49436
-63.88115     -12.50055
-63.88421     -12.50607
-63.88422     -12.51222
-63.88424     -12.51712
-63.89257     -12.5244
-63.89527     -12.52675
-63.90888     -12.53983
-63.91944     -12.54601
-63.92306     -12.55021
-63.93693     -12.55673
-63.94336     -12.55975
-63.95389     -12.55672
-63.96134     -12.54403
-63.96672     -12.53941
-63.9721      -12.53732
-63.97584     -12.53731
-63.9946      -12.5453
-64.00465     -12.54021
-64.01121     -12.53972
-64.02081     -12.54268
-64.02853     -12.54173
-64.03391     -12.53849
-64.03478     -12.53736
-64.04231     -12.52741
-64.04789     -12.51588
-64.0542      -12.51287
-64.06099     -12.51376
-64.0699      -12.51787
-64.07763     -12.51808
-64.08137     -12.51691
-64.08814     -12.5086
-64.09375     -12.50881
-64.09845     -12.51132
-64.10315     -12.51706
-64.11276     -12.52278
-64.11745     -12.52184
-64.12488     -12.50501
-64.12674     -12.50293
-64.12771     -12.50273
-64.13142     -12.50199
-64.1326      -12.50459
-64.13402     -12.50773
-64.13434     -12.51701
-64.13445     -12.52047
-64.13454     -12.52292
-64.13668     -12.53074
-64.13997     -12.53464
-64.14176     -12.53503
-64.15121     -12.53713
-64.1566      -12.53642
-64.16221     -12.53294
-64.17945     -12.51261
-64.18248     -12.5057
-64.181       -12.48821
-64.18638     -12.48612
-64.19411     -12.48723
-64.1981      -12.48929
-64.20254     -12.48858
-64.21889     -12.47792
-64.22755     -12.4772
-64.24443     -12.48495
-64.2752      -12.51037
-64.27733     -12.5145
-64.2793      -12.53682
-64.2809      -12.54165
-64.2838      -12.55038
-64.2878      -12.55381
-64.30351     -12.55927
-64.3054      -12.56363
-64.30401     -12.56755
-64.29631     -12.57449
-64.28813     -12.57867
-64.27671     -12.59138
-64.27149     -12.59057
-64.26638     -12.58475
-64.24718     -12.58438
-64.24507     -12.58577
-64.2409      -12.59568
-64.23646     -12.59893
-64.22523     -12.60197
-64.21844     -12.60176
-64.19925     -12.6053
-64.19434     -12.60739
-64.19037     -12.61132
-64.18713     -12.62054
-64.18386     -12.62423
-64.16725     -12.63052
-64.15348     -12.64001
-64.14505     -12.64212
-64.13851     -12.64628
-64.1283      -12.65574
-64.12753     -12.65645
-64.11162     -12.66089
-64.10835     -12.66389
-64.10696     -12.6708
-64.1044      -12.67358
-64.09668     -12.67637
-64.08384     -12.68954
-64.07285     -12.69441
-64.05855     -12.69308
-64.02572     -12.71972
-64.0235      -12.72152
-64.02071     -12.72682
-64.01818     -12.74341
-64.01304     -12.74872
-64.01211     -12.76428
-64.0081      -12.76769
-64.00373     -12.76808
-63.99999     -12.77086
-63.99258     -12.78452
-63.97899     -12.80062
-63.97224     -12.81422
-63.96352     -12.8232
-63.95588     -12.83108
-63.9458      -12.83226
-63.93949     -12.83666
-63.93482     -12.84243
-63.92969     -12.85326
-63.91539     -12.85216
-63.90555     -12.85518
-63.90017     -12.85911
-63.89878     -12.86394
-63.90022     -12.87798
-63.89895     -12.90059
-63.89678     -12.90538
-63.89608     -12.90607
-63.89187     -12.91023
-63.87501     -12.91672
-63.86846     -12.92273
-63.86472     -12.92688
-63.85562     -12.94417
-63.84439     -12.95709
-63.8416      -12.96377
-63.84091     -12.9716
-63.83905     -12.97437
-63.8299      -12.97578
-63.82498     -12.97832
-63.81586     -12.98847
-63.81564     -12.99262
-63.81655     -12.99383
-63.8234      -13.00295
-63.82529     -13.00778
-63.82272     -13.01216
-63.81803     -13.01125
-63.80933     -13.00437
-63.80135     -13.00163
-63.79502     -13.0028
-63.78473     -13.01479
-63.78006     -13.02378
-63.76109     -13.0358
-63.75688     -13.0411
-63.75408     -13.05009
-63.75621     -13.05883
-63.75699     -13.06033
-63.76328     -13.07239
-63.76987     -13.07835
-63.77317     -13.08502
-63.7788      -13.08777
-63.79406     -13.08934
-63.79806     -13.09623
-63.803       -13.10013
-63.80325     -13.10588
-63.80185     -13.1098
-63.79108     -13.12064
-63.78405     -13.12296
-63.76504     -13.12301
-63.75541     -13.12752
-63.74277     -13.13343
-63.73761     -13.13367
-63.71834     -13.12382
-63.71177     -13.122
-63.7045      -13.12247
-63.69137     -13.12734
-63.68222     -13.12736
-63.66954     -13.12417
-63.65687     -13.12327
-63.64021     -13.12607
-63.6341      -13.12378
-63.63283     -13.12278
-63.62447     -13.11621
-63.6179      -13.11323
-63.60968     -13.11233
-63.60546     -13.11326
-63.5867      -13.12388
-63.57921     -13.13126
-63.5715      -13.15245
-63.56237     -13.16627
-63.55599     -13.19031
-63.55528     -13.19117
-63.53498     -13.2158
-63.5256      -13.22249
-63.52029     -13.22846
-63.52132     -13.23314
-63.51905     -13.23855
-63.51269     -13.24577
-63.505       -13.25975
-63.4969      -13.28364
-63.4878      -13.30196
-63.4825      -13.3066
-63.47875     -13.30777
-63.45082     -13.30925
-63.44022     -13.31374
-63.42882     -13.32404
-63.41601     -13.34823
-63.40376     -13.35934
-63.38623     -13.383
-63.37987     -13.38681
-63.34702     -13.39981
-63.3279      -13.40521
-63.32257     -13.40991
-63.32159     -13.41142
-63.32144     -13.41391
-63.31962     -13.41699
-63.3208      -13.43126
-63.31893     -13.43702
-63.3032      -13.4582
-63.2931      -13.46787
-63.27548     -13.48284
-63.2682      -13.48607
-63.26045     -13.48447
-63.25622     -13.48516
-63.24686     -13.49271
-63.2435      -13.49641
-63.23155     -13.50957
-63.21386     -13.53247
-63.19561     -13.5517
-63.1848      -13.557
-63.17046     -13.55678
-63.14258     -13.56339
-63.13521     -13.5706
-63.12722     -13.5851
-63.11899     -13.5874
-63.08983     -13.60328
-63.07385     -13.6095
-63.06421     -13.61962
-63.04822     -13.63113
-63.03976     -13.63374
-63.01858     -13.66288
-63.00188     -13.67737
-62.99929     -13.68749
-62.98987     -13.70314
-62.98778     -13.70539
-62.98564     -13.70935
-62.98257     -13.72798
-62.97362     -13.73741
-62.96208     -13.7595
-62.95831     -13.77192
-62.95453     -13.80206
-62.94048     -13.8194
-62.9331      -13.8285
-62.92768     -13.83265
-62.9211      -13.83471
-62.91192     -13.83402
-62.90863     -13.83517
-62.90085     -13.8423
-62.89002     -13.84896
-62.87613     -13.86138
-62.85118     -13.87309
-62.84246     -13.8816
-62.84269     -13.88367
-62.86694     -13.8731
-62.88177     -13.86483
-62.90344     -13.84575
-62.91332     -13.84138
-62.92368     -13.84138
-62.92885     -13.83863
-62.94086     -13.82552
-62.94742     -13.81626
-62.95146     -13.81057
-62.96017     -13.80252
-62.96136     -13.7894
-62.96419     -13.78319
-62.9682      -13.75467
-62.97409     -13.74317
-62.98492     -13.73097
-62.98963     -13.72131
-62.98891     -13.71121
-62.99128     -13.70521
-62.99339     -13.70334
-63.0014      -13.69624
-63.00658     -13.68036
-63.0214      -13.66771
-63.03481     -13.64723
-63.04186     -13.64401
-63.05715     -13.63228
-63.07338     -13.61594
-63.0795      -13.61401
-63.08584     -13.61202
-63.0943      -13.60765
-63.11804     -13.59062
-63.12627     -13.59085
-63.13074     -13.58901
-63.13662     -13.58302
-63.14555     -13.56967
-63.15401     -13.56461
-63.16083     -13.56253
-63.18386     -13.56068
-63.18915     -13.55892
-63.19773     -13.55607
-63.20501     -13.54916
-63.22381     -13.52453
-63.23273     -13.51946
-63.23696     -13.51509
-63.24719     -13.49639
-63.25716     -13.48907
-63.27643     -13.48929
-63.27995     -13.48813
-63.28314     -13.48431
-63.29263     -13.47294
-63.30273     -13.46648
-63.31518     -13.45267
-63.32245     -13.44069
-63.3269      -13.41975
-63.32535     -13.41257
-63.32845     -13.40753
-63.34747     -13.40221
-63.38129     -13.38883
-63.38809     -13.38468
-63.40592     -13.36049
-63.41789     -13.34989
-63.42275     -13.34051
-63.43031     -13.32594
-63.44204     -13.31534
-63.45072     -13.31164
-63.4789      -13.31022
-63.4836      -13.30883
-63.48993     -13.3033
-63.49906     -13.28487
-63.50678     -13.26208
-63.50725     -13.2607
-63.51498     -13.24665
-63.52107     -13.23996
-63.52352     -13.23314
-63.54554     -13.21601
-63.55093     -13.21002
-63.55585     -13.20127
-63.56309     -13.17824
-63.56706     -13.1711
-63.57527     -13.16119
-63.5804      -13.14714
-63.58719     -13.13516
-63.59214     -13.1296
-63.59375     -13.12778
-63.60945     -13.11785
-63.61297     -13.11761
-63.62378     -13.12404
-63.63998     -13.13068
-63.6482      -13.13112
-63.65899     -13.1281
-63.66837     -13.12877
-63.67425     -13.13129
-63.67613     -13.1352
-63.67614     -13.14049
-63.67298     -13.14897
-63.6545      -13.16733
-63.64354     -13.17405
-63.63914     -13.18814
-63.63787     -13.19978
-63.62251     -13.22716
-63.61966     -13.23224
-63.60932     -13.24202
-63.60806     -13.24846
-63.61177     -13.27114
-63.6083      -13.28308
-63.60482     -13.30544
-63.59539     -13.32749
-63.59131     -13.333
-63.58236     -13.34021
-63.56852     -13.35266
-63.5589      -13.35636
-63.55797     -13.36396
-63.55963     -13.37661
-63.55847     -13.38536
-63.55332     -13.39825
-63.55124     -13.41667
-63.55268     -13.43599
-63.55151     -13.4406
-63.54565     -13.44659
-63.54187     -13.44795
-63.53343     -13.45098
-63.51677     -13.46528
-63.50996     -13.46874
-63.49447     -13.4805
-63.48158     -13.50215
-63.48276     -13.50606
-63.48651     -13.50283
-63.49378     -13.4881
-63.50105     -13.48003
-63.51538     -13.47403
-63.52734     -13.46112
-63.53345     -13.45789
-63.54637     -13.45671
-63.54891     -13.45562
-63.55176     -13.4544
-63.55599     -13.4491
-63.559       -13.42332
-63.55851     -13.4086
-63.56386     -13.37936
-63.56385     -13.36717
-63.56571     -13.3598
-63.58565     -13.34181
-63.59317     -13.3379
-63.60165     -13.32351
-63.61172     -13.29749
-63.61552     -13.2739
-63.61354     -13.26033
-63.61243     -13.25275
-63.61306     -13.24816
-63.63502     -13.21817
-63.63973     -13.20592
-63.64415     -13.18263
-63.65167     -13.17345
-63.66358     -13.16458
-63.67329     -13.15418
-63.67944     -13.14601
-63.68317     -13.13587
-63.68856     -13.13126
-63.69888     -13.12939
-63.71179     -13.12936
-63.72188     -13.13187
-63.72653     -13.135
-63.73175     -13.13852
-63.73833     -13.13942
-63.76341     -13.12923
-63.77045     -13.12783
-63.77703     -13.13127
-63.77986     -13.13655
-63.78152     -13.14759
-63.78506     -13.15242
-63.79117     -13.15632
-63.80619     -13.15812
-63.81066     -13.16179
-63.80294     -13.17101
-63.79766     -13.17974
-63.79639     -13.18185
-63.78799     -13.20028
-63.78542     -13.20788
-63.79015     -13.22329
-63.78781     -13.22766
-63.77632     -13.23345
-63.77188     -13.23783
-63.76743     -13.24383
-63.76323     -13.25442
-63.75596     -13.25836
-63.75104     -13.26504
-63.74378     -13.27104
-63.74238     -13.27657
-63.74367     -13.28226
-63.74594     -13.29221
-63.74502     -13.30257
-63.74832     -13.30923
-63.74975     -13.31682
-63.7472      -13.33363
-63.74138     -13.35619
-63.73576     -13.36196
-63.71557     -13.36822
-63.71253     -13.37191
-63.71044     -13.38503
-63.71999     -13.40511
-63.72348     -13.42513
-63.72695     -13.44509
-63.72643     -13.45427
-63.72243     -13.46392
-63.70924     -13.48444
-63.71065     -13.48674
-63.71192     -13.51089
-63.70442     -13.53991
-63.70438     -13.54364
-63.70422     -13.55877
-63.70048     -13.56799
-63.69842     -13.59445
-63.69111     -13.6061
-63.67919     -13.6175
-63.6654      -13.66033
-63.66424     -13.66885
-63.64222     -13.7133
-63.63919     -13.72987
-63.63404     -13.73862
-63.63148     -13.75819
-63.63433     -13.7706
-63.63858     -13.77957
-63.64166     -13.79221
-63.63403     -13.83618
-63.63259     -13.85067
-63.64043     -13.89137
-63.64115     -13.90195
-63.63721     -13.93094
-63.63887     -13.93853
-63.65065     -13.95856
-63.65847     -13.97184
-63.66414     -13.98471
-63.66534     -13.99483
-63.66465     -14.0061
-63.65036     -14.04386
-63.64453     -14.07876
-63.64931     -14.0749
-63.65764     -14.03464
-63.66201     -14.02528
-63.67045     -14.01269
-63.67102     -14.01184
-63.67312     -14.00033
-63.67145     -13.9886
-63.66458     -13.96884
-63.64829     -13.94219
-63.64472     -13.91965
-63.64585     -13.89251
-63.64418     -13.8817
-63.63944     -13.86722
-63.63637     -13.85618
-63.63681     -13.83915
-63.64269     -13.81068
-63.64684     -13.79404
-63.6473      -13.78645
-63.63926     -13.7676
-63.63689     -13.75564
-63.63852     -13.74575
-63.64601     -13.72986
-63.65567     -13.70116
-63.65911     -13.69095
-63.66591     -13.67943
-63.67127     -13.65595
-63.67642     -13.64443
-63.67945     -13.63039
-63.69023     -13.61242
-63.70407     -13.59858
-63.70758     -13.58983
-63.70758     -13.58799
-63.70772     -13.54381
-63.70911     -13.53368
-63.71843     -13.49639
-63.71957     -13.47959
-63.72588     -13.46392
-63.72914     -13.45356
-63.7296      -13.44574
-63.72651     -13.43033
-63.72612     -13.42798
-63.72532     -13.4232
-63.72246     -13.40479
-63.7135      -13.38733
-63.72029     -13.37834
-63.72686     -13.37441
-63.7379      -13.37484
-63.74068     -13.37154
-63.74469     -13.36677
-63.75728     -13.32578
-63.75395     -13.30416
-63.74756     -13.28208
-63.74966     -13.27494
-63.76137     -13.26548
-63.767       -13.26385
-63.76911     -13.2597
-63.77542     -13.24795
-63.77917     -13.2438
-63.79183     -13.2364
-63.79698     -13.23109
-63.79861     -13.2258
-63.79435     -13.21223
-63.79481     -13.20601
-63.80134     -13.19265
-63.81304     -13.17789
-63.82028     -13.16314
-63.81815     -13.15601
-63.81598     -13.15445
-63.81369     -13.1528
-63.80031     -13.15215
-63.79279     -13.14987
-63.7888      -13.14666
-63.78667     -13.14068
-63.7883      -13.13492
-63.79251     -13.1287
-63.80703     -13.1183
-63.81195     -13.11207
-63.81404     -13.1047
-63.81167     -13.09757
-63.80603     -13.09022
-63.7938      -13.07944
-63.7815      -13.07999
-63.77738     -13.08018
-63.77362     -13.07719
-63.7616      -13.05651
-63.76065     -13.04846
-63.76298     -13.04247
-63.78897     -13.02422
-63.79387     -13.01063
-63.79714     -13.00786
-63.80066     -13.00693
-63.8063      -13.01059
-63.8136      -13.02231
-63.81642     -13.0246
-63.81827     -13.02421
-63.8197      -13.02391
-63.82462     -13.02021
-63.82882     -13.01283
-63.83022     -13.0073
-63.82927     -13.00294
-63.82574     -12.99926
-63.82291     -12.99121
-63.82524     -12.98614
-63.8332      -12.98129
-63.84586     -12.97987
-63.84843     -12.9771
-63.84864     -12.96537
-63.87414     -12.92905
-63.87504     -12.92777
-63.88557     -12.92107
-63.9001      -12.91688
-63.90478     -12.91341
-63.90664     -12.9088
-63.90251     -12.89572
-63.90727     -12.88164
-63.9042      -12.87382
-63.90418     -12.8683
-63.90697     -12.86116
-63.91025     -12.85815
-63.93252     -12.85924
-63.93533     -12.85669
-63.93822     -12.85033
-63.94161     -12.84287
-63.94676     -12.84009
-63.96317     -12.83888
-63.96668     -12.83542
-63.9732      -12.82136
-63.97764     -12.81789
-63.98182     -12.80475
-63.99233     -12.79252
-63.99861     -12.78007
-64.00491     -12.77268
-64.01211     -12.76966
-64.01467     -12.76643
-64.01629     -12.7612
-64.0165      -12.76052
-64.01523     -12.75335
-64.02241     -12.74684
-64.0238      -12.742
-64.02291     -12.73132
-64.03149     -12.72111
-64.05015     -12.70301
-64.06044     -12.69883
-64.0663      -12.69835
-64.07311     -12.70132
-64.07826     -12.70107
-64.08621     -12.69643
-64.09274     -12.68766
-64.09796     -12.68697
-64.11376     -12.67055
-64.13083     -12.66266
-64.14647     -12.64694
-64.16379     -12.64342
-64.18295     -12.6293
-64.18996     -12.62858
-64.19441     -12.62557
-64.20371     -12.60942
-64.20723     -12.60872
-64.21684     -12.61075
-64.22947     -12.60862
-64.24398     -12.60304
-64.24816     -12.59519
-64.25398     -12.58849
-64.26335     -12.58822
-64.26805     -12.5905
-64.2713      -12.59416
-64.27616     -12.59459
-64.27765     -12.59472
-64.28304     -12.59159
-64.28651     -12.58444
-64.30724     -12.56902
-64.31475     -12.55991
-64.31308     -12.55186
-64.30908     -12.54751
-64.30462     -12.54591
-64.29479     -12.54596
-64.29197     -12.54436
-64.28325     -12.53035
-64.28111     -12.52438
-64.28528     -12.51308
-64.29089     -12.50819
-64.29695     -12.5029
-64.2979      -12.49937
-64.29856     -12.49691
-64.29616     -12.48403
-64.29755     -12.47919
-64.30175     -12.47503
-64.30923     -12.47338
-64.32541     -12.48068
-64.32985     -12.47904
-64.3423      -12.48796
-64.34768     -12.48679
-64.34907     -12.48356
-64.34835     -12.47827
-64.35185     -12.47641
-64.3659      -12.47772
-64.36995     -12.48852
-64.37158     -12.49289
-64.37351     -12.50347
-64.37194     -12.51068
-64.37121     -12.51407
-64.36541     -12.5256
-64.3702      -12.54883
-64.3728      -12.55342
-64.38338     -12.56327
-64.38575     -12.56993
-64.38553     -12.57339
-64.37901     -12.58217
-64.36618     -12.59374
-64.36571     -12.59937
-64.3653      -12.60433
-64.35689     -12.60989
-64.3534      -12.61428
-64.35202     -12.62119
-64.35277     -12.63109
-64.35021     -12.63685
-64.35096     -12.64629
-64.34076     -12.67004
-64.33266     -12.69379
-64.3264      -12.70602
-64.32544     -12.71475
-64.32504     -12.71845
-64.3265      -12.73042
-64.33173     -12.74719
-64.33905     -12.75867
-64.34398     -12.76348
-64.3515      -12.76598
-64.35268     -12.76873
-64.35128     -12.77173
-64.34288     -12.77845
-64.33379     -12.79046
-64.32868     -12.80153
-64.32526     -12.82226
-64.32599     -12.82939
-64.33308     -12.84225
-64.33476     -12.85099
-64.33013     -12.86482
-64.32997     -12.87156
-64.32761     -12.87818
-64.32201     -12.88396
-64.316       -12.90424
-64.30689     -12.91165
-64.30532     -12.92823
-64.30275     -12.93806
-64.3014      -12.9432
-64.30259     -12.94872
-64.30628     -12.95514
-64.30829     -12.96458
-64.30273     -12.98117
-64.29853     -12.98556
-64.29431     -12.98696
-64.28776     -12.99229
-64.27793     -12.99647
-64.26885     -13.01124
-64.26137     -13.01864
-64.2565      -13.0304
-64.25252     -13.03295
-64.25006     -13.03933
-64.24718     -13.04678
-64.24606     -13.06152
-64.24116     -13.06752
-64.23724     -13.08342
-64.23304     -13.08873
-64.22227     -13.09384
-64.20777     -13.10748
-64.19794     -13.11304
-64.19444     -13.11766
-64.19421     -13.12065
-64.20317     -13.1312
-64.2086      -13.13969
-64.20908     -13.1436
-64.20632     -13.15765
-64.2033      -13.16503
-64.19396     -13.17773
-64.19116     -13.18142
-64.18935     -13.19685
-64.18702     -13.20238
-64.17883     -13.21047
-64.17753     -13.23694
-64.1642      -13.25034
-64.14831     -13.27088
-64.14788     -13.28101
-64.151       -13.3001
-64.1489      -13.30333
-64.1191      -13.3115
-64.11395     -13.31635
-64.10256     -13.34493
-64.09859     -13.35482
-64.08695     -13.38388
-64.07174     -13.39889
-64.06145     -13.41182
-64.05629     -13.41575
-64.04361     -13.41671
-64.0225      -13.42415
-64.01334     -13.42579
-64.00748     -13.43111
-63.99225     -13.44289
-63.98662     -13.44544
-63.98099     -13.45075
-63.96433     -13.45656
-63.947       -13.47434
-63.94443     -13.47941
-63.9466      -13.4985
-63.94498     -13.50679
-63.93833     -13.52418
-63.93635     -13.52937
-63.93315     -13.56205
-63.93578     -13.5747
-63.9342      -13.59794
-63.92931     -13.6136
-63.923       -13.62766
-63.92232     -13.63433
-63.92465     -13.64759
-63.92494     -13.64928
-63.9196      -13.67023
-63.91259     -13.68751
-63.91358     -13.70315
-63.91195     -13.70983
-63.90353     -13.7255
-63.89204     -13.73842
-63.87598     -13.76064
-63.86954     -13.76954
-63.86746     -13.77967
-63.86818     -13.78588
-63.87244     -13.79484
-63.87601     -13.80955
-63.88591     -13.8185
-63.88946     -13.82539
-63.8916      -13.8339
-63.88389     -13.85577
-63.89028     -13.86909
-63.8893      -13.87548
-63.88658     -13.89303
-63.88947     -13.91442
-63.88743     -13.9441
-63.87719     -13.98668
-63.87094     -13.99886
-63.86454     -14.01134
-63.86152     -14.02446
-63.86438     -14.03848
-63.8734      -14.06582
-63.86879     -14.10287
-63.87375     -14.12091
-63.875       -14.13413
-63.87857     -14.14861
-63.88924     -14.17204
-63.88645     -14.18677
-63.87779     -14.20979
-63.88163     -14.24268
-63.88238     -14.24911
-63.88102     -14.2705
-63.87915     -14.27488
-63.87327     -14.28041
-63.87234     -14.28478
-63.87379     -14.29559
-63.87807     -14.30961
-63.88119     -14.33075
-63.87504     -14.36466
-63.87259     -14.37815
-63.86816     -14.39495
-63.86679     -14.40968
-63.85696     -14.44121
-63.84617     -14.46032
-63.83558     -14.46978
-63.83037     -14.48043
-63.82713     -14.48705
-63.8052      -14.4878
-63.79979     -14.49219
-63.79912     -14.50851
-63.78034     -14.54696
-63.77873     -14.56628
-63.77639     -14.5741
-63.77413     -14.57786
-63.76702     -14.58964
-63.76148     -14.60308
-63.75696     -14.61487
-63.75432     -14.62176
-63.75363     -14.62865
-63.75579     -14.64221
-63.74901     -14.6735
-63.74678     -14.72868
-63.7456      -14.73978
-63.7403      -14.79007
-63.73725     -14.79675
-63.72499     -14.80483
-63.72074     -14.8092
-63.71606     -14.82485
-63.71419     -14.83772
-63.7076      -14.84578
-63.70424     -14.8536
-63.70155     -14.87646
-63.6879      -14.91663
-63.6832      -14.92652
-63.67687     -14.95159
-63.67193     -14.96378
-63.66625     -14.97354
-63.6651      -14.97552
-63.66465     -14.9854
-63.65269     -15
-63.6565      -15
-63.67526     -14.97504
-63.68066     -14.95618
-63.68537     -14.94674
-63.68531     -14.94567
-63.68487     -14.93663
-63.70389     -14.88142
-63.70785     -14.85291
-63.71869     -14.84208
-63.72056     -14.83587
-63.72042     -14.82717
-63.72029     -14.81932
-63.72383     -14.81402
-63.74055     -14.79766
-63.74526     -14.78914
-63.7478      -14.76316
-63.75316     -14.73602
-63.75386     -14.71032
-63.75469     -14.67969
-63.7631      -14.64196
-63.76047     -14.62473
-63.76233     -14.61415
-63.77255     -14.58696
-63.78723     -14.56534
-63.78624     -14.54787
-63.79046     -14.53636
-63.80058     -14.5269
-63.80669     -14.51861
-63.80833     -14.51148
-63.80744     -14.50246
-63.80663     -14.49424
-63.80875     -14.49124
-63.81488     -14.49077
-63.82715     -14.49303
-63.83303     -14.48842
-63.83937     -14.47621
-63.85136     -14.46399
-63.85958     -14.44787
-63.868       -14.42485
-63.87063     -14.4091
-63.87357     -14.39149
-63.88384     -14.35305
-63.88706     -14.32453
-63.88156     -14.2958
-63.88062     -14.28493
-63.88035     -14.28177
-63.88714     -14.26588
-63.88947     -14.25622
-63.89038     -14.24655
-63.88657     -14.23001
-63.88581     -14.21207
-63.88673     -14.20195
-63.89561     -14.178
-63.89535     -14.16857
-63.89273     -14.16269
-63.8835      -14.14193
-63.87778     -14.11618
-63.87538     -14.10147
-63.88023     -14.06649
-63.87143     -14.04064
-63.86977     -14.03041
-63.87865     -14.00462
-63.88404     -13.99679
-63.88379     -13.99127
-63.88706     -13.98044
-63.88866     -13.96342
-63.89772     -13.91876
-63.89437     -13.89853
-63.89481     -13.88887
-63.89903     -13.88471
-63.90632     -13.884
-63.9122      -13.88122
-63.91807     -13.87591
-63.92602     -13.86047
-63.93189     -13.85447
-63.94152     -13.848
-63.95842     -13.84435
-63.97068     -13.84169
-63.99585     -13.84115
-64.00268     -13.84435
-64.01235     -13.85352
-64.02108     -13.85763
-64.02931     -13.85714
-64.03706     -13.85366
-64.04645     -13.84557
-64.06073     -13.82551
-64.06288     -13.81936
-64.0654      -13.81215
-64.06724     -13.80156
-64.06581     -13.79512
-64.05444     -13.77331
-64.04377     -13.74781
-64.04305     -13.74229
-64.04515     -13.73814
-64.04913     -13.73468
-64.05548     -13.73396
-64.06231     -13.7367
-64.06984     -13.73759
-64.07266     -13.73643
-64.07453     -13.7332
-64.0738      -13.72676
-64.07238     -13.72332
-64.07422     -13.71273
-64.06873     -13.68675
-64.06892     -13.67501
-64.06488     -13.66215
-64.05992     -13.65664
-64.04493     -13.64651
-64.03848     -13.64383
-64.03167     -13.64432
-64.02228     -13.64849
-64.01664     -13.64943
-64.011       -13.6483
-63.99779     -13.63661
-63.99168     -13.63848
-63.98746     -13.6424
-63.98373     -13.65277
-63.97436     -13.66315
-63.96852     -13.67421
-63.96149     -13.68183
-63.95635     -13.69335
-63.95492     -13.69496
-63.95166     -13.69866
-63.94367     -13.7019
-63.93523     -13.70975
-63.93149     -13.71621
-63.92843     -13.71599
-63.92607     -13.71277
-63.92199     -13.68403
-63.92244     -13.67851
-63.92898     -13.661
-63.93012     -13.65156
-63.9289      -13.63523
-63.93111     -13.62724
-63.93937     -13.59723
-63.94097     -13.58365
-63.94017     -13.55006
-63.94317     -13.5321
-63.95156     -13.50585
-63.95134     -13.50344
-63.9501      -13.48974
-63.95171     -13.47801
-63.95569     -13.4727
-63.98922     -13.45096
-64.00213     -13.44953
-64.01081     -13.44168
-64.01618     -13.43269
-64.02485     -13.42736
-64.0347      -13.42399
-64.03705     -13.42318
-64.05373     -13.42335
-64.06405     -13.41802
-64.07646     -13.40532
-64.08583     -13.39976
-64.08933     -13.39353
-64.1012      -13.35989
-64.1124      -13.33983
-64.11256     -13.3374
-64.11307     -13.33016
-64.11586     -13.32417
-64.12898     -13.3133
-64.14612     -13.31346
-64.15479     -13.30814
-64.15664     -13.30238
-64.15422     -13.28352
-64.15841     -13.27222
-64.16424     -13.26277
-64.16703     -13.2547
-64.17733     -13.24752
-64.18691     -13.2369
-64.18736     -13.23114
-64.18381     -13.22287
-64.18379     -13.21666
-64.18821     -13.20698
-64.19476     -13.20212
-64.19656     -13.18094
-64.21199     -13.16684
-64.21706     -13.14449
-64.22163     -13.13801
-64.22244     -13.13687
-64.2189      -13.13113
-64.20761     -13.12635
-64.20385     -13.12222
-64.20429     -13.11555
-64.22065     -13.10029
-64.23493     -13.09332
-64.24054     -13.08847
-64.25291     -13.07322
-64.25383     -13.06747
-64.25213     -13.05274
-64.25618     -13.04479
-64.26702     -13.02345
-64.27637     -13.01397
-64.28616     -13.00505
-64.2939      -12.99802
-64.30185     -12.99545
-64.30956     -12.98598
-64.31187     -12.97929
-64.31141     -12.96222
-64.3068      -12.94617
-64.31073     -12.93119
-64.31022     -12.92268
-64.31208     -12.91807
-64.31977     -12.90929
-64.32769     -12.89705
-64.33393     -12.87087
-64.34019     -12.85925
-64.34179     -12.85095
-64.33776     -12.83901
-64.3309      -12.82546
-64.33455     -12.80127
-64.33895     -12.79159
-64.34064     -12.79042
-64.34199     -12.7895
-64.34761     -12.78901
-64.3532      -12.78093
-64.36278     -12.77352
-64.3644      -12.76891
-64.36273     -12.76477
-64.35592     -12.75997
-64.34206     -12.75359
-64.3397      -12.74693
-64.3338      -12.73982
-64.3319      -12.732
-64.33438     -12.7092
-64.33993     -12.69491
-64.3413      -12.69274
-64.34528     -12.68637
-64.34596     -12.68107
-64.35063     -12.67736
-64.35319     -12.67229
-64.35803     -12.65638
-64.36004     -12.63405
-64.36302     -12.61953
-64.36582     -12.61722
-64.37261     -12.61742
-64.37425     -12.61625
-64.37541     -12.61349
-64.373       -12.599
-64.37369     -12.59554
-64.37718     -12.59092
-64.38348     -12.58652
-64.38501     -12.58633
-64.39121     -12.58556
-64.3938      -12.58716
-64.39653     -12.62075
-64.39072     -12.63183
-64.38958     -12.63805
-64.39221     -12.65139
-64.39981     -12.67368
-64.4036      -12.68333
-64.40996     -12.69089
-64.41281     -12.69801
-64.42644     -12.70623
-64.43021     -12.71082
-64.43663     -12.73012
-64.45905     -12.75103
-64.47076     -12.76194
-64.47266     -12.76953
-64.47129     -12.77506
-64.46385     -12.78868
-64.46575     -12.79373
-64.48577     -12.81296
-64.49447     -12.81775
-64.49869     -12.81796
-64.51296     -12.81351
-64.52163     -12.81231
-64.52565     -12.81758
-64.52965     -12.82073
-64.53788     -12.82719
-64.54215     -12.83637
-64.54521     -12.83866
-64.5539      -12.84137
-64.56609     -12.84246
-64.59524     -12.85772
-64.60425     -12.87746
-64.61039     -12.88617
-64.61491     -12.89772
-64.6147      -12.90203
-64.61475     -12.91123
-64.61782     -12.91513
-64.6324      -12.92379
-64.6512      -12.93082
-64.6634      -12.93052
-64.67346     -12.92816
-64.67606     -12.93045
-64.67799     -12.94102
-64.68387     -12.94352
-64.69396     -12.94433
-64.69982     -12.94481
-64.71746     -12.95391
-64.72218     -12.95986
-64.7227      -12.96723
-64.73095     -12.97293
-64.73379     -12.9789
-64.73454     -12.98672
-64.7362      -12.98993
-64.76525     -13.02358
-64.76647     -13.03255
-64.76463     -13.0374
-64.76631     -13.04291
-64.76914     -13.04543
-64.77501     -13.04677
-64.77995     -13.05042
-64.78662     -13.06626
-64.78907     -13.08328
-64.78796     -13.09364
-64.78002     -13.10059
-64.77934     -13.10336
-64.78725     -13.13139
-64.79298     -13.14654
-64.79515     -13.15642
-64.79521     -13.16563
-64.79393     -13.18635
-64.78101     -13.18597
-64.77355     -13.19361
-64.7666      -13.20953
-64.7665      -13.2314
-64.75557     -13.24918
-64.75003     -13.26533
-64.74523     -13.26823
-64.7381      -13.27253
-64.72876     -13.28179
-64.71764     -13.30671
-64.68515     -13.35219
-64.68347     -13.35917
-64.70241     -13.33222
-64.72326     -13.30484
-64.73136     -13.28569
-64.75287     -13.26876
-64.76143     -13.248
-64.76728     -13.24359
-64.77171     -13.23873
-64.774       -13.22997
-64.7735      -13.22422
-64.77783     -13.20463
-64.78292     -13.1924
-64.78713     -13.18915
-64.79794     -13.19024
-64.79979     -13.18677
-64.79873     -13.16699
-64.80195     -13.15546
-64.79047     -13.12032
-64.78856     -13.11593
-64.78428     -13.10609
-64.78473     -13.10333
-64.78823     -13.09985
-64.79618     -13.09474
-64.79256     -13.0798
-64.7937      -13.07174
-64.78865     -13.05244
-64.78603     -13.04647
-64.78296     -13.0435
-64.77192     -13.04081
-64.77025     -13.03506
-64.77323     -13.02423
-64.77179     -13.0194
-64.74842     -12.994
-64.74675     -12.98779
-64.7474      -12.97974
-64.74361     -12.97377
-64.74148     -12.97103
-64.7393      -12.96997
-64.73113     -12.96602
-64.72801     -12.95292
-64.71743     -12.94861
-64.7127      -12.94105
-64.70775     -12.93739
-64.68993     -12.93865
-64.68755     -12.9313
-64.68305     -12.92419
-64.67693     -12.91962
-64.66943     -12.91898
-64.66101     -12.92363
-64.65491     -12.92413
-64.64136     -12.92
-64.62673     -12.91554
-64.61868     -12.90159
-64.62003     -12.8898
-64.61906     -12.88474
-64.60608     -12.86939
-64.60109     -12.85676
-64.58978     -12.84532
-64.57004     -12.83622
-64.5623      -12.8358
-64.54823     -12.83565
-64.54331     -12.83337
-64.54234     -12.82739
-64.53433     -12.81915
-64.52865     -12.80836
-64.52299     -12.80218
-64.51923     -12.80128
-64.5141      -12.80729
-64.5052      -12.80779
-64.49678     -12.81129
-64.47841     -12.79389
-64.47255     -12.79415
-64.47041     -12.78818
-64.47234     -12.7859
-64.47508     -12.78263
-64.47759     -12.76927
-64.47472     -12.75755
-64.4707      -12.74997
-64.45115     -12.73028
-64.44458     -12.72732
-64.44175     -12.72296
-64.44003     -12.70847
-64.42075     -12.69222
-64.4047      -12.6656
-64.39974     -12.65733
-64.4022      -12.63154
-64.40728     -12.61725
-64.4075      -12.61287
-64.40184     -12.60669
-64.406       -12.59423
-64.40387     -12.58987
-64.39375     -12.58025
-64.39276     -12.56783
-64.38993     -12.5614
-64.38018     -12.55428
-64.37959     -12.55385
-64.377       -12.54903
-64.37409     -12.52833
-64.37477     -12.52487
-64.3813      -12.51816
-64.37987     -12.51218
-64.3817      -12.50297
-64.3807      -12.48801
-64.37736     -12.47767
-64.37805     -12.47214
-64.39533     -12.46262
-64.39933     -12.45865
-64.40721     -12.45082
-64.41006     -12.44849
-64.4254      -12.436
-64.43376     -12.42376
-64.44497     -12.41749
-64.45015     -12.40987
-64.45078     -12.40894
-64.45543     -12.4027
-64.46663     -12.3962
-64.47709     -12.38164
-64.48245     -12.37747
-64.49506     -12.37349
-64.5002      -12.36909
-64.50484     -12.36193
-64.50459     -12.35779
-64.48458     -12.33442
-64.47932     -12.31073
-64.47528     -12.29947
-64.47406     -12.28912
-64.4749      -12.26679
-64.47763     -12.25181
-64.48175     -12.24532
-64.48598     -12.23865
-64.49227     -12.2347
-64.49906     -12.23444
-64.51712     -12.24516
-64.52437     -12.24512
-64.53297     -12.23472
-64.53927     -12.23238
-64.55635     -12.23298
-64.56149     -12.23157
-64.57314     -12.2223
-64.57827     -12.2202
-64.59091     -12.22151
-64.59281     -12.22211
-64.60098     -12.22468
-64.61127     -12.22462
-64.62617     -12.21233
-64.6381      -12.21157
-64.65531     -12.19467
-64.66628     -12.19138
-64.6742      -12.18489
-64.6816      -12.17242
-64.68468     -12.15537
-64.6866      -12.14477
-64.687       -12.13348
-64.68148     -12.10773
-64.68215     -12.10405
-64.68471     -12.10196
-64.69313     -12.10168
-64.69783     -12.1051
-64.70079     -12.10961
-64.7016      -12.11083
-64.70603     -12.14972
-64.71192     -12.1582
-64.7126      -12.15873
-64.71784     -12.16289
-64.72343     -12.16733
-64.72788     -12.16846
-64.73255     -12.16751
-64.73697     -12.1638
-64.74043     -12.15641
-64.74175     -12.14052
-64.74008     -12.13478
-64.74185     -12.11934
-64.74018     -12.11221
-64.74132     -12.10714
-64.74433     -12.10367
-64.74924     -12.10203
-64.75766     -12.10336
-64.76656     -12.10722
-64.77603     -12.11506
-64.78889     -12.12573
-64.79896     -12.1305
-64.80458     -12.12977
-64.80923     -12.12606
-64.815       -12.11543
-64.82468     -12.09097
-64.82488     -12.08521
-64.82321     -12.0797
-64.8157      -12.07537
-64.7861      -12.07601
-64.78555     -12.07602
-64.78061     -12.07099
-64.78916     -12.05551
-64.79613     -12.04856
-64.80651     -12.03384
-64.80786     -12.03366
-64.81355     -12.03119
-64.8179      -12.03098
-64.82991     -12.03039
-64.84578     -12.02707
-64.87175     -12.02966
-64.88054     -12.02914
-64.90258     -12.02784
-64.90583     -12.02552
-64.91556     -12.01302
-64.91768     -12.01154
-64.91953     -12.01023
-64.92536     -12.00927
-64.94596     -12.01489
-64.95555     -12.01597
-64.96864     -12.01565
-64.9943      -12.00903
-64.99828     -12.00602
-65           -12.00471
-65           -11.98116
 1             2             2 
1
 -9999.0   ,   9990.0
   7
 12 
-64.80495     -12.11481
-64.79981     -12.11438
-64.79225     -12.10107
-64.78707     -12.0965
-64.78447     -12.09191
-64.78492     -12.08869
-64.78958     -12.08498
-64.80736     -12.08786
-64.81182     -12.0922
-64.81302     -12.09634
-64.80891     -12.11202
-64.80495     -12.11481
 1             2             3 
1
 -9999.0   ,   9990.0
   7
 10 
-62.81449     -12.96771
-62.81535     -12.96715
-62.81746     -12.9683
-62.81722     -12.97497
-62.8144      -12.97866
-62.81068     -12.97904
-62.81088     -12.97844
-62.81089     -12.97267
-62.81254     -12.96899
-62.81449     -12.96771
 1             2             4 
1
 -9999.0   ,   9990.0
   7
 26 
-63.89783     -13.87528
-63.89499     -13.86862
-63.89355     -13.85781
-63.9003      -13.83249
-63.8991      -13.82467
-63.89768     -13.82145
-63.88234     -13.80494
-63.87879     -13.7962
-63.87593     -13.7808
-63.87754     -13.76998
-63.8842      -13.75936
-63.893       -13.74532
-63.91762     -13.71878
-63.92068     -13.71831
-63.92731     -13.73417
-63.92927     -13.76407
-63.92694     -13.76891
-63.91662     -13.77929
-63.91514     -13.78325
-63.91453     -13.79172
-63.92243     -13.83679
-63.92269     -13.84668
-63.91919     -13.85658
-63.91474     -13.86327
-63.90254     -13.87504
-63.89783     -13.87528
 1 
 1             3             
1
 -9999.0   ,   9990.0
   7
 11 
-64.92235     -12.29935
-64.91723     -12.30399
-64.911       -12.31669
-64.91057     -12.32314
-64.91201     -12.32889
-64.91577     -12.33162
-64.92045     -12.3309
-64.92487     -12.32604
-64.92644     -12.3159
-64.92447     -12.30187
-64.92235     -12.29935
 1 
 1             4             
1
 -9999.0   ,   9990.0
   7
 10 
-63.67125     -12.43228
-63.68084     -12.42881
-63.68294     -12.42489
-63.68223     -12.42075
-63.67895     -12.41845
-63.67286     -12.41939
-63.66702     -12.42354
-63.66469     -12.42746
-63.66774     -12.43183
-63.67125     -12.43228
 1 
 1             5             
1
 -9999.0   ,   9990.0
   7
 13 
-63.68767     -12.45227
-63.69305     -12.45134
-63.69118     -12.44858
-63.68251     -12.44446
-63.66682     -12.44219
-63.66096     -12.43921
-63.65251     -12.42726
-63.64807     -12.42681
-63.64644     -12.43027
-63.64785     -12.43418
-63.66098     -12.44681
-63.66613     -12.44956
-63.68767     -12.45227
 1 
 1             6             
1
 -9999.0   ,   9990.0
   7
 19 
-65           -12.65476
-65           -12.56827
-64.98544     -12.59794
-64.97857     -12.62239
-64.97303     -12.63186
-64.96491     -12.64573
-64.96124     -12.65726
-64.93862     -12.67376
-64.93706     -12.68597
-64.94198     -12.72069
-64.9472      -12.7301
-64.9524      -12.73558
-64.95739     -12.73731
-64.95826     -12.73762
-64.96364     -12.73597
-64.96947     -12.73109
-64.97201     -12.7267
-64.98434     -12.67805
-65           -12.65476
 1 
 1             7             
1
 -9999.0   ,   9990.0
   7
 11 
-63.3114      -12.64279
-63.31187     -12.65246
-63.31446     -12.66374
-63.31892     -12.67248
-63.32618     -12.68053
-63.33298     -12.68351
-63.33485     -12.67592
-63.33086     -12.66464
-63.32194     -12.65015
-63.31772     -12.64601
-63.3114      -12.64279
 1 
 1             8             
1
 -9999.0   ,   9990.0
   7
 28 
-61.43581     -13.0193
-61.44817     -13.03065
-61.45403     -13.03114
-61.45991     -13.02979
-61.46036     -13.02936
-61.47005     -13.02018
-61.47785     -13.0101
-61.48161     -13.01012
-61.49306     -13.01663
-61.50056     -13.01713
-61.51201     -13.02502
-61.51755     -13.03908
-61.53079     -13.06079
-61.53593     -13.06634
-61.54504     -13.07283
-61.54902     -13.07354
-61.54888     -13.05697
-61.54499     -13.04176
-61.54088     -13.03506
-61.52942     -13.01636
-61.51939     -13.0071
-61.50583     -13.00013
-61.48804     -12.99358
-61.47208     -12.99534
-61.45912     -13.00585
-61.44452     -13.01451
-61.43584     -13.01539
-61.43581     -13.0193
 1 
 1             9             
1
 -9999.0   ,   9990.0
   7
 93 
-62.41393     -13.11453
-62.41415     -13.11844
-62.41226     -13.12327
-62.40756     -13.12372
-62.39913     -13.11864
-62.39279     -13.11908
-62.39043     -13.12529
-62.39112     -13.12967
-62.38994     -13.1322
-62.38243     -13.13356
-62.37843     -13.13608
-62.37631     -13.1393
-62.37677     -13.14183
-62.39603     -13.13681
-62.39934     -13.12923
-62.40239     -13.12831
-62.40941     -13.13316
-62.41387     -13.13386
-62.41646     -13.13157
-62.42095     -13.11892
-62.43294     -13.11089
-62.43531     -13.10468
-62.44189     -13.09986
-62.44448     -13.09642
-62.44285     -13.08905
-62.44377     -13.08636
-62.44404     -13.0856
-62.44873     -13.08331
-62.45719     -13.08371
-62.46171     -13.08393
-62.46375     -13.08403
-62.46424     -13.07367
-62.468       -13.07299
-62.47761     -13.07715
-62.48184     -13.07555
-62.48397     -13.06842
-62.48772     -13.06774
-62.50036     -13.07881
-62.50482     -13.0795
-62.5426      -13.0752
-62.54893     -13.07682
-62.55385     -13.08236
-62.55713     -13.08167
-62.56066     -13.07615
-62.56261     -13.07441
-62.56936     -13.06834
-62.59684     -13.05343
-62.60999     -13.04907
-62.63368     -13.04796
-62.6426      -13.0436
-62.6459      -13.03923
-62.64638     -13.03279
-62.64405     -13.02519
-62.63679     -13.01689
-62.63633     -13.0139
-62.63986     -13.00861
-62.62648     -13.01043
-62.62131     -13.01457
-62.62318     -13.01803
-62.63133     -13.02314
-62.6342      -13.02494
-62.63723     -13.03231
-62.63745     -13.03853
-62.63444     -13.04253
-62.62876     -13.04381
-62.61516     -13.04172
-62.59474     -13.0479
-62.57101     -13.06305
-62.5642      -13.0658
-62.55294     -13.06601
-62.53568     -13.06016
-62.52974     -13.05815
-62.52621     -13.05952
-62.51586     -13.07078
-62.5039      -13.07145
-62.49897     -13.07052
-62.48633     -13.05991
-62.48164     -13.06036
-62.47341     -13.06886
-62.46825     -13.06655
-62.46028     -13.06538
-62.45629     -13.06698
-62.45534     -13.06905
-62.45721     -13.07435
-62.45555     -13.07803
-62.44711     -13.07755
-62.44335     -13.07892
-62.43982     -13.08191
-62.43934     -13.08766
-62.43886     -13.09088
-62.43274     -13.09915
-62.42592     -13.10351
-62.41393     -13.11453
 1 
 1             10            
1
 -9999.0   ,   9990.0
   7
 89 
-62.10282     -13.22621
-62.10443     -13.22915
-62.1048      -13.22985
-62.10578     -13.23258
-62.10609     -13.23431
-62.10718     -13.24055
-62.10843     -13.24602
-62.10671     -13.25337
-62.09469     -13.2653
-62.09468     -13.26829
-62.10853     -13.26581
-62.11207     -13.26168
-62.11445     -13.25317
-62.11332     -13.24327
-62.10753     -13.22185
-62.10882     -13.21168
-62.10898     -13.21035
-62.10861     -13.18572
-62.11202     -13.15398
-62.11579     -13.15008
-62.11931     -13.14986
-62.12563     -13.1531
-62.13079     -13.15381
-62.13479     -13.15244
-62.14492     -13.14327
-62.15453     -13.14399
-62.15853     -13.14239
-62.15995     -13.13871
-62.15869     -13.12638
-62.15859     -13.12536
-62.16096     -13.11984
-62.16543     -13.11548
-62.1673      -13.11894
-62.16868     -13.13399
-62.1691      -13.13851
-62.17754     -13.14176
-62.19021     -13.14133
-62.1928      -13.13858
-62.19472     -13.12777
-62.19825     -13.12433
-62.20201     -13.12296
-62.2168      -13.12047
-62.22783     -13.12073
-62.23345     -13.12397
-62.23861     -13.12421
-62.24441     -13.12251
-62.24636     -13.12194
-62.24403     -13.11802
-62.23136     -13.11614
-62.22457     -13.11336
-62.21742     -13.11269
-62.2119      -13.11217
-62.21045     -13.11236
-62.19969     -13.11374
-62.19615     -13.11553
-62.19288     -13.11718
-62.18887     -13.12338
-62.18593     -13.13251
-62.18555     -13.13372
-62.1848      -13.13379
-62.17803     -13.13439
-62.17499     -13.13254
-62.17407     -13.12586
-62.17505     -13.1162
-62.17343     -13.11067
-62.17086     -13.10836
-62.16777     -13.10819
-62.15795     -13.10764
-62.15683     -13.10839
-62.15489     -13.1097
-62.15276     -13.11498
-62.15413     -13.12488
-62.15106     -13.13155
-62.14729     -13.13522
-62.14499     -13.13551
-62.14332     -13.13572
-62.14025     -13.13612
-62.13319     -13.14139
-62.11684     -13.14063
-62.11183     -13.1404
-62.1069      -13.14222
-62.1043      -13.14636
-62.10041     -13.18316
-62.09613     -13.19719
-62.0976      -13.19926
-62.10079     -13.20344
-62.10069     -13.20469
-62.10089     -13.20676
-62.10282     -13.22621
 1 
 1             11            
1
 -9999.0   ,   9990.0
   7
 19 
-64.69989     -13.24353
-64.69825     -13.24147
-64.68744     -13.24177
-64.67548     -13.24483
-64.66491     -13.24328
-64.63035     -13.23358
-64.62116     -13.22627
-64.61716     -13.22468
-64.60306     -13.22223
-64.60072     -13.22362
-64.61113     -13.23898
-64.6286      -13.25707
-64.63378     -13.25957
-64.63965     -13.25999
-64.64926     -13.25787
-64.66148     -13.2601
-64.67814     -13.2577
-64.69313     -13.25025
-64.69989     -13.24353
 1 
 1             12            
1
 -9999.0   ,   9990.0
   7
 16 
-61.5196      -13.59484
-61.52147     -13.59692
-61.5233      -13.60498
-61.52207     -13.61303
-61.51662     -13.62151
-61.5166      -13.62427
-61.51823     -13.6275
-61.53271     -13.64208
-61.53857     -13.6451
-61.54187     -13.64442
-61.54707     -13.63985
-61.55052     -13.61364
-61.54705     -13.60258
-61.53675     -13.59562
-61.53294     -13.59545
-61.5196      -13.59484
 1 
 1             13            
1
 -9999.0   ,   9990.0
   7
 10 
-64.78715     -13.92683
-64.79232     -13.92565
-64.79607     -13.92194
-64.80278     -13.9035
-64.79918     -13.89225
-64.79586     -13.88859
-64.79327     -13.88792
-64.78882     -13.89162
-64.78557     -13.89901
-64.78715     -13.92683
 1 
 1             14            
1
 -9999.0   ,   9990.0
   7
 15 
-60.94106     -13.97166
-60.94625     -13.97055
-60.96377     -13.95756
-60.96438     -13.94009
-60.96065     -13.93638
-60.95555     -13.92691
-60.95274     -13.92528
-60.94425     -13.92636
-60.93834     -13.93046
-60.93689     -13.93459
-60.93844     -13.9461
-60.93387     -13.95849
-60.93454     -13.96287
-60.93848     -13.97026
-60.94106     -13.97166
 1 
 1             15            
1
 -9999.0   ,   9990.0
   7
 150 
-65           -13.95483
-65           -13.93833
-64.99765     -13.93971
-64.98996     -13.95126
-64.98486     -13.96303
-64.97105     -13.97394
-64.96661     -13.97949
-64.96501     -13.98525
-64.96578     -13.99422
-64.96368     -13.99791
-64.95896     -14.00169
-64.94538     -14.00816
-64.94141     -14.01209
-64.93363     -14.04527
-64.93213     -14.06851
-64.93411     -14.08345
-64.94159     -14.10962
-64.94548     -14.115
-64.95253     -14.12473
-64.9535      -14.13001
-64.95051     -14.14015
-64.94535     -14.14433
-64.93805     -14.14369
-64.93166     -14.13982
-64.91753     -14.13969
-64.90695     -14.14344
-64.90205     -14.14968
-64.89927     -14.15798
-64.91349     -14.19139
-64.91411     -14.19284
-64.91202     -14.19791
-64.90711     -14.20255
-64.89085     -14.20334
-64.88311     -14.20914
-64.8788      -14.23378
-64.87828     -14.26391
-64.88048     -14.27517
-64.88213     -14.27677
-64.88921     -14.27787
-64.89698     -14.27598
-64.90037     -14.27442
-64.91977     -14.26548
-64.92237     -14.26684
-64.92477     -14.27327
-64.92726     -14.29349
-64.94003     -14.29961
-64.9575      -14.30363
-64.97428     -14.31042
-64.98587     -14.31747
-64.98615     -14.32298
-64.9811      -14.32859
-64.98053     -14.32923
-64.97021     -14.33597
-64.95775     -14.34135
-64.95518     -14.34435
-64.9487      -14.36188
-64.94761     -14.3766
-64.95163     -14.37703
-64.96245     -14.3742
-64.98555     -14.37427
-64.99075     -14.37539
-64.99219     -14.37929
-64.98489     -14.40137
-64.98457     -14.40233
-64.98141     -14.42351
-64.96382     -14.43835
-64.96035     -14.44757
-64.96062     -14.45263
-64.96374     -14.4602
-64.97016     -14.46751
-64.97488     -14.46955
-64.97845     -14.4732
-64.98978     -14.51015
-65           -14.54225
-65           -14.5002
-65           -14.49967
-64.99753     -14.49283
-64.98591     -14.46073
-64.97476     -14.45
-64.97778     -14.44538
-64.98764     -14.43819
-64.98974     -14.43495
-64.9926      -14.40343
-64.99631     -14.39628
-65           -14.39149
-65           -14.36539
-64.99021     -14.36527
-64.98126     -14.36786
-64.96689     -14.36796
-64.96072     -14.36202
-64.95807     -14.35399
-64.96178     -14.34523
-64.98318     -14.33772
-64.99163     -14.33261
-64.99676     -14.32544
-64.99742     -14.32112
-64.99768     -14.31945
-64.99599     -14.31441
-64.99076     -14.308
-64.97538     -14.29845
-64.94773     -14.2876
-64.94203     -14.28189
-64.93866     -14.27179
-64.94141     -14.2605
-64.93879     -14.25546
-64.93191     -14.2493
-64.92696     -14.24795
-64.91335     -14.25354
-64.89053     -14.26291
-64.88582     -14.2634
-64.88393     -14.26181
-64.88248     -14.25699
-64.88552     -14.21672
-64.89443     -14.21068
-64.90056     -14.21087
-64.91167     -14.21655
-64.91991     -14.21557
-64.92225     -14.21234
-64.92408     -14.20427
-64.92402     -14.20358
-64.92279     -14.18841
-64.9237      -14.18289
-64.9225      -14.17898
-64.91656     -14.17258
-64.91177     -14.15973
-64.91221     -14.15536
-64.91478     -14.1519
-64.92228     -14.14678
-64.92864     -14.14559
-64.94775     -14.15006
-64.95551     -14.14886
-64.96138     -14.14537
-64.96529     -14.13177
-64.96265     -14.12466
-64.95006     -14.10842
-64.94146     -14.09076
-64.94037     -14.06869
-64.94393     -14.036
-64.94713     -14.02667
-64.94923     -14.02055
-64.95296     -14.01524
-64.95837     -14.01336
-64.96732     -14.01399
-64.97435     -14.00911
-64.97736     -14.00288
-64.97446     -13.9914
-64.97418     -13.98335
-64.98282     -13.97385
-64.98939     -13.97105
-65           -13.95483
 1 
 1             16            
1
 -9999.0   ,   9990.0
   7
 15 
-64.7769      -13.98233
-64.78018     -13.98116
-64.78367     -13.97378
-64.77985     -13.96506
-64.78333     -13.95676
-64.78307     -13.95262
-64.77998     -13.94735
-64.77456     -13.94669
-64.7694      -13.94949
-64.76683     -13.95341
-64.76805     -13.9587
-64.76528     -13.96791
-64.76886     -13.97778
-64.77289     -13.98167
-64.7769      -13.98233
 1 
 1             17            
1
 -9999.0   ,   9990.0
   7
 16 
-63.47634     -14.03153
-63.46411     -14.03408
-63.45328     -14.04376
-63.43822     -14.0493
-63.41493     -14.0652
-63.40222     -14.07948
-63.39659     -14.09283
-63.40059     -14.09259
-63.41895     -14.08429
-63.42978     -14.08565
-63.4352      -14.08312
-63.46367     -14.06099
-63.46954     -14.05385
-63.47424     -14.04534
-63.47635     -14.03774
-63.47634     -14.03153
 1 
 1             18            
1
 -9999.0   ,   9990.0
   7
 6 
-60.32166     -14.06668
-60.32637     -14.06626
-60.32689     -14.06167
-60.32058     -14.057
-60.31844     -14.05928
-60.32166     -14.06668
 1 
 1             19            
1
 -9999.0   ,   9990.0
   7
 10 
-62.49059     -14.10289
-62.49365     -14.10197
-62.50168     -14.0944
-62.50287     -14.09026
-62.50028     -14.08772
-62.49298     -14.08863
-62.48779     -14.09391
-62.48636     -14.09943
-62.488       -14.10242
-62.49059     -14.10289
 1 
 1             20            
1
 -9999.0   ,   9990.0
   7
 14 
-62.42898     -14.1575
-62.43606     -14.15062
-62.45069     -14.14421
-62.45611     -14.13939
-62.45801     -14.13456
-62.45732     -14.1295
-62.45403     -14.12673
-62.44861     -14.12603
-62.44225     -14.12763
-62.42974     -14.13634
-62.42667     -14.14002
-62.42547     -14.14622
-62.4264      -14.15359
-62.42898     -14.1575
 1 
 1             21            
1
 -9999.0   ,   9990.0
   7
 27 
-63.46285     -14.17347
-63.45532     -14.17923
-63.45227     -14.18338
-63.44898     -14.19948
-63.45748     -14.20982
-63.46339     -14.22269
-63.46836     -14.2443
-63.47119     -14.24889
-63.4752      -14.25027
-63.47945     -14.25004
-63.48839     -14.24956
-63.51005     -14.23181
-63.51498     -14.22352
-63.51874     -14.20949
-63.52226     -14.20373
-63.53709     -14.19451
-63.54085     -14.1899
-63.54273     -14.18185
-63.54248     -14.17587
-63.53375     -14.16438
-63.53232     -14.1568
-63.52054     -14.15498
-63.51348     -14.15729
-63.5043      -14.1642
-63.49206     -14.16491
-63.47675     -14.17253
-63.46285     -14.17347
 1 
 1             22            
1
 -9999.0   ,   9990.0
   7
 13 
-63.2042      -14.19007
-63.19643     -14.18732
-63.17004     -14.18618
-63.16321     -14.18365
-63.14436     -14.18228
-63.13612     -14.18482
-63.11903     -14.1964
-63.12834     -14.20023
-63.15402     -14.20068
-63.17169     -14.20389
-63.18536     -14.20273
-63.19784     -14.19652
-63.2042      -14.19007
 1 
 1             23            
1
 -9999.0   ,   9990.0
   7
 29 
-63.00982     -14.23359
-62.99898     -14.23198
-62.99309     -14.23428
-62.98461     -14.24026
-62.97563     -14.26624
-62.97138     -14.27981
-62.96878     -14.29568
-62.97066     -14.3058
-62.96334     -14.3281
-62.96192     -14.33592
-62.95861     -14.35409
-62.94396     -14.39364
-62.94136     -14.40674
-62.94559     -14.42376
-62.95668     -14.4171
-62.96518     -14.39916
-62.97013     -14.39341
-62.97579     -14.39204
-62.97886     -14.38744
-62.99093     -14.35397
-62.99279     -14.34881
-63.00152     -14.33892
-63.00365     -14.32558
-63.0006      -14.29568
-63.00697     -14.28511
-63.00815     -14.27591
-63.00769     -14.25797
-63.011       -14.23612
-63.00982     -14.23359
 1 
 1             24            
1
 -9999.0   ,   9990.0
   7
 11 
-63.37197     -14.23247
-63.36114     -14.238
-63.35549     -14.24307
-63.35149     -14.25273
-63.35079     -14.26101
-63.35362     -14.2732
-63.36281     -14.26997
-63.36799     -14.26444
-63.37528     -14.24282
-63.37504     -14.23684
-63.37197     -14.23247
 1 
 1             25            
1
 -9999.0   ,   9990.0
   7
 11 
-64.54791     -14.40248
-64.55286     -14.40153
-64.55591     -14.39899
-64.56008     -14.38563
-64.5664      -14.37662
-64.5638      -14.37434
-64.55248     -14.37394
-64.54826     -14.37787
-64.53985     -14.39424
-64.54176     -14.39883
-64.54791     -14.40248
 1 
 1             26            
1
 -9999.0   ,   9990.0
   7
 19 
-61.05109     -14.4428
-61.07087     -14.44593
-61.08412     -14.4405
-61.08476     -14.44015
-61.08956     -14.43755
-61.09456     -14.43114
-61.09723     -14.42173
-61.09539     -14.41528
-61.09213     -14.41066
-61.08368     -14.40508
-61.06534     -14.39921
-61.0632      -14.40103
-61.05958     -14.41204
-61.05551     -14.41914
-61.04062     -14.42433
-61.03846     -14.42868
-61.03938     -14.43214
-61.04712     -14.43725
-61.05109     -14.4428
 1 
 1             27            
1
 -9999.0   ,   9990.0
   7
 11 
-62.28686     -14.62191
-62.28993     -14.62054
-62.29256     -14.61066
-62.29186     -14.60767
-62.28691     -14.60697
-62.28124     -14.61017
-62.27417     -14.60739
-62.27251     -14.609
-62.27532     -14.61498
-62.28285     -14.62121
-62.28686     -14.62191
 1 
 1             28            
1
 -9999.0   ,   9990.0
   7
 17 
-64.67935     -14.71077
-64.68356     -14.70546
-64.68471     -14.69925
-64.6834      -14.67764
-64.67983     -14.67238
-64.66821     -14.66233
-64.65446     -14.65045
-64.64262     -14.64316
-64.6379      -14.64365
-64.63274     -14.64828
-64.63133     -14.6515
-64.63398     -14.66022
-64.65675     -14.67941
-64.66295     -14.69064
-64.66561     -14.70327
-64.67439     -14.71011
-64.67935     -14.71077
 1 
 1             29            
1
 -9999.0   ,   9990.0
   7
 42 
-65           -14.7501
-65           -14.7441
-64.99871     -14.74483
-64.99351     -14.74372
-64.98781     -14.73824
-64.98428     -14.74079
-64.98222     -14.74931
-64.98293     -14.78333
-64.98116     -14.8022
-64.98171     -14.81369
-64.97708     -14.83275
-64.97207     -14.85329
-64.95998     -14.91705
-64.95251     -14.9302
-64.94507     -14.94749
-64.93058     -14.97011
-64.91776     -15
-64.92426     -15
-64.92578     -14.99542
-64.93066     -14.98459
-64.93864     -14.97511
-64.94492     -14.96082
-64.95885     -14.93895
-64.95918     -14.93843
-64.96941     -14.91514
-64.97878     -14.90313
-64.98421     -14.90263
-65           -14.91162
-65           -14.90298
-64.9889      -14.8957
-64.98413     -14.88907
-64.98164     -14.87069
-64.98202     -14.85782
-64.98399     -14.83482
-64.98859     -14.81755
-64.98851     -14.81229
-64.98815     -14.78789
-64.99111     -14.77132
-64.98938     -14.75961
-64.99121     -14.75201
-64.99237     -14.74947
-65           -14.7501
 1 
 1             30            
1
 -9999.0   ,   9990.0
   7
 12 
-63.04307     -14.76107
-63.02111     -14.77923
-63.01591     -14.78796
-63.01378     -14.79693
-63.01873     -14.81325
-63.02251     -14.82084
-63.03361     -14.8121
-63.04376     -14.80819
-63.0492      -14.80291
-63.05109     -14.79808
-63.05086     -14.78084
-63.04307     -14.76107
 1 
 1             31            
1
 -9999.0   ,   9990.0
   7
 4 
-65           -14.84274
-64.99733     -14.85174
-65           -14.86275
-65           -14.84274
 1 
 1             32            
1
 -9999.0   ,   9990.0
   7
 9 
-64.89046     -14.9074
-64.88496     -14.89686
-64.88188     -14.89389
-64.87715     -14.89323
-64.87339     -14.89693
-64.87673     -14.90243
-64.88458     -14.9095
-64.88718     -14.91017
-64.89046     -14.9074
 1 
 1             33            
1
 -9999.0   ,   9990.0
   7
 14 
-65           -14.96074
-65           -14.93727
-64.99324     -14.94394
-64.98809     -14.9511
-64.98581     -14.96261
-64.98593     -14.96409
-64.98632     -14.96881
-64.981       -14.98471
-64.98063     -15
-64.99165     -15
-64.9915      -14.99911
-64.9945      -14.97673
-64.99531     -14.97059
-65           -14.96074
