 13 
 1             1 
1
 -9999.0   ,   9990.0 
 42 
 134.1243      6.892194 
 134.1232      6.889945 
 134.124       6.886722 
 134.1267      6.886278 
 134.1313      6.886528 
 134.1375      6.88725 
 134.139       6.887583 
 134.1405      6.887944 
 134.1421      6.890028 
 134.1435      6.892334 
 134.1456      6.893944 
 134.1479      6.895333 
 134.1495      6.897417 
 134.1518      6.900417 
 134.1535      6.901694 
 134.1543      6.90225 
 134.1559      6.904333 
 134.1568      6.906861 
 134.158       6.909639 
 134.1575      6.913778 
 134.1549      6.91675 
 134.1531      6.919055 
 134.1508      6.922083 
 134.1469      6.923167 
 134.1434      6.923611 
 134.1411      6.923139 
 134.1353      6.922889 
 134.1333      6.923584 
 134.1322      6.923584 
 134.1321      6.923584 
 134.1308      6.919417 
 134.1314      6.913917 
 134.1335      6.91 
 134.1342      6.906333 
 134.1347      6.9045 
 134.1336      6.9015 
 134.1327      6.898278 
 134.1297      6.898028 
 134.1288      6.895722 
 134.1271      6.893861 
 134.1248      6.893167 
 134.1243      6.892194 
 1             2 
1
 -9999.0   ,   9990.0 
 77 
 134.2753      7.044305 
 134.2739      7.038445 
 134.2717      7.033834 
 134.2708      7.030139 
 134.2694      7.026444 
 134.2685      7.024389 
 134.2639      7.022528 
 134.2602      7.021584 
 134.2565      7.019972 
 134.2538      7.018111 
 134.2519      7.016722 
 134.2517      7.011889 
 134.2538      7.012139 
 134.2591      7.014444 
 134.2611      7.015833 
 134.2639      7.018167 
 134.2657      7.018389 
 134.2666      7.016778 
 134.2685      7.015167 
 134.2708      7.015889 
 134.2722      7.015417 
 134.2738      7.012195 
 134.2757      7.011055 
 134.2766      7.010361 
 134.2768      7.008306 
 134.275       7.005306 
 134.2718      7.00575 
 134.2681      7.007361 
 134.266       7.007333 
 134.2646      7.005028 
 134.2623      7.000667 
 134.2591      6.99675 
 134.2555      6.994667 
 134.2527      6.992805 
 134.2504      6.991194 
 134.2488      6.989806 
 134.2453      6.99025 
 134.2428      6.989083 
 134.2402      6.987 
 134.2398      6.984694 
 134.2412      6.982167 
 134.243       6.981945 
 134.2439      6.979889 
 134.2426      6.977806 
 134.2405      6.979639 
 134.2384      6.979639 
 134.238       6.975722 
 134.2354      6.974111 
 134.2341      6.975028 
 134.2338      6.97825 
 134.2324      6.981917 
 134.2317      6.984667 
 134.2324      6.988584 
 134.2331      6.991806 
 134.2331      6.994583 
 134.2317      6.998944 
 134.2317      7.003083 
 134.2328      7.007694 
 134.2349      7.011833 
 134.2381      7.015528 
 134.2415      7.018083 
 134.2466      7.020861 
 134.2507      7.024083 
 134.254       7.027555 
 134.2569      7.032389 
 134.2585      7.035611 
 134.2601      7.039083 
 134.2611      7.041611 
 134.2626      7.044139 
 134.2668      7.046 
 134.27        7.047167 
 134.2721      7.048555 
 134.2753      7.049028 
 134.2757      7.048278 
 134.2758      7.047278 
 134.2757      7.045417 
 134.2753      7.044305 
 1             3 
1
 -9999.0   ,   9990.0 
 57 
 134.3775      7.145945 
 134.3771      7.146222 
 134.3726      7.144139 
 134.3709      7.143222 
 134.3677      7.142972 
 134.3626      7.142278 
 134.3583      7.141806 
 134.3546      7.142472 
 134.3525      7.145916 
 134.3499      7.150278 
 134.3494      7.1535 
 134.3496      7.158583 
 134.3497      7.159722 
 134.3504      7.162944 
 134.3497      7.165 
 134.348       7.166833 
 134.3489      7.171222 
 134.3536      7.172833 
 134.3598      7.171028 
 134.3591      7.164333 
 134.3592      7.162722 
 134.3593      7.160889 
 134.3621      7.160444 
 134.3635      7.158611 
 134.3644      7.156083 
 134.37        7.157472 
 134.3739      7.159333 
 134.3757      7.161861 
 134.3762      7.165083 
 134.3776      7.167389 
 134.379       7.166028 
 134.3817      7.164417 
 134.3824      7.169722 
 134.3825      7.174944 
 134.3826      7.177306 
 134.3823      7.182361 
 134.3833      7.185805 
 134.3851      7.186056 
 134.3856      7.181695 
 134.3865      7.177306 
 134.3886      7.173861 
 134.3898      7.167444 
 134.3891      7.162833 
 134.3866      7.158444 
 134.3852      7.156139 
 134.384       7.154083 
 134.3839      7.150028 
 134.3838      7.149472 
 134.3854      7.14625 
 134.3866      7.143944 
 134.3882      7.141194 
 134.3892      7.137306 
 134.3885      7.136055 
 134.3876      7.135917 
 134.3848      7.140278 
 134.3811      7.143028 
 134.3775      7.145945 
 1             4 
1
 -9999.0   ,   9990.0 
 24 
 134.3974      7.278944 
 134.3991      7.27375 
 134.3989      7.269361 
 134.3987      7.266389 
 134.3955      7.266361 
 134.3929      7.265444 
 134.3939      7.262222 
 134.3953      7.258333 
 134.3953      7.256472 
 134.3937      7.252806 
 134.3923      7.250722 
 134.3879      7.25025 
 134.3879      7.251639 
 134.3881      7.255778 
 134.3858      7.259889 
 134.3846      7.263805 
 134.3853      7.265194 
 134.3842      7.27025 
 134.3835      7.272555 
 134.3878      7.273472 
 134.3918      7.275111 
 134.3936      7.276945 
 134.3952      7.278555 
 134.3974      7.278944 
 1             5 
1
 -9999.0   ,   9990.0 
 12 
 134.3404      7.277889 
 134.3431      7.274722 
 134.3457      7.270333 
 134.3468      7.265528 
 134.3471      7.263 
 134.3457      7.26275 
 134.3441      7.264583 
 134.3422      7.267111 
 134.341       7.271028 
 134.3397      7.275167 
 134.3394      7.276528 
 134.3404      7.277889 
 1             6 
1
 -9999.0   ,   9990.0 
 133 
 134.4374      7.335083 
 134.4336      7.337806 
 134.4296      7.334583 
 134.4299      7.329056 
 134.4317      7.323083 
 134.4348      7.320778 
 134.4389      7.317806 
 134.4415      7.315528 
 134.4447      7.312528 
 134.4475      7.308861 
 134.4486      7.304722 
 134.4491      7.302195 
 134.4461      7.301028 
 134.4438      7.301944 
 134.4417      7.300333 
 134.4429      7.294833 
 134.4427      7.290916 
 134.4429      7.287694 
 134.442       7.286305 
 134.4397      7.286528 
 134.4374      7.287222 
 134.4355      7.284917 
 134.4365      7.280778 
 134.4353      7.278917 
 134.4326      7.278 
 134.4312      7.278666 
 134.4307      7.281667 
 134.4291      7.284417 
 134.4263      7.283722 
 134.4257      7.280722 
 134.4233      7.2775 
 134.4195      7.2745 
 134.4172      7.273583 
 134.4146      7.268972 
 134.4135      7.263889 
 134.413       7.261361 
 134.4128      7.256778 
 134.4098      7.252389 
 134.4077      7.250528 
 134.4054      7.249389 
 134.4027      7.248917 
 134.3992      7.247056 
 134.3971      7.244528 
 134.3946      7.242917 
 134.3914      7.239917 
 134.3898      7.237361 
 134.3889      7.235055 
 134.3856      7.233444 
 134.3822      7.233889 
 134.379       7.235028 
 134.3773      7.237556 
 134.3757      7.241694 
 134.3723      7.244222 
 134.3693      7.246056 
 134.3656      7.248333 
 134.3641      7.250861 
 134.3607      7.253139 
 134.3577      7.254972 
 134.3549      7.255417 
 134.3514      7.255889 
 134.3566      7.250361 
 134.3591      7.246472 
 134.3616      7.244639 
 134.3651      7.243722 
 134.3674      7.243722 
 134.3709      7.239139 
 134.372       7.235694 
 134.3788      7.226056 
 134.3806      7.222833 
 134.3825      7.223556 
 134.3873      7.224028 
 134.3878      7.220333 
 134.3884      7.217805 
 134.3903      7.219194 
 134.3912      7.222889 
 134.3942      7.227028 
 134.3958      7.229805 
 134.4004      7.232584 
 134.4013      7.233722 
 134.4018      7.235556 
 134.402       7.237417 
 134.4057      7.23925 
 134.4103      7.237667 
 134.4114      7.238833 
 134.4131      7.242278 
 134.4186      7.245278 
 134.4202      7.24875 
 134.4206      7.252639 
 134.422       7.257722 
 134.4245      7.261861 
 134.4257      7.262778 
 134.4333      7.266944 
 134.4338      7.268333 
 134.4312      7.270639 
 134.4319      7.272695 
 134.4363      7.273167 
 134.4418      7.269278 
 134.4423      7.266528 
 134.4432      7.263306 
 134.4464      7.258722 
 134.4473      7.258278 
 134.4483      7.257805 
 134.4506      7.256417 
 134.4538      7.255055 
 134.455       7.252528 
 134.4582      7.255084 
 134.4587      7.260361 
 134.4603      7.2645 
 134.4605      7.2675 
 134.458       7.269805 
 134.4554      7.266806 
 134.4546      7.267083 
 134.4522      7.267944 
 134.4487      7.273917 
 134.4462      7.278028 
 134.4457      7.282861 
 134.4464      7.285389 
 134.4456      7.297139 
 134.4463      7.297833 
 134.4491      7.298528 
 134.4519      7.297611 
 134.4588      7.297861 
 134.459       7.303833 
 134.4576      7.306833 
 134.4553      7.310972 
 134.4502      7.314167 
 134.4442      7.316222 
 134.441       7.319417 
 134.4378      7.321944 
 134.4363      7.324 
 134.4354      7.326083 
 134.4352      7.328833 
 134.4374      7.335083 
 1             7 
1
 -9999.0   ,   9990.0 
 19 
 134.3182      7.277555 
 134.3196      7.275333 
 134.315       7.274167 
 134.3104      7.275528 
 134.3072      7.275972 
 134.3044      7.275278 
 134.3032      7.273417 
 134.2997      7.274111 
 134.2972      7.27525 
 134.2958      7.277306 
 134.2958      7.277361 
 134.2954      7.278917 
 134.2984      7.280445 
 134.2991      7.280778 
 134.3039      7.281694 
 134.309       7.280806 
 134.3124      7.280139 
 134.3156      7.279 
 134.3182      7.277555 
 1             8 
1
 -9999.0   ,   9990.0 
 11 
 134.2872      7.292361 
 134.2923      7.290167 
 134.294       7.287416 
 134.2942      7.284444 
 134.2933      7.282361 
 134.2914      7.281194 
 134.2894      7.282361 
 134.2882      7.285111 
 134.2866      7.288333 
 134.2861      7.290611 
 134.2872      7.292361 
 1             9 
1
 -9999.0   ,   9990.0 
 14 
 134.4206      7.299 
 134.4196      7.298417 
 134.4166      7.298194 
 134.415       7.296805 
 134.4168      7.296583 
 134.4178      7.29475 
 134.4191      7.293583 
 134.4203      7.292917 
 134.4219      7.290139 
 134.424       7.289472 
 134.4261      7.290639 
 134.4251      7.293389 
 134.4233      7.296583 
 134.4206      7.299 
 1             10 
1
 -9999.0   ,   9990.0 
 69 
 134.5242      7.326528 
 134.5236      7.324695 
 134.5213      7.321472 
 134.5207      7.318695 
 134.5188      7.316611 
 134.5163      7.314083 
 134.5163      7.310639 
 134.5138      7.30925 
 134.5115      7.310139 
 134.5087      7.313583 
 134.5076      7.314694 
 134.5071      7.315195 
 134.5078      7.317972 
 134.5075      7.322333 
 134.5075      7.325555 
 134.5086      7.327389 
 134.51        7.325806 
 134.5108      7.321195 
 134.5122      7.320972 
 134.5137      7.322583 
 134.5151      7.325806 
 134.5163      7.328111 
 134.5171      7.330417 
 134.5162      7.3325 
 134.5132      7.33225 
 134.5093      7.332222 
 134.504       7.333611 
 134.4983      7.334278 
 134.4941      7.332889 
 134.4893      7.329639 
 134.4882      7.327333 
 134.4807      7.334889 
 134.4773      7.338806 
 134.4726      7.343611 
 134.4706      7.345917 
 134.4687      7.348667 
 134.4669      7.346583 
 134.4646      7.343583 
 134.4632      7.343361 
 134.4581      7.346806 
 134.4533      7.351611 
 134.4491      7.354139 
 134.447       7.356639 
 134.4461      7.360111 
 134.4509      7.359194 
 134.4578      7.356917 
 134.4643      7.355778 
 134.471       7.35375 
 134.4756      7.351917 
 134.4784      7.346861 
 134.4816      7.344584 
 134.4862      7.344806 
 134.4904      7.346889 
 134.4954      7.349 
 134.5         7.349472 
 134.5044      7.350389 
 134.5067      7.352028 
 134.5071      7.353861 
 134.5071      7.355917 
 134.5092      7.358 
 134.5129      7.355028 
 134.5164      7.350667 
 134.5171      7.345611 
 134.5173      7.342167 
 134.5185      7.338695 
 134.5217      7.336639 
 134.5243      7.3325 
 134.5248      7.328611 
 134.5242      7.326528 
 1             11 
1
 -9999.0   ,   9990.0 
 269 
 134.5245      7.55475 
 134.5252      7.5575 
 134.5321      7.55775 
 134.5381      7.557556 
 134.5427      7.561 
 134.5441      7.566306 
 134.5452      7.574584 
 134.5443      7.578722 
 134.5426      7.581944 
 134.5413      7.58675 
 134.5403      7.593889 
 134.5405      7.597556 
 134.5428      7.600111 
 134.5493      7.601972 
 134.5525      7.602667 
 134.5548      7.604722 
 134.5569      7.604972 
 134.5575      7.603806 
 134.5583      7.602445 
 134.5629      7.605945 
 134.5716      7.612611 
 134.5788      7.618389 
 134.5818      7.622056 
 134.5852      7.623 
 134.5905      7.621861 
 134.5963      7.620028 
 134.6011      7.61775 
 134.6051      7.616861 
 134.6097      7.617084 
 134.6159      7.620778 
 134.6207      7.625861 
 134.6267      7.631861 
 134.6273      7.632333 
 134.6307      7.635083 
 134.6318      7.636 
 134.6341      7.641528 
 134.6391      7.650055 
 134.6414      7.653972 
 134.643       7.657417 
 134.6428      7.658278 
 134.6423      7.660639 
 134.6404      7.664333 
 134.6404      7.667083 
 134.6379      7.668694 
 134.6377      7.67375 
 134.6388      7.676972 
 134.6388      7.682028 
 134.6342      7.686139 
 134.6314      7.692111 
 134.6298      7.697861 
 134.6279      7.700611 
 134.6242      7.70475 
 134.623       7.709556 
 134.6193      7.713 
 134.6186      7.713472 
 134.6147      7.717805 
 134.6161      7.723556 
 134.6181      7.726806 
 134.6214      7.729556 
 134.6253      7.732111 
 134.6288      7.731889 
 134.6347      7.730306 
 134.6375      7.726167 
 134.6384      7.72225 
 134.6403      7.719972 
 134.6435      7.718139 
 134.6454      7.715139 
 134.6463      7.710778 
 134.6486      7.709417 
 134.6514      7.707361 
 134.6519      7.702528 
 134.6505      7.701361 
 134.6471      7.691694 
 134.6464      7.687111 
 134.6473      7.682972 
 134.6492      7.677917 
 134.6513      7.669194 
 134.6499      7.664583 
 134.6497      7.659278 
 134.6509      7.651028 
 134.653       7.637694 
 134.6534      7.630556 
 134.6537      7.624361 
 134.6526      7.615389 
 134.6514      7.61125 
 134.6508      7.607555 
 134.6503      7.6025 
 134.6496      7.597889 
 134.6489      7.593528 
 134.648       7.591694 
 134.6457      7.589139 
 134.6437      7.585 
 134.6423      7.579472 
 134.6418      7.576028 
 134.6426      7.572111 
 134.6433      7.566139 
 134.644       7.561778 
 134.6458      7.554194 
 134.6465      7.549139 
 134.6454      7.546361 
 134.6424      7.545667 
 134.6387      7.540611 
 134.6378      7.540611 
 134.6348      7.540139 
 134.63        7.540583 
 134.6276      7.539195 
 134.6251      7.534361 
 134.6237      7.531833 
 134.6251      7.527444 
 134.6279      7.523334 
 134.6309      7.519195 
 134.6353      7.511611 
 134.6364      7.51 
 134.6381      7.5075 
 134.6425      7.503583 
 134.6441      7.499 
 134.6432      7.489806 
 134.6395      7.486556 
 134.6356      7.483778 
 134.6308      7.480556 
 134.6287      7.479445 
 134.6232      7.476611 
 134.6195      7.474778 
 134.617       7.472917 
 134.6149      7.470611 
 134.6154      7.466028 
 134.6163      7.458889 
 134.6168      7.451528 
 134.6161      7.449 
 134.6138      7.445305 
 134.6113      7.44325 
 134.6069      7.439556 
 134.6043      7.43725 
 134.6037      7.436778 
 134.6017      7.43475 
 134.5989      7.431944 
 134.5984      7.424333 
 134.5991      7.420222 
 134.5994      7.418583 
 134.5998      7.41125 
 134.5989      7.405472 
 134.5971      7.401805 
 134.5939      7.399028 
 134.5934      7.393278 
 134.5953      7.390306 
 134.5983      7.38525 
 134.6002      7.380889 
 134.6018      7.376278 
 134.6018      7.376056 
 134.6025      7.371444 
 134.6018      7.367084 
 134.6016      7.362028 
 134.5984      7.359472 
 134.5968      7.355111 
 134.5924      7.352556 
 134.5883      7.351861 
 134.5864      7.352556 
 134.5864      7.355778 
 134.5848      7.360361 
 134.5836      7.3645 
 134.5845      7.368417 
 134.5819      7.371389 
 134.578       7.372083 
 134.5751      7.371361 
 134.5736      7.369472 
 134.5686      7.363083 
 134.5672      7.358472 
 134.5656      7.35525 
 134.5596      7.352917 
 134.5582      7.353389 
 134.5526      7.350778 
 134.5523      7.350611 
 134.5497      7.350584 
 134.5472      7.353111 
 134.5432      7.354028 
 134.5421      7.352167 
 134.5456      7.346889 
 134.547       7.345667 
 134.5481      7.344611 
 134.5488      7.342083 
 134.5491      7.339556 
 134.5516      7.336805 
 134.5539      7.336111 
 134.5553      7.333361 
 134.5549      7.330833 
 134.5514      7.332417 
 134.5479      7.331722 
 134.5454      7.330333 
 134.5433      7.328944 
 134.5433      7.33425 
 134.5414      7.338389 
 134.54        7.339361 
 134.5394      7.33975 
 134.5403      7.341583 
 134.5368      7.344333 
 134.5311      7.350083 
 134.5278      7.353278 
 134.5234      7.358333 
 134.5211      7.362472 
 134.5188      7.36775 
 134.5185      7.370972 
 134.5192      7.377167 
 134.5194      7.383167 
 134.5173      7.391667 
 134.5138      7.400861 
 134.5127      7.408667 
 134.5117      7.412583 
 134.5078      7.416472 
 134.5016      7.418305 
 134.496       7.422194 
 134.4912      7.426778 
 134.4884      7.429528 
 134.4877      7.433195 
 134.4874      7.435945 
 134.4815      7.443056 
 134.4766      7.443278 
 134.4763      7.443555 
 134.4741      7.445583 
 134.4747      7.448555 
 134.477       7.450639 
 134.48        7.457028 
 134.48        7.457139 
 134.4798      7.460556 
 134.4804      7.466055 
 134.4814      7.466 
 134.4837      7.465833 
 134.4878      7.467916 
 134.4885      7.477583 
 134.4903      7.479445 
 134.4906      7.482194 
 134.4899      7.485861 
 134.4896      7.488639 
 134.4896      7.49 
 134.4921      7.493 
 134.4977      7.493722 
 134.5032      7.49625 
 134.5041      7.499028 
 134.5048      7.500639 
 134.5133      7.500195 
 134.5134      7.492611 
 134.5134      7.488945 
 134.5159      7.485722 
 134.5219      7.484833 
 134.5242      7.487833 
 134.5267      7.491972 
 134.5316      7.496583 
 134.532       7.498667 
 134.5293      7.502083 
 134.5214      7.503667 
 134.5166      7.504583 
 134.5135      7.504861 
 134.5089      7.50525 
 134.5066      7.506611 
 134.5048      7.509389 
 134.5045      7.513278 
 134.5057      7.517667 
 134.5075      7.524556 
 134.5075      7.528695 
 134.5089      7.530305 
 134.513       7.531028 
 134.519       7.531972 
 134.5234      7.531972 
 134.5264      7.534972 
 134.5243      7.537722 
 134.5225      7.543472 
 134.5229      7.544194 
 134.5234      7.545084 
 134.5238      7.550139 
 134.5245      7.55475 
 1             12 
1
 -9999.0   ,   9990.0 
 10 
 134.7121      8.060723 
 134.7109      8.055667 
 134.7111      8.050141 
 134.7141      8.049306 
 134.7159      8.053445 
 134.7182      8.058611 
 134.7167      8.063167 
 134.7144      8.063336 
 134.7122      8.061222 
 134.7121      8.060723 
 1             13 
1
 -9999.0   ,   9990.0 
 11 
 134.7203      8.092916 
 134.7181      8.091945 
 134.7165      8.088445 
 134.7199      8.076361 
 134.717       8.071223 
 134.7173      8.067556 
 134.7187      8.067139 
 134.7207      8.069028 
 134.7237      8.078305 
 134.7227      8.09 
 134.7203      8.092916 
