 1 
 1             1 
1
 -9999.0   ,   9990.0 
 45 
-162.4609      5.88988 
-162.4448      5.884882 
-162.4409      5.885356 
-162.4355      5.887673 
-162.4324      5.890212 
-162.4274      5.888619 
-162.423       5.885187 
-162.4186      5.881522 
-162.4148      5.881074 
-162.4121      5.879934 
-162.4155      5.878083 
-162.4193      5.875311 
-162.4212      5.871626 
-162.4208      5.867718 
-162.4201      5.864502 
-162.4213      5.862888 
-162.4246      5.862417 
-162.4294      5.861712 
-162.4324      5.863311 
-162.4368      5.863525 
-162.4386      5.86421 
-162.4429      5.863046 
-162.447       5.861652 
-162.4511      5.860489 
-162.4553      5.860245 
-162.4593      5.860231 
-162.46        5.860919 
-162.4586      5.863452 
-162.4555      5.865762 
-162.45        5.86693 
-162.4468      5.868551 
-162.4421      5.870407 
-162.4399      5.871103 
-162.4376      5.872261 
-162.4373      5.874101 
-162.4387      5.875476 
-162.4413      5.875467 
-162.4446      5.875686 
-162.4454      5.877753 
-162.4454      5.880282 
-162.446       5.882579 
-162.4487      5.884179 
-162.4505      5.884633 
-162.453       5.885315 
-162.4609      5.88988 
