 3 
 1             1 
1
 -9999.0   ,   9990.0 
 137 
 138.097       9.550278 
 138.0948      9.548333 
 138.0932      9.544167 
 138.0864      9.53625 
 138.0857      9.533 
 138.0816      9.5295 
 138.0817      9.523528 
 138.0753      9.521584 
 138.0745      9.521361 
 138.0776      9.51725 
 138.0765      9.509194 
 138.0665      9.499611 
 138.0622      9.489639 
 138.0621      9.480917 
 138.0552      9.463778 
 138.0528      9.447639 
 138.0528      9.447583 
 138.0569      9.439417 
 138.0636      9.438361 
 138.0686      9.444417 
 138.0707      9.448806 
 138.0701      9.455472 
 138.0757      9.462668 
 138.076       9.463139 
 138.0725      9.466333 
 138.0759      9.474194 
 138.0831      9.473833 
 138.0863      9.476167 
 138.0872      9.479194 
 138.0915      9.481778 
 138.0983      9.481167 
 138.1003      9.482805 
 138.1014      9.486749 
 138.1002      9.491111 
 138.1023      9.493194 
 138.1079      9.491444 
 138.106       9.495084 
 138.108       9.497416 
 138.1134      9.495417 
 138.1144      9.495694 
 138.1206      9.497361 
 138.1219      9.504056 
 138.1178      9.513194 
 138.118       9.515972 
 138.1277      9.537278 
 138.1298      9.540028 
 138.1384      9.550999 
 138.14        9.550333 
 138.1394      9.546194 
 138.1349      9.533472 
 138.1348      9.528389 
 138.1371      9.5275 
 138.1428      9.532194 
 138.1436      9.529445 
 138.1411      9.524583 
 138.1409      9.520194 
 138.1426      9.515611 
 138.1603      9.51425 
 138.1637      9.516833 
 138.1666      9.524583 
 138.1675      9.526472 
 138.1684      9.528499 
 138.1711      9.532333 
 138.1724      9.523861 
 138.1743      9.521584 
 138.1773      9.522528 
 138.1823      9.530416 
 138.1885      9.536028 
 138.1886      9.545916 
 138.1953      9.558389 
 138.1968      9.561222 
 138.1946      9.562805 
 138.1926      9.563028 
 138.1868      9.563639 
 138.184       9.560361 
 138.1827      9.555056 
 138.1797      9.552944 
 138.1713      9.556501 
 138.169       9.569611 
 138.1636      9.576306 
 138.1633      9.576667 
 138.1646      9.583639 
 138.1651      9.586583 
 138.1662      9.587499 
 138.1691      9.577416 
 138.1717      9.576083 
 138.1732      9.582778 
 138.1771      9.589501 
 138.1788      9.599417 
 138.1754      9.608584 
 138.1714      9.613806 
 138.1645      9.611889 
 138.1634      9.612917 
 138.1598      9.616417 
 138.1583      9.620778 
 138.1599      9.628166 
 138.1577      9.632055 
 138.1552      9.634334 
 138.153       9.636361 
 138.15        9.636306 
 138.1444      9.632556 
 138.1429      9.626556 
 138.143       9.626416 
 138.1521      9.614139 
 138.1554      9.609528 
 138.1574      9.606944 
 138.1581      9.603501 
 138.1456      9.586528 
 138.1444      9.582833 
 138.1473      9.5785 
 138.145       9.577334 
 138.1449      9.570416 
 138.1456      9.568334 
 138.1458      9.567667 
 138.1567      9.570361 
 138.1563      9.566889 
 138.1418      9.559334 
 138.1377      9.559861 
 138.132       9.560583 
 138.1322      9.562639 
 138.1331      9.565194 
 138.1305      9.570222 
 138.1307      9.57275 
 138.1334      9.57325 
 138.1327      9.577166 
 138.1368      9.580666 
 138.1375      9.583444 
 138.1286      9.587 
 138.1209      9.583555 
 138.1127      9.579861 
 138.1104      9.570501 
 138.1103      9.569944 
 138.1093      9.569139 
 138.1039      9.564555 
 138.1017      9.558472 
 138.0996      9.552528 
 138.097       9.550278 
 1             2 
1
 -9999.0   ,   9990.0 
 8 
 139.6792      9.888166 
 139.6829      9.878444 
 139.685       9.879611 
 139.6846      9.882611 
 139.6842      9.886278 
 139.6802      9.890611 
 139.6782      9.890833 
 139.6792      9.888166 
 1             3 
1
 -9999.0   ,   9990.0 
 8 
 139.6574      9.901722 
 139.6575      9.907472 
 139.6633      9.917417 
 139.6619      9.918306 
 139.657       9.915055 
 139.6559      9.912528 
 139.6552      9.901472 
 139.6574      9.901722 
