 8 
 1             1 
1
 -9999.0   ,   9990.0 
 8 
-85.04784      10 
-85.04846      9.998397 
-85.0488       9.997499 
-85.04488      9.994697 
-85.02476      9.989649 
-85.02219      9.991689 
-85.04251      9.998273 
-85.04784      10 
 1             2 
1
 -9999.0   ,   9990.0 
 6 
-85            9.990753 
-85.01108      9.989728 
-85.01643      9.987489 
-85.01576      9.985412 
-85.00926      9.9858 
-85            9.982756 
 1             3 
1
 -9999.0   ,   9990.0 
 13 
-85.07228      9.969939 
-85.06619      9.975392 
-85.04742      9.974727 
-85.04923      9.977964 
-85.06074      9.986825 
-85.07162      9.988782 
-85.07373      9.986506 
-85.08184      9.986824 
-85.08534      9.984792 
-85.08536      9.982034 
-85.07916      9.97783 
-85.07644      9.971594 
-85.07228      9.969939 
 1             4 
1
 -9999.0   ,   9990.0 
 24 
-85.14849      10 
-85.13241      9.985758 
-85.12061      9.983102 
-85.11905      9.976648 
-85.11584      9.972708 
-85.11428      9.972324 
-85.11191      9.971746 
-85.10778      9.968025 
-85.09828      9.966773 
-85.09128      9.971754 
-85.08386      9.971215 
-85.08231      9.964991 
-85.07812      9.965866 
-85.07679      9.960106 
-85.07261      9.96052 
-85.06557      9.968948 
-85.06044      9.971191 
-85.05604      9.971144 
-85.03184      9.956397 
-85.02569      9.946675 
-85.01752      9.938082 
-85.01354      9.933899 
-85.00868      9.932468 
-85            9.933579 
 1             5 
1
 -9999.0   ,   9990.0 
 8 
-85            9.740875 
-85.00265      9.740479 
-85.00872      9.735721 
-85.01602      9.725001 
-85.01773      9.717434 
-85.01663      9.711676 
-85.00418      9.706711 
-85            9.702922 
 1             6 
1
 -9999.0   ,   9990.0 
 111 
-85            9.698533 
-85.00481      9.690631 
-85.01298      9.685206 
-85.02924      9.681019 
-85.03291      9.678989 
-85.03412      9.678314 
-85.04118      9.669429 
-85.0549       9.664293 
-85.06898      9.647669 
-85.07778      9.625932 
-85.07834      9.615598 
-85.09102      9.576897 
-85.09223      9.574206 
-85.09482      9.568435 
-85.10923      9.563764 
-85.1109       9.558726 
-85.1098       9.553199 
-85.11121      9.551604 
-85.11555      9.556938 
-85.11757      9.562935 
-85.12262      9.566434 
-85.13395      9.568853 
-85.14266      9.577909 
-85.14583      9.584836 
-85.14807      9.613816 
-85.15196      9.618683 
-85.15666      9.622046 
-85.16208      9.625914 
-85.20354      9.671162 
-85.20892      9.688913 
-85.21256      9.695844 
-85.21761      9.700724 
-85.22166      9.712027 
-85.22989      9.722453 
-85.23172      9.724542 
-85.23976      9.732898 
-85.2547       9.744311 
-85.27291      9.75369 
-85.2731       9.757599 
-85.2703       9.760328 
-85.26909      9.764912 
-85.27496      9.780372 
-85.30211      9.801329 
-85.31132      9.806479 
-85.31332      9.807132 
-85.32218      9.810034 
-85.33352      9.811755 
-85.33371      9.816814 
-85.34175      9.823559 
-85.36457      9.837344 
-85.37428      9.839048 
-85.39044      9.846789 
-85.39992      9.849639 
-85.40362      9.849446 
-85.40646      9.843726 
-85.41526      9.844731 
-85.42226      9.847589 
-85.42681      9.849438 
-85.43162      9.854541 
-85.4367       9.857118 
-85.44711      9.858826 
-85.45547      9.857756 
-85.46034      9.856882 
-85.46343      9.848407 
-85.46624      9.846134 
-85.47041      9.846404 
-85.48886      9.85692 
-85.49066      9.863372 
-85.49388      9.865471 
-85.5039       9.859129 
-85.50878      9.859862 
-85.51064      9.857122 
-85.51318      9.857836 
-85.51404      9.866348 
-85.52416      9.874486 
-85.52832      9.874984 
-85.53741      9.870471 
-85.54808      9.870568 
-85.55208      9.87199 
-85.55339      9.872456 
-85.56124      9.875516 
-85.57217      9.872626 
-85.57816      9.876817 
-85.58904      9.878064 
-85.59824      9.885961 
-85.6073       9.884204 
-85.61355      9.885638 
-85.62797      9.885556 
-85.62931      9.885548 
-85.63299      9.887879 
-85.6341       9.894785 
-85.63916      9.899197 
-85.64656      9.90133 
-85.65306      9.900927 
-85.65678      9.898891 
-85.65658      9.895671 
-85.65822      9.893157 
-85.67277      9.90041 
-85.67064      9.904759 
-85.66762      9.906111 
-85.66619      9.910465 
-85.66839      9.924735 
-85.67249      9.933275 
-85.67959      9.942991 
-85.67864      9.94666 
-85.68502      9.959128 
-85.70499      9.983894 
-85.70796      9.990354 
-85.71532      9.997084 
-85.72058      9.999999 
-85.72058      10 
 1             7 
1
 -9999.0   ,   9990.0 
 8 
-85.11303      9.532322 
-85.11089      9.538044 
-85.11269      9.54197 
-85.11662      9.542702 
-85.11964      9.541585 
-85.12086      9.536082 
-85.11881      9.532844 
-85.11303      9.532322 
 1             8 
1
 -9999.0   ,   9990.0 
 87 
-87.03625      5.55328 
-87.03834      5.552649 
-87.04022      5.551092 
-87.04119      5.54928 
-87.04396      5.549129 
-87.04576      5.550562 
-87.04616      5.552415 
-87.04675      5.555884 
-87.04856      5.557087 
-87.05064      5.556918 
-87.05092      5.555314 
-87.05121      5.55325 
-87.05284      5.552377 
-87.05582      5.552693 
-87.05949      5.553489 
-87.06319      5.552906 
-87.06392      5.551316 
-87.06212      5.549654 
-87.05826      5.548161 
-87.056        5.546714 
-87.05582      5.545098 
-87.05794      5.543087 
-87.05954      5.543824 
-87.0623       5.543674 
-87.06365      5.544633 
-87.06664      5.54472 
-87.06986      5.545272 
-87.07331      5.545142 
-87.07701      5.544327 
-87.07938      5.542094 
-87.08338      5.539217 
-87.08739      5.53588 
-87.09096      5.53184 
-87.09362      5.527084 
-87.09465      5.523661 
-87.09452      5.520205 
-87.09302      5.516479 
-87.08939      5.514533 
-87.08669      5.512384 
-87.0831       5.509288 
-87.07907      5.505259 
-87.07613      5.503334 
-87.07505      5.501 
-87.07394      5.499818 
-87.07212      5.499074 
-87.07         5.500625 
-87.07018      5.502471 
-87.06966      5.504298 
-87.06961      5.506137 
-87.06929      5.50912 
-87.06854      5.5114 
-87.0666       5.511792 
-87.06596      5.513167 
-87.06461      5.513667 
-87.06339      5.514014 
-87.0618       5.513508 
-87.06019      5.513462 
-87.05882      5.512961 
-87.05649      5.514046 
-87.05648      5.514735 
-87.0562       5.516109 
-87.05594      5.517251 
-87.0543       5.518125 
-87.05335      5.519019 
-87.05078      5.520555 
-87.04869      5.521185 
-87.04731      5.521145 
-87.04547      5.520863 
-87.04387      5.520586 
-87.04272      5.520783 
-87.04014      5.52232 
-87.03941      5.52345 
-87.03868      5.525269 
-87.03812      5.526676 
-87.03612      5.526117 
-87.03381      5.52605 
-87.03219      5.526234 
-87.03082      5.526194 
-87.02894      5.52729 
-87.02865      5.529583 
-87.02832      5.532568 
-87.02758      5.534617 
-87.02744      5.539446 
-87.02893      5.543632 
-87.03225      5.54833 
-87.03544      5.552701 
-87.03625      5.55328 
