 20 
 1 
 1             1             
1
 -9999.0   ,   9990.0
   7
 9 
-29.91319      69.24332
-29.92197      69.24405
-29.93815      69.25283
-29.94173      69.25928
-29.93521      69.26213
-29.92163      69.25905
-29.91183      69.2534
-29.90921      69.24631
-29.91319      69.24332
 1 
 1             2             
1
 -9999.0   ,   9990.0
   7
 12 
-30            69.22028
-30.00214      69.22234
-30            69.22388
-29.99828      69.22511
-29.97697      69.22621
-29.96827      69.22386
-29.96555      69.2184
-29.9714       69.21411
-29.98411      69.21045
-29.99722      69.21166
-29.99624      69.21669
-30            69.22028
 1 
 1             3             
1
 -9999.0   ,   9990.0
   7
 9 
-29.9076       69.15732
-29.91098      69.15844
-29.905        69.16872
-29.89596      69.17004
-29.88435      69.16845
-29.85991      69.16795
-29.85863      69.16648
-29.87628      69.16196
-29.9076       69.15732
 1 
 1             4             
1
 -9999.0   ,   9990.0
   7
 7 
-30.12104      69.12663
-30.12769      69.1277
-30.12837      69.13489
-30.11782      69.13821
-30.11277      69.13793
-30.11152      69.13347
-30.12104      69.12663
 1 
 1             5             
1
 -9999.0   ,   9990.0
   7
 9 
-30.3558       69.03322
-30.38363      69.03591
-30.40803      69.04511
-30.4057       69.04752
-30.38482      69.0496
-30.35242      69.04849
-30.34419      69.04664
-30.34252      69.03709
-30.3558       69.03322
 1 
 1             6             
1
 -9999.0   ,   9990.0
   7
 8 
-30.05656      69.00753
-30.05921      69.0146
-30.05222      69.0216
-30.04312      69.02176
-30.03576      69.01949
-30.03325      69.01358
-30.03986      69.00888
-30.05656      69.00753
 1 
 1             7             
1
 -9999.0   ,   9990.0
   7
 8 
-30.13001      69.0002
-30.13483      69.00093
-30.13856      69.00414
-30.12686      69.01894
-30.10223      69.01638
-30.10081      69.01376
-30.10545      69.01056
-30.13001      69.0002
 1 
 1             8             
1
 -9999.0   ,   9990.0
   7
 13 
-30.54253      68.95288
-30.54954      68.95603
-30.53959      68.96287
-30.53517      68.97485
-30.53074      68.97622
-30.51726      68.97618
-30.50306      68.97331
-30.4783       68.97565
-30.47238      68.9654
-30.47994      68.96121
-30.49007      68.95853
-30.52178      68.96097
-30.54253      68.95288
 1 
 1             9             
1
 -9999.0   ,   9990.0
   7
 8 
-30.40227      68.9357
-30.41051      68.93892
-30.38206      68.94541
-30.37309      68.94537
-30.36847      68.9412
-30.37253      68.93772
-30.38694      68.93553
-30.40227      68.9357
 1 
 1             10            
1
 -9999.0   ,   9990.0
   7
 9 
-30.55939      68.84129
-30.56713      68.84263
-30.57255      68.848
-30.56653      68.8532
-30.5509       68.85696
-30.54513      68.8555
-30.54375      68.84965
-30.5489       68.84348
-30.55939      68.84129
 1 
 1             11            
1
 -9999.0   ,   9990.0
   7
 23 
-33.08162      68.613
-33.05494      68.59312
-33.0455       68.59113
-33.03433      68.59274
-33.02895      68.59184
-33.02288      68.58493
-33.0197       68.57265
-33.02404      68.56663
-33.03306      68.56378
-33.03725      68.56029
-33.04249      68.55958
-33.05213      68.56089
-33.06005      68.5658
-33.06956      68.56756
-33.07852      68.56907
-33.08928      68.57501
-33.08743      68.577
-33.09794      68.58591
-33.10169      68.59431
-33.09772      68.60126
-33.10445      68.61025
-33.09065      68.61016
-33.08162      68.613
 1 
 1             12            
1
 -9999.0   ,   9990.0
   7
 6 
-35.58046      66.39301
-35.59175      66.39036
-35.61351      66.38983
-35.60058      66.3954
-35.58915      66.39555
-35.58046      66.39301
 1 
 1             13            
1
 -9999.0   ,   9990.0
   7
 12 
-35.03142      66.37396
-35.0217       66.37411
-35.01242      66.37199
-35            66.36495
-34.99021      66.35733
-34.99301      66.35468
-35            66.35529
-35.00533      66.35575
-35.02331      66.36296
-35.03719      66.37071
-35.03457      66.37246
-35.03142      66.37396
 1 
 1             14            
1
 -9999.0   ,   9990.0
   7
 7 
-35.60898      66.34971
-35.61029      66.35203
-35.60703      66.35446
-35.59515      66.35733
-35.58691      66.3523
-35.59886      66.34897
-35.60898      66.34971
 1 
 1             15            
1
 -9999.0   ,   9990.0
   7
 6 
-35.47667      66.21229
-35.48291      66.21225
-35.48811      66.21491
-35.48316      66.21727
-35.47567      66.21478
-35.47667      66.21229
 1 
 1             16            
1
 -9999.0   ,   9990.0
   7
 5 
-35.44952      66.20657
-35.46386      66.20661
-35.46581      66.20968
-35.45903      66.20977
-35.44952      66.20657
 1 
 1             17            
1
 -9999.0   ,   9990.0
   7
 9 
-35.61823      66.14547
-35.62227      66.14833
-35.61739      66.15048
-35.60851      66.14954
-35.59448      66.14571
-35.58996      66.1424
-35.59256      66.14041
-35.60769      66.14106
-35.61823      66.14547
 1 
 1             18            
1
 -9999.0   ,   9990.0
   7
 5 
-24.34612      65.58453
-24.35208      65.58292
-24.36665      65.586
-24.35635      65.58746
-24.34612      65.58453
 1 
 1             19            
1
 -9999.0   ,   9990.0
   7
 7 
-24.12322      65.57767
-24.13072      65.57276
-24.15385      65.57103
-24.15369      65.578
-24.14715      65.5771
-24.13543      65.58098
-24.12322      65.57767
 1 
 1             20            
1
 -9999.0   ,   9990.0
   7
 7 
-24.15777      65.57073
-24.15639      65.5676
-24.16873      65.56644
-24.17773      65.56275
-24.18407      65.5632
-24.1767       65.56931
-24.15777      65.57073
