 36 
 1 
 1             1             
1
 -9999.0   ,   9990.0
   7
 29 
96.85619      4.615056
96.85661      4.627722
96.86003      4.634861
96.86367      4.637389
96.86894      4.638333
96.88064      4.634695
96.90494      4.634528
96.91125      4.633695
96.93406      4.630694
96.94783      4.626111
96.97217      4.613306
96.98986      4.597028
96.99169      4.592667
96.9915       4.588528
96.98922      4.583694
96.98486      4.580222
96.97251      4.578111
96.96781      4.579028
96.96194      4.580167
96.95575      4.582889
96.94953      4.591389
96.94403      4.59275
96.92433      4.58925
96.91239      4.594528
96.88739      4.6025
96.87891      4.604306
96.86539      4.602667
96.85986      4.611861
96.85619      4.615056
 1 
 1             2             
1
 -9999.0   ,   9990.0
   7
 15 
98.30911      4.072889
98.31292      4.069028
98.31461      4.063222
98.31372      4.05125
98.31145      4.043667
98.30642      4.040222
98.29039      4.035333
98.29472      4.037445
98.29289      4.041584
98.286        4.045028
98.28966      4.046167
98.29884      4.044111
98.30456      4.045278
98.30478      4.054945
98.30911      4.072889
 1 
 1             3             
1
 -9999.0   ,   9990.0
   7
 17 
98.41109      4.020528
98.41452      4.022833
98.42347      4.02375
98.42689      4.025833
98.42986      4.029278
98.4285       4.032722
98.42436      4.035722
98.42392      4.03825
98.42848      4.03825
98.43144      4.042167
98.43511      4.039195
98.4365       4.035028
98.43536      4.027667
98.43308      4.024445
98.42644      4.020306
98.41248      4.018917
98.41109      4.020528
 1 
 1             4             
1
 -9999.0   ,   9990.0
   7
 16 
98.39211      3.99175
98.38386      4.001417
98.38617      4.005333
98.3905       4.008778
98.39784      4.010861
98.40125      4.008778
98.40219      4.0035
98.4008       3.998445
98.40542      3.998222
98.40722      4.000056
98.41136      3.997972
98.4148       3.994083
98.41389      3.992472
98.4093       3.990611
98.39831      3.993611
98.39211      3.99175
 1 
 1             5             
1
 -9999.0   ,   9990.0
   7
 26 
98.62352      3.761528
98.62617      3.768806
98.63167      3.77225
98.63464      3.780778
98.64516      3.781472
98.66006      3.787694
98.66461      3.786778
98.67059      3.781722
98.6747       3.781472
98.67675      3.782861
98.67906      3.789305
98.68339      3.794611
98.69094      3.797833
98.70628      3.79875
98.70928      3.789556
98.69575      3.791389
98.69186      3.790222
98.68294      3.784945
98.67839      3.773195
98.67539      3.770889
98.67219      3.770195
98.66028      3.774583
98.64411      3.773944
98.64198      3.773861
98.63441      3.767195
98.62352      3.761528
 1 
 1             6             
1
 -9999.0   ,   9990.0
   7
 8 
98.3375       3.609
98.33217      3.612611
98.33125      3.6165
98.33286      3.619056
98.3555       3.618389
98.35069      3.613778
98.34658      3.606167
98.3375       3.609
 1 
 1             7             
1
 -9999.0   ,   9990.0
   7
 9 
98.30016      3.572778
98.29719      3.568167
98.27936      3.562167
98.26998      3.564694
98.27155      3.569306
98.275        3.572972
98.28347      3.572056
98.28986      3.578278
98.30016      3.572778
 1 
 1             8             
1
 -9999.0   ,   9990.0
   7
 10 
97.83811      3.403111
97.83717      3.420361
97.83325      3.425639
97.83186      3.432778
97.82614      3.440583
97.82706      3.443333
97.83095      3.440361
97.84586      3.418056
97.84314      3.405861
97.83811      3.403111
 1 
 1             9             
1
 -9999.0   ,   9990.0
   7
 10 
97.86678      3.3645
97.86383      3.359889
97.85419      3.368389
97.84775      3.3815
97.83814      3.393667
97.83859      3.396889
97.84248      3.39575
97.84683      3.391389
97.86106      3.367028
97.86678      3.3645
 1 
 1             10            
1
 -9999.0   ,   9990.0
   7
 8 
97.89844      3.325222
97.90464      3.320167
97.90992      3.305222
97.90719      3.300611
97.90444      3.303833
97.90306      3.311889
97.89709      3.319695
97.89844      3.325222
 1 
 1             11            
1
 -9999.0   ,   9990.0
   7
 7 
98.33452      3.215806
98.33134      3.218111
98.33567      3.223639
98.34047      3.224333
98.34939      3.220889
98.34848      3.218139
98.33452      3.215806
 1 
 1             12            
1
 -9999.0   ,   9990.0
   7
 57 
99.8225       2.916167
99.8175       2.917583
99.815        2.921722
99.81569      2.925639
99.81741      2.930139
99.81758      2.930639
99.81911      2.934611
99.82689      2.942194
99.83002      2.948083
99.83217      2.952083
99.83217      2.95275
99.83217      2.956445
99.82919      2.959667
99.82394      2.960361
99.81639      2.963361
99.80976      2.969361
99.80736      2.972917
99.80542      2.975806
99.80564      2.980611
99.80267      2.989833
99.80314      2.993972
99.80634      2.999472
99.81184      3.003389
99.81756      3.004306
99.82236      3.003139
99.83219      2.99625
99.84111      2.992333
99.85025      2.99025
99.85414      2.990944
99.85711      2.995055
99.86194      3.008417
99.86606      3.030944
99.87452      3.023917
99.87519      3.023333
99.87222      3.01875
99.8697       2.999667
99.86628      2.990917
99.86122      2.985639
99.85553      2.983333
99.84728      2.983806
99.83561      2.986805
99.83217      2.98875
99.82052      2.995333
99.81433      2.996472
99.81         2.993972
99.80839      2.987972
99.81         2.978778
99.81455      2.971195
99.83286      2.963583
99.83719      2.959889
99.83881      2.953917
99.83833      2.946778
99.83514      2.9415
99.82322      2.932083
99.82072      2.927472
99.81958      2.922417
99.8225       2.916167
 3 
 1             13            
1
 -9999.0   ,   9990.0
   7
 300 
98.82689      2.323333
98.82231      2.327472
98.81911      2.334833
98.8175       2.3415
98.81934      2.347944
98.82389      2.352778
98.82892      2.353472
98.836        2.351167
98.83806      2.351861
98.84264      2.359222
98.84239      2.362444
98.8225       2.379
98.81986      2.385222
98.81861      2.388195
98.81061      2.398528
98.81059      2.402194
98.81381      2.404056
98.81561      2.4075
98.81561      2.411639
98.80898      2.427278
98.79389      2.441056
98.79092      2.436222
98.78702      2.436
98.78359      2.438306
98.78267      2.444056
98.77811      2.452083
98.77625      2.460833
98.76852      2.478611
98.76689      2.482445
98.76161      2.487722
98.75522      2.489556
98.75086      2.492778
98.74903      2.504056
98.73919      2.516
98.73392      2.520139
98.72251      2.52475
98.72064      2.531861
98.72111      2.543361
98.71698      2.548889
98.71469      2.550944
98.70692      2.551167
98.70578      2.545194
98.69733      2.535083
98.69672      2.535222
98.69         2.536917
98.68933      2.543583
98.68702      2.546556
98.68017      2.54725
98.67536      2.552778
98.67056      2.554611
98.66072      2.561944
98.67033      2.567028
98.68519      2.566111
98.68909      2.5675
98.68884      2.570472
98.68633      2.572556
98.68039      2.572778
98.6765       2.575528
98.67694      2.578305
98.6845       2.5845
98.68767      2.590028
98.68955      2.601111
98.69041      2.606139
98.69002      2.608278
98.68972      2.610028
98.68584      2.616945
98.67736      2.621305
98.67392      2.627056
98.67072      2.629583
98.66386      2.630028
98.65884      2.637611
98.65058      2.632333
98.6467       2.638306
98.64486      2.639
98.6378       2.636
98.63458      2.644722
98.63114      2.648417
98.61972      2.64725
98.61881      2.652083
98.62703      2.664278
98.62725      2.665083
98.62906      2.671417
98.62631      2.685444
98.62264      2.693944
98.61761      2.701306
98.60936      2.707722
98.60044      2.719222
98.59539      2.735333
98.58556      2.735556
98.58031      2.737389
98.57616      2.741278
98.57022      2.762667
98.56911      2.764361
98.56472      2.771167
98.55648      2.776472
98.55167      2.78475
98.53794      2.792305
98.53245      2.797139
98.53014      2.819917
98.52964      2.838083
98.53078      2.846833
98.52917      2.862917
98.52669      2.872389
98.52389      2.883167
98.52686      2.88775
98.52752      2.897639
98.53325      2.898583
98.53966      2.893528
98.54422      2.887778
98.54608      2.878583
98.54906      2.875806
98.55636      2.877667
98.55728      2.881111
98.55428      2.894
98.55839      2.903417
98.56114      2.9025
98.56502      2.897222
98.57328      2.893778
98.57672      2.888472
98.58234      2.888722
98.59797      2.889417
98.60486      2.877472
98.60966      2.876555
98.62383      2.881611
98.62933      2.882083
98.63344      2.879306
98.63481      2.872889
98.64169      2.868528
98.64625      2.867583
98.65152      2.871972
98.65517      2.872889
98.66136      2.871278
98.66936      2.865306
98.67531      2.878667
98.68039      2.877667
98.68125      2.8775
98.68742      2.874056
98.68972      2.869472
98.69017      2.861861
98.69383      2.8575
98.70116      2.852222
98.70851      2.850139
98.71764      2.845333
98.72702      2.843722
98.73161      2.838194
98.73525      2.829472
98.74236      2.829
98.74669      2.82625
98.75264      2.824861
98.77636      2.809722
98.78469      2.804417
98.8062       2.783278
98.80872      2.775445
98.81214      2.774306
98.81558      2.777972
98.81925      2.777056
98.82402      2.773167
98.83869      2.749
98.84419      2.745111
98.85494      2.741889
98.85975      2.737278
98.86611      2.737083
98.86684      2.737056
98.87348      2.732
98.88169      2.728778
98.8865       2.725333
98.89658      2.707861
98.90756      2.702806
98.91211      2.703028
98.91967      2.70625
98.91831      2.696139
98.92839      2.678667
98.93386      2.678889
98.93639      2.673389
98.93478      2.670167
98.92975      2.666945
98.92975      2.665111
98.93322      2.663361
98.93433      2.662806
98.93594      2.660028
98.93478      2.656361
98.93272      2.655222
98.92726      2.656583
98.92267      2.650139
98.91264      2.62875
98.917        2.600945
98.91836      2.599555
98.92706      2.600694
98.92841      2.597472
98.92636      2.590111
98.92819      2.585305
98.94514      2.574722
98.94731      2.572278
98.95131      2.567833
98.96022      2.568056
98.968        2.564833
98.97691      2.557945
98.98378      2.561167
98.98536      2.558389
98.98561      2.552889
98.99614      2.539305
98.99658      2.548528
99.00161      2.544833
99.00939      2.531722
99.0302       2.523917
99.03316      2.519778
99.03661      2.514945
99.03661      2.510333
99.03867      2.504583
99.04714      2.493778
99.04759      2.4915
99.04898      2.483889
99.04645      2.47425
99.04691      2.462972
99.05425      2.456306
99.05906      2.446889
99.05264      2.430333
99.04261      2.412833
99.04261      2.40825
99.04322      2.406722
99.04536      2.401583
99.04947      2.397444
99.05542      2.396528
99.07733      2.406167
99.09928      2.41125
99.10098      2.412833
99.10614      2.417667
99.11142      2.419278
99.11939      2.425722
99.12169      2.431472
99.12672      2.437
99.13424      2.439972
99.14911      2.437444
99.15002      2.430778
99.15278      2.42825
99.15944      2.427556
99.16147      2.427333
99.1617       2.426361
99.16192      2.4255
99.16128      2.424806
99.15391      2.417
99.15256      2.412389
99.15414      2.404333
99.15186      2.397667
99.14639      2.390556
99.13292      2.378361
99.11758      2.380889
99.11391      2.379972
99.11164      2.376972
99.11256      2.370083
99.11164      2.367083
99.10778      2.361333
99.10461      2.359472
99.09886      2.356055
99.08811      2.355833
99.08514      2.353972
99.08331      2.348917
99.07828      2.348
99.07303      2.349611
99.06848      2.348917
99.06184      2.3395
99.05658      2.338805
99.04675      2.345695
99.02914      2.363417
99.02298      2.364083
99.02136      2.357667
99.01589      2.348444
99.01028      2.344111
99.00902      2.343167
99.00422      2.3365
98.99922      2.321306
98.99669      2.322472
98.9903       2.334417
98.98528      2.331667
98.96631      2.334889
98.96036      2.332806
98.95394      2.332806
98.9462       2.341305
98.93978      2.344306
98.93772      2.347528
98.93816      2.353278
98.92194      2.350722
98.92064      2.349722
98.916        2.346139
98.90436      2.331417
98.90069      2.332806
98.89614      2.339
98.88881      2.342667
98.88242      2.343139
98.87876      2.339917
98.87419      2.339444
98.86892      2.345889
98.86367      2.347722
98.86114      2.346361
98.85544      2.334611
98.85089      2.331167
98.84631      2.323361
98.84198      2.320361
98.83808      2.319444
98.82689      2.323333
 1             13            2 
1
 -9999.0   ,   9990.0
   7
 94 
98.68559      2.645
98.68489      2.641083
98.69131      2.635111
98.69428      2.626611
98.69314      2.616472
98.696        2.610917
98.69681      2.609361
98.7055       2.601778
98.71445      2.578778
98.71514      2.568417
98.72178      2.558556
98.72681      2.540389
98.73206      2.533028
98.73253      2.532333
98.74994      2.515083
98.75725      2.505445
98.76022      2.503611
98.76525      2.508417
98.77486      2.508194
98.78353      2.507972
98.80275      2.487278
98.80392      2.464056
98.80711      2.46475
98.81353      2.472111
98.81717      2.473278
98.82381      2.469833
98.83503      2.460389
98.8393       2.45825
98.84278      2.4565
98.85536      2.445
98.86064      2.442472
98.8675       2.4335
98.87319      2.430278
98.87822      2.429361
98.88578      2.432806
98.88875      2.428222
98.89561      2.428444
98.90452      2.434194
98.92922      2.433056
98.93653      2.438361
98.94109      2.443861
98.94511      2.444222
98.95939      2.445472
98.97264      2.452167
98.98064      2.453778
98.99136      2.459278
98.99275      2.4655
98.99228      2.477
98.98931      2.482278
98.98109      2.491028
98.97236      2.510111
98.96619      2.516083
98.9565       2.521639
98.91497      2.556083
98.90899      2.562972
98.90742      2.566889
98.90808      2.574722
98.90672      2.579083
98.90192      2.583917
98.89091      2.604833
98.89183      2.609889
98.88769      2.619917
98.88564      2.624833
98.87009      2.646917
98.85269      2.664833
98.85384      2.668972
98.86183      2.669917
98.86297      2.672889
98.86205      2.674972
98.86025      2.676805
98.84903      2.678861
98.82525      2.692194
98.81866      2.699333
98.81678      2.701389
98.81014      2.717722
98.79616      2.734278
98.78428      2.741389
98.76598      2.745778
98.76164      2.743472
98.75933      2.743917
98.75134      2.754028
98.74789      2.755889
98.73852      2.756778
98.73464      2.762083
98.7273       2.760222
98.72444      2.757889
98.71864      2.753111
98.71133      2.742972
98.70125      2.737917
98.69328      2.712139
98.69126      2.698111
98.69195      2.680639
98.69014      2.659722
98.68559      2.645
 1             13            3 
1
 -9999.0   ,   9990.0
   7
 14 
98.89956      2.345222
98.90528      2.345889
98.90939      2.349361
98.91075      2.354417
98.90961      2.362
98.90456      2.368889
98.90386      2.381083
98.90066      2.383833
98.89586      2.37925
98.89359      2.368667
98.88697      2.366583
98.88492      2.361528
98.8865       2.357861
98.89956      2.345222
 1 
 1             14            
1
 -9999.0   ,   9990.0
   7
 27 
97.79811      2.799944
97.79625      2.809139
97.79192      2.811667
97.78502      2.82225
97.77842      2.819944
97.77752      2.820722
97.77016      2.827278
97.76536      2.827028
97.75986      2.824722
97.75872      2.827028
97.76056      2.831167
97.77241      2.834861
97.76669      2.837167
97.76556      2.839222
97.76622      2.84175
97.77539      2.841305
97.77814      2.839722
97.7795       2.836722
97.77586      2.828667
97.77748      2.825444
97.77931      2.82475
97.78639      2.828
97.79006      2.826389
97.79394      2.818583
97.79992      2.816528
97.80219      2.813528
97.79811      2.799944
 1 
 1             15            
1
 -9999.0   ,   9990.0
   7
 8 
95.82336      2.826444
95.81672      2.820472
95.81419      2.824611
95.81306      2.830361
95.81626      2.836111
95.82174      2.835639
95.82498      2.830139
95.82336      2.826444
 1 
 1             16            
1
 -9999.0   ,   9990.0
   7
 13 
100           2.703056
100           2.682694
99.9745       2.685389
99.96398      2.688611
99.9578       2.692306
99.95142      2.701056
99.94867      2.713
99.95553      2.723806
99.97086      2.711611
99.96811      2.707695
99.97175      2.70425
99.98664      2.705389
100           2.703056
 1 
 1             17            
1
 -9999.0   ,   9990.0
   7
 10 
100           2.667861
100           2.635139
99.99892      2.635444
99.99641      2.637305
99.99184      2.644889
99.99047      2.653639
99.99116      2.660306
99.99678      2.66575
99.9985       2.667417
100           2.667861
 1 
 1             18            
1
 -9999.0   ,   9990.0
   7
 8 
96.10086      2.604306
96.09925      2.60775
96.09991      2.611194
96.10176      2.613055
96.10722      2.614222
96.11044      2.608722
96.10724      2.606167
96.10086      2.604306
 1 
 1             19            
1
 -9999.0   ,   9990.0
   7
 35 
99.9465       2.510167
99.94442      2.513389
99.94261      2.515917
99.94192      2.521917
99.94375      2.533639
99.9465       2.541222
99.95039      2.545805
99.96502      2.554306
99.96709      2.557055
99.96114      2.570194
99.95889      2.582361
99.96094      2.5895
99.96619      2.593861
99.96917      2.593639
99.97283      2.596389
99.99199      2.585389
99.99247      2.585083
99.99639      2.585333
99.99911      2.587611
100           2.589944
100           2.573778
99.99897      2.573694
99.99431      2.573361
99.98905      2.577972
99.98333      2.579139
99.97559      2.5865
99.971        2.587639
99.96824      2.586278
99.96755      2.581667
99.97531      2.557278
99.97211      2.550167
99.95817      2.542806
99.95061      2.535472
99.94878      2.531556
99.9465       2.510167
 1 
 1             20            
1
 -9999.0   ,   9990.0
   7
 7 
97.85103      2.518306
97.84986      2.520389
97.85239      2.524528
97.86336      2.525222
97.86608      2.523639
97.86381      2.521778
97.85103      2.518306
 1 
 1             21            
1
 -9999.0   ,   9990.0
   7
 7 
97.84222      2.492222
97.83528      2.495944
97.832        2.492222
97.82953      2.497583
97.83361      2.500472
97.83847      2.497139
97.84222      2.492222
 1 
 1             22            
1
 -9999.0   ,   9990.0
   7
 8 
97.85772      2.483611
97.85361      2.484278
97.85108      2.486805
97.85152      2.489583
97.85564      2.492556
97.85839      2.491889
97.86092      2.487528
97.85772      2.483611
 1 
 1             23            
1
 -9999.0   ,   9990.0
   7
 22 
97.83689      2.254778
97.83642      2.269722
97.84189      2.276167
97.84072      2.284667
97.843        2.289278
97.84689      2.287889
97.84825      2.294806
97.85122      2.298028
97.85486      2.297333
97.85511      2.294806
97.85281      2.294583
97.85214      2.292056
97.85375      2.286528
97.85306      2.283306
97.84872      2.282389
97.84875      2.276861
97.84189      2.270417
97.84031      2.265583
97.84284      2.255694
97.84742      2.245806
97.84033      2.249722
97.83689      2.254778
 1 
 1             24            
1
 -9999.0   ,   9990.0
   7
 12 
97.76714      2.28525
97.76916      2.286389
97.77147      2.285472
97.78544      2.275139
97.78841      2.270778
97.78614      2.262972
97.78778      2.248722
97.78641      2.242972
97.78183      2.244806
97.78298      2.250083
97.77858      2.273528
97.76714      2.28525
 1 
 1             25            
1
 -9999.0   ,   9990.0
   7
 15 
97.8673       2.241722
97.86183      2.244
97.86389      2.246778
97.85792      2.254583
97.86248      2.26425
97.86886      2.268833
97.88189      2.273695
97.89125      2.274639
97.89969      2.280389
97.90083      2.277639
97.89492      2.268667
97.89014      2.253472
97.88011      2.247472
97.86958      2.245611
97.8673       2.241722
 1 
 1             26            
1
 -9999.0   ,   9990.0
   7
 4 
98.11616      2.246889
98.10728      2.244806
98.11252      2.253083
98.11616      2.246889
 1 
 1             27            
1
 -9999.0   ,   9990.0
   7
 86 
98.63384      1.963528
98.63402      1.962222
98.63339      1.959222
98.63219      1.957028
98.63033      1.954806
98.62256      1.95125
98.61359      1.940972
98.61128      1.940278
98.60831      1.937972
98.60733      1.934417
98.608        1.932
98.60681      1.930444
98.60756      1.92925
98.60889      1.927361
98.61164      1.925611
98.61581      1.921306
98.61833      1.917472
98.61781      1.910389
98.61628      1.908944
98.61464      1.90775
98.61278      1.907055
98.61048      1.906611
98.60925      1.907722
98.60817      1.909694
98.60661      1.912361
98.60553      1.915222
98.60453      1.916528
98.60342      1.916972
98.60122      1.915639
98.60025      1.914528
98.60003      1.911889
98.60036      1.908583
98.5982       1.905694
98.59708      1.9025
98.59706      1.901611
98.59703      1.899778
98.597        1.898972
98.59661      1.896917
98.59714      1.894889
98.59578      1.891222
98.59031      1.883167
98.58711      1.884778
98.58278      1.884083
98.5805       1.876472
98.57569      1.879472
98.58231      1.890972
98.59008      1.891194
98.59261      1.894139
98.59414      1.897639
98.59534      1.899944
98.59522      1.900611
98.59514      1.901583
98.59478      1.90525
98.59444      1.907361
98.59466      1.910333
98.59631      1.912667
98.59817      1.915417
98.59948      1.918083
98.60089      1.919722
98.60419      1.920194
98.60681      1.918417
98.60902      1.916
98.61078      1.91425
98.61234      1.913806
98.61297      1.915667
98.61297      1.918333
98.61056      1.920306
98.60858      1.921417
98.60714      1.922389
98.60439      1.92625
98.60406      1.928694
98.60406      1.932222
98.60369      1.937611
98.60369      1.943361
98.60456      1.94525
98.60631      1.946139
98.60983      1.945917
98.61181      1.946139
98.614        1.947472
98.61519      1.950444
98.61606      1.952889
98.61792      1.955222
98.62         1.955889
98.62551      1.957444
98.628        1.958556
98.63384      1.963528
 1 
 1             28            
1
 -9999.0   ,   9990.0
   7
 7 
98.61936      1.856972
98.60975      1.855583
98.60519      1.848222
98.60086      1.851222
98.60519      1.858333
98.61022      1.860639
98.61936      1.856972
 1 
 1             29            
1
 -9999.0   ,   9990.0
   7
 11 
99.13475      1.716222
99.13039      1.718528
99.1272       1.722889
99.11941      1.75
99.11806      1.760111
99.1185       1.77575
99.12169      1.770917
99.12195      1.761722
99.12536      1.752083
99.12742      1.736
99.13475      1.716222
 1 
 1             30            
1
 -9999.0   ,   9990.0
   7
 11 
98.82481      1.718917
98.82594      1.709944
98.82484      1.705806
98.82172      1.700056
98.81524      1.688111
98.81045      1.690861
98.81842      1.701917
98.81986      1.705111
98.82183      1.7095
98.82252      1.717306
98.82481      1.718917
 1 
 1             31            
1
 -9999.0   ,   9990.0
   7
 9 
99.14981      1.717139
99.15141      1.708861
99.14572      1.69575
99.15164      1.68725
99.15806      1.682417
99.15141      1.682667
99.14319      1.688417
99.14022      1.696694
99.14981      1.717139
 1 
 1             32            
1
 -9999.0   ,   9990.0
   7
 8 
98.85533      1.505167
98.84803      1.507694
98.85328      1.516194
98.84961      1.5215
98.84961      1.524944
98.85214      1.525389
98.85739      1.515278
98.85533      1.505167
 1 
 1             33            
1
 -9999.0   ,   9990.0
   7
 11 
98.99769      1.329639
99.00134      1.333778
99.01092      1.323889
99.01664      1.315861
99.02098      1.303222
99.02302      1.301139
99.018        1.301361
99.01231      1.304806
99.00066      1.315611
98.99472      1.324805
98.99769      1.329639
 1 
 1             34            
1
 -9999.0   ,   9990.0
   7
 42 
99.00948      1.051389
99.00514      1.050694
98.99897      1.055528
98.99486      1.05575
98.98344      1.051139
98.97753      1.047
98.97044      1.038972
98.96498      1.040583
98.96108      1.044472
98.95925      1.056667
98.95583      1.057111
98.95333      1.055055
98.95172      1.049306
98.95311      1.039194
98.95198      1.034611
98.94922      1.033
98.93394      1.037361
98.93142      1.035972
98.92844      1.044472
98.92756      1.047111
98.9312       1.053889
98.93186      1.057111
98.93528      1.059417
98.93802      1.058722
98.94055      1.054361
98.941        1.048833
98.93916      1.042417
98.94009      1.039889
98.94672      1.037139
98.94783      1.051361
98.94967      1.057111
98.95514      1.062389
98.95903      1.064
98.96314      1.062861
98.96564      1.057111
98.96564      1.048861
98.96909      1.045167
98.97272      1.047
98.98116      1.055528
98.99622      1.0615
99.00011      1.060333
99.00948      1.051389
 1 
 1             35            
1
 -9999.0   ,   9990.0
   7
 13 
99.16211      .382583
99.15756      .378222
99.153        .378
99.15002      .382361
99.14342      .385111
99.13908      .388917
99.13522      .389417
99.1368       .396583
99.14569      .388806
99.1505       .387194
99.15344      .38375
99.16098      .384444
99.16211      .382583
 1 
 1             36            
1
 -9999.0   ,   9990.0
   7
 28 
99.73411      .086944
99.7307       .084889
99.73297      .079139
99.73253      .075694
99.72522      .074333
99.71222      .064472
99.69878      .051611
99.69309      .039
99.69581      .030972
99.69489      .023167
99.69672      .018583
99.70424      .017417
99.70606      .011917
99.69975      .003806
99.69597      .00375
99.69603      .010083
99.69489      .013056
99.69195      .015361
99.69148      .020028
99.68922      .042444
99.69536      .053472
99.70381      .062861
99.70678      6.861101E-02
99.72114      .075944
99.72522      .080056
99.72798      9.061101E-02
99.7307       .090389
99.73411      .086944
