 18 
 1 
 1             1             
1
 -9999.0   ,   9990.0
   7
 121 
36.7589       5
36.80734      5
36.80953      4.998504
36.81597      4.98954
36.83021      4.977366
36.84124      4.97416
36.85455      4.975556
36.85776      4.97763
36.86304      4.977866
36.86832      4.975802
36.86851      4.958246
36.86858      4.951649
36.86751      4.947255
36.86424      4.933701
36.85783      4.916901
36.86175      4.898963
36.85856      4.883317
36.85856      4.875725
36.85536      4.86997
36.85077      4.866284
36.84297      4.854059
36.83932      4.848327
36.82645      4.834627
36.82396      4.831975
36.81181      4.815397
36.79922      4.792607
36.79738      4.796516
36.79554      4.797204
36.79302      4.793059
36.79214      4.765222
36.79468      4.753493
36.8002       4.743839
36.80778      4.739478
36.83917      4.693669
36.84479      4.685462
36.85858      4.668914
36.87351      4.647078
36.87812      4.631209
36.8841       4.623164
36.8965       4.612366
36.90247      4.610993
36.91279      4.611694
36.92128      4.614326
36.9261       4.612859
36.92931      4.608032
36.92932      4.603201
36.92658      4.593766
36.92314      4.588701
36.92291      4.585019
36.92475      4.58065
36.92912      4.578815
36.92614      4.568229
36.92638      4.564548
36.91309      4.54912
36.90484      4.542209
36.89658      4.537598
36.88901      4.535059
36.83855      4.525796
36.81484      4.514354
36.81035      4.512188
36.7959       4.508489
36.79498      4.506647
36.78466      4.502953
36.77641      4.49466
36.76613      4.465659
36.75971      4.458059
36.74688      4.447689
36.74253      4.441865
36.73603      4.42592
36.73063      4.416609
36.72742      4.415454
36.72374      4.426952
36.72304      4.432933
36.72487      4.439837
36.72443      4.441489
36.72395      4.443287
36.72103      4.445369
36.71752      4.447879
36.71269      4.457076
36.71518      4.477784
36.71334      4.484223
36.69816      4.509509
36.69655      4.515258
36.69861      4.522853
36.70113      4.524237
36.71029      4.536443
36.7135       4.538518
36.7151       4.544271
36.72082      4.554401
36.72102      4.555621
36.72196      4.561305
36.72147      4.582469
36.71295      4.606613
36.71179      4.616044
36.71658      4.632844
36.72047      4.642512
36.72757      4.651724
36.74522      4.669231
36.74865      4.677518
36.75782      4.686502
36.76285      4.699162
36.76671      4.735744
36.76277      4.760814
36.76963      4.784287
36.77245      4.787656
36.77329      4.788663
36.78015      4.808686
36.78172      4.836063
36.77826      4.849861
36.76814      4.86618
36.76056      4.874912
36.75734      4.882039
36.75179      4.905085
36.75065      4.909865
36.75293      4.918379
36.75543      4.942536
36.74943      4.968522
36.7533       4.990149
36.75651      4.994064
36.75765      4.998897
36.7589       5
 1 
 1             2             
1
 -9999.0   ,   9990.0
   7
 17 
36.95898      4.990166
36.96105      4.986028
36.9599       4.981426
36.9553       4.974617
36.94822      4.964161
36.94616      4.958178
36.93539      4.939303
36.93172      4.936539
36.92437      4.936301
36.92138      4.940208
36.92115      4.942738
36.92711      4.956547
36.92664      4.964827
36.92916      4.970121
36.942        4.980947
36.94544      4.98026
36.95898      4.990166
 1 
 1             3             
1
 -9999.0   ,   9990.0
   7
 34 
36.99077      4.871042
36.98597      4.854474
36.98462      4.823647
36.97751      4.823639
36.9626       4.819483
36.95135      4.820161
36.94745      4.818546
36.94526      4.819931
36.93252      4.827962
36.9298       4.82889
36.92928      4.829067
36.92311      4.831172
36.91068      4.840952
36.9091       4.842198
36.90858      4.842861
36.90473      4.847764
36.90404      4.848633
36.90145      4.854129
36.89852      4.860359
36.91459      4.860838
36.91803      4.859001
36.92239      4.861307
36.93456      4.858789
36.93823      4.851432
36.93903      4.837305
36.93917      4.83487
36.94124      4.833262
36.94675      4.832578
36.96234      4.843177
36.97267      4.843418
36.97657      4.849173
36.97656      4.854924
36.98733      4.874949
36.99077      4.871042
 1 
 1             4             
1
 -9999.0   ,   9990.0
   7
 9 
36.99422      4.865754
36.99608      4.841142
37.00459      4.822057
37.00736      4.811708
37.00599      4.805265
36.98898      4.823421
36.98462      4.823647
36.98597      4.854474
36.99077      4.871042
 1 
 1             5             
1
 -9999.0   ,   9990.0
   7
 91 
36.98462      4.823647
36.98898      4.823421
37.00599      4.805265
37.00645      4.799284
37.00992      4.773983
37.01544      4.760876
37.01499      4.756735
37.01154      4.75236
36.9971       4.740384
36.99389      4.734169
36.99344      4.729107
36.99827      4.7183
37.00447      4.712095
37.01297      4.706353
37.01366      4.702443
37.00869      4.692385
36.9848       4.64398
36.97611      4.622346
36.97246      4.602327
36.96993      4.598874
36.96695      4.602551
36.95962      4.594492
36.95224      4.589597
36.93462      4.5779
36.92912      4.578815
36.92475      4.58065
36.92291      4.585019
36.92314      4.588701
36.92658      4.593766
36.92932      4.603201
36.92931      4.608032
36.9261       4.612859
36.92128      4.614326
36.91279      4.611694
36.90247      4.610993
36.8965       4.612366
36.8841       4.623164
36.87812      4.631209
36.87351      4.647078
36.85858      4.668914
36.84479      4.685462
36.83917      4.693669
36.80778      4.739478
36.8002       4.743839
36.79468      4.753493
36.79214      4.765222
36.79302      4.793059
36.79554      4.797204
36.79738      4.796516
36.79922      4.792607
36.79785      4.786624
36.79924      4.780416
36.80429      4.77306
36.81027      4.768236
36.8183       4.766866
36.82496      4.762274
36.82977      4.771021
36.8277       4.776309
36.82839      4.778611
36.83941      4.767352
36.84355      4.758385
36.84677      4.755169
36.85664      4.750119
36.86308      4.737245
36.8686       4.73288
36.87342      4.732656
36.87961      4.735884
36.89267      4.751082
36.89818      4.754999
36.91171      4.760306
36.91561      4.763761
36.91881      4.769745
36.91973      4.774807
36.91581      4.791366
36.91764      4.795279
36.92016      4.795742
36.92682      4.790458
36.94128      4.793465
36.95033      4.793824
36.95321      4.793938
36.95757      4.796012
36.96009      4.801307
36.9594       4.804066
36.94883      4.810496
36.94608      4.816245
36.94705      4.817867
36.94745      4.818546
36.95135      4.820161
36.9626       4.819483
36.97751      4.823639
36.98462      4.823647
 6 
 1             6             
1
 -9999.0   ,   9990.0
   7
 633 
36.21082      4.535833
36.2129       4.530546
36.22278      4.521363
36.22647      4.512628
36.22488      4.506183
36.21802      4.494437
36.21414      4.484076
36.21279      4.47211
36.2128       4.462218
36.21532      4.448679
36.21605      4.444739
36.22086      4.43528
36.22319      4.43072
36.2232       4.424738
36.21362      4.393201
36.21987      4.369516
36.21621      4.359386
36.20294      4.346936
36.19951      4.339338
36.19218      4.332651
36.19013      4.328736
36.19014      4.322524
36.19636      4.306892
36.21821      4.277487
36.22235      4.268753
36.22083      4.225037
36.21461      4.206509
36.21194      4.198561
36.21172      4.193269
36.21701      4.185688
36.22573      4.180413
36.23721      4.175144
36.24088      4.172161
36.24411      4.165495
36.24689      4.148475
36.24646      4.13467
36.2451       4.125464
36.24076      4.115793
36.2307       4.099669
36.22571      4.075732
36.22115      4.070146
36.22044      4.069279
36.21958      4.041439
36.20773      3.986071
36.21007      3.977
36.20848      3.970555
36.20794      3.969621
36.19911      3.954201
36.19431      3.94936
36.18262      3.945426
36.18286      3.942895
36.18951      3.939458
36.19502      3.934177
36.19825      3.925441
36.21227      3.908673
36.22607      3.883853
36.23037      3.872489
36.2346       3.861323
36.24126      3.854893
36.24061      3.833496
36.25446      3.780146
36.25265      3.77048
36.27144      3.771206
36.2742       3.767761
36.27514      3.755799
36.2768       3.750708
36.27791      3.747292
36.2745       3.73279
36.26993      3.722889
36.2493       3.710624
36.24727      3.70812
36.24796      3.705821
36.25255      3.704219
36.25349      3.688347
36.25258      3.684894
36.24616      3.687642
36.2441       3.685107
36.24274      3.675442
36.24         3.673136
36.23587      3.673818
36.22923      3.669894
36.22235      3.672181
36.21938      3.668954
36.21802      3.663889
36.21714      3.643182
36.219        3.630072
36.21832      3.620868
36.21808      3.620085
36.21332      3.604753
36.20856      3.574835
36.20973      3.560573
36.20772      3.534341
36.21887      3.496459
36.22064      3.490425
36.21974      3.483751
36.22089      3.479382
36.21953      3.472707
36.22137      3.466729
36.22619      3.464208
36.22895      3.460073
36.23081      3.443972
36.23427      3.433166
36.23267      3.42695
36.24119      3.407413
36.2506       3.401218
36.25636      3.384205
36.25645      3.38336
36.25775      3.371784
36.2525       3.360502
36.25252      3.35544
36.25666      3.343255
36.2553       3.338421
36.25278      3.336346
36.23857      3.338619
36.23193      3.336305
36.22347      3.328006
36.21385      3.325917
36.21294      3.323844
36.21432      3.321547
36.22762      3.314441
36.23771      3.306639
36.27008      3.272653
36.28109      3.265543
36.29029      3.245546
36.29902      3.232678
36.30063      3.224629
36.2986       3.207832
36.29971      3.204454
36.30252      3.195876
36.30322      3.186446
36.30529      3.182999
36.30919      3.182316
36.31833      3.190615
36.32383      3.191545
36.32773      3.190402
36.33048      3.188337
36.35964      3.147211
36.37502      3.127455
36.38742      3.107232
36.39478      3.091832
36.39386      3.08976
36.38951      3.090903
36.3886       3.08699
36.39711      3.068141
36.4044       3.040036
36.40725      3.029052
36.40519      3.028128
36.39946      3.031109
36.39763      3.028345
36.39901      3.024896
36.41439      3.00514
36.41739      2.991803
36.42129      2.985598
36.43322      2.972737
36.44491      2.967466
36.46042      2.950861
36.46487      2.946106
36.4839       2.931645
36.50637      2.912359
36.51462      2.908232
36.51829      2.903407
36.51958      2.897294
36.52106      2.8903
36.52381      2.886164
36.52656      2.885708
36.53205      2.889397
36.53731      2.890096
36.54236      2.886653
36.54762      2.891262
36.55311      2.890121
36.55975      2.894732
36.5657       2.896121
36.56822      2.894975
36.56937      2.888536
36.58037      2.884872
36.58632      2.886032
36.59182      2.88397
36.62525      2.88333
36.64699      2.892334
36.65614      2.892576
36.66967      2.883855
36.68226      2.882493
36.69626      2.861579
36.70085      2.848934
36.70317      2.830994
36.70157      2.824322
36.69676      2.824775
36.69563      2.819943
36.69977      2.801546
36.69817      2.796484
36.70185      2.790739
36.70048      2.785676
36.7037       2.775789
36.70302      2.769347
36.6996       2.756691
36.70282      2.750945
36.70283      2.741514
36.70627      2.735079
36.70673      2.730479
36.70468      2.723806
36.69943      2.717357
36.69417      2.71505
36.68569      2.716418
36.68364      2.712735
36.68364      2.707675
36.69029      2.702853
36.6919       2.698945
36.69098      2.696184
36.68572      2.694336
36.68413      2.691113
36.68527      2.688585
36.69191      2.689055
36.69422      2.671577
36.69058      2.659151
36.69197      2.646042
36.69772      2.624429
36.69684      2.599817
36.69822      2.590388
36.69528      2.570143
36.69235      2.565273
36.68934      2.560245
36.68843      2.553574
36.69029      2.534946
36.69374      2.5223
36.69101      2.511716
36.69032      2.509646
36.69491      2.499302
36.69837      2.481137
36.69632      2.473774
36.69221      2.466639
36.69336      2.46112
36.69154      2.458818
36.68902      2.460194
36.68741      2.463641
36.68489      2.463868
36.6769       2.454657
36.67369      2.454653
36.66525      2.436011
36.65291      2.424954
36.64903      2.417819
36.64216      2.417118
36.63783      2.403313
36.63487      2.399398
36.63258      2.400085
36.63189      2.402844
36.63394      2.408367
36.63302      2.409285
36.63119      2.408822
36.62594      2.402605
36.6241       2.402372
36.62342      2.403751
36.62616      2.409045
36.62615      2.412265
36.6202       2.414096
36.61722      2.413861
36.61495      2.405349
36.60992      2.398441
36.60237      2.40027
36.5932       2.411755
36.58816      2.412208
36.57819      2.408066
36.55592      2.398818
36.55043      2.39881
36.54585      2.401562
36.53828      2.41305
36.53436      2.428453
36.52932      2.432355
36.52356      2.455115
36.52401      2.463625
36.52767      2.467311
36.52902      2.476513
36.52673      2.484952
36.52603      2.487548
36.52648      2.493069
36.53059      2.502736
36.53172      2.510787
36.53079      2.520676
36.52231      2.529863
36.52113      2.545271
36.51241      2.565037
36.50416      2.569624
36.49591      2.57766
36.4847       2.592956
36.4826       2.595809
36.47342      2.613735
36.47253      2.613981
36.46565      2.61589
36.45693      2.618307
36.45166      2.621518
36.43674      2.647945
36.43256      2.68428
36.43347      2.690722
36.44174      2.702715
36.44602      2.708915
36.44556      2.713284
36.43731      2.71672
36.42286      2.736938
36.42262      2.743148
36.4258       2.754654
36.42442      2.760402
36.39229      2.807041
36.38952      2.818308
36.38516      2.825201
36.38583      2.836473
36.38238      2.844748
36.37344      2.852553
36.36587      2.85691
36.33197      2.86651
36.32144      2.872192
36.31753      2.874304
36.31179      2.882115
36.30835      2.884179
36.27169      2.901362
36.26847      2.905957
36.26616      2.917914
36.25903      2.934923
36.25946      2.950796
36.25783      2.964825
36.25576      2.970572
36.25209      2.971485
36.2484       2.962589
36.2473       2.959974
36.24296      2.957895
36.2228       2.963377
36.21432      2.96405
36.20355      2.969549
36.18775      2.968138
36.17676      2.969035
36.17012      2.967181
36.16532      2.965331
36.16165      2.965554
36.14699      2.969204
36.13679      2.967374
36.12753      2.965713
36.12523      2.970079
36.11973      2.972828
36.11858      2.975816
36.11949      2.978835
36.12177      2.986404
36.12083      2.994684
36.12402      3.000442
36.12126      3.008028
36.11965      3.013545
36.12101      3.018839
36.12833      3.022535
36.13035      3.046924
36.12737      3.047378
36.12393      3.04553
36.11639      3.037693
36.11389      3.030786
36.11183      3.029632
36.10931      3.030317
36.10471      3.041579
36.09869      3.073082
36.09867      3.081194
36.09866      3.083664
36.09635      3.093551
36.09199      3.099753
36.07847      3.105476
36.06999      3.106378
36.059        3.106124
36.0503       3.103114
36.04067      3.105163
36.03289      3.104226
36.01023      3.097504
35.98972      3.102365
35.966        3.107986
35.95112      3.105652
35.94495      3.102416
35.93922      3.102173
35.92685      3.105825
35.91448      3.106486
35.91195      3.109471
35.914        3.117068
35.91146      3.122583
35.90595      3.127861
35.89129      3.131047
35.88323      3.130367
35.88007      3.1301
35.86814      3.136743
35.86495      3.140197
35.87913      3.14045
35.88715      3.136328
35.90525      3.134761
35.91219      3.131909
35.91305      3.131558
35.91902      3.124901
35.91996      3.112481
35.925        3.109962
35.9399       3.107926
35.95637      3.113945
35.9653       3.114886
35.98089      3.111241
35.99739      3.105067
36.00518      3.104164
36.01981      3.107609
36.03379      3.110899
36.04547      3.110235
36.0647       3.116488
36.07799      3.115827
36.0931       3.114249
36.10411      3.109671
36.12773      3.092237
36.13438      3.090641
36.1374       3.091154
36.14537      3.092504
36.14971      3.095504
36.15337      3.101262
36.15518      3.109778
36.15494      3.118519
36.14847      3.143351
36.14595      3.144266
36.14115      3.140805
36.14045      3.143565
36.1525       3.19167
36.15262      3.193703
36.15427      3.222041
36.15289      3.224108
36.14785      3.225479
36.14741      3.216506
36.14123      3.215802
36.14033      3.206828
36.13827      3.204294
36.13529      3.204747
36.12037      3.2199
36.11625      3.221962
36.1112       3.222871
36.10502      3.220327
36.10204      3.220782
36.09723      3.224452
36.08438      3.224125
36.07753      3.22395
36.06997      3.226234
36.03029      3.248462
36.02661      3.254205
36.02475      3.266165
36.01278      3.295355
36.00887      3.299717
36.00083      3.304969
35.99236      3.310493
35.97537      3.325639
35.96206      3.335041
35.95817      3.332501
35.95749      3.330199
35.96255      3.320318
35.96026      3.319622
35.95131      3.326044
35.94488      3.333851
35.94235      3.338906
35.93762      3.36828
35.93631      3.376392
35.93984      3.438517
35.94709      3.471893
35.94753      3.480866
35.94604      3.493669
35.94099      3.537217
35.93752      3.548942
35.93384      3.554686
35.92811      3.557433
35.92146      3.556958
35.91987      3.553503
35.93091      3.537194
35.93852      3.514895
35.93823      3.511507
35.93785      3.507071
35.93375      3.496249
35.92758      3.486342
35.92072      3.478733
35.91637      3.478953
35.89938      3.493867
35.89319      3.496844
35.89226      3.501673
35.90388      3.529308
35.89883      3.534817
35.88966      3.536636
35.88851      3.539165
35.89266      3.542934
35.89308      3.543316
35.89582      3.548154
35.89581      3.551606
35.89052      3.559185
35.8811       3.569055
35.86389      3.582128
35.85265      3.586932
35.84277      3.597721
35.83725      3.60622
35.8342       3.634051
35.83443      3.641266
35.83463      3.647626
35.83778      3.669491
35.8373       3.680993
35.83196      3.708128
35.83307      3.723315
35.83579      3.735976
35.84695      3.764532
35.8481       3.765225
35.85104      3.781337
35.85238      3.793534
35.85715      3.814022
35.85845      3.844855
35.85705      3.857275
35.85998      3.879369
35.85514      3.88971
35.85283      3.90564
35.85257      3.90742
35.85317      3.944232
35.86114      3.968409
35.86318      3.979918
35.86589      3.995569
35.86954      4.004551
35.87577      4.016302
35.88347      4.030812
35.91746      4.103365
35.92843      4.117885
35.93117      4.124333
35.93047      4.128933
35.92333      4.146402
35.92375      4.159517
35.92164      4.180448
35.92481      4.199321
35.92434      4.204381
35.9221       4.279839
35.91931      4.296857
35.91994      4.322396
35.92078      4.356217
35.9244       4.377852
35.93258      4.413761
35.94444      4.444616
35.94456      4.445419
35.94624      4.456354
35.94734      4.478212
35.94618      4.487872
35.94065      4.496372
35.93903      4.5035
35.94655      4.525373
35.94743      4.541019
35.94949      4.542404
35.9534       4.540342
35.95397      4.543032
35.95429      4.5445
35.9577       4.560501
35.95865      4.564954
35.95998      4.571185
35.96568      4.585922
35.97942      4.599066
35.9911       4.604145
35.99272      4.604848
35.99386      4.606921
36.00427      4.603934
36.0058       4.603497
36.00671      4.605109
36.00627      4.607495
36.00532      4.612698
36.01103      4.622373
36.01906      4.627452
36.02708      4.62885
36.0264       4.624938
36.02159      4.621476
36.02022      4.618712
36.02253      4.612046
36.02048      4.60606
36.02163      4.601461
36.02854      4.592044
36.02511      4.584675
36.02535      4.582375
36.02994      4.580775
36.02606      4.569724
36.02699      4.566045
36.02844      4.564843
36.03779      4.557096
36.03964      4.549048
36.04817      4.529742
36.04362      4.512478
36.04523      4.510641
36.04867      4.512029
36.05989      4.524016
36.05517      4.540756
36.05087      4.555975
36.04212      4.57367
36.04508      4.581038
36.04185      4.591844
36.0439       4.596219
36.05217      4.593477
36.05835      4.600162
36.06109      4.605459
36.06062      4.607234
36.05993      4.609828
36.05328      4.611653
36.05258      4.613722
36.05487      4.618328
36.05967      4.62363
36.06495      4.624332
36.07666      4.621136
36.08079      4.622986
36.08696      4.634501
36.08856      4.635885
36.09269      4.635664
36.10534      4.620047
36.11292      4.616152
36.12715      4.614341
36.15815      4.603824
36.16182      4.604981
36.16318      4.611195
36.16019      4.61556
36.15399      4.618768
36.15022      4.618307
36.14826      4.618066
36.14066      4.627253
36.1398       4.630118
36.13859      4.63415
36.14201      4.641749
36.14934      4.650966
36.153        4.652354
36.16218      4.653523
36.18353      4.647125
36.19319      4.637022
36.19436      4.625982
36.2008       4.617713
36.20601      4.604637
36.20795      4.599783
36.20635      4.596098
36.19878      4.596774
36.19489      4.590785
36.18937      4.594915
36.17721      4.59351
36.17561      4.590746
36.17746      4.585918
36.19193      4.577205
36.19358      4.556964
36.19542      4.552596
36.20046      4.555367
36.20665      4.5563
36.21082      4.535833
 1             6             2 
1
 -9999.0   ,   9990.0
   7
 8 
36.05103      4.04822
36.05333      4.048686
36.05607      4.054674
36.05169      4.064787
36.04276      4.059016
36.04254      4.055104
36.04599      4.0489
36.05103      4.04822
 1             6             3 
1
 -9999.0   ,   9990.0
   7
 10 
36.04904      3.479714
36.05499      3.480187
36.05888      3.486868
36.05725      3.495837
36.05496      3.498362
36.03869      3.496256
36.03641      3.4928
36.03872      3.485443
36.04331      3.481312
36.04904      3.479714
 1             6             4 
1
 -9999.0   ,   9990.0
   7
 20 
36.12071      3.052194
36.13857      3.058443
36.14565      3.063289
36.15091      3.069281
36.15479      3.077111
36.15638      3.082175
36.15546      3.086313
36.15271      3.086078
36.14061      3.067649
36.13786      3.066953
36.13556      3.069939
36.13486      3.077759
36.1101       3.09358
36.10735      3.092424
36.1074       3.091635
36.10853      3.074023
36.11382      3.066443
36.11361      3.05471
36.11545      3.052644
36.12071      3.052194
 1             6             5 
1
 -9999.0   ,   9990.0
   7
 6 
36.62515      2.632605
36.62835      2.63767
36.62078      2.644099
36.61942      2.639727
36.62171      2.63513
36.62515      2.632605
 1             6             6 
1
 -9999.0   ,   9990.0
   7
 30 
36.58309      2.590909
36.58973      2.59253
36.59774      2.591852
36.60232      2.595079
36.60345      2.602441
36.60664      2.608886
36.61121      2.612573
36.61509      2.621089
36.6137       2.637418
36.61597      2.646162
36.61619      2.653523
36.61458      2.660421
36.60838      2.669612
36.60653      2.68548
36.60356      2.685936
36.59925      2.681771
36.59784      2.680407
36.59234      2.686149
36.58959      2.685685
36.58639      2.680849
36.58321      2.669114
36.58073      2.643348
36.5677       2.625847
36.56771      2.622857
36.57366      2.622176
36.57527      2.617579
36.57437      2.609987
36.57621      2.603319
36.58125      2.598037
36.58309      2.590909
 1 
 1             7             
1
 -9999.0   ,   9990.0
   7
 53 
37.18873      3.501428
37.19011      3.499358
37.19492      3.499362
37.1995       3.502126
37.20915      3.502559
37.22042      3.502961
37.22746      3.499847
37.22907      3.493866
37.22908      3.473621
37.23069      3.46649
37.23803      3.457523
37.23918      3.452923
37.23322      3.443946
37.2314       3.431291
37.23292      3.42006
37.23301      3.419329
37.23119      3.402533
37.2257       3.396547
37.22135      3.396774
37.2069       3.408957
37.20072      3.411023
37.19178      3.408024
37.18629      3.398818
37.17919      3.39214
37.17484      3.391906
37.17117      3.393974
37.16795      3.404324
37.16383      3.409152
37.16062      3.40984
37.1565       3.406385
37.15048      3.404319
37.14642      3.402926
37.14321      3.404304
37.13794      3.411201
37.12556      3.416022
37.12487      3.418552
37.1267       3.423155
37.13517      3.428684
37.13723      3.432136
37.13127      3.438573
37.12921      3.444322
37.13126      3.450306
37.13538      3.4533
37.14363      3.454228
37.15944      3.459302
37.1644       3.464041
37.16851      3.46797
37.17317      3.472427
37.17518      3.476463
37.17546      3.47703
37.17568      3.492675
37.1798       3.502111
37.18873      3.501428
 1 
 1             8             
1
 -9999.0   ,   9990.0
   7
 169 
37.07232      3.256313
37.06909      3.275635
37.07047      3.279317
37.06976      3.297951
37.07136      3.305774
37.07456      3.308538
37.07937      3.307622
37.10803      3.289243
37.14049      3.284064
37.15247      3.28215
37.16484      3.28193
37.1708       3.283546
37.17354      3.287919
37.16873      3.297808
37.17445      3.301723
37.18086      3.301959
37.18453      3.304032
37.19184      3.325203
37.19505      3.324745
37.19757      3.319916
37.20949      3.308653
37.21407      3.309576
37.21728      3.31326
37.2195       3.317418
37.22392      3.325688
37.22735      3.327531
37.23262      3.326385
37.2356       3.323396
37.23515      3.316264
37.23767      3.308443
37.24409      3.302927
37.28488      3.28179
37.29061      3.275123
37.29612      3.264313
37.29681      3.256952
37.29453      3.234175
37.29476      3.233151
37.29683      3.223594
37.29935      3.218535
37.31563      3.201521
37.32021      3.188181
37.32869      3.180595
37.33557      3.171857
37.342        3.148856
37.34498      3.143567
37.35872      3.135293
37.36316      3.133793
37.37774      3.128862
37.38415      3.124495
37.38828      3.116906
37.3892       3.099883
37.39814      3.090226
37.40295      3.087928
37.40983      3.07965
37.42197      3.059182
37.42793      3.045842
37.42914      3.036163
37.42954      3.032961
37.44124      3.001221
37.44101      2.99478
37.43804      2.983966
37.43438      2.978443
37.43117      2.977292
37.42155      2.978207
37.40438      2.976588
37.39477      2.972902
37.37759      2.971972
37.37103      2.974381
37.35194      2.98139
37.33911      2.989893
37.33293      2.990119
37.32903      2.985746
37.33041      2.980226
37.33912      2.967349
37.33912      2.964819
37.34348      2.959761
37.36592      2.948502
37.37074      2.943444
37.36776      2.93286
37.36593      2.931939
37.3586       2.938606
37.35242      2.939292
37.35288      2.931472
37.36136      2.918825
37.36228      2.914454
37.36183      2.908474
37.35451      2.888916
37.35016      2.884083
37.3449       2.870048
37.34491      2.854176
37.34331      2.848884
37.33599      2.836918
37.33004      2.832774
37.32569      2.827481
37.31814      2.816434
37.31815      2.813214
37.31243      2.804699
37.31128      2.8139
37.31607      2.833455
37.31493      2.836905
37.30257      2.820565
37.29891      2.817802
37.29479      2.81803
37.29295      2.83114
37.2934       2.838271
37.29957      2.858058
37.29957      2.863119
37.31033      2.873017
37.31536      2.879921
37.32062      2.891196
37.32222      2.899018
37.31717      2.918338
37.32037      2.928691
37.31692      2.948242
37.31943      2.962966
37.31783      2.968716
37.31278      2.976534
37.31026      2.983664
37.30292      2.996081
37.30224      3.000452
37.30383      3.004364
37.31253      3.0115
37.33405      3.024396
37.33588      3.026928
37.33359      3.038659
37.33175      3.042798
37.32465      3.046474
37.2991       3.046794
37.28961      3.046912
37.28297      3.051278
37.27998      3.060248
37.27586      3.059785
37.27471      3.062775
37.27013      3.066683
37.26097      3.068516
37.25707      3.071964
37.25203      3.082313
37.24859      3.085531
37.24262      3.10209
37.24605      3.110604
37.25773      3.118204
37.26047      3.123497
37.25759      3.131489
37.25565      3.136837
37.25565      3.142588
37.2616       3.151334
37.2703       3.158931
37.27236      3.165145
37.26868      3.178945
37.25308      3.218503
37.24116      3.231147
37.2336       3.235513
37.23045      3.23643
37.2265       3.237578
37.20725      3.249296
37.18387      3.25917
37.17359      3.233166
37.16947      3.227181
37.16374      3.222345
37.14657      3.21842
37.13889      3.206963
37.12529      3.186654
37.1198       3.181819
37.11522      3.182735
37.10582      3.192159
37.0939       3.2002
37.08106      3.214221
37.07624      3.22894
37.07232      3.256313
 1 
 1             9             
1
 -9999.0   ,   9990.0
   7
 62 
37.38448      2.921368
37.39434      2.903661
37.41633      2.881359
37.41771      2.87837
37.41725      2.873309
37.42665      2.84364
37.43536      2.835593
37.44177      2.831685
37.45716      2.828279
37.4594       2.827783
37.46673      2.828246
37.47039      2.827098
37.47886      2.820201
37.49284      2.801575
37.49674      2.789385
37.50269      2.781337
37.50315      2.776276
37.50178      2.771675
37.49949      2.770064
37.49262      2.772362
37.4814       2.785928
37.47613      2.789376
37.4688       2.789603
37.46514      2.787761
37.4608       2.773957
37.45073      2.760381
37.43471      2.754393
37.41937      2.746335
37.41571      2.742653
37.41297      2.744262
37.40793      2.744488
37.40014      2.742185
37.39648      2.739192
37.38618      2.735276
37.3784       2.735962
37.37199      2.739869
37.3658       2.748376
37.36534      2.756427
37.36899      2.77253
37.36876      2.778051
37.36555      2.78909
37.36074      2.798979
37.35822      2.801277
37.35318      2.802654
37.36324      2.821292
37.3685       2.834407
37.37101      2.84499
37.36918      2.862701
37.35978      2.873507
37.35634      2.888227
37.35451      2.888916
37.36183      2.908474
37.36228      2.914454
37.36136      2.918825
37.35288      2.931472
37.35242      2.939292
37.3586       2.938606
37.36593      2.931939
37.36776      2.93286
37.37074      2.943444
37.37555      2.938846
37.38448      2.921368
 1 
 1             10            
1
 -9999.0   ,   9990.0
   7
 20 
37.35451      2.888916
37.35634      2.888227
37.35978      2.873507
37.36918      2.862701
37.37101      2.84499
37.3685       2.834407
37.36324      2.821292
37.35318      2.802654
37.35066      2.804953
37.34334      2.803569
37.34081      2.806327
37.33944      2.813227
37.34378      2.831862
37.34194      2.835542
37.33599      2.836918
37.34331      2.848884
37.34491      2.854176
37.3449       2.870048
37.35016      2.884083
37.35451      2.888916
 1 
 1             11            
1
 -9999.0   ,   9990.0
   7
 6 
36.26089      2.674996
36.26548      2.668794
36.26595      2.661895
36.26206      2.663728
36.26022      2.668094
36.26089      2.674996
 1 
 1             12            
1
 -9999.0   ,   9990.0
   7
 26 
36.5427       2.214585
36.53698      2.215036
36.53148      2.220086
36.52689      2.227208
36.52459      2.233873
36.52619      2.237556
36.53167      2.243083
36.53737      2.254821
36.5408       2.256896
36.56117      2.257159
36.56827      2.25372
36.5733       2.255107
36.57971      2.248678
36.58293      2.241094
36.58363      2.231206
36.58236      2.223487
36.58204      2.221545
36.57998      2.218093
36.57449      2.217164
36.56832      2.218304
36.56671      2.220142
36.56579      2.22543
36.56281      2.226345
36.55459      2.219433
36.5459       2.21482
36.5427       2.214585
 1 
 1             13            
1
 -9999.0   ,   9990.0
   7
 12 
36.3747       1.369246
36.37349      1.369616
36.37143      1.37375
36.37143      1.375298
36.37142      1.379266
36.37169      1.37999
36.37893      1.399046
36.38144      1.39997
36.38285      1.377678
36.37921      1.369167
36.37647      1.368702
36.3747       1.369246
 1 
 1             14            
1
 -9999.0   ,   9990.0
   7
 8 
36.78001      .94227
36.77522      .940187
36.77293      .940869
36.76927      .943614
36.76857      .947058
36.77176      .949136
36.7784       .945481
36.78001      .94227
 2 
 1             15            
1
 -9999.0   ,   9990.0
   7
 74 
36.12373      .573802
36.12787      .566698
36.12834      .562337
36.12584      .559571
36.11852      .56115
36.11511      .559529
36.10789      .551547
36.0994       .546376
36.09775      .546653
36.08707      .546327
36.08571      .544714
36.08275      .543095
36.07926      .538552
36.07797      .536875
36.07045      .535008
36.06679      .535912
36.05668      .552406
36.05343      .564565
36.05228      .568465
36.04632      .572345
36.03996      .578959
36.03005      .589274
36.02244      .606009
36.02265      .611981
36.02582      .618884
36.03013      .624644
36.03561      .625125
36.03763      .635469
36.03647      .639828
36.02868      .64439
36.0234       .652407
36.02269      .658836
36.02697      .672634
36.02794      .685132
36.02893      .697908
36.03212      .700447
36.03966      .700018
36.04193      .702324
36.04804      .717739
36.05146      .718671
36.05263      .710636
36.05559      .712716
36.05782      .726047
36.06626      .729297
36.06696      .726773
36.06469      .721021
36.06699      .717815
36.07563      .728186
36.07746      .727504
36.07979      .716717
36.07773      .712459
36.07457      .705901
36.07482      .701997
36.07986      .696964
36.08493      .684811
36.08882      .684826
36.0915       .682147
36.09203      .681623
36.1003       .666727
36.10308      .65801
36.10104      .653408
36.09557      .651779
36.09101      .648545
36.09742      .644436
36.10656      .641946
36.10935      .630473
36.11557      .617177
36.11695      .613967
36.12222      .608935
36.12384      .604807
36.12372      .603995
36.12095      .584126
36.12097      .578614
36.12373      .573802
 1             15            2 
1
 -9999.0   ,   9990.0
   7
 14 
36.07134      .599775
36.07339      .600473
36.07358      .609201
36.07904      .613816
36.08386      .609242
36.08492      .629687
36.08218      .629217
36.07787      .622998
36.07669      .631951
36.06781      .626174
36.06122      .615582
36.0626       .613061
36.06603      .612386
36.07134      .599775
 1 
 1             16            
1
 -9999.0   ,   9990.0
   7
 8 
35.61934      .637779
35.63045      .636936
35.6332       .633963
35.63139      .631428
35.62507      .630299
35.62082      .630613
35.61935      .633185
35.61934      .637779
 1 
 1             17            
1
 -9999.0   ,   9990.0
   7
 36 
36.08172      .335965
36.08652      .335525
36.08719      .334749
36.0879       .333923
36.09045      .323831
36.08775      .312799
36.08778      .305682
36.09031      .299493
36.1178       .274347
36.11918      .271367
36.11559      .257119
36.11538      .25069
36.12103      .223537
36.12445      .207106
36.12426      .197923
36.12087      .189645
36.1145       .182962
36.11245      .183413
36.10967      .192815
36.11011      .196489
36.11694      .200649
36.11648      .202942
36.11488      .204314
36.10826      .20268
36.10598      .204049
36.08756      .244381
36.08571      .249654
36.08877      .285481
36.08692      .291673
36.0814       .301064
36.08138      .305886
36.07452      .311139
36.07222      .315492
36.07151      .321459
36.07513      .32905
36.08172      .335965
 1 
 1             18            
1
 -9999.0   ,   9990.0
   7
 11 
35.33068      .289229
35.33866      .290875
35.34392      .290442
35.34849      .287938
35.34304      .281942
35.34008      .28078
35.33943      .27366
35.33693      .271811
35.33373      .273172
35.33094      .282572
35.33068      .289229
