 10 
 1 
 1             1             
1
 -9999.0   ,   9990.0
   7
 15 
109.933       .000167
109.9331      0
109.9068      0
109.9064      .001139
109.907       .003889
109.9123      .00325
109.9145      .006917
109.9127      .009667
109.9065      .011
109.9076      .013306
109.9176      .015222
109.9216      .009056
109.9245      .008139
109.9277      9.332999E-03
109.933       .000167
 1 
 1             2             
1
 -9999.0   ,   9990.0
   7
 21 
109.2352      .016944
109.2383      .022694
109.236       .026583
109.235       .027056
109.2204      .033583
109.2097      .041528
109.198       .047611
109.2         .053833
109.2396      .028222
109.2579      .020806
109.2808      9.278001E-03
109.3063      .002306
109.3147      0
109.2881      0
109.2859      .001528
109.2745      .003944
109.261       .010056
109.2535      .011917
109.2468      .013583
109.2386      .017194
109.2352      .016944
 1 
 1             3             
1
 -9999.0   ,   9990.0
   7
 12 
108.2228      3.8245
108.2295      3.817833
108.2341      3.809972
108.2358      3.807111
108.236       3.804361
108.2281      3.786028
108.2221      3.789028
108.2249      3.79
108.2291      3.809806
108.2264      3.81625
108.2038      3.837472
108.2228      3.8245
 1 
 1             4             
1
 -9999.0   ,   9990.0
   7
 98 
109.4073      1.832528
109.3973      1.831528
109.3932      1.829194
109.3921      1.825972
109.3942      1.822306
109.3963      1.821361
109.3977      1.820472
109.3971      1.819361
109.3892      1.817444
109.386       1.813972
109.3874      1.810306
109.4013      1.810861
109.4109      1.819222
109.4189      1.817444
109.426       1.810139
109.429       1.803056
109.4275      1.79775
109.4221      1.790583
109.423       1.787139
109.4299      1.782583
109.4343      1.773444
109.4316      1.771333
109.4288      1.772472
109.4263      1.779806
109.4161      1.789389
109.4238      1.801861
109.4226      1.80575
109.4164      1.811917
109.4111      1.813944
109.4071      1.809083
109.403       1.807194
109.3991      1.807639
109.3918      1.805028
109.3903      1.805194
109.3854      1.805667
109.3715      1.825806
109.3634      1.833778
109.361       1.833528
109.3564      1.830028
109.3469      1.816167
109.3299      1.798333
109.3217      1.794583
109.3149      1.793389
109.2971      1.785194
109.2946      1.790222
109.308       1.79975
109.3144      1.800278
109.3267      1.801306
109.342       1.828306
109.35        1.835278
109.3586      1.839472
109.3602      1.841806
109.3608      1.854667
109.3656      1.858389
109.368       1.863
109.3673      1.868056
109.3696      1.871972
109.3755      1.875028
109.3809      1.874389
109.3826      1.868417
109.3874      1.862695
109.3822      1.862444
109.3778      1.871139
109.375       1.870889
109.3728      1.868778
109.3704      1.857278
109.3654      1.852861
109.3638      1.848722
109.3643      1.84
109.3675      1.838444
109.3726      1.835917
109.377       1.832056
109.3795      1.822861
109.3832      1.818528
109.3862      1.820389
109.3898      1.831472
109.3927      1.834472
109.4         1.83475
109.4048      1.837111
109.3965      1.848528
109.3971      1.852667
109.4058      1.857556
109.4154      1.858111
109.4273      1.852444
109.4286      1.854083
109.4288      1.863944
109.4311      1.867472
109.4327      1.861917
109.4312      1.851556
109.4287      1.848333
109.4248      1.848306
109.4158      1.8535
109.4104      1.853917
109.4053      1.853194
109.4013      1.84925
109.4096      1.839667
109.4105      1.835306
109.4073      1.832528
 1 
 1             5             
1
 -9999.0   ,   9990.0
   7
 9 
109.7869      1.791361
109.7804      1.798667
109.7739      1.810111
109.7755      1.813583
109.7794      1.810611
109.7875      1.804944
109.7914      1.799917
109.791       1.791861
109.7869      1.791361
 1 
 1             6             
1
 -9999.0   ,   9990.0
   7
 156 
108.9614      1.180694
108.957       1.193528
108.9676      1.204417
108.9767      1.209778
108.9819      1.211194
109.0034      1.213
109.0176      1.211778
109.023       1.211333
109.045       1.205306
109.0525      1.205139
109.0729      1.215667
109.081       1.219861
109.1034      1.238667
109.1152      1.241972
109.1284      1.243694
109.135       1.249278
109.1442      1.275778
109.1527      1.292611
109.1708      1.319417
109.1956      1.351111
109.2074      1.365694
109.2155      1.381167
109.2297      1.39575
109.234       1.398306
109.2278      1.408361
109.2238      1.424667
109.2182      1.437472
109.2182      1.441167
109.2231      1.455667
109.222       1.458389
109.2168      1.471028
109.2176      1.475861
109.221       1.481167
109.2254      1.482278
109.2276      1.482833
109.2353      1.489556
109.2415      1.490306
109.2538      1.488806
109.2678      1.49075
109.278       1.490139
109.2954      1.482694
109.3153      1.485389
109.3352      1.485333
109.3402      1.487889
109.3429      1.492278
109.3444      1.501028
109.3424      1.519
109.3435      1.531583
109.3516      1.545944
109.3536      1.541917
109.3516      1.540861
109.3476      1.533
109.344       1.519417
109.3476      1.502889
109.3474      1.495528
109.3434      1.486556
109.3391      1.483278
109.3304      1.480472
109.3082      1.481055
109.3073      1.480889
109.2975      1.479056
109.2898      1.479667
109.2765      1.486917
109.2671      1.488222
109.2495      1.485083
109.2411      1.486389
109.2363      1.484972
109.2293      1.478472
109.2238      1.476861
109.2229      1.476583
109.2211      1.473111
109.2265      1.457306
109.227       1.451583
109.2245      1.442389
109.2234      1.438222
109.2324      1.40725
109.2409      1.396528
109.2519      1.387889
109.2575      1.3845
109.2606      1.385194
109.2646      1.402028
109.2689      1.40825
109.2782      1.416611
109.2903      1.424889
109.3113      1.439167
109.3239      1.441111
109.3318      1.444389
109.3478      1.455083
109.3528      1.455139
109.3718      1.44725
109.3791      1.446833
109.3846      1.4485
109.3952      1.455472
109.4037      1.455556
109.4126      1.452861
109.431       1.434639
109.4355      1.432639
109.4361      1.432361
109.4582      1.430028
109.4612      1.426611
109.4736      1.406306
109.4802      1.3955
109.4891      1.395111
109.4921      1.393528
109.491       1.391917
109.4791      1.392278
109.4756      1.395472
109.461       1.41975
109.4573      1.425889
109.4546      1.427472
109.4418      1.428694
109.4391      1.428944
109.4331      1.429583
109.4267      1.434139
109.4136      1.448722
109.4014      1.453
109.3839      1.444139
109.3668      1.445611
109.3521      1.451694
109.3471      1.451417
109.3308      1.440472
109.3266      1.437694
109.3136      1.437361
109.2753      1.409917
109.2687      1.4025
109.2665      1.39675
109.2647      1.384556
109.2616      1.380167
109.2556      1.380333
109.2384      1.391222
109.2378      1.391333
109.2343      1.391889
109.23        1.389556
109.2214      1.38075
109.2176      1.373361
109.2147      1.359306
109.184       1.321833
109.1736      1.306806
109.1671      1.292278
109.1491      1.255833
109.1414      1.244722
109.1333      1.238
109.1217      1.233778
109.1112      1.227944
109.0879      1.207056
109.078       1.202194
109.0774      1.201917
109.0608      1.197167
109.0524      1.196417
109.0327      1.197861
109.0147      1.196083
108.9809      1.197167
108.9746      1.188167
108.9737      1.186889
108.9701      1.181694
108.9614      1.180694
 1 
 1             7             
1
 -9999.0   ,   9990.0
   7
 12 
109.0275      .7595
109.0259      .756972
109.0209      .754611
109.017       .756417
109.0103      .767389
109.0094      .771528
109.0121      .77475
109.0153      .770194
109.0187      .76975
109.0215      .773
109.0242      .771194
109.0275      .7595
 1 
 1             8             
1
 -9999.0   ,   9990.0
   7
 7 
109.1253      .763556
109.1158      .76325
109.1121      .7655
109.1157      .768278
109.1276      .766778
109.1276      .764722
109.1253      .763556
 1 
 1             9             
1
 -9999.0   ,   9990.0
   7
 17 
109.9478      .011528
109.9423      .01425
109.9411      .021139
109.9336      .018083
109.932       .019917
109.9349      .023389
109.9345      .025194
109.9296      .026556
109.9294      .030444
109.933       .033694
109.9403      .030083
109.9436      .026417
109.9467      .027361
109.9479      .022778
109.9518      .017528
109.9502      .016833
109.9478      .011528
 1 
 1             10            
1
 -9999.0   ,   9990.0
   7
 7 
109.96        .002222
109.9565      .004028
109.9644      .015806
109.9662      .0165
109.9678      .013306
109.9658      .002056
109.96        .002222
