 3 
 1             1 
1
 -9999.0   ,   9990.0 
 6 
 44.04062     -25 
 44.03598     -25.00462 
 44.03297     -25.00534 
 44.02993     -25.00422 
 44.02788     -25.00126 
 44.0276      -25 
 1             2 
1
 -9999.0   ,   9990.0 
 8 
 44.22776     -25.22229 
 44.23248     -25.21695 
 44.22866     -25.21425 
 44.22411     -25.21338 
 44.21985     -25.21595 
 44.22092     -25.22029 
 44.22372     -25.22233 
 44.22776     -25.22229 
 1             3 
1
 -9999.0   ,   9990.0 
 70 
 45           -25.49255 
 44.98579     -25.48655 
 44.98356     -25.48561 
 44.97237     -25.48258 
 44.95798     -25.4711 
 44.95065     -25.45859 
 44.94346     -25.4532 
 44.93765     -25.44067 
 44.93571     -25.43198 
 44.93204     -25.42561 
 44.91962     -25.41112 
 44.89839     -25.39468 
 44.89755     -25.39403 
 44.85441     -25.37197 
 44.82477     -25.3543 
 44.79902     -25.34183 
 44.78446     -25.3331 
 44.77846     -25.33154 
 44.68676     -25.30767 
 44.65814     -25.30325 
 44.64378     -25.30197 
 44.52664     -25.29148 
 44.51702     -25.28977 
 44.5066      -25.28578 
 44.4952      -25.28363 
 44.49295     -25.28504 
 44.48208     -25.2838 
 44.46809     -25.27754 
 44.4501      -25.27295 
 44.39749     -25.26648 
 44.37997     -25.26003 
 44.37277     -25.26018 
 44.35424     -25.26057 
 44.35142     -25.2583 
 44.35535     -25.25046 
 44.35569     -25.23898 
 44.35351     -25.22845 
 44.33489     -25.19677 
 44.32434     -25.1822 
 44.31412     -25.17314 
 44.30649     -25.16783 
 44.2963      -25.16072 
 44.29699     -25.15612 
 44.29112     -25.1516 
 44.28912     -25.15277 
 44.28457     -25.15144 
 44.27431     -25.13939 
 44.26108     -25.13059 
 44.2366      -25.10998 
 44.19717     -25.08263 
 44.19637     -25.08226 
 44.17359     -25.07141 
 44.15816     -25.06721 
 44.13624     -25.06766 
 44.13204     -25.06911 
 44.11492     -25.07499 
 44.11038     -25.07481 
 44.09487     -25.06349 
 44.09303     -25.05731 
 44.08919     -25.0523 
 44.07801     -25.04484 
 44.07744     -25.0391 
 44.07565     -25.03683 
 44.06839     -25.0408 
 44.06634     -25.03806 
 44.06877     -25.03024 
 44.06182     -25.017 
 44.04811     -25.00772 
 44.0488      -25.00221 
 44.04595     -25 
