 126 
 1 
 1             1             
1
 -9999.0   ,   9990.0
   7
 6 
-19.02791      65
-19.01517      65
-19.01241      64.9972
-19.01299      64.98839
-19.02011      64.9907
-19.02791      65
 1 
 1             2             
1
 -9999.0   ,   9990.0
   7
 4 
-16.35461      65
-16.33946      65
-16.36042      64.98611
-16.35461      65
 1 
 1             3             
1
 -9999.0   ,   9990.0
   7
 12 
-15.91398      65
-15.88808      65
-15.88612      64.99925
-15.8913       64.99731
-15.89215      64.99023
-15.90613      64.99019
-15.91664      64.98291
-15.93227      64.97827
-15.93916      64.98224
-15.92623      64.99688
-15.91408      64.99893
-15.91398      65
 1 
 1             4             
1
 -9999.0   ,   9990.0
   7
 5 
-16.20533      64.97516
-16.21682      64.98726
-16.19997      64.99036
-16.19231      64.98482
-16.20533      64.97516
 1 
 1             5             
1
 -9999.0   ,   9990.0
   7
 6 
-14.2769       64.97975
-14.28583      64.98086
-14.28563      64.98793
-14.27171      64.98918
-14.2683       64.98534
-14.2769       64.97975
 1 
 1             6             
1
 -9999.0   ,   9990.0
   7
 7 
-15.29289      64.97774
-15.30953      64.97748
-15.30691      64.98459
-15.29724      64.98475
-15.28415      64.98881
-15.28315      64.98335
-15.29289      64.97774
 1 
 1             7             
1
 -9999.0   ,   9990.0
   7
 9 
-15.26854      64.97661
-15.26556      64.97883
-15.25933      64.97505
-15.25997      64.97434
-15.26326      64.97066
-15.26626      64.96788
-15.27749      64.96725
-15.28023      64.96789
-15.26854      64.97661
 1 
 1             8             
1
 -9999.0   ,   9990.0
   7
 21 
-16.38236      64.96871
-16.38893      64.95675
-16.41612      64.9381
-16.45252      64.93293
-16.54247      64.92638
-16.54475      64.92625
-16.56109      64.92535
-16.57905      64.9151
-16.60504      64.90359
-16.61845      64.9009
-16.61913      64.90774
-16.61984      64.91503
-16.60533      64.92288
-16.56531      64.92911
-16.55536      64.93073
-16.54891      64.93079
-16.52692      64.93096
-16.5017       64.93931
-16.47944      64.93755
-16.42837      64.94147
-16.38236      64.96871
 1 
 1             9             
1
 -9999.0   ,   9990.0
   7
 7 
-15.0945       64.95765
-15.08884      64.9535
-15.09252      64.94948
-15.10088      64.94569
-15.10772      64.94785
-15.10712      64.9569
-15.0945       64.95765
 1 
 1             10            
1
 -9999.0   ,   9990.0
   7
 9 
-19.75244      64.95343
-19.75283      64.94653
-19.76291      64.94584
-19.77277      64.94011
-19.78302      64.9401
-19.79336      64.9488
-19.79096      64.95417
-19.774        64.95748
-19.75244      64.95343
 1 
 1             11            
1
 -9999.0   ,   9990.0
   7
 6 
-14.64139      64.94648
-14.64672      64.9494
-14.64336      64.95604
-14.63315      64.95592
-14.63801      64.94743
-14.64139      64.94648
 1 
 1             12            
1
 -9999.0   ,   9990.0
   7
 8 
-19.82078      64.93376
-19.82907      64.93453
-19.822        64.94471
-19.82736      64.95501
-19.82327      64.95589
-19.80816      64.95178
-19.81123      64.93856
-19.82078      64.93376
 1 
 1             13            
1
 -9999.0   ,   9990.0
   7
 7 
-15.34405      64.9416
-15.35229      64.94375
-15.34192      64.95418
-15.32672      64.95236
-15.33388      64.94815
-15.33553      64.94241
-15.34405      64.9416
 1 
 1             14            
1
 -9999.0   ,   9990.0
   7
 7 
-18.26742      64.93207
-18.27537      64.93956
-18.26633      64.94012
-18.25965      64.94447
-18.25644      64.94458
-18.25572      64.9382
-18.26742      64.93207
 1 
 1             15            
1
 -9999.0   ,   9990.0
   7
 7 
-18.35168      64.92486
-18.3602       64.92506
-18.36481      64.92925
-18.35133      64.9318
-18.3383       64.92768
-18.35076      64.92633
-18.35168      64.92486
 1 
 1             16            
1
 -9999.0   ,   9990.0
   7
 12 
-18.07545      64.86815
-18.0757       64.88071
-18.0463       64.89841
-18.03864      64.9005
-17.99699      64.90192
-17.98383      64.90053
-17.98377      64.89733
-17.99447      64.89423
-18.01441      64.89172
-18.0467       64.892
-18.06278      64.86926
-18.07545      64.86815
 1 
 1             17            
1
 -9999.0   ,   9990.0
   7
 6 
-18.44216      64.88713
-18.43586      64.87677
-18.46123      64.86691
-18.46855      64.86595
-18.44722      64.87978
-18.44216      64.88713
 1 
 1             18            
1
 -9999.0   ,   9990.0
   7
 5 
-15.84862      64.86466
-15.85648      64.86749
-15.85276      64.87783
-15.84453      64.8709
-15.84862      64.86466
 1 
 1             19            
1
 -9999.0   ,   9990.0
   7
 5 
-16.20485      64.86633
-16.20135      64.87144
-16.18317      64.87705
-16.19138      64.86868
-16.20485      64.86633
 1 
 1             20            
1
 -9999.0   ,   9990.0
   7
 13 
-16.99116      64.84157
-16.99575      64.8593
-16.99621      64.86107
-16.98235      64.86875
-16.96491      64.87402
-16.92072      64.87435
-16.92178      64.87242
-16.96967      64.86636
-16.97064      64.86559
-16.97926      64.85879
-16.98047      64.84894
-16.98957      64.84527
-16.99116      64.84157
 1 
 1             21            
1
 -9999.0   ,   9990.0
   7
 13 
-14.71141      64.84286
-14.73354      64.83695
-14.72893      64.83153
-14.74265      64.82886
-14.74815      64.83131
-14.7571       64.82916
-14.7642       64.83158
-14.77755      64.84784
-14.76757      64.8507
-14.75683      64.8417
-14.74876      64.84088
-14.72072      64.84553
-14.71141      64.84286
 1 
 1             22            
1
 -9999.0   ,   9990.0
   7
 5 
-18.32832      64.83336
-18.3151       64.84505
-18.31244      64.84514
-18.31116      64.83604
-18.32832      64.83336
 1 
 1             23            
1
 -9999.0   ,   9990.0
   7
 7 
-15.87875      64.82505
-15.88276      64.82775
-15.87536      64.83861
-15.8706       64.83942
-15.86852      64.83463
-15.87107      64.82843
-15.87875      64.82505
 1 
 1             24            
1
 -9999.0   ,   9990.0
   7
 6 
-19.43588      64.82397
-19.43942      64.83412
-19.43317      64.83715
-19.42285      64.83003
-19.42468      64.82651
-19.43588      64.82397
 1 
 1             25            
1
 -9999.0   ,   9990.0
   7
 6 
-14.78926      64.80622
-14.78825      64.7987
-14.80047      64.79787
-14.80924      64.80939
-14.80146      64.81291
-14.78926      64.80622
 1 
 1             26            
1
 -9999.0   ,   9990.0
   7
 7 
-16.05847      64.80804
-16.05725      64.80556
-16.04907      64.80413
-16.04856      64.79958
-16.07359      64.80074
-16.06599      64.8072
-16.05847      64.80804
 1 
 1             27            
1
 -9999.0   ,   9990.0
   7
 6 
-15.38231      64.78006
-15.39549      64.77088
-15.40344      64.7703
-15.40238      64.77648
-15.38957      64.78238
-15.38231      64.78006
 1 
 1             28            
1
 -9999.0   ,   9990.0
   7
 10 
-17.60808      64.74409
-17.61074      64.74401
-17.61797      64.7488
-17.62578      64.74765
-17.63164      64.75066
-17.63028      64.75824
-17.61499      64.76558
-17.60469      64.76476
-17.60381      64.7472
-17.60808      64.74409
 1 
 1             29            
1
 -9999.0   ,   9990.0
   7
 6 
-15.03824      64.74647
-15.04128      64.74853
-15.03282      64.75663
-15.02646      64.75716
-15.02258      64.75516
-15.03824      64.74647
 1 
 1             30            
1
 -9999.0   ,   9990.0
   7
 9 
-15            64.75481
-14.98964      64.75651
-14.98824      64.75197
-15            64.74933
-15.00659      64.74785
-15.01213      64.75074
-15.00619      64.75698
-15.00175      64.75453
-15            64.75481
 1 
 1             31            
1
 -9999.0   ,   9990.0
   7
 5 
-15.09366      64.74421
-15.09395      64.74051
-15.10649      64.73737
-15.10829      64.74555
-15.09366      64.74421
 1 
 1             32            
1
 -9999.0   ,   9990.0
   7
 8 
-15.18802      64.72018
-15.19016      64.71793
-15.2071       64.71677
-15.21297      64.73013
-15.19501      64.732
-15.18045      64.7297
-15.17968      64.72675
-15.18802      64.72018
 1 
 1             33            
1
 -9999.0   ,   9990.0
   7
 5 
-15.79861      64.72885
-15.78463      64.7265
-15.78032      64.71859
-15.80126      64.72253
-15.79861      64.72885
 1 
 1             34            
1
 -9999.0   ,   9990.0
   7
 12 
-14.96519      64.72408
-14.95894      64.72226
-14.95386      64.71779
-14.95583      64.71592
-14.9449       64.70443
-14.95502      64.70149
-14.9621       64.69942
-14.97038      64.70365
-14.96351      64.71172
-14.97373      64.7207
-14.96872      64.7251
-14.96519      64.72408
 1 
 1             35            
1
 -9999.0   ,   9990.0
   7
 6 
-15.26521      64.67942
-15.27214      64.69254
-15.2429       64.69253
-15.24316      64.68933
-15.2552       64.68048
-15.26521      64.67942
 1 
 1             36            
1
 -9999.0   ,   9990.0
   7
 6 
-15.30034      64.68003
-15.30848      64.68196
-15.31065      64.68876
-15.30401      64.69206
-15.30056      64.68891
-15.30034      64.68003
 1 
 1             37            
1
 -9999.0   ,   9990.0
   7
 5 
-15.24734      64.65601
-15.26279      64.66304
-15.26394      64.67055
-15.24748      64.66419
-15.24734      64.65601
 1 
 1             38            
1
 -9999.0   ,   9990.0
   7
 6 
-18.5338       64.6547
-18.53085      64.64675
-18.53572      64.64198
-18.5473       64.64132
-18.54594      64.64503
-18.5338       64.6547
 1 
 1             39            
1
 -9999.0   ,   9990.0
   7
 36 
-19.82106      64.63004
-19.82204      64.62687
-19.8228       64.62441
-19.81972      64.61781
-19.81809      64.61431
-19.80821      64.60866
-19.80287      64.60059
-19.79115      64.59882
-19.79013      64.59866
-19.79208      64.5917
-19.78414      64.58978
-19.7789       64.58383
-19.7787       64.57674
-19.77135      64.57231
-19.78652      64.5656
-19.78585      64.55116
-19.78957      64.54599
-19.79914      64.55034
-19.80575      64.56171
-19.82373      64.56545
-19.83508      64.58073
-19.86562      64.60015
-19.88432      64.60095
-19.89874      64.60157
-19.89996      64.60723
-19.89223      64.62273
-19.88151      64.62875
-19.88748      64.63534
-19.88115      64.64802
-19.85918      64.64768
-19.84723      64.64481
-19.82748      64.64688
-19.81855      64.64489
-19.8139       64.64385
-19.81754      64.64139
-19.82106      64.63004
 1 
 1             40            
1
 -9999.0   ,   9990.0
   7
 13 
-18.59817      64.64011
-18.58583      64.6371
-18.58502      64.63631
-18.58247      64.6338
-18.59843      64.6261
-18.60711      64.61158
-18.63777      64.59552
-18.65421      64.59625
-18.62894      64.60662
-18.61087      64.62196
-18.60736      64.62888
-18.60258      64.63829
-18.59817      64.64011
 1 
 1             41            
1
 -9999.0   ,   9990.0
   7
 7 
-18.56712      64.54197
-18.56912      64.54395
-18.56028      64.55253
-18.54256      64.55411
-18.54253      64.55138
-18.5574       64.54372
-18.56712      64.54197
 1 
 1             42            
1
 -9999.0   ,   9990.0
   7
 45 
-18.88077      64.52274
-18.86206      64.52693
-18.83815      64.52675
-18.82191      64.53015
-18.79228      64.54529
-18.78589      64.54493
-18.81171      64.52713
-18.82321      64.52392
-18.86951      64.51976
-18.88271      64.51465
-18.8853       64.50951
-18.8697       64.50121
-18.8684       64.49281
-18.87379      64.48595
-18.87865      64.47911
-18.90116      64.46585
-18.95658      64.45556
-18.96176      64.4536
-18.98098      64.44631
-18.99886      64.43161
-19.017        64.42285
-19.04552      64.4157
-19.06123      64.41505
-19.07118      64.41234
-19.1022       64.39295
-19.11176      64.38156
-19.14483      64.36228
-19.14933      64.36577
-19.13273      64.37674
-19.11331      64.39367
-19.09451      64.40335
-19.08463      64.41338
-19.07099      64.41853
-19.05582      64.42043
-19.04632      64.42163
-19.02076      64.43025
-18.9807       64.45457
-18.9663       64.45883
-18.90545      64.47093
-18.89425      64.4778
-18.87967      64.4935
-18.88166      64.49776
-18.89931      64.50575
-18.89808      64.5122
-18.88077      64.52274
 1 
 1             43            
1
 -9999.0   ,   9990.0
   7
 8 
-19.75098      64.53265
-19.72912      64.52565
-19.72537      64.51918
-19.73045      64.51714
-19.74237      64.52549
-19.77137      64.53415
-19.77136      64.53515
-19.75098      64.53265
 1 
 1             44            
1
 -9999.0   ,   9990.0
   7
 5 
-18.93423      64.48623
-18.93616      64.49256
-18.91948      64.50103
-18.91541      64.49455
-18.93423      64.48623
 1 
 1             45            
1
 -9999.0   ,   9990.0
   7
 5 
-18.47075      64.4711
-18.46406      64.47611
-18.44979      64.47923
-18.45102      64.47433
-18.47075      64.4711
 1 
 1             46            
1
 -9999.0   ,   9990.0
   7
 5 
-18.588        64.47317
-18.62102      64.46738
-18.60821      64.47703
-18.59704      64.47677
-18.588        64.47317
 1 
 1             47            
1
 -9999.0   ,   9990.0
   7
 6 
-19.4204       64.46501
-19.42985      64.46024
-19.45286      64.45996
-19.44897      64.46488
-19.43123      64.4682
-19.4204       64.46501
 1 
 1             48            
1
 -9999.0   ,   9990.0
   7
 8 
-18.52899      64.43321
-18.53428      64.43916
-18.51698      64.4476
-18.5151       64.45133
-18.49326      64.45833
-18.48437      64.45878
-18.49983      64.45168
-18.52899      64.43321
 1 
 1             49            
1
 -9999.0   ,   9990.0
   7
 8 
-19.35378      64.43864
-19.3584       64.44027
-19.36126      64.44564
-19.35621      64.45113
-19.33053      64.45226
-19.33098      64.44743
-19.34825      64.44209
-19.35378      64.43864
 1 
 1             50            
1
 -9999.0   ,   9990.0
   7
 6 
-19.89995      64.44219
-19.93866      64.4362
-19.96152      64.44328
-19.9574       64.44515
-19.92704      64.44249
-19.89995      64.44219
 1 
 1             51            
1
 -9999.0   ,   9990.0
   7
 6 
-19.99411      64.43214
-19.98734      64.42789
-19.99254      64.41732
-20            64.41196
-20            64.43101
-19.99411      64.43214
 1 
 1             52            
1
 -9999.0   ,   9990.0
   7
 13 
-18.9335       64.39885
-18.94359      64.40391
-18.9342       64.40683
-18.92218      64.41464
-18.913        64.41615
-18.90567      64.42607
-18.89756      64.42526
-18.89456      64.41393
-18.89773      64.41151
-18.91071      64.41053
-18.91022      64.40346
-18.92012      64.40283
-18.9335       64.39885
 1 
 1             53            
1
 -9999.0   ,   9990.0
   7
 5 
-19.41635      64.40587
-19.40857      64.41538
-19.39673      64.42118
-19.38704      64.42046
-19.41635      64.40587
 1 
 1             54            
1
 -9999.0   ,   9990.0
   7
 7 
-18.10336      64.37863
-18.10365      64.38296
-18.0929       64.38745
-18.07364      64.39156
-18.07378      64.3895
-18.08481      64.38362
-18.10336      64.37863
 1 
 1             55            
1
 -9999.0   ,   9990.0
   7
 10 
-15.28978      64.36841
-15.28576      64.36586
-15.28922      64.3633
-15.27873      64.35707
-15.27405      64.35122
-15.28075      64.34337
-15.28611      64.35104
-15.29362      64.35297
-15.30168      64.3647
-15.28978      64.36841
 1 
 1             56            
1
 -9999.0   ,   9990.0
   7
 8 
-19.37917      64.34706
-19.38145      64.35223
-19.39693      64.3575
-19.39659      64.36049
-19.38187      64.36298
-19.36977      64.35641
-19.37173      64.35129
-19.37917      64.34706
 1 
 1             57            
1
 -9999.0   ,   9990.0
   7
 5 
-15.26323      64.33452
-15.2646       64.34476
-15.25417      64.3456
-15.25131      64.3363
-15.26323      64.33452
 1 
 1             58            
1
 -9999.0   ,   9990.0
   7
 90 
-18.80974      64.32886
-18.80434      64.32608
-18.81301      64.32229
-18.80824      64.31723
-18.8177       64.31226
-18.81906      64.30547
-18.81922      64.30465
-18.80839      64.30075
-18.80746      64.29643
-18.81568      64.29061
-18.82767      64.29013
-18.85004      64.28419
-18.84296      64.28059
-18.84644      64.26992
-18.8617       64.26518
-18.86352      64.26145
-18.8539       64.25338
-18.86561      64.24923
-18.86618      64.23731
-18.8557       64.2398
-18.85433      64.2423
-18.8493       64.2515
-18.82877      64.25371
-18.82846      64.25715
-18.81081      64.2581
-18.79375      64.26428
-18.78202      64.2659
-18.77647      64.26451
-18.76791      64.26875
-18.7565       64.26943
-18.74672      64.27531
-18.73384      64.27651
-18.72227      64.274
-18.71651      64.28155
-18.69424      64.28312
-18.69163      64.2807
-18.70352      64.27475
-18.70371      64.27565
-18.71432      64.27363
-18.71908      64.26383
-18.72659      64.26131
-18.73381      64.25865
-18.73848      64.259
-18.74539      64.25913
-18.75532      64.25644
-18.7627       64.25645
-18.77213      64.25645
-18.77399      64.24791
-18.78817      64.24551
-18.79638      64.2397
-18.81455      64.24125
-18.85191      64.23195
-18.86978      64.22481
-18.86997      64.22572
-18.89825      64.22547
-18.89155      64.21637
-18.9063       64.21187
-18.91138      64.2135
-18.93013      64.20815
-18.93302      64.2086
-18.94045      64.20978
-18.95788      64.21751
-18.97159      64.21786
-18.98504      64.22417
-18.9849       64.22829
-18.96939      64.23649
-18.97291      64.23818
-18.99358      64.23434
-19.00022      64.23589
-18.99842      64.23963
-18.98079      64.2406
-18.96098      64.24599
-18.95792      64.26076
-18.93881      64.26705
-18.92118      64.26572
-18.92195      64.27163
-18.91408      64.27608
-18.90885      64.27904
-18.90803      64.2825
-18.89269      64.28931
-18.9101       64.30164
-18.90771      64.30517
-18.88694      64.31609
-18.84895      64.32416
-18.84922      64.32831
-18.84398      64.32922
-18.83206      64.32518
-18.82377      64.3288
-18.81858      64.32619
-18.80974      64.32886
 1 
 1             59            
1
 -9999.0   ,   9990.0
   7
 30 
-19.557        64.19703
-19.52428      64.20336
-19.50135      64.2106
-19.47457      64.22371
-19.45838      64.22628
-19.4371       64.23617
-19.41682      64.23479
-19.39622      64.24098
-19.38022      64.24215
-19.37083      64.25585
-19.36206      64.26104
-19.34241      64.2681
-19.33717      64.28046
-19.32011      64.29976
-19.30725      64.3033
-19.31682      64.29692
-19.33722      64.26718
-19.34573      64.26315
-19.36229      64.2553
-19.36841      64.24107
-19.37827      64.23834
-19.39651      64.23776
-19.40698      64.23316
-19.41861      64.23127
-19.43022      64.23373
-19.4503       64.22321
-19.46862      64.22078
-19.49824      64.20638
-19.52868      64.19767
-19.557        64.19703
 1 
 1             60            
1
 -9999.0   ,   9990.0
   7
 8 
-18.7542       64.28491
-18.7432       64.28598
-18.74223      64.28566
-18.73755      64.28415
-18.76047      64.27819
-18.76483      64.27893
-18.76328      64.28403
-18.7542       64.28491
 1 
 1             61            
1
 -9999.0   ,   9990.0
   7
 6 
-18.66047      64.22705
-18.66803      64.22812
-18.64306      64.24168
-18.63624      64.24171
-18.63771      64.23869
-18.66047      64.22705
 1 
 1             62            
1
 -9999.0   ,   9990.0
   7
 5 
-18.45425      64.23432
-18.46445      64.2248
-18.4775       64.22453
-18.47292      64.23043
-18.45425      64.23432
 1 
 1             63            
1
 -9999.0   ,   9990.0
   7
 49 
-18.44733      64.11252
-18.44024      64.11689
-18.39699      64.13316
-18.39275      64.13813
-18.37978      64.13861
-18.35581      64.15756
-18.34604      64.15839
-18.33155      64.16716
-18.3276       64.17371
-18.31336      64.17584
-18.31217      64.18045
-18.30208      64.19043
-18.28627      64.19261
-18.26645      64.19836
-18.26666      64.19903
-18.26785      64.20288
-18.2634       64.20967
-18.24283      64.2198
-18.22102      64.22082
-18.22202      64.22605
-18.211        64.22872
-18.20346      64.22763
-18.20411      64.2228
-18.19912      64.22138
-18.18906      64.22358
-18.18094      64.2305
-18.15062      64.23091
-18.17202      64.22213
-18.17753      64.21531
-18.19162      64.2068
-18.21857      64.20076
-18.23179      64.1978
-18.24101      64.19404
-18.2375       64.18936
-18.24615      64.18539
-18.25832      64.18609
-18.30372      64.16659
-18.33007      64.14893
-18.34425      64.14657
-18.36216      64.13401
-18.38356      64.1339
-18.39179      64.13061
-18.39156      64.12948
-18.37407      64.13082
-18.37929      64.12741
-18.39072      64.11991
-18.42073      64.11329
-18.4313       64.11655
-18.44733      64.11252
 1 
 1             64            
1
 -9999.0   ,   9990.0
   7
 15 
-19.34249      64.20423
-19.34856      64.2012
-19.36         64.2007
-19.3389       64.21146
-19.31963      64.21209
-19.28064      64.21816
-19.24844      64.22872
-19.23981      64.22938
-19.25566      64.22131
-19.27695      64.2158
-19.27813      64.20956
-19.29154      64.2131
-19.31001      64.20908
-19.33447      64.20823
-19.34249      64.20423
 1 
 1             65            
1
 -9999.0   ,   9990.0
   7
 9 
-18.63771      64.20565
-18.63236      64.2078
-18.6145       64.2099
-18.61355      64.20808
-18.62608      64.20278
-18.63371      64.20278
-18.63813      64.20277
-18.63865      64.20526
-18.63771      64.20565
 1 
 1             66            
1
 -9999.0   ,   9990.0
   7
 8 
-18.65641      64.19747
-18.67091      64.19919
-18.66855      64.20545
-18.64805      64.20763
-18.64658      64.20312
-18.65112      64.20226
-18.65098      64.19906
-18.65641      64.19747
 1 
 1             67            
1
 -9999.0   ,   9990.0
   7
 44 
-18.11601      64.20288
-18.11289      64.203
-18.10533      64.19618
-18.10367      64.18733
-18.09741      64.18183
-18.10534      64.18224
-18.12198      64.17616
-18.13369      64.16888
-18.14845      64.16676
-18.16529      64.16181
-18.19198      64.16198
-18.19774      64.16201
-18.21483      64.1639
-18.24443      64.16283
-18.25635      64.15416
-18.25535      64.15168
-18.23905      64.15759
-18.2291       64.15748
-18.23353      64.15548
-18.24838      64.14881
-18.26495      64.13373
-18.26885      64.13118
-18.28674      64.11945
-18.29589      64.1182
-18.31715      64.12015
-18.32851      64.1195
-18.33777      64.11343
-18.36379      64.11041
-18.35431      64.11701
-18.34955      64.12031
-18.32901      64.12473
-18.30129      64.13663
-18.29285      64.14025
-18.27608      64.15618
-18.25849      64.16254
-18.23566      64.17435
-18.21977      64.17606
-18.21029      64.17298
-18.18541      64.16863
-18.17216      64.17596
-18.12842      64.17982
-18.12152      64.18486
-18.11465      64.19562
-18.11601      64.20288
 1 
 1             68            
1
 -9999.0   ,   9990.0
   7
 27 
-18.47792      64.19953
-18.47557      64.19671
-18.48829      64.18708
-18.50435      64.18079
-18.55809      64.1597
-18.56471      64.15373
-18.59048      64.14678
-18.60549      64.13841
-18.59546      64.13538
-18.59438      64.13268
-18.61045      64.12953
-18.62346      64.12421
-18.62619      64.12731
-18.62123      64.13368
-18.63155      64.13556
-18.62174      64.13869
-18.63786      64.1408
-18.63427      64.14369
-18.61435      64.14506
-18.61108      64.14528
-18.59381      64.15282
-18.57409      64.15611
-18.54944      64.17375
-18.53443      64.17456
-18.52226      64.17968
-18.49452      64.19462
-18.47792      64.19953
 1 
 1             69            
1
 -9999.0   ,   9990.0
   7
 21 
-19.56187      64.17894
-19.53444      64.19328
-19.51232      64.19727
-19.49531      64.19415
-19.472        64.19315
-19.46863      64.19257
-19.45505      64.19025
-19.45011      64.1865
-19.43163      64.18592
-19.43253      64.1837
-19.45032      64.1829
-19.4512       64.18286
-19.46033      64.18817
-19.47837      64.18965
-19.47917      64.18971
-19.509        64.19216
-19.52128      64.1909
-19.53443      64.18537
-19.54509      64.18089
-19.55405      64.17985
-19.56187      64.17894
 1 
 1             70            
1
 -9999.0   ,   9990.0
   7
 22 
-18.64935      64.16345
-18.65279      64.15485
-18.67166      64.15753
-18.68057      64.15512
-18.69608      64.15428
-18.71471      64.15079
-18.71809      64.15281
-18.72368      64.15615
-18.71015      64.16401
-18.69723      64.16475
-18.69285      64.17636
-18.67926      64.17644
-18.66558      64.17356
-18.64816      64.17539
-18.63158      64.18381
-18.60385      64.19405
-18.59904      64.19103
-18.61445      64.18449
-18.62556      64.17239
-18.63656      64.16738
-18.64223      64.15938
-18.64935      64.16345
 1 
 1             71            
1
 -9999.0   ,   9990.0
   7
 13 
-19.2394       64.18507
-19.22344      64.19296
-19.19125      64.19266
-19.17436      64.18501
-19.16985      64.17813
-19.17791      64.17578
-19.19439      64.17591
-19.19978      64.18116
-19.20756      64.18311
-19.20704      64.18771
-19.21093      64.18869
-19.22038      64.18645
-19.2394       64.18507
 1 
 1             72            
1
 -9999.0   ,   9990.0
   7
 6 
-19.13914      64.17481
-19.15429      64.17353
-19.16683      64.17581
-19.16665      64.17793
-19.14532      64.17665
-19.13914      64.17481
 1 
 1             73            
1
 -9999.0   ,   9990.0
   7
 76 
-19.10149      64.1657
-19.09842      64.16835
-19.06039      64.16219
-19.05234      64.15658
-19.03993      64.15253
-19.05591      64.14911
-19.06199      64.13649
-19.07343      64.12915
-19.07345      64.12456
-19.09677      64.10961
-19.09621      64.10712
-19.07755      64.10311
-19.04362      64.10318
-19.01904      64.09677
-18.9978       64.08246
-18.95524      64.07875
-18.94227      64.08386
-18.92193      64.08151
-18.91753      64.07323
-18.9226       64.06776
-18.93803      64.06437
-18.96058      64.05061
-18.96414      64.04543
-18.95563      64.03985
-18.96399      64.02325
-18.97131      64.02044
-18.98273      64.01605
-18.98118      64.00934
-18.98673      64.0007
-18.98878      64
-18.98911      63.99795
-18.99361      63.99497
-18.99734      63.99733
-18.998        64
-19            64
-19.02995      63.99978
-19.02634      64.00245
-18.99706      64.0102
-18.99223      64.01428
-18.99122      64.01781
-18.98899      64.02563
-18.97388      64.03038
-18.97023      64.03511
-18.97397      64.04273
-18.98269      64.04923
-18.98005      64.0527
-18.97945      64.05348
-18.93658      64.06998
-18.92942      64.07273
-18.93205      64.07765
-18.94207      64.07816
-18.94444      64.0763
-18.95009      64.07187
-18.96462      64.0715
-18.97536      64.07428
-19.01164      64.0837
-19.01983      64.09113
-19.02274      64.09376
-19.04488      64.09946
-19.05809      64.09776
-19.09309      64.10016
-19.10067      64.10372
-19.10409      64.11433
-19.10092      64.11881
-19.09968      64.11795
-19.09709      64.11895
-19.08044      64.12541
-19.08162      64.13772
-19.07675      64.1464
-19.08026      64.15036
-19.06812      64.15225
-19.06209      64.15571
-19.06487      64.1588
-19.09004      64.16368
-19.09839      64.16355
-19.10149      64.1657
 1 
 1             74            
1
 -9999.0   ,   9990.0
   7
 33 
-19.59646      64.16399
-19.62412      64.15456
-19.63553      64.15298
-19.64388      64.15182
-19.64886      64.1502
-19.66609      64.14463
-19.67444      64.14191
-19.70671      64.12414
-19.72249      64.11813
-19.73484      64.10883
-19.74195      64.1014
-19.75851      64.08412
-19.76218      64.07364
-19.77231      64.06606
-19.78797      64.06187
-19.83201      64.05839
-19.84136      64.05967
-19.81599      64.06741
-19.81107      64.06443
-19.80471      64.06405
-19.77445      64.0726
-19.77421      64.07736
-19.77401      64.08132
-19.7668       64.09015
-19.73223      64.12156
-19.72809      64.12176
-19.71193      64.1326
-19.67796      64.14771
-19.6512       64.15606
-19.62356      64.15871
-19.60525      64.1653
-19.59868      64.16431
-19.59646      64.16399
 1 
 1             75            
1
 -9999.0   ,   9990.0
   7
 6 
-18.7556       64.14138
-18.76396      64.1463
-18.75445      64.1508
-18.74025      64.14793
-18.74274      64.14486
-18.7556       64.14138
 1 
 1             76            
1
 -9999.0   ,   9990.0
   7
 9 
-18.6849       64.1458
-18.68075      64.14345
-18.69932      64.13723
-18.69808      64.13133
-18.72347      64.1278
-18.72655      64.13248
-18.7225       64.13813
-18.70753      64.14398
-18.6849       64.1458
 1 
 1             77            
1
 -9999.0   ,   9990.0
   7
 14 
-15.98375      64.13541
-15.97221      64.13022
-15.9757       64.12534
-15.98119      64.12697
-15.99122      64.12335
-16.00119      64.12405
-16.01074      64.1161
-16.02514      64.11443
-16.03706      64.10916
-16.0424       64.11042
-16.02678      64.11986
-16.01592      64.12055
-15.99525      64.1317
-15.98375      64.13541
 1 
 1             78            
1
 -9999.0   ,   9990.0
   7
 6 
-18.37995      64.11826
-18.38087      64.12028
-18.36697      64.12926
-18.35575      64.1306
-18.3602       64.12403
-18.37995      64.11826
 1 
 1             79            
1
 -9999.0   ,   9990.0
   7
 6 
-18.7966       64.13011
-18.79325      64.11927
-18.79992      64.11625
-18.80767      64.12075
-18.80404      64.12089
-18.7966       64.13011
 1 
 1             80            
1
 -9999.0   ,   9990.0
   7
 21 
-18.85284      64.11456
-18.87952      64.11231
-18.86827      64.10614
-18.87901      64.10631
-18.88818      64.10647
-18.89427      64.10325
-18.89117      64.10337
-18.88794      64.10053
-18.89231      64.09898
-18.8909       64.0876
-18.89549      64.07986
-18.91646      64.08517
-18.91447      64.08799
-18.90105      64.08626
-18.89719      64.0926
-18.90278      64.10152
-18.87879      64.12103
-18.8566       64.12721
-18.87236      64.11787
-18.85705      64.11713
-18.85284      64.11456
 1 
 1             81            
1
 -9999.0   ,   9990.0
   7
 8 
-18.65254      64.10066
-18.66313      64.1039
-18.65889      64.11619
-18.64509      64.11765
-18.64161      64.11093
-18.64853      64.11156
-18.64608      64.10731
-18.65254      64.10066
 1 
 1             82            
1
 -9999.0   ,   9990.0
   7
 7 
-18.59597      64.1022
-18.60321      64.10191
-18.60796      64.10722
-18.58335      64.1171
-18.577        64.11666
-18.59944      64.10641
-18.59597      64.1022
 1 
 1             83            
1
 -9999.0   ,   9990.0
   7
 5 
-18.81911      64.09603
-18.83249      64.09755
-18.81983      64.10675
-18.80956      64.10511
-18.81911      64.09603
 1 
 1             84            
1
 -9999.0   ,   9990.0
   7
 8 
-18.94188      64.08685
-18.9489       64.08794
-18.95174      64.09376
-18.94538      64.09815
-18.93299      64.10118
-18.92515      64.09876
-18.9239       64.09538
-18.94188      64.08685
 1 
 1             85            
1
 -9999.0   ,   9990.0
   7
 6 
-19.30382      64.08756
-19.30581      64.09618
-19.29533      64.10053
-19.28114      64.09566
-19.29199      64.08832
-19.30382      64.08756
 1 
 1             86            
1
 -9999.0   ,   9990.0
   7
 6 
-16.12252      64.08227
-16.13248      64.08753
-16.1285       64.09376
-16.115        64.09862
-16.11462      64.09065
-16.12252      64.08227
 1 
 1             87            
1
 -9999.0   ,   9990.0
   7
 25 
-19.92833      64.09016
-19.91922      64.08673
-19.87772      64.0885
-19.86084      64.08432
-19.8471       64.07691
-19.85319      64.07409
-19.86359      64.06004
-19.86983      64.06756
-19.86379      64.07679
-19.88427      64.0813
-19.89958      64.07988
-19.92107      64.08411
-19.93531      64.08625
-19.94073      64.09161
-19.96224      64.08988
-19.97824      64.08497
-20            64.07513
-20            64.08943
-19.9976       64.09113
-19.97939      64.09051
-19.97545      64.09038
-19.96202      64.09628
-19.93741      64.09706
-19.9335       64.09409
-19.92833      64.09016
 1 
 1             88            
1
 -9999.0   ,   9990.0
   7
 5 
-18.58341      64.08417
-18.59379      64.08902
-18.57287      64.09647
-18.57314      64.08754
-18.58341      64.08417
 1 
 1             89            
1
 -9999.0   ,   9990.0
   7
 12 
-18.8908       64.07021
-18.89707      64.0727
-18.89414      64.07603
-18.87622      64.07516
-18.88367      64.07829
-18.88103      64.08297
-18.87477      64.083
-18.87221      64.08562
-18.86014      64.08292
-18.85954      64.07768
-18.87154      64.07284
-18.8908       64.07021
 1 
 1             90            
1
 -9999.0   ,   9990.0
   7
 10 
-19.12829      64.0733
-19.12606      64.07723
-19.11329      64.07847
-19.11103      64.07536
-19.11951      64.06726
-19.12005      64.06673
-19.13702      64.05869
-19.13975      64.06154
-19.13017      64.06996
-19.12829      64.0733
 1 
 1             91            
1
 -9999.0   ,   9990.0
   7
 6 
-18.36133      64.06593
-18.36066      64.07052
-18.35132      64.07339
-18.33713      64.07278
-18.33759      64.06979
-18.36133      64.06593
 1 
 1             92            
1
 -9999.0   ,   9990.0
   7
 6 
-18.29237      64.05958
-18.31299      64.06385
-18.31164      64.0703
-18.30535      64.07281
-18.29426      64.07208
-18.29237      64.05958
 1 
 1             93            
1
 -9999.0   ,   9990.0
   7
 12 
-16.17518      64.04213
-16.20062      64.04248
-16.2072       64.04319
-16.22165      64.04475
-16.21739      64.04826
-16.19969      64.04743
-16.19441      64.04718
-16.18487      64.05013
-16.17755      64.06329
-16.1684       64.06508
-16.16826      64.0457
-16.17518      64.04213
 1 
 1             94            
1
 -9999.0   ,   9990.0
   7
 5 
-19.30748      64.05147
-19.32018      64.05228
-19.32068      64.06118
-19.30942      64.05985
-19.30748      64.05147
 1 
 1             95            
1
 -9999.0   ,   9990.0
   7
 9 
-17.03274      64.04356
-17.02645      64.04497
-17.02151      64.04608
-17.01055      64.04563
-17.01174      64.03441
-17.01183      64.03361
-17.01399      64.03464
-17.0262       64.04045
-17.03274      64.04356
 1 
 1             96            
1
 -9999.0   ,   9990.0
   7
 6 
-16.34878      64.03501
-16.35995      64.03726
-16.34941      64.04458
-16.33886      64.04323
-16.34908      64.03751
-16.34878      64.03501
 1 
 1             97            
1
 -9999.0   ,   9990.0
   7
 8 
-18.93767      64.01474
-18.94131      64.01711
-18.92207      64.03163
-18.90777      64.02811
-18.909        64.02417
-18.92826      64.02177
-18.9278       64.01721
-18.93767      64.01474
 1 
 1             98            
1
 -9999.0   ,   9990.0
   7
 8 
-19.05041      64.01137
-19.06649      64.01114
-19.06999      64.01282
-19.07307      64.02435
-19.06857      64.02752
-19.05314      64.02841
-19.04603      64.02688
-19.05041      64.01137
 1 
 1             99            
1
 -9999.0   ,   9990.0
   7
 10 
-18.08298      64.0189
-18.08468      64.01883
-18.07446      64.0275
-18.06953      64.02333
-18.06204      64.02223
-18.04738      64.02731
-18.04671      64.02368
-18.06375      64.01736
-18.07191      64.01936
-18.08298      64.0189
 1 
 1             100           
1
 -9999.0   ,   9990.0
   7
 12 
-16.29766      64.00055
-16.29395      64.00281
-16.29035      64.00501
-16.27451      64.01487
-16.26264      64.02673
-16.25839      64.02591
-16.25686      64.02136
-16.26125      64.01619
-16.2724       64.01024
-16.28831      64.00053
-16.28896      64.00014
-16.29766      64.00055
 1 
 1             101           
1
 -9999.0   ,   9990.0
   7
 6 
-18.95511      63.99817
-18.95905      63.99499
-18.97845      63.99293
-18.98102      63.99488
-18.95918      63.99982
-18.95511      63.99817
 1 
 1             102           
1
 -9999.0   ,   9990.0
   7
 10 
-17.18359      63.98348
-17.24173      63.97591
-17.24527      63.97809
-17.24669      63.9801
-17.23984      63.98264
-17.20527      63.98776
-17.19284      63.99119
-17.17961      63.99028
-17.17882      63.98595
-17.18359      63.98348
 1 
 1             103           
1
 -9999.0   ,   9990.0
   7
 9 
-18.92154      63.98295
-18.9191       63.97939
-18.92312      63.97437
-18.92924      63.97155
-18.94751      63.97138
-18.94615      63.97651
-18.93844      63.9771
-18.92925      63.98236
-18.92154      63.98295
 1 
 1             104           
1
 -9999.0   ,   9990.0
   7
 15 
-17.30509      63.97297
-17.31367      63.96966
-17.30818      63.96826
-17.31056      63.96702
-17.316        63.96821
-17.33429      63.96548
-17.33847      63.96831
-17.34962      63.96653
-17.34919      63.96976
-17.35049      63.97109
-17.33765      63.97499
-17.33072      63.97984
-17.31741      63.98124
-17.30673      63.98001
-17.30509      63.97297
 1 
 1             105           
1
 -9999.0   ,   9990.0
   7
 6 
-19.43148      63.89187
-19.43226      63.88883
-19.46164      63.88136
-19.46317      63.8852
-19.4458       63.89068
-19.43148      63.89187
 1 
 1             106           
1
 -9999.0   ,   9990.0
   7
 6 
-18.91252      63.86835
-18.91449      63.86573
-18.91878      63.86622
-18.92211      63.87135
-18.91259      63.87295
-18.91252      63.86835
 1 
 1             107           
1
 -9999.0   ,   9990.0
   7
 5 
-18.88438      63.85737
-18.89305      63.85684
-18.90374      63.86439
-18.88574      63.86109
-18.88438      63.85737
 1 
 1             108           
1
 -9999.0   ,   9990.0
   7
 7 
-18.85619      63.8466
-18.85849      63.84534
-18.87379      63.84831
-18.87949      63.85034
-18.87945      63.85449
-18.86762      63.85297
-18.85619      63.8466
 1 
 1             109           
1
 -9999.0   ,   9990.0
   7
 11 
-18.86103      63.83246
-18.86673      63.82978
-18.89797      63.82325
-18.90801      63.81956
-18.9149       63.82222
-18.90074      63.82611
-18.89292      63.83039
-18.88622      63.8307
-18.88048      63.83281
-18.86874      63.83382
-18.86103      63.83246
 1 
 1             110           
1
 -9999.0   ,   9990.0
   7
 7 
-17.89485      63.82676
-17.89062      63.82276
-17.89423      63.82009
-17.91399      63.8101
-17.925        63.80805
-17.92201      63.81368
-17.89485      63.82676
 1 
 1             111           
1
 -9999.0   ,   9990.0
   7
 15 
-17.99335      63.797
-17.99418      63.79594
-17.99703      63.79225
-18.0493       63.79378
-18.05688      63.79277
-18.05741      63.79528
-18.04465      63.7988
-18.03892      63.79795
-18.03124      63.79682
-18.02052      63.79772
-18.01723      63.79676
-18.01498      63.79611
-18.00785      63.79703
-18.00183      63.7978
-17.99335      63.797
 1 
 1             112           
1
 -9999.0   ,   9990.0
   7
 11 
-18.49145      63.79119
-18.46443      63.79123
-18.45872      63.78895
-18.45373      63.78067
-18.45379      63.7625
-18.47019      63.76155
-18.46942      63.76503
-18.46546      63.76589
-18.47961      63.78021
-18.48182      63.78771
-18.49145      63.79119
 1 
 1             113           
1
 -9999.0   ,   9990.0
   7
 12 
-18.20884      63.76527
-18.23319      63.76033
-18.24096      63.76023
-18.24518      63.7611
-18.25672      63.76346
-18.26975      63.77555
-18.26424      63.77648
-18.25234      63.77193
-18.24958      63.76882
-18.21977      63.76779
-18.21434      63.76654
-18.20884      63.76527
 1 
 1             114           
1
 -9999.0   ,   9990.0
   7
 11 
-18.35459      63.74132
-18.36524      63.73786
-18.37567      63.74381
-18.37949      63.74598
-18.38751      63.74701
-18.39325      63.75182
-18.36942      63.74734
-18.36378      63.74299
-18.34985      63.74336
-18.35143      63.74268
-18.35459      63.74132
 1 
 1             115           
1
 -9999.0   ,   9990.0
   7
 8 
-18.41711      63.7448
-18.41146      63.74275
-18.40644      63.73653
-18.40773      63.73302
-18.41225      63.73236
-18.42138      63.7407
-18.42122      63.74462
-18.41711      63.7448
 1 
 1             116           
1
 -9999.0   ,   9990.0
   7
 10 
-18.30661      63.74017
-18.30601      63.73744
-18.32031      63.73406
-18.34872      63.73123
-18.34732      63.73427
-18.34151      63.73614
-18.34314      63.73883
-18.33965      63.73944
-18.32023      63.73844
-18.30661      63.74017
 1 
 1             117           
1
 -9999.0   ,   9990.0
   7
 18 
-18.46545      63.66471
-18.46879      63.65369
-18.48375      63.65385
-18.49051      63.66754
-18.49128      63.66909
-18.49237      63.68077
-18.49775      63.68168
-18.50032      63.68386
-18.4975       63.68744
-18.50438      63.69495
-18.51439      63.70026
-18.5144       63.70486
-18.50845      63.70374
-18.49715      63.69734
-18.49335      63.6874
-18.47978      63.68259
-18.47083      63.67942
-18.46545      63.66471
 1 
 1             118           
1
 -9999.0   ,   9990.0
   7
 6 
-18.25303      63.66822
-18.28332      63.66714
-18.2892       63.67034
-18.28596      63.67209
-18.27207      63.67246
-18.25303      63.66822
 1 
 1             119           
1
 -9999.0   ,   9990.0
   7
 9 
-17.98786      63.66923
-17.93624      63.6672
-17.95235      63.66011
-17.96265      63.65992
-17.96662      63.66159
-17.97253      63.6602
-17.98214      63.66165
-17.9891       63.66527
-17.98786      63.66923
 1 
 1             120           
1
 -9999.0   ,   9990.0
   7
 11 
-17.98984      63.65145
-17.97201      63.64276
-17.98076      63.64263
-17.98633      63.63711
-17.99406      63.63702
-17.9945       63.6416
-17.99889      63.64281
-17.99727      63.64494
-17.99321      63.64533
-17.99398      63.64898
-17.98984      63.65145
 1 
 1             121           
1
 -9999.0   ,   9990.0
   7
 12 
-18.1202       63.6233
-18.12402      63.62128
-18.1577       63.61457
-18.18953      63.61368
-18.19723      63.61589
-18.19251      63.61793
-18.18171      63.61816
-18.15436      63.62219
-18.14015      63.62428
-18.1274       63.62504
-18.12245      63.62385
-18.1202       63.6233
 1 
 1             122           
1
 -9999.0   ,   9990.0
   7
 8 
-18.1276       63.55814
-18.13819      63.55218
-18.1557       63.5473
-18.17157      63.54686
-18.17257      63.54911
-18.16518      63.55311
-18.14451      63.55766
-18.1276       63.55814
 1 
 1             123           
1
 -9999.0   ,   9990.0
   7
 16 
-19.79886      63.53616
-19.79267      63.5381
-19.78308      63.53701
-19.76123      63.54601
-19.75736      63.54506
-19.76374      63.53804
-19.75732      63.53723
-19.73903      63.54604
-19.72375      63.54685
-19.71109      63.54199
-19.71146      63.53759
-19.70068      63.52618
-19.70382      63.5244
-19.71975      63.52609
-19.73298      63.52539
-19.79886      63.53616
 1 
 1             124           
1
 -9999.0   ,   9990.0
   7
 8 
-18.40899      63.52071
-18.41572      63.52087
-18.41673      63.52543
-18.41295      63.52928
-18.40606      63.53073
-18.40076      63.53004
-18.39954      63.52688
-18.40899      63.52071
 1 
 1             125           
1
 -9999.0   ,   9990.0
   7
 7 
-19.52678      63.5203
-19.52607      63.51757
-19.54975      63.50551
-19.55539      63.49946
-19.55791      63.50717
-19.54032      63.51683
-19.52678      63.5203
 1 
 1             126           
1
 -9999.0   ,   9990.0
   7
 10 
-18.99409      63.47115
-18.99028      63.47456
-18.97625      63.47615
-18.97249      63.47334
-18.98108      63.46418
-18.98381      63.46267
-19.00776      63.46174
-19.00956      63.46281
-19.00659      63.46755
-18.99409      63.47115
