 52 
 1 
 1             1             
1
 -9999.0   ,   9990.0
   7
 44 
12.29565     -15.07824
12.2888      -15.08008
12.28217     -15.07687
12.27862     -15.07182
12.28169     -15.06745
12.28168     -15.06355
12.27931     -15.06079
12.2682      -15.06149
12.26299     -15.05851
12.24549     -15.05554
12.23437     -15.05646
12.22184     -15.06084
12.21048     -15.05533
12.19416     -15.0558
12.18281     -15.05925
12.17832     -15.06339
12.17359     -15.07212
12.16697     -15.07741
12.15585     -15.07741
12.14594     -15.07376
12.14634     -15.07127
12.16224     -15.07121
12.1633      -15.07058
12.17075     -15.06615
12.18115     -15.05305
12.18517     -15.05121
12.19416     -15.05189
12.19912     -15.04799
12.20503     -15.04729
12.21781     -15.05464
12.22278     -15.05532
12.22775     -15.05486
12.23436     -15.05049
12.23815     -15.0498
12.24643     -15.05209
12.25873     -15.05024
12.26961     -15.05598
12.2768      -15.05193
12.28072     -15.05114
12.28711     -15.05321
12.28995     -15.05596
12.2909      -15.05826
12.285       -15.07159
12.29565     -15.07824
 1 
 1             2             
1
 -9999.0   ,   9990.0
   7
 8 
13.43106     -15.11903
13.42915     -15.11582
13.43127     -15.1142
13.43601     -15.1151
13.43954     -15.11232
13.44191     -15.11369
13.4372      -15.11831
13.43106     -15.11903
 1 
 1             3             
1
 -9999.0   ,   9990.0
   7
 15 
13.43519     -15.12294
13.4285      -15.12777
13.424       -15.1271
13.41999     -15.12873
13.41011     -15.14003
13.40438     -15.13041
13.39609     -15.12724
13.39298     -15.1222
13.39486     -15.11851
13.40576     -15.12214
13.41499     -15.12209
13.42158     -15.11655
13.42705     -15.12203
13.43429     -15.12192
13.43519     -15.12294
 1 
 1             4             
1
 -9999.0   ,   9990.0
   7
 8 
13.42084     -15.15629
13.41753     -15.15585
13.41299     -15.14806
13.41699     -15.14299
13.42053     -15.14228
13.42244     -15.14388
13.42366     -15.15191
13.42084     -15.15629
 3 
 1             5             
1
 -9999.0   ,   9990.0
   7
 60 
12.10909     -15.8692
12.10632     -15.86599
12.10434     -15.86369
12.10295     -15.85393
12.10268     -15.85198
12.10385     -15.83041
12.10172     -15.82191
12.09389     -15.80837
12.09166     -15.8061
12.08637     -15.8007
12.08534     -15.79965
12.06613     -15.78864
12.0646      -15.7883
12.03482     -15.78175
12.02344     -15.7806
12.02102     -15.77952
12.01016     -15.77463
11.99379     -15.7744
11.98241     -15.77188
11.96747     -15.77233
11.94826     -15.75672
11.94162     -15.74868
11.9364      -15.74615
11.92289     -15.72916
11.91791     -15.72595
11.91222     -15.7264
11.91104     -15.72342
11.91318     -15.71194
11.93807     -15.73284
11.94684     -15.74501
11.95419     -15.75006
11.96581     -15.76154
11.98051     -15.7666
11.99        -15.76775
11.99466     -15.76734
12.01087     -15.76591
12.03292     -15.76844
12.03598     -15.77156
12.03719     -15.7728
12.05237     -15.78037
12.06304     -15.77923
12.06613     -15.78336
12.07395     -15.78588
12.0806      -15.79162
12.08771     -15.79529
12.09459     -15.80218
12.09697     -15.80172
12.09729     -15.79955
12.09815     -15.79391
12.09904     -15.79348
12.10005     -15.79299
12.10455     -15.7946
12.1074      -15.79574
12.10953     -15.79896
12.11547     -15.81778
12.11358     -15.82994
12.11453     -15.8343
12.1143      -15.84716
12.10979     -15.85496
12.10909     -15.8692
 1             5             2 
1
 -9999.0   ,   9990.0
   7
 7 
12.1088      -15.81082
12.10566     -15.79771
12.10337     -15.79634
12.10218     -15.79751
12.1025      -15.80588
12.10736     -15.81118
12.1088      -15.81082
 1             5             3 
1
 -9999.0   ,   9990.0
   7
 9 
12.02048     -15.77319
12.01977     -15.77412
12.02194     -15.77573
12.03447     -15.77922
12.03735     -15.77884
12.03527     -15.77491
12.03008     -15.77188
12.02646     -15.77069
12.02048     -15.77319
 1 
 1             6             
1
 -9999.0   ,   9990.0
   7
 14 
12.10412     -15.75143
12.10691     -15.75511
12.1062      -15.75626
12.09885     -15.75649
12.09197     -15.76246
12.08794     -15.76361
12.08682     -15.76322
12.08462     -15.76247
12.08066     -15.7582
12.08154     -15.7565
12.08746     -15.75512
12.09458     -15.74593
12.09718     -15.74593
12.10412     -15.75143
 1 
 1             7             
1
 -9999.0   ,   9990.0
   7
 8 
14.64127     -16.0913
14.63787     -16.08841
14.63508     -16.08183
14.63689     -16.07903
14.64331     -16.07932
14.64636     -16.08635
14.64502     -16.0896
14.64127     -16.0913
 1 
 1             8             
1
 -9999.0   ,   9990.0
   7
 8 
14.55835     -16.15653
14.55518     -16.15363
14.55508     -16.14997
14.55878     -16.14643
14.56307     -16.14701
14.56461     -16.15133
14.56332     -16.15618
14.55835     -16.15653
 1 
 1             9             
1
 -9999.0   ,   9990.0
   7
 8 
14.67138     -16.18205
14.66655     -16.17919
14.66455     -16.17558
14.66637     -16.17278
14.67279     -16.17307
14.67529     -16.17759
14.67444     -16.18128
14.67138     -16.18205
 1 
 1             10            
1
 -9999.0   ,   9990.0
   7
 8 
14.60071     -16.29609
14.59569     -16.29507
14.5934      -16.28963
14.59469     -16.28477
14.59848     -16.28422
14.60115     -16.28621
14.60223     -16.291
14.60071     -16.29609
 1 
 1             11            
1
 -9999.0   ,   9990.0
   7
 9 
14.4882      -16.30125
14.49019     -16.30581
14.48981     -16.31066
14.48711     -16.31322
14.48471     -16.31236
14.48364     -16.3078
14.48469     -16.30295
14.48796     -16.3008
14.4882      -16.30125
 1 
 1             12            
1
 -9999.0   ,   9990.0
   7
 9 
14.96968     -16.31645
14.96658     -16.31608
14.96475     -16.31062
14.96306     -16.30998
14.96253     -16.30793
14.96599     -16.30462
14.96883     -16.30408
14.97157     -16.30813
14.96968     -16.31645
 1 
 1             13            
1
 -9999.0   ,   9990.0
   7
 9 
14.91223     -16.73256
14.9175      -16.74137
14.91787     -16.74595
14.91456     -16.74673
14.90974     -16.74502
14.9051      -16.74125
14.90253     -16.73512
14.90408     -16.73095
14.91223     -16.73256
 1 
 1             14            
1
 -9999.0   ,   9990.0
   7
 11 
14.92324     -16.77404
14.91841     -16.77188
14.91634     -16.76642
14.91788     -16.76225
14.92095     -16.76124
14.92669     -16.76177
14.93439     -16.76432
14.93539     -16.76589
14.93473     -16.76775
14.92819     -16.77206
14.92324     -16.77404
 1 
 1             15            
1
 -9999.0   ,   9990.0
   7
 4 
15           -17.04516
14.99944     -17.04514
15           -17.02789
15           -17.04516
 1 
 1             16            
1
 -9999.0   ,   9990.0
   7
 147 
14.59104     -17.3388
14.58933     -17.33747
14.58619     -17.33663
14.58199     -17.33191
14.57837     -17.31363
14.57218     -17.30575
14.5725      -17.30023
14.5712      -17.29636
14.5681      -17.29667
14.56457     -17.29883
14.56026     -17.29871
14.55682     -17.29535
14.55298     -17.29476
14.55126     -17.29319
14.55032     -17.28495
14.54757     -17.28089
14.53729     -17.28092
14.52996     -17.28386
14.51899     -17.29355
14.51286     -17.29669
14.5047      -17.29552
14.4908      -17.29426
14.471       -17.29614
14.45415     -17.30092
14.43666     -17.30824
14.42458     -17.31268
14.41815     -17.31375
14.40902     -17.31214
14.39989     -17.31053
14.39248     -17.31071
14.38131     -17.31328
14.37476     -17.31872
14.37147     -17.32064
14.35836     -17.32234
14.35151     -17.32572
14.3485      -17.32924
14.34222     -17.33605
14.33633     -17.33941
14.32439     -17.34015
14.31942     -17.34211
14.31428     -17.34683
14.30865     -17.35087
14.29772     -17.35366
14.28313     -17.35355
14.26834     -17.35505
14.2547      -17.3641
14.24901     -17.36607
14.23595     -17.37005
14.23131     -17.37567
14.2284      -17.38309
14.22706     -17.38444
14.22397     -17.38756
14.22084     -17.38694
14.21847     -17.38792
14.21589     -17.38982
14.2139      -17.38793
14.20951     -17.38376
14.20873     -17.38103
14.21616     -17.37236
14.2178      -17.37117
14.22419     -17.36531
14.22551     -17.3641
14.23904     -17.35988
14.25958     -17.34951
14.27096     -17.3458
14.2786      -17.34493
14.2924      -17.3423
14.30379     -17.33881
14.31038     -17.33498
14.32466     -17.32292
14.33999     -17.31497
14.35327     -17.31098
14.37002     -17.30207
14.37883     -17.30071
14.39578     -17.29984
14.40634     -17.30141
14.41803     -17.30044
14.4405      -17.29115
14.46349     -17.28392
14.47352     -17.28321
14.48097     -17.28463
14.49462     -17.28567
14.50598     -17.28125
14.51986     -17.27286
14.52857     -17.26828
14.53451     -17.26675
14.54263     -17.26632
14.54984     -17.26774
14.56129     -17.26676
14.56937     -17.26518
14.57951     -17.26009
14.58573     -17.2519
14.59117     -17.23247
14.59726     -17.21968
14.6051      -17.2096
14.61359     -17.19698
14.61575     -17.18889
14.61147     -17.17247
14.61344     -17.16622
14.62217     -17.15382
14.62657     -17.14039
14.63255     -17.1237
14.63424     -17.11608
14.6344      -17.10459
14.63784     -17.09991
14.63901     -17.09873
14.64304     -17.09794
14.64667     -17.09945
14.6507      -17.10669
14.65506     -17.10911
14.66077     -17.10827
14.66124     -17.10803
14.66512     -17.10999
14.6696      -17.11654
14.67204     -17.11808
14.67873     -17.11836
14.69321     -17.115
14.69793     -17.11304
14.71065     -17.10696
14.71289     -17.10989
14.71368     -17.11262
14.71143     -17.1175
14.70337     -17.12782
14.70123     -17.1366
14.69427     -17.15217
14.68419     -17.16713
14.68309     -17.1706
14.68354     -17.17794
14.68304     -17.1853
14.67423     -17.20345
14.66458     -17.21702
14.66343     -17.21865
14.64958     -17.23578
14.64486     -17.23797
14.63935     -17.23742
14.63391     -17.23963
14.62738     -17.24531
14.61412     -17.26678
14.61174     -17.27557
14.60987     -17.28549
14.60484     -17.29389
14.59566     -17.29895
14.59269     -17.30408
14.59212     -17.30915
14.5959      -17.32466
14.59587     -17.33201
14.59104     -17.3388
 1 
 1             17            
1
 -9999.0   ,   9990.0
   7
 8 
15           -17.44132
14.99879     -17.43834
14.99105     -17.42461
14.99035     -17.4206
14.99133     -17.41981
14.99531     -17.41953
15           -17.42769
15           -17.44132
 1 
 1             18            
1
 -9999.0   ,   9990.0
   7
 63 
14.65083     -17.43396
14.65929     -17.43419
14.664       -17.4398
14.6653      -17.44345
14.66347     -17.44671
14.65759     -17.45008
14.65578     -17.45403
14.65708     -17.45744
14.6615      -17.46146
14.66775     -17.46245
14.67023     -17.46537
14.67269     -17.46783
14.67825     -17.46952
14.68496     -17.46981
14.68869     -17.47453
14.68769     -17.48145
14.69024     -17.48689
14.68865     -17.48992
14.68198     -17.49102
14.6799      -17.49383
14.68684     -17.50214
14.68842     -17.50693
14.68618     -17.5125
14.6835      -17.519
14.68528     -17.52263
14.69044     -17.52731
14.68867     -17.53264
14.69118     -17.53648
14.70572     -17.5423
14.71403     -17.54829
14.717       -17.55165
14.72234     -17.56231
14.73037     -17.58323
14.72806     -17.58628
14.71966     -17.58558
14.71578     -17.58407
14.71332     -17.58161
14.70776     -17.57165
14.70475     -17.56691
14.70211     -17.55848
14.69676     -17.55563
14.68644     -17.55498
14.68078     -17.54962
14.67564     -17.53735
14.67368     -17.53579
14.67222     -17.53514
14.66877     -17.53156
14.66745     -17.52723
14.66894     -17.52099
14.67152     -17.51035
14.66934     -17.50145
14.66088     -17.48996
14.66198     -17.48648
14.6619      -17.48373
14.65916     -17.48013
14.65089     -17.47552
14.64404     -17.47041
14.63896     -17.45998
14.63784     -17.45427
14.63784     -17.446
14.63964     -17.44182
14.6431      -17.43736
14.65083     -17.43396
 1 
 1             19            
1
 -9999.0   ,   9990.0
   7
 15 
15           -17.45278
15           -17.45345
15           -17.46904
14.99783     -17.46706
14.99205     -17.46058
14.98952     -17.45628
14.98914     -17.45147
14.98555     -17.44376
14.98562     -17.43825
14.98772     -17.43658
14.99045     -17.43949
14.99382     -17.44812
14.99505     -17.44924
14.99819     -17.45007
15           -17.45278
 1 
 1             20            
1
 -9999.0   ,   9990.0
   7
 82 
15           -17.56072
14.99895     -17.561
14.99665     -17.56094
14.99163     -17.55061
14.9891      -17.55208
14.9852      -17.5577
14.98239     -17.55985
14.97611     -17.55819
14.95963     -17.55175
14.954       -17.54778
14.95201     -17.54553
14.94665     -17.54247
14.94004     -17.53759
14.93445     -17.53499
14.93171     -17.53139
14.92345     -17.52749
14.90892     -17.5141
14.90787     -17.51115
14.903       -17.50829
14.90084     -17.50835
14.89217     -17.49848
14.89134     -17.49506
14.89441     -17.48556
14.89299     -17.47802
14.88881     -17.47423
14.88424     -17.47366
14.8735      -17.47465
14.86696     -17.47207
14.862       -17.46646
14.85593     -17.4556
14.85557     -17.45124
14.85672     -17.44984
14.85908     -17.44885
14.86354     -17.45379
14.86981     -17.46326
14.87398     -17.46682
14.87758     -17.46695
14.87944     -17.46507
14.87739     -17.46053
14.87439     -17.45647
14.87376     -17.45144
14.87365     -17.44777
14.87725     -17.44813
14.88428     -17.45896
14.89288     -17.46631
14.8982      -17.468
14.90164     -17.47112
14.90296     -17.47522
14.90238     -17.47983
14.90469     -17.48505
14.91501     -17.49372
14.91711     -17.49987
14.91349     -17.50709
14.91406     -17.51006
14.92146     -17.51697
14.93199     -17.52495
14.94808     -17.53439
14.95197     -17.53612
14.9563      -17.53692
14.96123     -17.54137
14.96351     -17.54544
14.97009     -17.5494
14.97902     -17.55144
14.98425     -17.55015
14.98728     -17.54754
14.9821      -17.54263
14.97917     -17.54064
14.98146     -17.53713
14.98748     -17.53835
14.98763     -17.53536
14.98034     -17.52407
14.97304     -17.51233
14.9716      -17.50433
14.97492     -17.50355
14.98044     -17.51167
14.99063     -17.5316
14.99229     -17.53913
14.99462     -17.54458
14.9982      -17.54448
14.99841     -17.55113
15           -17.55164
15           -17.56072
 1 
 1             21            
1
 -9999.0   ,   9990.0
   7
 24 
14.54016     -17.54841
14.53508     -17.54648
14.53131     -17.53991
14.53316     -17.53779
14.53518     -17.53269
14.53305     -17.52494
14.52692     -17.52004
14.51362     -17.50659
14.50386     -17.50844
14.49769     -17.50171
14.49539     -17.49671
14.4967      -17.49209
14.49903     -17.48973
14.50622     -17.49001
14.51954     -17.49542
14.52458     -17.50448
14.53415     -17.51296
14.53967     -17.52201
14.54222     -17.52769
14.54362     -17.535
14.54821     -17.54499
14.54704     -17.54594
14.54565     -17.54759
14.54016     -17.54841
 1 
 1             22            
1
 -9999.0   ,   9990.0
   7
 42 
14.54815     -17.57738
14.53916     -17.57256
14.53616     -17.56827
14.53297     -17.56536
14.52911     -17.56454
14.52541     -17.56923
14.52112     -17.57003
14.51416     -17.56951
14.51048     -17.56639
14.51017     -17.56387
14.51349     -17.56241
14.5195      -17.56341
14.52111     -17.56084
14.52008     -17.55834
14.51547     -17.55616
14.50824     -17.5545
14.50025     -17.55149
14.49863     -17.55337
14.50089     -17.55721
14.49981     -17.56138
14.49259     -17.56018
14.48936     -17.56462
14.481       -17.55702
14.47586     -17.55279
14.46507     -17.54364
14.46452     -17.5409
14.4666      -17.53809
14.47117     -17.53912
14.47521     -17.53787
14.47852     -17.53618
14.48261     -17.537
14.48506     -17.53901
14.51144     -17.54914
14.51481     -17.54974
14.51969     -17.55284
14.53686     -17.55883
14.54116     -17.5585
14.54457     -17.56048
14.55109     -17.57088
14.55355     -17.57334
14.55171     -17.57614
14.54815     -17.57738
 1 
 1             23            
1
 -9999.0   ,   9990.0
   7
 20 
14.90885     -17.6076
14.90226     -17.60341
14.89285     -17.59333
14.88159     -17.58537
14.87758     -17.57928
14.87771     -17.5756
14.87984     -17.57485
14.88234     -17.57846
14.88746     -17.58131
14.89461     -17.58019
14.89609     -17.58153
14.89714     -17.58449
14.89605     -17.58819
14.89804     -17.59066
14.90316     -17.59351
14.91078     -17.59996
14.9133      -17.60403
14.91218     -17.60682
14.91075     -17.60708
14.90885     -17.6076
 1 
 1             24            
1
 -9999.0   ,   9990.0
   7
 15 
14.33612     -17.61157
14.32837     -17.59959
14.32996     -17.5961
14.3352      -17.59506
14.34071     -17.5862
14.34693     -17.58582
14.35251     -17.58844
14.35432     -17.59345
14.35298     -17.59693
14.34711     -17.5927
14.34378     -17.59324
14.34155     -17.59973
14.34169     -17.60501
14.34014     -17.60964
14.33612     -17.61157
 1 
 1             25            
1
 -9999.0   ,   9990.0
   7
 14 
14.84632     -17.61573
14.84222     -17.6147
14.84047     -17.61245
14.83407     -17.60665
14.8341      -17.60756
14.82871     -17.60358
14.82543     -17.59815
14.82374     -17.58947
14.82558     -17.58689
14.82779     -17.58867
14.83578     -17.59948
14.84442     -17.6082
14.84768     -17.61317
14.84632     -17.61573
 1 
 1             26            
1
 -9999.0   ,   9990.0
   7
 17 
14.88735     -17.62564
14.88279     -17.62531
14.87595     -17.62113
14.8702      -17.61302
14.86238     -17.59991
14.85896     -17.59747
14.85302     -17.5912
14.85703     -17.58926
14.8614      -17.59098
14.8666      -17.59681
14.87365     -17.60833
14.88108     -17.6164
14.88477     -17.61951
14.88935     -17.62031
14.89038     -17.6228
14.88899     -17.62445
14.88735     -17.62564
 1 
 1             27            
1
 -9999.0   ,   9990.0
   7
 13 
14.45562     -17.6539
14.4447      -17.64889
14.43475     -17.64408
14.43274     -17.64091
14.43337     -17.63768
14.43642     -17.63508
14.43859     -17.63571
14.44712     -17.64079
14.45314     -17.64202
14.46242     -17.64822
14.46303     -17.65326
14.45897     -17.65359
14.45562     -17.6539
 1 
 1             28            
1
 -9999.0   ,   9990.0
   7
 23 
14.84748     -17.63867
14.84994     -17.64067
14.85116     -17.6496
14.85634     -17.66278
14.85932     -17.67419
14.85829     -17.67973
14.86149     -17.69067
14.86034     -17.69231
14.8613      -17.70055
14.85936     -17.70773
14.8575      -17.70962
14.85412     -17.70902
14.85158     -17.70403
14.85235     -17.69758
14.85316     -17.69273
14.85449     -17.68902
14.85064     -17.67236
14.84761     -17.66715
14.8472      -17.66165
14.84377     -17.65095
14.84424     -17.64267
14.84561     -17.6401
14.84748     -17.63867
 1 
 1             29            
1
 -9999.0   ,   9990.0
   7
 15 
15           -17.68614
14.99918     -17.68596
14.99475     -17.68218
14.98955     -17.67658
14.98444     -17.66615
14.98052     -17.6557
14.97562     -17.64434
14.97645     -17.64019
14.97887     -17.64081
14.98568     -17.65188
14.98984     -17.66279
14.99313     -17.66821
14.99878     -17.67288
15           -17.67417
15           -17.68614
 1 
 1             30            
1
 -9999.0   ,   9990.0
   7
 13 
14.9433      -17.66132
14.93918     -17.6596
14.93142     -17.65682
14.92323     -17.65544
14.91904     -17.65165
14.92277     -17.6481
14.92757     -17.6482
14.93099     -17.6504
14.9404      -17.65244
14.94601     -17.65573
14.949       -17.65956
14.94761     -17.66097
14.9433      -17.66132
 1 
 1             31            
1
 -9999.0   ,   9990.0
   7
 17 
14.57899     -17.66917
14.56845     -17.66944
14.56049     -17.66757
14.54459     -17.66476
14.53612     -17.66176
14.53037     -17.6619
14.52671     -17.65947
14.52563     -17.65513
14.52772     -17.65255
14.53389     -17.65056
14.54084     -17.65061
14.54885     -17.65409
14.56912     -17.65908
14.58046     -17.66201
14.58414     -17.6649
14.58301     -17.66723
14.57899     -17.66917
 1 
 1             32            
1
 -9999.0   ,   9990.0
   7
 12 
14.44147     -17.67975
14.43901     -17.67774
14.43792     -17.67271
14.43343     -17.66639
14.43383     -17.6634
14.43598     -17.66311
14.44644     -17.6686
14.45254     -17.67281
14.45383     -17.67622
14.45223     -17.67902
14.44619     -17.67733
14.44147     -17.67975
 1 
 1             33            
1
 -9999.0   ,   9990.0
   7
 11 
14.65852     -17.8107
14.65315     -17.80762
14.64991     -17.80311
14.64118     -17.79139
14.64154     -17.78725
14.64969     -17.7953
14.65723     -17.79901
14.66262     -17.80301
14.66487     -17.8064
14.66472     -17.80939
14.65852     -17.8107
 1 
 1             34            
1
 -9999.0   ,   9990.0
   7
 26 
12.30377     -17.79972
12.30212     -17.8018
12.29572     -17.80671
12.29        -17.80953
12.28503     -17.81419
12.28027     -17.81723
12.27382     -17.81869
12.26781     -17.81762
12.257       -17.81683
12.24334     -17.817
12.24119     -17.81794
12.23542     -17.81686
12.22706     -17.81903
12.22272     -17.81771
12.21641     -17.81227
12.21929     -17.812
12.22841     -17.81281
12.23463     -17.81136
12.24422     -17.81124
12.25882     -17.80946
12.2629      -17.80918
12.27467     -17.81064
12.28063     -17.80827
12.29609     -17.79866
12.30015     -17.79792
12.30377     -17.79972
 2 
 1             35            
1
 -9999.0   ,   9990.0
   7
 42 
14.73637     -17.93915
14.732       -17.93743
14.72877     -17.93361
14.72535     -17.92336
14.72169     -17.92116
14.71834     -17.92171
14.71293     -17.92529
14.70909     -17.92563
14.706       -17.91812
14.7063      -17.91214
14.70534     -17.91217
14.70063     -17.91505
14.70149     -17.91985
14.6999      -17.92311
14.69703     -17.92364
14.69504     -17.92094
14.69315     -17.91387
14.68825     -17.91032
14.6889      -17.908
14.69294     -17.90652
14.69843     -17.90546
14.69958     -17.90359
14.70543     -17.89838
14.71254     -17.89544
14.72014     -17.89271
14.72545     -17.89349
14.72671     -17.89552
14.72585     -17.89899
14.72877     -17.90052
14.73441     -17.89624
14.739       -17.89727
14.74591     -17.90375
14.74916     -17.90826
14.75337     -17.91274
14.75875     -17.91627
14.75964     -17.92199
14.75826     -17.9241
14.75734     -17.92527
14.75087     -17.9259
14.74584     -17.93431
14.74139     -17.93833
14.73637     -17.93915
 1             35            2 
1
 -9999.0   ,   9990.0
   7
 13 
14.71485     -17.91697
14.71796     -17.91666
14.71982     -17.91454
14.72514     -17.91601
14.72609     -17.91576
14.72745     -17.91296
14.72521     -17.91027
14.72185     -17.91013
14.71926     -17.91203
14.71636     -17.91119
14.71353     -17.9131
14.71262     -17.91473
14.71485     -17.91697
 1 
 1             36            
1
 -9999.0   ,   9990.0
   7
 23 
14.81739     -18.02407
14.81469     -18.02208
14.80868     -18.01397
14.80334     -18.01181
14.79737     -18.01312
14.79115     -18.01398
14.7894      -18.01173
14.78405     -18.00107
14.78283     -18.00064
14.77773     -17.99848
14.77763     -17.99527
14.7796      -17.98855
14.78549     -17.98495
14.78692     -17.99249
14.78814     -17.99315
14.79335     -17.99898
14.79969     -18.00203
14.80827     -18.008
14.81262     -18.00881
14.81683     -18.01329
14.8221      -18.02073
14.82074     -18.02352
14.81739     -18.02407
 1 
 1             37            
1
 -9999.0   ,   9990.0
   7
 53 
11.85226     -18.10611
11.85002     -18.09901
11.84607     -18.08964
11.84748     -18.08664
11.85038     -18.08799
11.85355     -18.09232
11.85495     -18.08909
11.85191     -18.07488
11.84597     -18.05863
11.84763     -18.05677
11.85099     -18.05697
11.85715     -18.07046
11.85881     -18.06907
11.85851     -18.06356
11.853       -18.04317
11.85223     -18.03812
11.85002     -18.03424
11.84852     -18.02828
11.84239     -18.01709
11.83897     -18.01184
11.83823     -18.01001
11.83677     -18.00796
11.8338      -18.00018
11.83448     -17.99604
11.83664     -17.99625
11.84473     -18.01178
11.85013     -18.02184
11.8533      -18.02617
11.85968     -18.03874
11.86211     -18.04101
11.87068     -18.03495
11.87596     -18.03467
11.87648     -18.03765
11.87434     -18.03951
11.86981     -18.04232
11.86744     -18.04555
11.86362     -18.04766
11.86174     -18.05158
11.86281     -18.06145
11.86456     -18.0674
11.86779     -18.07656
11.86501     -18.08646
11.86586     -18.09771
11.86933     -18.10709
11.87792     -18.12355
11.88549     -18.13449
11.88528     -18.13679
11.88166     -18.13591
11.87173     -18.12866
11.86657     -18.11861
11.85964     -18.10053
11.85463     -18.10379
11.85226     -18.10611
 1 
 1             38            
1
 -9999.0   ,   9990.0
   7
 10 
11.85463     -18.10379
11.85709     -18.10813
11.85908     -18.11478
11.86354     -18.12668
11.86888     -18.13167
11.87181     -18.13578
11.87088     -18.139
11.8651      -18.13768
11.85972     -18.12924
11.85226     -18.10611
 1 
 1             39            
1
 -9999.0   ,   9990.0
   7
 31 
14.42852     -18.16642
14.42556     -18.16374
14.42563     -18.15753
14.42452     -18.15182
14.42086     -18.14984
14.41727     -18.15061
14.41243     -18.14936
14.4094      -18.14392
14.40721     -18.14282
14.40178     -18.1379
14.4048      -18.13369
14.4004      -18.12231
14.39486     -18.11302
14.39691     -18.10884
14.40068     -18.10576
14.40908     -18.10532
14.41082     -18.10758
14.40812     -18.11431
14.40338     -18.11695
14.40513     -18.11943
14.41195     -18.12272
14.41491     -18.12563
14.42235     -18.13418
14.42221     -18.13763
14.42353     -18.14196
14.42596     -18.14305
14.42968     -18.14732
14.43321     -18.15321
14.43433     -18.15916
14.43249     -18.16219
14.42852     -18.16642
 1 
 1             40            
1
 -9999.0   ,   9990.0
   7
 56 
12.27295     -18.11935
12.27079     -18.12296
12.26841     -18.12585
12.26469     -18.13485
12.26413     -18.1468
12.26264     -18.16083
12.2601      -18.16868
12.257       -18.17055
12.25323     -18.17588
12.2475      -18.17894
12.23793     -18.18181
12.23222     -18.1867
12.22678     -18.19297
12.2201      -18.19696
12.20809     -18.19779
12.20327     -18.19693
12.20112     -18.19741
12.19248     -18.19866
12.1846      -18.20289
12.18175     -18.20553
12.17629     -18.21057
12.1708      -18.21408
12.16774     -18.21894
12.1585      -18.22938
12.15703     -18.22756
12.15796     -18.2248
12.1572      -18.22182
12.15193     -18.22349
12.15452     -18.21909
12.15951     -18.21421
12.16496     -18.2084
12.16949     -18.20559
12.17496     -18.20117
12.17779     -18.19952
12.1814      -18.19742
12.19026     -18.19432
12.19625     -18.19264
12.20202     -18.19304
12.2176      -18.1894
12.2257      -18.18425
12.23784     -18.17709
12.23882     -18.17651
12.24094     -18.1735
12.24833     -18.16928
12.25123     -18.16799
12.25526     -18.16621
12.25715     -18.16366
12.25941     -18.15283
12.25934     -18.14763
12.25928     -18.14365
12.25963     -18.134
12.26123     -18.128
12.26383     -18.1243
12.26628     -18.12105
12.27003     -18.11909
12.27295     -18.11935
 1 
 1             41            
1
 -9999.0   ,   9990.0
   7
 9 
14.40982     -18.21306
14.40186     -18.21188
14.39266     -18.20062
14.39258     -18.19786
14.39877     -18.19541
14.40168     -18.19626
14.40349     -18.20104
14.41023     -18.2103
14.40982     -18.21306
 1 
 1             42            
1
 -9999.0   ,   9990.0
   7
 17 
15           -18.27556
14.9988      -18.27601
14.99319     -18.28122
14.99137     -18.28472
14.99361     -18.28718
15           -18.29066
15           -18.29915
14.99928     -18.29943
14.98958     -18.29695
14.98388     -18.29159
14.97711     -18.2904
14.9739      -18.28796
14.97482     -18.28632
14.98544     -18.27983
14.99854     -18.26751
15           -18.26724
15           -18.27556
 1 
 1             43            
1
 -9999.0   ,   9990.0
   7
 51 
12.44215     -18.38735
12.44881     -18.39783
12.46502     -18.41944
12.46972     -18.4281
12.47466     -18.43677
12.48019     -18.45209
12.48321     -18.46078
12.48352     -18.4656
12.47935     -18.47668
12.47304     -18.4894
12.46617     -18.49684
12.46667     -18.49845
12.46499     -18.49824
12.44929     -18.51154
12.44682     -18.51338
12.43642     -18.52113
12.43408     -18.52553
12.42362     -18.53555
12.41111     -18.55294
12.40805     -18.55803
12.40352     -18.56154
12.38673     -18.58358
12.38193     -18.58479
12.37947     -18.58115
12.3811      -18.57699
12.39867     -18.55885
12.40172     -18.55329
12.40624     -18.54979
12.41925     -18.53308
12.42705     -18.52264
12.43203     -18.51774
12.4344      -18.51526
12.44223     -18.50704
12.44773     -18.50375
12.44913     -18.50075
12.45752     -18.49834
12.46395     -18.49343
12.47081     -18.48484
12.47683     -18.4689
12.47719     -18.46063
12.47613     -18.45444
12.47191     -18.44622
12.46949     -18.44488
12.46677     -18.44009
12.46744     -18.43687
12.45632     -18.41772
12.45316     -18.41569
12.44968     -18.40793
12.44352     -18.39882
12.44077     -18.39127
12.44215     -18.38735
 1 
 1             44            
1
 -9999.0   ,   9990.0
   7
 58 
12.72543     -18.40083
12.73333     -18.41312
12.74007     -18.42726
12.74234     -18.43389
12.74554     -18.43798
12.74768     -18.45058
12.75062     -18.46823
12.75093     -18.48683
12.74983     -18.49305
12.75168     -18.50244
12.74788     -18.52042
12.74749     -18.52594
12.7364      -18.54012
12.72983     -18.55056
12.72134     -18.56171
12.71763     -18.5705
12.71874     -18.57898
12.71498     -18.58524
12.71062     -18.5918
12.71004     -18.59267
12.70056     -18.60222
12.69395     -18.61036
12.68254     -18.62064
12.68        -18.62711
12.67887     -18.63172
12.67392     -18.63869
12.67255     -18.64376
12.66661     -18.6489
12.66557     -18.64432
12.66811     -18.63716
12.67376     -18.62881
12.67606     -18.62211
12.68124     -18.61469
12.68815     -18.60953
12.69193     -18.60511
12.69735     -18.59722
12.70431     -18.58941
12.70752     -18.58581
12.71293     -18.57746
12.71459     -18.56112
12.71717     -18.55718
12.72286     -18.55181
12.73723     -18.53207
12.7428      -18.51889
12.7451      -18.49795
12.74301     -18.48833
12.74489     -18.48531
12.74577     -18.48025
12.74472     -18.46096
12.7432      -18.45662
12.74259     -18.44859
12.74001     -18.43829
12.73635     -18.43559
12.73382     -18.42781
12.73086     -18.42349
12.72959     -18.41983
12.72432     -18.40659
12.72543     -18.40083
 1 
 1             45            
1
 -9999.0   ,   9990.0
   7
 16 
14.96248     -18.48913
14.95804     -18.4858
14.95599     -18.48172
14.95503     -18.47393
14.95126     -18.46898
14.95263     -18.46642
14.9564      -18.46378
14.95911     -18.46578
14.96323     -18.46635
14.9669      -18.46832
14.96816     -18.47012
14.96906     -18.47584
14.96795     -18.47909
14.96707     -18.48188
14.96508     -18.48745
14.96248     -18.48913
 1 
 1             46            
1
 -9999.0   ,   9990.0
   7
 18 
14.96462     -18.52768
14.96141     -18.52524
14.96228     -18.52223
14.96052     -18.51975
14.94947     -18.52074
14.94747     -18.5185
14.94787     -18.51596
14.95        -18.51452
14.95765     -18.51247
14.96127     -18.5126
14.96591     -18.51477
14.97266     -18.51482
14.97609     -18.51656
14.97761     -18.51904
14.97623     -18.52138
14.97578     -18.52231
14.96978     -18.52317
14.96462     -18.52768
 1 
 1             47            
1
 -9999.0   ,   9990.0
   7
 13 
12.73681     -18.95622
12.72643     -18.95637
12.71975     -18.9613
12.71356     -18.9669
12.71236     -18.96738
12.7111      -18.96441
12.71514     -18.96022
12.71653     -18.95652
12.72107     -18.95347
12.72541     -18.95317
12.72802     -18.95038
12.73235     -18.94939
12.73681     -18.95622
 1 
 1             48            
1
 -9999.0   ,   9990.0
   7
 10 
13.35199     -18.9761
13.35003     -18.97452
13.34693     -18.9647
13.34849     -18.95869
13.35085     -18.95566
13.35398     -18.95515
13.35545     -18.9565
13.35674     -18.96038
13.35545     -18.96822
13.35199     -18.9761
 1 
 1             49            
1
 -9999.0   ,   9990.0
   7
 11 
12.73681     -18.95622
12.73303     -18.96133
12.72227     -18.96792
12.717       -18.97053
12.71265     -18.97013
12.71119     -18.96947
12.71236     -18.96738
12.71356     -18.9669
12.71975     -18.9613
12.72643     -18.95637
12.73681     -18.95622
 1 
 1             50            
1
 -9999.0   ,   9990.0
   7
 13 
12.49688     -19.01477
12.49274     -19.01299
12.4893      -19.0089
12.48428     -18.99633
12.48418     -18.9899
12.4868      -18.98711
12.49258     -18.98657
12.4965      -18.98996
12.50172     -18.99954
12.50247     -19.00137
12.50332     -19.00917
12.50072     -19.01334
12.49688     -19.01477
 1 
 1             51            
1
 -9999.0   ,   9990.0
   7
 8 
13.33883     -19.05309
13.34246     -19.05325
13.345       -19.05918
13.34333     -19.06036
13.34043     -19.06041
13.33873     -19.05998
13.33577     -19.05705
13.33883     -19.05309
 1 
 1             52            
1
 -9999.0   ,   9990.0
   7
 13 
13.36571     -19.0673
13.36178     -19.06415
13.35955     -19.06167
13.35925     -19.05892
13.36349     -19.05332
13.36954     -19.05367
13.37181     -19.05846
13.37762     -19.05881
13.37864     -19.06109
13.37798     -19.06455
13.37412     -19.06485
13.36957     -19.067
13.36571     -19.0673
