 94 
 1 
 1             1             
1
 -9999.0   ,   9990.0
   7
 4 
45.00092      36.00039
45            35.99961
45            36.0007
45.00092      36.00039
 1 
 1             2             
1
 -9999.0   ,   9990.0
   7
 9 
45.01642      36.00739
45.00559      36.00981
45            36.01286
45            36.02422
45.00153      36.02311
45.025        36.01248
45.02809      36.0082
45.02231      36.00664
45.01642      36.00739
 1 
 1             3             
1
 -9999.0   ,   9990.0
   7
 6 
45.68892      40
45.7167       40
45.70787      39.99178
45.70261      39.98975
45.69909      39.9902
45.68892      40
 1 
 1             4             
1
 -9999.0   ,   9990.0
   7
 5 
48.24467      40
48.27095      40
48.26325      39.99572
48.25617      39.99706
48.24467      40
 3 
 1             5             
1
 -9999.0   ,   9990.0
   7
 400 
48.96656      39.6005
48.96514      39.604
48.96853      39.60833
48.97883      39.61231
48.97745      39.61484
48.97584      39.61583
48.96128      39.62486
48.95528      39.63081
48.95545      39.63611
48.96167      39.64208
48.96242      39.64572
48.95859      39.64775
48.94164      39.65011
48.93678      39.65356
48.9365       39.65747
48.93831      39.66011
48.94281      39.66228
48.94467      39.66319
48.96456      39.66475
48.9632       39.66867
48.95103      39.68434
48.95145      39.69375
48.94023      39.69956
48.93722      39.70233
48.93675      39.70561
48.9557       39.7082
48.96559      39.71511
48.9652       39.71664
48.96345      39.71789
48.95137      39.71442
48.94906      39.71544
48.94631      39.72028
48.94353      39.73375
48.94272      39.73767
48.945        39.74322
48.94145      39.74553
48.92456      39.74194
48.92058      39.74617
48.92031      39.75234
48.92398      39.75578
48.93603      39.76711
48.93406      39.77211
48.93497      39.77609
48.94348      39.78208
48.9317       39.79467
48.92789      39.80197
48.92708      39.81144
48.91159      39.81883
48.90987      39.82173
48.90875      39.82358
48.90867      39.82803
48.90859      39.83217
48.9132       39.84153
48.90906      39.85056
48.90772      39.85344
48.91064      39.85728
48.91867      39.85642
48.91892      39.85753
48.91414      39.86575
48.90625      39.86986
48.90231      39.87444
48.90228      39.88172
48.905        39.88786
48.90159      39.88989
48.88467      39.89081
48.87992      39.89436
48.88017      39.90086
48.886        39.90478
48.90011      39.9067
48.90398      39.90722
48.90567      39.90959
48.90372      39.91186
48.89236      39.90964
48.88981      39.91234
48.89884      39.92703
48.90039      39.92956
48.89639      39.93375
48.88314      39.9362
48.8792       39.94081
48.88056      39.94786
48.88109      39.95064
48.8802       39.95319
48.87964      39.95475
48.8727       39.95536
48.8697       39.95428
48.86881      39.95395
48.85959      39.95492
48.85947      39.95531
48.85603      39.967
48.84456      39.97247
48.83467      39.98153
48.83245      39.98256
48.82886      39.98284
48.82625      39.98353
48.82358      39.98542
48.82147      39.98653
48.81942      39.98647
48.81634      39.98675
48.81317      39.98823
48.81056      39.98934
48.80889      39.99164
48.80761      39.99631
48.80659      40
48.81211      40
48.81259      39.99886
48.81531      39.99617
48.81809      39.99194
48.82175      39.99089
48.82792      39.99028
48.83003      39.98919
48.83372      39.98734
48.83884      39.9875
48.84453      39.98689
48.84845      39.98703
48.84495      39.98258
48.84897      39.97767
48.85956      39.97297
48.86489      39.96086
48.88659      39.9587
48.88875      39.95373
48.88784      39.95242
48.88414      39.94719
48.88353      39.94634
48.88653      39.94281
48.90175      39.93897
48.90434      39.93714
48.90467      39.93692
48.90586      39.93189
48.90311      39.92467
48.89989      39.91625
48.90764      39.91681
48.9115       39.91475
48.91         39.90747
48.90667      39.90434
48.90287      39.90075
48.89628      39.90128
48.88895      39.89814
48.89147      39.89511
48.90542      39.89622
48.90811      39.89345
48.90884      39.87478
48.91648      39.87086
48.92131      39.86597
48.92786      39.85467
48.92703      39.84945
48.92453      39.84872
48.91511      39.85367
48.91323      39.85164
48.91939      39.84306
48.91931      39.83975
48.91384      39.83014
48.91598      39.82525
48.91709      39.82275
48.923        39.81856
48.93186      39.81508
48.93445      39.80178
48.94328      39.79353
48.95092      39.78189
48.94706      39.77589
48.94345      39.77361
48.94383      39.76639
48.9422       39.76359
48.93986      39.76203
48.92872      39.75458
48.92664      39.751
48.92928      39.74933
48.94         39.7512
48.94609      39.74964
48.9515       39.74411
48.95011      39.73628
48.95325      39.72989
48.95317      39.72811
48.95281      39.7215
48.95278      39.7212
48.9557       39.71914
48.96236      39.72203
48.96692      39.72175
48.96978      39.71633
48.96642      39.70986
48.95814      39.70519
48.94836      39.70331
48.94714      39.70308
48.94609      39.70172
48.94703      39.7
48.95606      39.69589
48.95736      39.68814
48.97187      39.66631
48.97017      39.65822
48.96753      39.65525
48.95911      39.655
48.95148      39.65836
48.94503      39.65672
48.94328      39.65447
48.95178      39.65259
48.96203      39.65292
48.96992      39.64522
48.96923      39.64089
48.96378      39.63781
48.96217      39.63272
48.96831      39.62617
48.98031      39.61953
48.98167      39.61781
48.98642      39.61181
48.98636      39.6087
48.98633      39.6075
48.98598      39.60742
48.97453      39.60486
48.97436      39.60067
48.97506      39.60003
48.97809      39.59725
48.98431      39.60206
48.9882       39.60506
49.0022       39.60239
49.00292      39.59594
48.99459      39.58608
48.99028      39.58097
48.99058      39.57992
48.99117      39.57792
48.99448      39.57017
49.00161      39.57208
49.00656      39.56075
49.01442      39.56517
49.01606      39.56608
49.02075      39.56653
49.02378      39.56408
49.02467      39.55431
49.02131      39.54889
49.01431      39.54417
49.01406      39.5422
49.0145       39.54081
49.02578      39.53978
49.02853      39.53564
49.02709      39.52886
49.01245      39.52478
49.01181      39.52308
49.01309      39.51217
49.0212       39.50961
49.02259      39.50406
49.01978      39.502
49.00584      39.49878
49.00345      39.49589
49.00622      39.4912
49.01595      39.484
49.0177       39.48081
49.02203      39.47292
49.00345      39.46842
49.00181      39.465
49.00584      39.46456
49.02842      39.46864
49.03089      39.46283
49.02737      39.45375
49.03503      39.43884
49.03417      39.43197
49.04497      39.43186
49.05339      39.43381
49.05506      39.43639
49.06084      39.43764
49.07328      39.43386
49.07617      39.43361
49.08017      39.43325
49.09661      39.4352
49.10808      39.43214
49.1145       39.42703
49.12097      39.42778
49.12756      39.42603
49.1462       39.41509
49.15839      39.41714
49.17378      39.41342
49.18595      39.41603
49.19897      39.41586
49.20742      39.41331
49.22283      39.41572
49.23328      39.41661
49.23881      39.41481
49.24034      39.41081
49.24295      39.40392
49.24461      39.39956
49.24692      39.40083
49.25484      39.40519
49.25923      39.4042
49.2715       39.3967
49.28214      39.39367
49.30014      39.38044
49.34306      39.35956
49.35214      39.36989
49.35572      39.37398
49.36458      39.37819
49.38389      39.37503
49.4012       39.37964
49.4027       39.3775
49.40608      39.37931
49.41114      39.37856
49.4125       39.37378
49.41092      39.36847
49.39873      39.34919
49.39659      39.33564
49.4037       39.30397
49.4102       39.29611
49.43053      39.28745
49.4357       39.2832
49.43567      39.28158
49.42998      39.28294
49.42989      39.27759
49.42309      39.27914
49.40267      39.29089
49.39306      39.2878
49.38178      39.27889
49.37973      39.28153
49.39414      39.29597
49.38031      39.31325
49.37097      39.31997
49.3592       39.32414
49.34828      39.3412
49.34481      39.35317
49.30492      39.37134
49.28781      39.38092
49.27872      39.38964
49.26778      39.39184
49.25661      39.39795
49.25225      39.39636
49.24739      39.39459
49.23939      39.3952
49.23728      39.40592
49.23695      39.40759
49.23653      39.4097
49.23208      39.41181
49.20581      39.40933
49.19084      39.41195
49.17828      39.40989
49.17364      39.40975
49.16889      39.40961
49.16117      39.41247
49.14572      39.41058
49.13183      39.41847
49.12273      39.42167
49.11189      39.42161
49.10356      39.42892
49.09775      39.43089
49.09489      39.43033
49.0812       39.42767
49.0732       39.42825
49.05925      39.43231
49.05214      39.42956
49.04059      39.42948
49.03053      39.42734
49.02984      39.42719
49.02953      39.42795
49.02853      39.43044
49.02817      39.43133
49.02836      39.44172
49.02072      39.44933
49.02103      39.46108
49.02109      39.46309
49.0185       39.46278
49.00059      39.46075
48.99945      39.46108
48.99361      39.46278
48.99322      39.47006
49.00031      39.47308
49.00209      39.47314
49.01006      39.47339
49.012        39.47767
48.99761      39.48981
48.99623      39.49567
49.00264      39.50428
49.01503      39.50544
49.01522      39.50678
49.00548      39.50911
49.00362      39.51328
49.00497      39.51856
48.99983      39.52353
49.00139      39.52833
49.01131      39.53017
49.02017      39.53178
49.02089      39.53422
49.01795      39.53653
49.00458      39.53678
49.00223      39.53803
49.00259      39.5422
49.01789      39.55367
49.02022      39.55773
49.01867      39.56053
49.01642      39.56022
49.00467      39.55106
49.00242      39.551
48.99998      39.554
49.00031      39.56367
48.998        39.56425
48.99008      39.55742
48.98672      39.56728
48.9845       39.57378
48.9837       39.58217
48.98728      39.58767
48.99375      39.59764
48.98714      39.59911
48.98145      39.59284
48.98031      39.59158
48.97634      39.5912
48.96958      39.59517
48.96656      39.6005
 1             5             2 
1
 -9999.0   ,   9990.0
   7
 14 
49.36114      39.34556
49.35639      39.3395
49.36095      39.33344
49.37173      39.33139
49.38364      39.33556
49.38231      39.33942
49.38642      39.35464
49.39403      39.36328
49.399        39.37233
49.38003      39.37267
49.37258      39.37095
49.36711      39.37253
49.35414      39.36536
49.36114      39.34556
 1             5             3 
1
 -9999.0   ,   9990.0
   7
 3 
49.39039      39.32839
49.38172      39.32431
49.39039      39.32839
 1 
 1             6             
1
 -9999.0   ,   9990.0
   7
 29 
48.90317      40
48.9375       40
48.93986      39.99628
48.94062      39.99198
48.93973      39.98917
48.93836      39.98397
48.93781      39.98253
48.92695      39.95436
48.92736      39.94842
48.92742      39.94769
48.92773      39.94342
48.92287      39.94581
48.92167      39.94878
48.92159      39.949
48.91986      39.95325
48.90658      39.96411
48.90497      39.96728
48.90745      39.9717
48.92586      39.9715
48.92983      39.97453
48.92942      39.97822
48.919        39.97886
48.91286      39.98281
48.91375      39.98683
48.91306      39.9895
48.90987      39.99178
48.9087       39.9945
48.909        39.99806
48.90317      40
 1 
 1             7             
1
 -9999.0   ,   9990.0
   7
 21 
47.62631      40
47.72333      40
47.72348      39.99906
47.72364      39.99789
47.7252       39.98544
47.72217      39.98167
47.71336      39.98
47.70439      39.98539
47.69561      39.98803
47.68292      39.98689
47.67742      39.98439
47.67348      39.98058
47.67337      39.97783
47.66934      39.97561
47.66167      39.97489
47.65503      39.97625
47.64656      39.98325
47.6415       39.99539
47.63711      39.99733
47.62995      39.99822
47.62631      40
 1 
 1             8             
1
 -9999.0   ,   9990.0
   7
 8 
45.74036      39.98589
45.73395      39.98739
45.73048      39.99192
45.73381      39.99586
45.75561      39.98986
45.75806      39.98745
45.75581      39.98572
45.74036      39.98589
 1 
 1             9             
1
 -9999.0   ,   9990.0
   7
 10 
48.88611      39.92478
48.87934      39.92734
48.87914      39.92503
48.87731      39.92453
48.87411      39.92597
48.87734      39.93222
48.88706      39.92944
48.89147      39.92634
48.89095      39.92342
48.88611      39.92478
 1 
 1             10            
1
 -9999.0   ,   9990.0
   7
 9 
48.88845      39.91509
48.88181      39.91533
48.87611      39.91981
48.87533      39.92303
48.87709      39.924
48.88075      39.9232
48.88283      39.91861
48.89306      39.91942
48.88845      39.91509
 1 
 1             11            
1
 -9999.0   ,   9990.0
   7
 16 
48.89367      39.87078
48.88906      39.87064
48.88561      39.87425
48.88492      39.87942
48.88558      39.88569
48.88845      39.88856
48.89422      39.88931
48.89759      39.888
48.89772      39.88531
48.89022      39.88167
48.89089      39.87695
48.89267      39.87581
48.8982       39.88159
48.9012       39.8817
48.89939      39.87317
48.89367      39.87078
 1 
 1             12            
1
 -9999.0   ,   9990.0
   7
 7 
48.24359      39.87606
48.24717      39.87911
48.25911      39.87784
48.26292      39.87628
48.26647      39.87214
48.24608      39.87278
48.24359      39.87606
 1 
 1             13            
1
 -9999.0   ,   9990.0
   7
 9 
48.1677       39.85784
48.16247      39.8582
48.16292      39.86278
48.16353      39.86508
48.1687       39.86528
48.17114      39.87339
48.18042      39.86744
48.18231      39.86125
48.1677       39.85784
 1 
 1             14            
1
 -9999.0   ,   9990.0
   7
 7 
48.78064      39.85856
48.77375      39.86292
48.77495      39.86809
48.77934      39.86881
48.78392      39.86667
48.78561      39.86272
48.78064      39.85856
 1 
 1             15            
1
 -9999.0   ,   9990.0
   7
 8 
48.173        39.84433
48.17053      39.84822
48.17186      39.85056
48.18006      39.84973
48.18886      39.85661
48.19181      39.85189
48.18767      39.84625
48.173        39.84433
 1 
 1             16            
1
 -9999.0   ,   9990.0
   7
 8 
45.95597      39.84395
45.95889      39.84036
45.95759      39.83584
45.95425      39.83211
45.95125      39.83183
45.9497       39.83422
45.95053      39.83989
45.95597      39.84395
 1 
 1             17            
1
 -9999.0   ,   9990.0
   7
 6 
49.19056      39.81389
49.19392      39.81745
49.19945      39.81905
49.20584      39.81103
49.20186      39.80831
49.19056      39.81389
 1 
 1             18            
1
 -9999.0   ,   9990.0
   7
 6 
48.996        39.79759
48.99436      39.80192
48.99503      39.807
49.004        39.81109
48.99825      39.79917
48.996        39.79759
 1 
 1             19            
1
 -9999.0   ,   9990.0
   7
 8 
46.00631      39.77984
46.00397      39.78314
46.00706      39.78922
46.01486      39.7878
46.01864      39.78208
46.018        39.78017
46.01406      39.77903
46.00631      39.77984
 1 
 1             20            
1
 -9999.0   ,   9990.0
   7
 8 
48.2          39.7808
48.19503      39.77778
48.19131      39.7782
48.1917       39.78336
48.19442      39.78745
48.19736      39.78758
48.20128      39.78428
48.2          39.7808
 1 
 1             21            
1
 -9999.0   ,   9990.0
   7
 15 
48.95092      39.78189
48.95072      39.78575
48.95547      39.78561
48.96481      39.7777
48.96572      39.76503
48.95917      39.76589
48.95706      39.768
48.95209      39.77644
48.95172      39.77706
48.95659      39.77678
48.96131      39.76836
48.96231      39.77059
48.95975      39.77622
48.95889      39.77678
48.95092      39.78189
 1 
 1             22            
1
 -9999.0   ,   9990.0
   7
 7 
48.19128      39.76678
48.187        39.76433
48.18331      39.7642
48.1765       39.76623
48.16884      39.7705
48.16931      39.7745
48.19128      39.76678
 1 
 1             23            
1
 -9999.0   ,   9990.0
   7
 18 
48.21548      39.73053
48.20484      39.73989
48.20122      39.75003
48.20245      39.75406
48.20075      39.75742
48.19322      39.75942
48.19295      39.764
48.19731      39.76531
48.19711      39.76814
48.19231      39.77367
48.19675      39.77384
48.20584      39.77075
48.20497      39.761
48.21108      39.75783
48.20895      39.74517
48.21309      39.73792
48.22003      39.73358
48.21548      39.73053
 1 
 1             24            
1
 -9999.0   ,   9990.0
   7
 8 
46.01292      39.74414
46.01967      39.74378
46.02267      39.74231
46.02125      39.73722
46.01375      39.73639
46.00997      39.73803
46.00895      39.74142
46.01292      39.74414
 1 
 1             25            
1
 -9999.0   ,   9990.0
   7
 18 
48.40406      39.71286
48.40198      39.70753
48.40447      39.69914
48.39245      39.68044
48.37717      39.66097
48.355        39.67172
48.34425      39.67939
48.36234      39.68431
48.36917      39.68934
48.37153      39.69514
48.37203      39.71414
48.37536      39.72386
48.37958      39.72767
48.38542      39.72944
48.39759      39.72342
48.40372      39.71925
48.40281      39.71442
48.40406      39.71286
 1 
 1             26            
1
 -9999.0   ,   9990.0
   7
 63 
48.34425      39.67939
48.355        39.67172
48.37717      39.66097
48.40142      39.656
48.41589      39.65645
48.42845      39.65959
48.4412       39.65997
48.442        39.65497
48.42756      39.6195
48.42217      39.6152
48.41312      39.61308
48.407        39.61681
48.39745      39.62978
48.3885       39.63683
48.37886      39.6402
48.36883      39.63986
48.34083      39.64311
48.33106      39.64175
48.32839      39.64453
48.31603      39.64123
48.30633      39.64258
48.30247      39.64531
48.29953      39.6452
48.299        39.64175
48.30823      39.63581
48.31564      39.6355
48.33106      39.64175
48.34083      39.64311
48.36883      39.63986
48.37886      39.6402
48.3885       39.63683
48.39745      39.62978
48.407        39.61681
48.41312      39.61308
48.40811      39.60978
48.40545      39.60781
48.3975       39.60195
48.39353      39.59439
48.38784      39.59075
48.37914      39.58814
48.33303      39.58131
48.3197       39.58472
48.30145      39.59447
48.28361      39.60695
48.26897      39.61378
48.23436      39.63534
48.22397      39.64828
48.22222      39.64845
48.19975      39.68044
48.20006      39.6855
48.2105       39.68425
48.23097      39.67747
48.24734      39.67581
48.25642      39.6727
48.26917      39.67217
48.27489      39.65909
48.28045      39.65514
48.29114      39.65411
48.32875      39.66447
48.33795      39.66981
48.33892      39.67206
48.34083      39.67653
48.34425      39.67939
 1 
 1             27            
1
 -9999.0   ,   9990.0
   7
 9 
48.20006      39.6855
48.19975      39.68044
48.22222      39.64845
48.21598      39.64895
48.19584      39.66014
48.19617      39.66644
48.18803      39.6835
48.19853      39.68636
48.20006      39.6855
 1 
 1             28            
1
 -9999.0   ,   9990.0
   7
 61 
48.40811      39.60978
48.41312      39.61308
48.42217      39.6152
48.42756      39.6195
48.442        39.65497
48.4412       39.65997
48.45359      39.65944
48.46317      39.65722
48.47848      39.64739
48.52011      39.64867
48.52067      39.64364
48.51572      39.63617
48.50506      39.63081
48.50106      39.62197
48.49475      39.61836
48.49122      39.61803
48.47972      39.6232
48.4702       39.62172
48.45142      39.61475
48.45128      39.61245
48.45956      39.60697
48.47759      39.60778
48.48411      39.60575
48.48425      39.60353
48.47114      39.60022
48.46842      39.59533
48.46489      39.595
48.46256      39.58889
48.45736      39.59303
48.45092      39.59817
48.44303      39.59447
48.43408      39.59586
48.43148      39.59139
48.42909      39.59281
48.42536      39.59325
48.41561      39.59575
48.41072      39.59525
48.40925      39.60294
48.40706      39.60286
48.39609      39.58875
48.38381      39.58433
48.34209      39.57822
48.33342      39.57506
48.31889      39.57892
48.31225      39.57489
48.29886      39.582
48.28828      39.59175
48.28317      39.59525
48.27109      39.60356
48.26767      39.61086
48.26897      39.61378
48.28361      39.60695
48.30145      39.59447
48.3197       39.58472
48.33303      39.58131
48.37914      39.58814
48.38784      39.59075
48.39353      39.59439
48.3975       39.60195
48.40545      39.60781
48.40811      39.60978
 1 
 1             29            
1
 -9999.0   ,   9990.0
   7
 17 
48.52011      39.64867
48.47848      39.64739
48.46317      39.65722
48.45359      39.65944
48.4412       39.65997
48.4407       39.66317
48.4442       39.66969
48.45109      39.66806
48.46603      39.67058
48.47606      39.67753
48.49211      39.68147
48.51331      39.67797
48.535        39.67064
48.5445       39.66492
48.54022      39.66072
48.535        39.65872
48.52011      39.64867
 1 
 1             30            
1
 -9999.0   ,   9990.0
   7
 57 
48.37717      39.66097
48.39245      39.68044
48.40447      39.69914
48.40198      39.70753
48.40406      39.71286
48.4092       39.70522
48.41364      39.70514
48.42034      39.71289
48.42475      39.71372
48.42861      39.71911
48.43625      39.72003
48.44197      39.72386
48.44808      39.70895
48.46003      39.70703
48.46297      39.70139
48.47006      39.69636
48.47689      39.69564
48.48375      39.70067
48.49253      39.70231
48.49856      39.6947
48.49983      39.68672
48.508        39.6895
48.50875      39.68886
48.51325      39.68508
48.52373      39.68264
48.53409      39.6825
48.56098      39.69522
48.56658      39.69539
48.56959      39.68906
48.56542      39.68345
48.57         39.68083
48.57589      39.68125
48.58281      39.67892
48.58653      39.67561
48.59217      39.67508
48.60211      39.68339
48.607        39.67461
48.60725      39.66653
48.59456      39.66897
48.57817      39.67122
48.56461      39.6642
48.56417      39.6612
48.55306      39.66431
48.5445       39.66492
48.535        39.67064
48.51331      39.67797
48.49211      39.68147
48.47606      39.67753
48.46603      39.67058
48.45109      39.66806
48.4442       39.66969
48.4407       39.66317
48.4412       39.65997
48.42845      39.65959
48.41589      39.65645
48.40142      39.656
48.37717      39.66097
 1 
 1             31            
1
 -9999.0   ,   9990.0
   7
 7 
48.59456      39.66897
48.60725      39.66653
48.6067       39.66364
48.60311      39.66125
48.59942      39.66169
48.59631      39.66386
48.59456      39.66897
 1 
 1             32            
1
 -9999.0   ,   9990.0
   7
 7 
47.96845      39.72489
47.96917      39.72122
47.96511      39.71947
47.95783      39.72078
47.95672      39.72325
47.95936      39.72569
47.96845      39.72489
 1 
 1             33            
1
 -9999.0   ,   9990.0
   7
 20 
45.12806      39.70217
45.12697      39.69625
45.11761      39.69053
45.1152       39.68286
45.1162       39.66239
45.11211      39.65595
45.10478      39.65309
45.09989      39.64761
45.09642      39.64869
45.0907       39.65128
45.09256      39.656
45.09761      39.65986
45.10639      39.66219
45.1075       39.66467
45.10389      39.68225
45.105        39.68861
45.10981      39.69642
45.11775      39.70314
45.126        39.70595
45.12806      39.70217
 1 
 1             34            
1
 -9999.0   ,   9990.0
   7
 7 
48.23297      39.68097
48.23275      39.68439
48.23489      39.68561
48.24678      39.68492
48.25356      39.68289
48.25536      39.67781
48.23297      39.68097
 1 
 1             35            
1
 -9999.0   ,   9990.0
   7
 24 
48.6987       39.6567
48.70125      39.65148
48.70228      39.63325
48.70789      39.62669
48.69736      39.61595
48.69406      39.60897
48.689        39.60711
48.68425      39.61264
48.68598      39.62114
48.67989      39.62447
48.67436      39.63059
48.6745       39.63744
48.67131      39.64533
48.67264      39.64764
48.6772       39.644
48.6842       39.63947
48.69086      39.63914
48.69147      39.64145
48.68742      39.64817
48.67492      39.65303
48.67734      39.65639
48.68236      39.65883
48.69042      39.66025
48.6987       39.6567
 1 
 1             36            
1
 -9999.0   ,   9990.0
   7
 10 
48.33106      39.64175
48.31564      39.6355
48.30823      39.63581
48.299        39.64175
48.29953      39.6452
48.30247      39.64531
48.30633      39.64258
48.31603      39.64123
48.32839      39.64453
48.33106      39.64175
 1 
 1             37            
1
 -9999.0   ,   9990.0
   7
 64 
48.89742      39.60664
48.89858      39.60025
48.89642      39.58989
48.89025      39.58239
48.88192      39.57692
48.87695      39.57586
48.85503      39.57731
48.84037      39.57461
48.82622      39.56714
48.82528      39.56231
48.83234      39.55058
48.83842      39.54664
48.84098      39.54258
48.8387       39.53406
48.84206      39.53186
48.84822      39.53272
48.85106      39.52889
48.84689      39.52306
48.84278      39.52225
48.83356      39.52384
48.823        39.52217
48.81898      39.52022
48.81445      39.51553
48.81608      39.50572
48.81272      39.50219
48.80239      39.50236
48.79261      39.50895
48.78786      39.51592
48.78947      39.532
48.78784      39.53536
48.78142      39.54
48.78595      39.54403
48.78178      39.55147
48.77467      39.55422
48.76159      39.55936
48.75711      39.5542
48.75078      39.55081
48.74859      39.55328
48.74842      39.55714
48.74372      39.56228
48.74987      39.57025
48.74645      39.58617
48.75578      39.61964
48.76389      39.62328
48.76867      39.6225
48.77303      39.61783
48.76945      39.612
48.77164      39.60956
48.77536      39.6082
48.78398      39.60508
48.78545      39.59872
48.78364      39.587
48.79442      39.58433
48.80862      39.58381
48.81381      39.58669
48.82203      39.60045
48.82923      39.60475
48.83573      39.6047
48.84598      39.613
48.85125      39.61406
48.87659      39.60994
48.89045      39.61011
48.89239      39.60914
48.89742      39.60664
 1 
 1             38            
1
 -9999.0   ,   9990.0
   7
 17 
49.04945      39.56353
49.04022      39.56558
49.03197      39.57389
49.025        39.58259
49.02125      39.59369
49.01614      39.59561
49.0207       39.59986
49.03189      39.59397
49.03317      39.59195
49.03186      39.58756
49.03439      39.58397
49.03272      39.58036
49.04095      39.57453
49.04209      39.57375
49.04458      39.57372
49.05125      39.56311
49.04945      39.56353
 1 
 1             39            
1
 -9999.0   ,   9990.0
   7
 11 
48.43148      39.59139
48.43408      39.59586
48.44303      39.59447
48.45092      39.59817
48.45736      39.59303
48.45581      39.59036
48.45125      39.59247
48.44189      39.58872
48.43737      39.59025
48.43445      39.58959
48.43148      39.59139
 1 
 1             40            
1
 -9999.0   ,   9990.0
   7
 11 
46.23173      39.58422
46.22153      39.58556
46.21961      39.58753
46.22136      39.59128
46.227        39.595
46.23661      39.59683
46.25172      39.59339
46.24961      39.58983
46.24411      39.59192
46.2397       39.58781
46.23173      39.58422
 1 
 1             41            
1
 -9999.0   ,   9990.0
   7
 11 
48.41072      39.59525
48.41561      39.59575
48.42536      39.59325
48.42106      39.59139
48.41072      39.59056
48.40745      39.58403
48.40164      39.5827
48.40139      39.58667
48.40564      39.58811
48.40753      39.59489
48.41072      39.59525
 1 
 1             42            
1
 -9999.0   ,   9990.0
   7
 11 
48.74109      39.46053
48.72983      39.45925
48.72778      39.46242
48.72656      39.47111
48.72848      39.47817
48.72967      39.48261
48.73389      39.48772
48.73875      39.48875
48.74303      39.47956
48.74237      39.47297
48.74109      39.46053
 1 
 1             43            
1
 -9999.0   ,   9990.0
   7
 12 
46.007        39.47247
46.02756      39.4845
46.03414      39.48506
46.03461      39.48509
46.04109      39.47831
46.03372      39.4745
46.03253      39.46756
46.03158      39.46656
46.02684      39.46153
46.02403      39.463
46.02056      39.46947
46.007        39.47247
 1 
 1             44            
1
 -9999.0   ,   9990.0
   7
 17 
48.68634      39.45931
48.67645      39.46417
48.66981      39.47445
48.66397      39.47514
48.65484      39.47303
48.65317      39.4745
48.64498      39.47314
48.63917      39.47339
48.63811      39.47475
48.64611      39.47978
48.65553      39.48053
48.68172      39.4772
48.67964      39.47447
48.68167      39.46992
48.68037      39.46839
48.68428      39.46461
48.68634      39.45931
 1 
 1             45            
1
 -9999.0   ,   9990.0
   7
 7 
46.13364      39.47053
46.14514      39.46353
46.15214      39.46111
46.15584      39.45581
46.14781      39.45633
46.13895      39.46003
46.13364      39.47053
 1 
 1             46            
1
 -9999.0   ,   9990.0
   7
 7 
49.06311      39.46714
49.06556      39.46425
49.06164      39.45814
49.05884      39.45984
49.05792      39.46311
49.06003      39.46706
49.06311      39.46714
 1 
 1             47            
1
 -9999.0   ,   9990.0
   7
 81 
48.70328      39.44942
48.7102       39.44228
48.70984      39.43347
48.70922      39.43083
48.70517      39.43044
48.70539      39.42545
48.70014      39.42497
48.70217      39.4157
48.70025      39.4095
48.70278      39.40492
48.697        39.40036
48.69789      39.39806
48.70389      39.39853
48.70636      39.40125
48.70578      39.40531
48.71217      39.41197
48.71487      39.41089
48.71628      39.40597
48.71031      39.39847
48.70914      39.392
48.70011      39.392
48.69845      39.38844
48.70745      39.38903
48.70992      39.39075
48.71542      39.39456
48.7275       39.41345
48.733        39.40972
48.72233      39.39797
48.72003      39.39103
48.71203      39.38578
48.69673      39.37892
48.68942      39.37778
48.68545      39.3747
48.68198      39.36725
48.67573      39.36203
48.67436      39.36589
48.68142      39.37847
48.68964      39.38511
48.6892       39.39219
48.68756      39.39448
48.68659      39.39286
48.68145      39.38419
48.67686      39.38153
48.66589      39.38236
48.66492      39.38461
48.66889      39.39389
48.67475      39.39453
48.67573      39.39869
48.68031      39.40178
48.68156      39.40595
48.69831      39.42297
48.69328      39.42623
48.6877       39.42542
48.68584      39.42139
48.68445      39.42156
48.68092      39.4265
48.67481      39.42842
48.67942      39.43156
48.6797       39.43361
48.67734      39.43528
48.67283      39.43483
48.66672      39.43172
48.66478      39.4325
48.66484      39.43609
48.66262      39.43792
48.66792      39.43956
48.67639      39.43903
48.68556      39.43644
48.68664      39.43736
48.67995      39.44239
48.6807       39.44689
48.6885       39.44414
48.69034      39.44536
48.68695      39.44811
48.69731      39.44936
48.69725      39.4507
48.6917       39.45242
48.6917       39.45417
48.69728      39.45583
48.70114      39.45392
48.70328      39.44942
 1 
 1             48            
1
 -9999.0   ,   9990.0
   7
 15 
47.37123      39.42697
47.37786      39.42658
47.38109      39.42153
47.37842      39.41881
47.374        39.416
47.37292      39.41531
47.37106      39.41559
47.3695       39.41583
47.36853      39.41742
47.3707       39.42244
47.36481      39.42192
47.35712      39.42256
47.36039      39.42575
47.36336      39.42914
47.37123      39.42697
 1 
 1             49            
1
 -9999.0   ,   9990.0
   7
 7 
49.36114      39.34556
49.35414      39.36536
49.36711      39.37253
49.37258      39.37095
49.38003      39.37267
49.37275      39.35797
49.36114      39.34556
 1 
 1             50            
1
 -9999.0   ,   9990.0
   7
 12 
49.38003      39.37267
49.399        39.37233
49.39403      39.36328
49.38642      39.35464
49.38231      39.33942
49.38364      39.33556
49.37173      39.33139
49.36095      39.33344
49.35639      39.3395
49.36114      39.34556
49.37275      39.35797
49.38003      39.37267
 1 
 1             51            
1
 -9999.0   ,   9990.0
   7
 8 
49.18539      39.31658
49.18486      39.31747
49.18745      39.31964
49.18973      39.31642
49.19078      39.31495
49.19136      39.31078
49.18906      39.31042
49.18539      39.31658
 1 
 1             52            
1
 -9999.0   ,   9990.0
   7
 90 
45.10597      39.31681
45.10731      39.31881
45.10903      39.31872
45.11114      39.31547
45.16083      39.23714
45.16203      39.22889
45.16511      39.20742
45.17597      39.2085
45.18164      39.20906
45.18311      39.21867
45.18995      39.22122
45.2005       39.21253
45.20278      39.20653
45.20875      39.20117
45.22842      39.20133
45.25389      39.19353
45.2942       39.18364
45.2897       39.17631
45.28314      39.17447
45.27072      39.17106
45.25731      39.17956
45.24886      39.18089
45.24431      39.17909
45.23945      39.1667
45.22603      39.14695
45.22278      39.14667
45.21692      39.15422
45.21439      39.15506
45.20317      39.14078
45.20539      39.13217
45.20381      39.12697
45.19895      39.12172
45.19214      39.12114
45.19158      39.12531
45.20025      39.14803
45.19897      39.15772
45.18603      39.17561
45.18214      39.17464
45.17861      39.16936
45.17306      39.16111
45.1735       39.15558
45.1695       39.14636
45.16958      39.14017
45.17692      39.13103
45.18053      39.12653
45.18011      39.1215
45.17689      39.11822
45.17236      39.11664
45.15828      39.12078
45.1547       39.12372
45.15803      39.1465
45.15647      39.15964
45.16314      39.1655
45.16048      39.16908
45.1522       39.16858
45.1182       39.15217
45.11048      39.15139
45.10611      39.15575
45.10917      39.16064
45.135        39.1777
45.13761      39.18445
45.13686      39.18609
45.12934      39.18419
45.12934      39.19497
45.12442      39.19614
45.08111      39.17739
45.06811      39.17322
45.05614      39.17286
45.0507       39.17272
45.04831      39.17948
45.05181      39.1862
45.0587       39.19136
45.09661      39.19819
45.13859      39.21081
45.14109      39.21617
45.13967      39.22061
45.14081      39.2272
45.14409      39.23139
45.14931      39.23756
45.14995      39.24167
45.13828      39.26106
45.13409      39.27456
45.13059      39.27864
45.11836      39.28431
45.11733      39.2862
45.12059      39.29358
45.11886      39.29781
45.11098      39.30578
45.1052       39.31456
45.10597      39.31681
 1 
 1             53            
1
 -9999.0   ,   9990.0
   7
 6 
49.20859      39.30503
49.21134      39.30389
49.21314      39.29886
49.209        39.29694
49.20634      39.30375
49.20859      39.30503
 1 
 1             54            
1
 -9999.0   ,   9990.0
   7
 7 
45.40547      39.27892
45.41631      39.27989
45.42272      39.27908
45.4237       39.27675
45.40992      39.26736
45.40706      39.26692
45.40547      39.27892
 1 
 1             55            
1
 -9999.0   ,   9990.0
   7
 6 
45.47933      39.27483
45.49295      39.27311
45.49456      39.26797
45.49314      39.26506
45.47931      39.26336
45.47933      39.27483
 1 
 1             56            
1
 -9999.0   ,   9990.0
   7
 14 
49.21797      39.19578
49.2085       39.20059
49.20717      39.20125
49.19828      39.20972
49.19514      39.21467
49.19767      39.21725
49.20345      39.2197
49.22367      39.21425
49.22423      39.213
49.22617      39.20839
49.22725      39.20586
49.226        39.20033
49.21892      39.19634
49.21797      39.19578
 1 
 1             57            
1
 -9999.0   ,   9990.0
   7
 29 
45.2897       39.17631
45.2942       39.18364
45.29539      39.18334
45.3055       39.18964
45.31036      39.19264
45.32275      39.19681
45.33153      39.1955
45.33511      39.18919
45.32606      39.17631
45.31822      39.17067
45.3277       39.16003
45.34828      39.16284
45.35878      39.15778
45.36331      39.14492
45.36436      39.13247
45.37136      39.12522
45.39564      39.10008
45.40167      39.08842
45.39556      39.08778
45.39075      39.08731
45.38081      39.10525
45.36558      39.11639
45.35064      39.12406
45.34306      39.132
45.33714      39.14195
45.31342      39.15717
45.30125      39.16308
45.29267      39.16972
45.2897       39.17631
 1 
 1             58            
1
 -9999.0   ,   9990.0
   7
 9 
49.1827       39.13192
49.18289      39.15528
49.18956      39.15775
49.19439      39.16153
49.19884      39.16095
49.20078      39.15619
49.19506      39.13842
49.19025      39.13395
49.1827       39.13192
 1 
 1             59            
1
 -9999.0   ,   9990.0
   7
 7 
49.18209      39.11131
49.17592      39.11136
49.17756      39.11439
49.19334      39.12303
49.19589      39.1185
49.19425      39.11528
49.18209      39.11131
 1 
 1             60            
1
 -9999.0   ,   9990.0
   7
 48 
48.8377       38.91797
48.83964      38.92131
48.84611      38.93242
48.84839      38.94475
48.84939      38.95014
48.85131      38.95342
48.8562       38.96178
48.85486      38.964
48.85364      38.96606
48.85584      38.96978
48.86186      38.97542
48.86228      38.97581
48.87158      38.98444
48.87934      38.98786
48.88883      38.98764
48.89589      38.98881
48.89706      38.98934
48.90117      38.9912
48.90556      38.99156
48.90809      38.9875
48.90784      38.98017
48.9115       38.96995
48.91028      38.96622
48.90867      38.96142
48.91659      38.95475
48.91736      38.95086
48.91475      38.9437
48.88075      38.91161
48.87097      38.90767
48.85186      38.9092
48.85108      38.90667
48.85534      38.90356
48.87117      38.90333
48.87892      38.90033
48.88389      38.8965
48.88436      38.89614
48.87625      38.88789
48.87195      38.88569
48.86439      38.88481
48.8587       38.87503
48.8497       38.87295
48.84434      38.86889
48.82173      38.87675
48.82111      38.87728
48.81898      38.8792
48.82637      38.88995
48.83156      38.91092
48.8377       38.91797
 1 
 1             61            
1
 -9999.0   ,   9990.0
   7
 20 
48.83047      38.92167
48.82311      38.92283
48.8175       38.93
48.81848      38.93609
48.81887      38.93853
48.82528      38.95197
48.82667      38.95981
48.82258      38.96564
48.82278      38.96817
48.82595      38.9692
48.82845      38.97222
48.82539      38.98131
48.82698      38.98525
48.83045      38.98603
48.83348      38.98406
48.8377       38.97525
48.84414      38.969
48.83753      38.95303
48.8337       38.92839
48.83047      38.92167
 1 
 1             62            
1
 -9999.0   ,   9990.0
   7
 17 
45.63642      38.94547
45.63597      38.94364
45.63222      38.94206
45.63211      38.94197
45.63086      38.94145
45.627        38.93981
45.62064      38.93709
45.61833      38.93725
45.61722      38.93733
45.61167      38.93442
45.60667      38.92734
45.6027       38.92569
45.60092      38.92878
45.60586      38.94161
45.60861      38.93895
45.61717      38.93842
45.63642      38.94547
 1 
 1             63            
1
 -9999.0   ,   9990.0
   7
 6 
48.76561      38.65889
48.76972      38.65461
48.77111      38.64983
48.76817      38.64425
48.76217      38.65392
48.76561      38.65889
 1 
 1             64            
1
 -9999.0   ,   9990.0
   7
 8 
47.68475      38.57861
47.68939      38.57614
47.6902       38.57378
47.68831      38.57256
47.68581      38.57286
47.6827       38.57589
47.68217      38.5775
47.68475      38.57861
 1 
 1             65            
1
 -9999.0   ,   9990.0
   7
 7 
48.79036      38.52434
48.78495      38.52831
48.79075      38.54109
48.79364      38.54208
48.79456      38.53478
48.79889      38.52939
48.79036      38.52434
 1 
 1             66            
1
 -9999.0   ,   9990.0
   7
 20 
45.43117      38.52131
45.43458      38.52022
45.44897      38.50753
45.47195      38.49775
45.47517      38.49281
45.46709      38.48039
45.46881      38.47295
45.46686      38.47098
45.43595      38.47423
45.4177       38.48278
45.41122      38.48908
45.4062       38.50542
45.40142      38.51097
45.39631      38.51283
45.39197      38.51675
45.3915       38.52503
45.39406      38.52764
45.4002       38.52778
45.41384      38.52661
45.43117      38.52131
 1 
 1             67            
1
 -9999.0   ,   9990.0
   7
 483 
45.04384      38.21286
45.05472      38.23275
45.06856      38.24561
45.07498      38.24964
45.10084      38.25686
45.11234      38.26248
45.13536      38.26658
45.15481      38.2632
45.15573      38.26303
45.19931      38.26264
45.22525      38.26314
45.2525       38.26564
45.26495      38.26478
45.31381      38.25897
45.33406      38.25659
45.36297      38.25117
45.37253      38.24722
45.4162       38.2132
45.4327       38.20867
45.445        38.19972
45.44661      38.19753
45.45906      38.18036
45.4747       38.16597
45.48975      38.15853
45.49411      38.15367
45.49692      38.15056
45.50159      38.14811
45.50312      38.14697
45.53414      38.12398
45.54228      38.11386
45.54759      38.10286
45.54845      38.10114
45.55047      38.09114
45.54678      38.07594
45.54375      38.06347
45.53978      38.03728
45.54064      38.00689
45.54573      37.97814
45.54942      37.95081
45.54686      37.94084
45.54189      37.93675
45.53764      37.93445
45.53009      37.93417
45.52037      37.93572
45.50995      37.9365
45.50423      37.93672
45.46603      37.92706
45.45967      37.92703
45.44953      37.927
45.4432       37.92414
45.43284      37.91459
45.42117      37.91358
45.40786      37.89295
45.40539      37.88411
45.40786      37.86386
45.40703      37.85875
45.41134      37.85139
45.41048      37.848
45.41481      37.83764
45.41242      37.83342
45.41389      37.82808
45.4162       37.81964
45.4075       37.80908
45.42114      37.79572
45.42345      37.78547
45.43386      37.77872
45.44272      37.77067
45.4442       37.76761
45.44062      37.7625
45.44406      37.75911
45.45017      37.75947
45.46086      37.75269
45.46456      37.74859
45.46067      37.7435
45.46253      37.74159
45.46764      37.74061
45.47109      37.74708
45.47356      37.74722
45.47514      37.74733
45.47953      37.74111
45.48598      37.73869
45.48686      37.73544
45.48489      37.72911
45.48845      37.71995
45.49767      37.72314
45.49459      37.72767
45.49725      37.73189
45.5042       37.72875
45.50553      37.73075
45.50414      37.73472
45.51534      37.73045
45.51795      37.73397
45.51653      37.73775
45.50678      37.74194
45.50417      37.74531
45.50367      37.75292
45.50553      37.75786
45.50859      37.76
45.52198      37.76111
45.52634      37.75811
45.531        37.75489
45.54086      37.7555
45.54883      37.75845
45.55817      37.76192
45.56581      37.77
45.58614      37.8015
45.59081      37.81183
45.59323      37.82319
45.59564      37.82445
45.59878      37.82381
45.60708      37.79945
45.60981      37.79567
45.61172      37.793
45.63222      37.77761
45.66928      37.74983
45.67575      37.74619
45.7015       37.73173
45.72508      37.72397
45.73511      37.72089
45.76195      37.7127
45.77764      37.70378
45.79145      37.69333
45.80856      37.67789
45.81283      37.671
45.81617      37.66275
45.81681      37.65053
45.80548      37.62872
45.80392      37.62575
45.7992       37.62119
45.79292      37.61878
45.78075      37.61809
45.7615       37.62228
45.75259      37.61945
45.74017      37.61945
45.72122      37.62372
45.70042      37.63339
45.69387      37.63423
45.68914      37.6317
45.68689      37.63048
45.67831      37.63142
45.66347      37.62995
45.66381      37.62723
45.66447      37.62161
45.67195      37.61453
45.69572      37.60264
45.70417      37.59686
45.71139      37.57717
45.71747      37.5775
45.72128      37.575
45.72381      37.57095
45.72528      37.55156
45.72647      37.5487
45.72695      37.54756
45.7312       37.5432
45.7435       37.54225
45.74767      37.53578
45.75542      37.52367
45.76478      37.52197
45.77189      37.51445
45.77875      37.51253
45.78481      37.50728
45.81953      37.46992
45.82134      37.45786
45.82895      37.44294
45.83864      37.43228
45.85236      37.42753
45.86573      37.42292
45.87258      37.417
45.88181      37.3967
45.88481      37.39492
45.9047       37.39217
45.91722      37.38503
45.92086      37.38295
45.92747      37.38303
45.95286      37.39006
45.96086      37.38936
45.96609      37.38678
45.97564      37.37795
45.97597      37.37195
45.9722       37.36203
45.96461      37.35145
45.9387       37.33181
45.93703      37.32778
45.93259      37.31689
45.93022      37.31114
45.92439      37.30389
45.91203      37.29748
45.89084      37.295
45.87675      37.29167
45.87009      37.28792
45.86764      37.283
45.87017      37.26931
45.86861      37.26156
45.86364      37.25425
45.84781      37.24222
45.83778      37.23459
45.81403      37.21917
45.80117      37.21322
45.79623      37.21258
45.77825      37.21728
45.76658      37.21817
45.75197      37.20889
45.74803      37.20956
45.74486      37.21595
45.74239      37.21747
45.73156      37.21808
45.71442      37.21583
45.70803      37.21184
45.70547      37.20717
45.70192      37.20067
45.69261      37.17614
45.69375      37.15975
45.69112      37.15553
45.66086      37.13744
45.65531      37.12947
45.65486      37.12444
45.65656      37.11744
45.66175      37.10936
45.66314      37.10719
45.67047      37.10006
45.6732       37.09744
45.68506      37.08894
45.70567      37.07884
45.71734      37.07795
45.73533      37.08383
45.74164      37.0837
45.74706      37.08017
45.74756      37.076
45.74461      37.07181
45.72975      37.06253
45.72867      37.06006
45.73067      37.0565
45.73667      37.05295
45.74492      37.05181
45.75928      37.04984
45.76278      37.04709
45.76278      37.04386
45.75789      37.04025
45.7482       37.03758
45.73809      37.03309
45.73072      37.02431
45.72728      37.02403
45.70911      37.03264
45.70317      37.03989
45.69681      37.04253
45.69372      37.04339
45.6865       37.0392
45.67684      37.0402
45.67045      37.02906
45.67092      37.02145
45.6692       37.01811
45.66717      37.01775
45.66756      37.01545
45.66514      37.01325
45.66231      37.01069
45.66134      37.00981
45.65484      37.00742
45.65047      37.01339
45.65875      37.01961
45.66017      37.02297
45.65711      37.0305
45.65792      37.03344
45.66384      37.03542
45.66639      37.0375
45.66753      37.03842
45.66575      37.04128
45.66278      37.04331
45.6362       37.05031
45.62808      37.04936
45.6077       37.04222
45.59778      37.04322
45.59059      37.04639
45.58456      37.05108
45.58381      37.05167
45.57953      37.05758
45.57159      37.07895
45.56039      37.08853
45.55234      37.09172
45.55095      37.09225
45.5395       37.09242
45.52833      37.09925
45.5242       37.10475
45.52375      37.10939
45.52925      37.11689
45.52953      37.12034
45.52664      37.12348
45.52328      37.12436
45.51886      37.12297
45.49345      37.10367
45.47195      37.10347
45.45975      37.10506
45.45497      37.10714
45.452        37.10845
45.4515       37.11206
45.45087      37.11683
45.45059      37.11886
45.4445       37.12494
45.44         37.133
45.42806      37.14767
45.41683      37.15747
45.40636      37.16975
45.39928      37.17428
45.39831      37.17986
45.39397      37.18284
45.37533      37.18292
45.36209      37.18914
45.35422      37.19483
45.35008      37.20036
45.35006      37.20253
45.34997      37.21278
45.34778      37.22094
45.33764      37.23756
45.33395      37.24144
45.32306      37.24523
45.32048      37.24859
45.32086      37.2605
45.31231      37.27153
45.30836      37.27956
45.30923      37.31122
45.30842      37.31664
45.30792      37.31981
45.30397      37.32761
45.2845       37.35322
45.28823      37.35647
45.29925      37.35772
45.3015       37.35845
45.309        37.36089
45.32145      37.36897
45.32103      37.37106
45.31372      37.37672
45.31306      37.3825
45.31406      37.38595
45.31708      37.39656
45.31495      37.40194
45.30745      37.40878
45.3022       37.41114
45.28664      37.41814
45.28553      37.42233
45.28803      37.42472
45.29853      37.42647
45.30173      37.43022
45.30206      37.43434
45.29734      37.44356
45.26311      37.472
45.26023      37.47906
45.26025      37.48272
45.26459      37.49289
45.28625      37.54364
45.28636      37.5487
45.28595      37.54928
45.28428      37.55156
45.2722       37.55864
45.26828      37.56711
45.26409      37.59009
45.26559      37.59781
45.27067      37.60697
45.27075      37.61156
45.26764      37.61586
45.25323      37.62303
45.24539      37.62942
45.24531      37.63744
45.24528      37.64231
45.23447      37.65136
45.23275      37.65511
45.23242      37.65814
45.24795      37.66811
45.25509      37.67764
45.25872      37.69053
45.25878      37.70525
45.25878      37.71603
45.26167      37.7267
45.26128      37.73614
45.25639      37.74695
45.24992      37.75236
45.24898      37.75369
45.24434      37.76025
45.238        37.76928
45.22211      37.78367
45.21022      37.79048
45.19647      37.79556
45.18659      37.79467
45.18181      37.79631
45.17303      37.80572
45.16384      37.81033
45.12372      37.81917
45.11456      37.82117
45.11209      37.82173
45.10817      37.82258
45.10203      37.82197
45.08764      37.81558
45.08192      37.81634
45.06747      37.82739
45.06333      37.83359
45.06228      37.84581
45.06445      37.8512
45.07262      37.85561
45.07703      37.86044
45.06573      37.88683
45.06242      37.8945
45.05681      37.94831
45.06095      37.96761
45.06411      37.97481
45.073        37.98447
45.09947      38.00747
45.10153      38.00811
45.11225      38.01142
45.1292       38.00942
45.16384      38.02192
45.17264      38.0235
45.18042      38.02267
45.18486      38.03117
45.18822      38.03306
45.19548      38.03314
45.19992      38.03797
45.20211      38.04358
45.19856      38.0532
45.19953      38.05453
45.20531      38.05448
45.20584      38.0572
45.19803      38.06125
45.19828      38.06425
45.19873      38.06469
45.20303      38.06905
45.20531      38.07583
45.21206      38.07661
45.21325      38.0807
45.21136      38.08584
45.21422      38.11395
45.213        38.12023
45.20953      38.12409
45.18508      38.12669
45.18028      38.12856
45.17678      38.13539
45.17686      38.14022
45.17987      38.14467
45.17445      38.14975
45.17128      38.16095
45.16834      38.16017
45.16089      38.15067
45.16842      38.13972
45.17028      38.13389
45.16756      38.1292
45.1482       38.11572
45.13536      38.115
45.12914      38.12061
45.12742      38.12825
45.13053      38.13798
45.13011      38.14353
45.12914      38.14586
45.1217       38.15106
45.11445      38.1512
45.10614      38.14172
45.10231      38.13733
45.09706      38.13347
45.08425      38.13297
45.08061      38.12742
45.08095      38.12442
45.07717      38.12069
45.0677       38.1182
45.05906      38.11931
45.03506      38.13131
45.01914      38.12819
45.01134      38.13247
45.00981      38.14978
45.01736      38.16442
45.02556      38.18025
45.02717      38.18222
45.03153      38.18222
45.03511      38.17975
45.03825      38.17156
45.04386      38.17289
45.04939      38.17653
45.04864      38.17795
45.03842      38.18097
45.0367       38.18497
45.03839      38.19178
45.0427       38.19822
45.05061      38.20286
45.06125      38.20508
45.06345      38.20706
45.05892      38.20864
45.04734      38.20922
45.04384      38.21286
 1 
 1             68            
1
 -9999.0   ,   9990.0
   7
 8 
48.29767      38.21122
48.29203      38.21356
48.28089      38.21525
48.28506      38.21906
48.29175      38.21884
48.29589      38.21714
48.29989      38.21314
48.29767      38.21122
 1 
 1             69            
1
 -9999.0   ,   9990.0
   7
 13 
45.97431      38.18303
45.96831      38.18408
45.95986      38.19353
45.95956      38.19998
45.974        38.21156
45.99578      38.21122
46            38.20844
46            38.2
46            38.19298
45.99006      38.18375
45.98436      38.18178
45.98034      38.18845
45.97431      38.18303
 1 
 1             70            
1
 -9999.0   ,   9990.0
   7
 7 
48.334        38.20981
48.33745      38.20817
48.33875      38.20492
48.33639      38.20242
48.33167      38.20664
48.33234      38.20953
48.334        38.20981
 1 
 1             71            
1
 -9999.0   ,   9990.0
   7
 14 
46.02412      38.15753
46.03089      38.15228
46.03653      38.14383
46.03511      38.13964
46.02817      38.13239
46.02031      38.13267
46.01389      38.12936
46            38.13245
45.99131      38.13403
45.9897       38.1385
45.99039      38.14925
46            38.15881
46.0155       38.16297
46.02412      38.15753
 1 
 1             72            
1
 -9999.0   ,   9990.0
   7
 11 
45.96528      38.12245
45.97481      38.12511
45.98347      38.12461
45.99561      38.12069
45.99856      38.118
45.99884      38.11475
45.99398      38.10906
45.98053      38.105
45.9695       38.10495
45.961        38.11395
45.96528      38.12245
 1 
 1             73            
1
 -9999.0   ,   9990.0
   7
 7 
48.29672      38.08767
48.29456      38.09089
48.29722      38.09319
48.3025       38.09339
48.30428      38.0917
48.30036      38.08736
48.29672      38.08767
 1 
 1             74            
1
 -9999.0   ,   9990.0
   7
 8 
45.914        38.07275
45.88975      38.07733
45.88695      38.08164
45.88964      38.08586
45.92328      38.08211
45.92448      38.07928
45.92025      38.07422
45.914        38.07275
 1 
 1             75            
1
 -9999.0   ,   9990.0
   7
 13 
48.55923      37.99828
48.56103      38.00286
48.55873      38.0145
48.56159      38.01503
48.56753      38.01178
48.57253      38.01606
48.57439      38.01383
48.57325      38.00714
48.57084      37.99844
48.56711      37.98494
48.55448      37.98272
48.55459      37.98661
48.55923      37.99828
 1 
 1             76            
1
 -9999.0   ,   9990.0
   7
 13 
46.71214      37.91806
46.70839      37.91375
46.70445      37.91242
46.70412      37.91078
46.70339      37.90708
46.70114      37.90631
46.69042      37.9128
46.69023      37.91292
46.69234      37.91578
46.68853      37.92019
46.69011      37.92233
46.71025      37.92025
46.71214      37.91806
 1 
 1             77            
1
 -9999.0   ,   9990.0
   7
 29 
49.28661      37.51936
49.28728      37.5192
49.31933      37.50808
49.32958      37.50195
49.33111      37.50103
49.3475       37.49386
49.37942      37.47122
49.39034      37.46347
49.42003      37.44608
49.413        37.44156
49.4175       37.43661
49.4147       37.4345
49.40556      37.43334
49.33928      37.46064
49.33761      37.46145
49.29653      37.48114
49.25783      37.50747
49.25534      37.512
49.25772      37.51708
49.26317      37.5165
49.27561      37.5117
49.27967      37.51181
49.28039      37.51378
49.2672       37.51878
49.258        37.52489
49.25989      37.52792
49.27431      37.52003
49.28147      37.52067
49.28661      37.51936
 1 
 1             78            
1
 -9999.0   ,   9990.0
   7
 9 
45.77828      36.9885
45.77431      36.98572
45.76322      36.98658
45.76031      36.98906
45.76139      36.99175
45.76595      36.99472
45.77056      36.99514
45.775        36.99375
45.77828      36.9885
 1 
 1             79            
1
 -9999.0   ,   9990.0
   7
 9 
46.10445      37.159
46.09975      37.15997
46.095        37.16497
46.10075      37.17211
46.10387      37.176
46.10767      37.1752
46.10967      37.16433
46.10875      37.15809
46.10445      37.159
 1 
 1             80            
1
 -9999.0   ,   9990.0
   7
 19 
45.50153      37.02575
45.4987       37.02269
45.49278      37.0205
45.48228      37.0252
45.47233      37.03286
45.45198      37.04247
45.45087      37.043
45.44839      37.04794
45.44884      37.04892
45.44945      37.0502
45.4592       37.05381
45.46856      37.05606
45.47656      37.05586
45.48111      37.05203
45.4905       37.04131
45.49731      37.03703
45.50223      37.03422
45.50353      37.02934
45.50153      37.02575
 1 
 1             81            
1
 -9999.0   ,   9990.0
   7
 12 
45.57578      37.0045
45.57975      37.00308
45.58225      36.99881
45.58028      36.9942
45.5737       36.97881
45.57128      36.97733
45.56786      36.97775
45.56161      36.99167
45.56425      36.99909
45.56839      37.00417
45.57225      37.00578
45.57578      37.0045
 1 
 1             82            
1
 -9999.0   ,   9990.0
   7
 9 
45.43211      36.97942
45.42764      36.98081
45.42623      36.98433
45.43225      36.99481
45.436        36.99528
45.43845      36.99356
45.43953      36.98936
45.43656      36.98147
45.43211      36.97942
 1 
 1             83            
1
 -9999.0   ,   9990.0
   7
 12 
45.93667      36.97042
45.92922      36.97361
45.92561      36.9782
45.928        36.98242
45.93222      36.98492
45.96528      36.97678
45.97125      36.97322
45.97342      36.96872
45.95945      36.95645
45.95361      36.95539
45.9455       36.96692
45.93667      36.97042
 1 
 1             84            
1
 -9999.0   ,   9990.0
   7
 18 
45.86234      36.95059
45.85128      36.9627
45.84861      36.96814
45.85028      36.97081
45.87056      36.96711
45.87128      36.97098
45.87162      36.97259
45.87595      36.973
45.88089      36.97089
45.88881      36.96331
45.89225      36.95689
45.89203      36.95436
45.88589      36.94645
45.87703      36.94031
45.87356      36.93981
45.86878      36.94078
45.863        36.94983
45.86234      36.95059
 1 
 1             85            
1
 -9999.0   ,   9990.0
   7
 7 
46.239        36.93981
46.24283      36.94031
46.24045      36.934
46.237        36.93453
46.23533      36.93903
46.23678      36.94089
46.239        36.93981
 1 
 1             86            
1
 -9999.0   ,   9990.0
   7
 21 
46.25845      36.88539
46.26703      36.88144
46.27145      36.87617
46.28147      36.87311
46.28539      36.87603
46.28908      36.8722
46.28897      36.87072
46.2887       36.86678
46.28517      36.86742
46.26847      36.8705
46.26736      36.86631
46.2707       36.86006
46.2697       36.85817
46.26456      36.85836
46.25931      36.86314
46.25147      36.86484
46.2475       36.87542
46.24003      36.88356
46.24434      36.88697
46.25192      36.8885
46.25845      36.88539
 1 
 1             87            
1
 -9999.0   ,   9990.0
   7
 8 
46.07353      36.86472
46.06153      36.86481
46.05847      36.86717
46.05881      36.87017
46.07014      36.87489
46.07434      36.87258
46.07728      36.86767
46.07353      36.86472
 1 
 1             88            
1
 -9999.0   ,   9990.0
   7
 8 
46.09256      36.84111
46.08612      36.84308
46.07733      36.84906
46.07973      36.8515
46.08761      36.85281
46.09317      36.85125
46.09598      36.84842
46.09256      36.84111
 2 
 1             89            
1
 -9999.0   ,   9990.0
   7
 137 
49.13772      36.78259
49.14095      36.78444
49.14311      36.78492
49.15097      36.78145
49.16548      36.78161
49.17525      36.77981
49.18828      36.77417
49.19509      36.76839
49.20609      36.74964
49.21131      36.747
49.21431      36.7432
49.22187      36.73969
49.22658      36.74236
49.23722      36.73986
49.24073      36.74525
49.24764      36.75
49.25609      36.75275
49.25931      36.75786
49.27898      36.75011
49.28611      36.74961
49.30633      36.75653
49.33509      36.75725
49.34206      36.76108
49.34934      36.75692
49.38456      36.75984
49.38945      36.75811
49.39331      36.75431
49.3952       36.74198
49.38497      36.74081
49.38889      36.73439
49.38542      36.72431
49.38803      36.72439
49.39428      36.73089
49.39686      36.73147
49.39825      36.72942
49.39323      36.72506
49.39345      36.72033
49.39989      36.72264
49.40189      36.72164
49.39953      36.71578
49.4017       36.71164
49.39478      36.70772
49.3955       36.70322
49.39939      36.69847
49.40562      36.69933
49.40822      36.69756
49.40639      36.69339
49.41247      36.69053
49.41559      36.68725
49.41989      36.68269
49.42331      36.68231
49.42823      36.68408
49.42825      36.68408
49.43089      36.68503
49.43325      36.68325
49.43317      36.68217
49.433        36.68033
49.43284      36.67864
49.4432       36.66764
49.44139      36.66303
49.43531      36.66539
49.42472      36.675
49.41184      36.677
49.40606      36.67961
49.40164      36.67628
49.39789      36.6847
49.392        36.68269
49.38447      36.68642
49.37964      36.68583
49.37867      36.6895
49.37511      36.69283
49.37281      36.70025
49.36953      36.70017
49.35845      36.68945
49.3572       36.69264
49.36133      36.70331
49.35917      36.70806
49.35542      36.70956
49.35317      36.70883
49.35081      36.71084
49.35564      36.72586
49.35389      36.7272
49.34511      36.72606
49.33792      36.72817
49.33547      36.72492
49.3377       36.719
49.33692      36.71572
49.33647      36.7137
49.33372      36.71086
49.32962      36.71398
49.33031      36.71836
49.32637      36.72445
49.32556      36.73064
49.32022      36.72911
49.31145      36.73509
49.30631      36.73542
49.30231      36.72822
49.29803      36.72856
49.29911      36.73906
49.29395      36.73734
49.29281      36.73119
49.28361      36.72567
49.27389      36.72703
49.27022      36.73336
49.26703      36.73489
49.26406      36.73114
49.26322      36.7315
49.26         36.73289
49.25072      36.72989
49.24884      36.72567
49.24784      36.72339
49.2442       36.72192
49.24217      36.72303
49.2422       36.72897
49.24039      36.73192
49.21856      36.73725
49.20728      36.73406
49.19581      36.73559
49.1905       36.74006
49.18145      36.75289
49.18553      36.75803
49.18339      36.7612
49.17872      36.76383
49.16109      36.76359
49.15256      36.76981
49.14595      36.77833
49.14247      36.77964
49.1332       36.77597
49.12661      36.77683
49.11167      36.78792
49.10372      36.79114
49.11211      36.79214
49.12153      36.78717
49.12478      36.78728
49.12828      36.78267
49.13556      36.78131
49.13772      36.78259
 1             89            2 
1
 -9999.0   ,   9990.0
   7
 8 
49.35828      36.71773
49.35647      36.71398
49.35795      36.71086
49.36128      36.70939
49.36447      36.71106
49.36672      36.7185
49.36467      36.72053
49.35828      36.71773
 1 
 1             90            
1
 -9999.0   ,   9990.0
   7
 27 
45.70133      36.7675
45.70408      36.76298
45.69078      36.75428
45.68656      36.74831
45.67808      36.71592
45.67581      36.73928
45.67658      36.74842
45.68217      36.75683
45.68025      36.76133
45.6755       36.7625
45.66836      36.759
45.65708      36.75711
45.64936      36.75386
45.6405       36.74678
45.63145      36.73439
45.62595      36.73011
45.61809      36.72825
45.61564      36.72953
45.61611      36.73181
45.62311      36.73692
45.64014      36.75942
45.65103      36.76664
45.67303      36.77022
45.68039      36.76959
45.68614      36.7665
45.69261      36.76569
45.70133      36.7675
 1 
 1             91            
1
 -9999.0   ,   9990.0
   7
 64 
46.52458      36.41395
46.52895      36.41256
46.53384      36.40797
46.54364      36.40567
46.55422      36.40481
46.56464      36.40186
46.59145      36.40039
46.59589      36.39784
46.59125      36.39531
46.57967      36.39453
46.56708      36.39578
46.55256      36.39528
46.53367      36.39464
46.53245      36.39203
46.53578      36.38531
46.53381      36.38131
46.52959      36.38086
46.52609      36.37795
46.53311      36.3675
46.53023      36.36414
46.52631      36.36347
46.52125      36.35911
46.51914      36.34522
46.52667      36.33156
46.5352       36.3237
46.54837      36.31814
46.55809      36.31722
46.56172      36.31395
46.54975      36.31109
46.54484      36.31222
46.53867      36.31595
46.52406      36.32478
46.51658      36.32603
46.50786      36.33664
46.50461      36.33464
46.50286      36.31983
46.49298      36.3042
46.47711      36.29631
46.46598      36.28589
46.4565       36.28359
46.44081      36.26839
46.4397       36.27334
46.4305       36.28622
46.43161      36.29408
46.43709      36.2932
46.44184      36.28631
46.44664      36.28656
46.4527       36.29306
46.45959      36.2957
46.48417      36.31205
46.48734      36.31886
46.48353      36.32442
46.48631      36.32892
46.483        36.33519
46.48297      36.34347
46.4865       36.34939
46.4957       36.35167
46.49856      36.35503
46.49928      36.36055
46.50611      36.37114
46.50845      36.37481
46.51209      36.39472
46.52239      36.41292
46.52458      36.41395
 1 
 1             92            
1
 -9999.0   ,   9990.0
   7
 20 
46.13403      35.52067
46.1245       35.52042
46.12036      35.52295
46.11781      35.52672
46.11778      35.53306
46.11772      35.53867
46.11386      35.54492
46.10436      35.55153
46.10158      35.55828
46.10661      35.57672
46.10911      35.57683
46.11297      35.57428
46.1182       35.56144
46.12448      35.55672
46.13767      35.55672
46.14047      35.5532
46.138        35.54181
46.14153      35.52889
46.13992      35.52419
46.13403      35.52067
 1 
 1             93            
1
 -9999.0   ,   9990.0
   7
 9 
46.99681      35.44095
46.99928      35.43825
46.99983      35.43434
46.99831      35.42408
46.99933      35.40956
46.99689      35.40906
46.99153      35.42645
46.99434      35.43514
46.99681      35.44095
 1 
 1             94            
1
 -9999.0   ,   9990.0
   7
 186 
45.841        35.30989
45.84475      35.30461
45.8535       35.30547
45.85539      35.30444
45.85664      35.30278
45.8552       35.29595
45.85673      35.29425
45.87036      35.29297
45.88125      35.29578
45.88903      35.29189
45.89695      35.29256
45.90592      35.2895
45.90848      35.29325
45.91778      35.29386
45.91956      35.29484
45.9272       35.29906
45.93495      35.30111
45.94131      35.30006
45.94356      35.29395
45.936        35.2875
45.93209      35.2845
45.92595      35.2752
45.92267      35.26964
45.9172       35.26467
45.91053      35.26209
45.90842      35.25095
45.89286      35.23945
45.88311      35.23011
45.87603      35.22595
45.88075      35.21922
45.86964      35.21367
45.86628      35.2072
45.8605       35.20522
45.86161      35.1985
45.85603      35.19214
45.85334      35.18059
45.85153      35.18231
45.84273      35.19064
45.83345      35.19325
45.82795      35.19769
45.82289      35.19731
45.80761      35.18878
45.81         35.18403
45.8205       35.17606
45.82214      35.17228
45.82117      35.17072
45.81122      35.17222
45.8082       35.1662
45.81645      35.16456
45.822        35.16103
45.82681      35.16811
45.83139      35.16622
45.84086      35.14956
45.83736      35.14448
45.83906      35.14161
45.84375      35.14089
45.84606      35.13822
45.84153      35.13456
45.8465       35.13059
45.8472       35.1255
45.85992      35.11439
45.8802       35.11272
45.89239      35.12122
45.89745      35.12161
45.90111      35.11886
45.91092      35.09964
45.91659      35.09425
45.92545      35.09325
45.93056      35.0895
45.9357       35.08575
45.94236      35.08534
45.95042      35.08809
45.95481      35.08689
45.95839      35.08325
45.957        35.08011
45.93984      35.08192
45.93442      35.08072
45.92992      35.07725
45.92975      35.07714
45.924        35.08322
45.91981      35.083
45.90728      35.07708
45.89928      35.06558
45.89622      35.06556
45.89533      35.06836
45.9002       35.07911
45.90903      35.08456
45.911        35.08789
45.901        35.10608
45.8987       35.11025
45.89439      35.11533
45.89162      35.1155
45.89009      35.10756
45.88639      35.10386
45.87553      35.10428
45.86022      35.10817
45.8505       35.1122
45.84295      35.11839
45.82592      35.13825
45.81706      35.14245
45.812        35.14228
45.80453      35.13675
45.79984      35.13748
45.7915       35.12839
45.79059      35.12742
45.78667      35.12719
45.78878      35.13558
45.78728      35.14097
45.78506      35.14108
45.77072      35.13042
45.764        35.13036
45.76206      35.12703
45.76392      35.12256
45.76656      35.12422
45.77131      35.1242
45.77284      35.11903
45.77206      35.11334
45.766        35.11114
45.76089      35.11006
45.75931      35.11131
45.75984      35.11428
45.75698      35.11672
45.75153      35.11175
45.74814      35.11128
45.73839      35.11506
45.73281      35.11514
45.71895      35.10998
45.71595      35.11406
45.7147       35.11572
45.71817      35.12036
45.72283      35.12286
45.73153      35.12303
45.73378      35.12658
45.72948      35.13511
45.72845      35.15267
45.72597      35.1597
45.73311      35.15814
45.73864      35.15436
45.73853      35.14956
45.73503      35.14147
45.73614      35.13794
45.7412       35.13492
45.74364      35.13728
45.7432       35.14214
45.74981      35.14728
45.77025      35.15439
45.77145      35.15414
45.78234      35.15183
45.78686      35.15894
45.79653      35.16411
45.79034      35.17
45.79156      35.17453
45.79811      35.18242
45.79928      35.18628
45.7815       35.20089
45.78517      35.20136
45.79381      35.19742
45.80167      35.19786
45.81003      35.20059
45.81153      35.20511
45.82695      35.20558
45.83139      35.20508
45.83686      35.20042
45.84931      35.19853
45.85209      35.20181
45.85173      35.20711
45.85503      35.21314
45.8642       35.21881
45.86661      35.22717
45.86317      35.249
45.84284      35.26631
45.83156      35.2817
45.82714      35.28564
45.82206      35.28525
45.81656      35.2925
45.81275      35.2975
45.80809      35.29847
45.80636      35.30134
45.80789      35.30286
45.81906      35.30567
45.82214      35.30892
45.81731      35.31794
45.82025      35.31961
45.83184      35.30767
45.83511      35.30678
45.841        35.30989
