 67 
 1 
 1             1             
1
 -9999.0   ,   9990.0
   7
 33 
140.1574      35.84256
140.1521      35.84273
140.1448      35.85142
140.1411      35.85592
140.1405      35.85658
140.1374      35.86025
140.116       35.87528
140.0735      35.88356
140.0614      35.88764
140.0513      35.89106
140.0495      35.89195
140.0181      35.90761
140.0035      35.90848
140           35.9087
140           35.91325
140.0015      35.91258
140.0044      35.91134
140.0193      35.91156
140.0264      35.90989
140.0544      35.89467
140.0561      35.89372
140.0562      35.89367
140.0563      35.89364
140.0647      35.891
140.0856      35.88447
140.0874      35.88431
140.1012      35.883
140.1184      35.87834
140.1257      35.87459
140.1339      35.86892
140.1512      35.85259
140.1576      35.84653
140.1574      35.84256
 1 
 1             2             
1
 -9999.0   ,   9990.0
   7
 5 
140.0018      38.79353
140           38.79425
140           38.80081
140.0027      38.79622
140.0018      38.79353
 1 
 1             3             
1
 -9999.0   ,   9990.0
   7
 27 
140.0561      39.92997
140.0564      39.92645
140.0642      39.91228
140.0578      39.90372
140.0552      39.8865
140.0519      39.87803
140.0459      39.87695
140.0349      39.88597
140.0295      39.89214
140.0255      39.90558
140.0035      39.90803
140           39.90933
140           39.93083
140.011       39.92656
140.0223      39.92439
140.0277      39.92467
140.0307      39.92681
140.0366      39.93111
140.0508      39.94719
140.06        39.96403
140.0722      40
140.0805      40
140.0798      39.99848
140.0745      39.98678
140.0721      39.98161
140.0558      39.93644
140.0561      39.92997
 1 
 1             4             
1
 -9999.0   ,   9990.0
   7
 21 
140.3193      39.92453
140.3223      39.92008
140.3301      39.92028
140.3327      39.91731
140.3312      39.91464
140.3414      39.91225
140.333       39.90519
140.3281      39.91075
140.3197      39.9162
140.3151      39.91153
140.3245      39.90275
140.3218      39.89803
140.3304      39.89217
140.3194      39.89225
140.3154      39.89361
140.3126      39.89725
140.3137      39.90469
140.3066      39.90886
140.3049      39.91203
140.3073      39.91614
140.3193      39.92453
 1 
 1             5             
1
 -9999.0   ,   9990.0
   7
 41 
141.3697      39.82509
141.3656      39.82356
141.362       39.808
141.3598      39.79892
141.359       39.79547
141.3519      39.78531
141.3478      39.78483
141.3445      39.78642
141.3476      39.78922
141.3509      39.79992
141.3498      39.80433
141.3458      39.80947
141.3398      39.81283
141.319       39.81253
141.3125      39.81569
141.2982      39.81556
141.2964      39.81656
141.2983      39.81794
141.3089      39.81761
141.3183      39.81839
141.3225      39.82136
141.3256      39.82647
141.3211      39.83331
141.3328      39.83517
141.3354      39.83278
141.3337      39.82742
141.3359      39.82339
141.3411      39.81944
141.3465      39.81967
141.3496      39.82164
141.3494      39.82414
141.3441      39.82914
141.3455      39.83117
141.3499      39.83206
141.3526      39.83592
141.357       39.83825
141.3688      39.84136
141.375       39.84072
141.3805      39.8322
141.3783      39.82892
141.3697      39.82509
 1 
 1             6             
1
 -9999.0   ,   9990.0
   7
 13 
140.6527      39.82914
140.6735      39.80975
140.6766      39.80217
140.6776      39.79589
140.6777      39.79567
140.6774      39.79519
140.6756      39.79178
140.6686      39.78742
140.666       39.78936
140.6701      39.80153
140.6691      39.80803
140.6537      39.82492
140.6527      39.82914
 1 
 1             7             
1
 -9999.0   ,   9990.0
   7
 10 
141.172       39.79025
141.1723      39.78189
141.1693      39.76742
141.1561      39.75039
141.1526      39.74864
141.1497      39.75145
141.1526      39.75947
141.166       39.77545
141.1698      39.7895
141.172       39.79025
 1 
 1             8             
1
 -9999.0   ,   9990.0
   7
 12 
141.3254      39.77875
141.3215      39.77744
141.3211      39.77517
141.3177      39.77258
141.3127      39.77006
141.3092      39.77081
141.301       39.77269
141.3078      39.77392
141.3104      39.77528
141.3112      39.77767
141.3144      39.78125
141.3254      39.77875
 1 
 1             9             
1
 -9999.0   ,   9990.0
   7
 14 
140.0853      39.71181
140.0837      39.72289
140.0756      39.72831
140.0711      39.73758
140.0635      39.743
140.0591      39.75353
140.0635      39.75403
140.0656      39.75295
140.0723      39.74278
140.0761      39.737
140.0818      39.72836
140.0881      39.72486
140.0894      39.71233
140.0853      39.71181
 1 
 1             10            
1
 -9999.0   ,   9990.0
   7
 21 
140.7025      39.72481
140.6913      39.71406
140.6904      39.7132
140.6887      39.70036
140.676       39.70075
140.6612      39.696
140.6561      39.69572
140.6516      39.69775
140.6431      39.71031
140.6368      39.71444
140.6348      39.722
140.6387      39.73564
140.6432      39.74528
140.6506      39.74653
140.6713      39.74589
140.6888      39.73972
140.6941      39.73225
140.7017      39.72744
140.7025      39.72503
140.7026      39.72492
140.7025      39.72481
 1 
 1             11            
1
 -9999.0   ,   9990.0
   7
 22 
141.051       39.68961
141.0405      39.69331
141.0372      39.6932
141.0344      39.69039
141.0332      39.68417
141.0289      39.67931
141.0058      39.67133
140.9998      39.6707
140.9894      39.6745
140.9958      39.68
140.9982      39.68033
141.0064      39.67695
141.0199      39.68211
141.0298      39.69011
141.0331      39.6975
141.0383      39.69775
141.0486      39.6947
141.0621      39.69881
141.0685      39.699
141.0754      39.69711
141.074       39.6957
141.051       39.68961
 1 
 1             12            
1
 -9999.0   ,   9990.0
   7
 32 
140.0912      39.68989
140.0986      39.69022
140.1013      39.6887
140.1045      39.68439
140.1237      39.65894
140.1328      39.65306
140.1376      39.64564
140.1401      39.63434
140.1503      39.62872
140.1508      39.62842
140.1636      39.61183
140.1654      39.60731
140.172       39.59078
140.1693      39.59044
140.1642      39.59683
140.1634      39.59892
140.1631      39.59981
140.1573      39.61514
140.148       39.62494
140.1449      39.62817
140.1359      39.63217
140.1311      39.65061
140.1237      39.65414
140.1132      39.66422
140.1015      39.68181
140.1013      39.682
140.0976      39.68525
140.0918      39.68644
140.0796      39.68633
140.0703      39.68325
140.0682      39.68895
140.0912      39.68989
 1 
 1             13            
1
 -9999.0   ,   9990.0
   7
 9 
140.6877      39.62578
140.6827      39.63325
140.684       39.63425
140.6875      39.63706
140.6895      39.63675
140.696       39.63575
140.6963      39.63072
140.6931      39.63042
140.6877      39.62578
 1 
 1             14            
1
 -9999.0   ,   9990.0
   7
 8 
141.046       39.54911
141.0679      39.54608
141.0694      39.54353
141.0611      39.54006
141.0555      39.54089
141.0484      39.54342
141.0454      39.54748
141.046       39.54911
 1 
 1             15            
1
 -9999.0   ,   9990.0
   7
 6 
140.357       39.53211
140.3448      39.53517
140.3482      39.53839
140.3578      39.5375
140.3598      39.53348
140.357       39.53211
 1 
 1             16            
1
 -9999.0   ,   9990.0
   7
 12 
140.9785      39.47742
140.9741      39.47611
140.9581      39.486
140.9502      39.48503
140.9476      39.48594
140.941       39.49264
140.9468      39.49639
140.9526      39.48975
140.9626      39.49067
140.9739      39.48173
140.9792      39.47989
140.9785      39.47742
 1 
 1             17            
1
 -9999.0   ,   9990.0
   7
 29 
141.3264      39.34186
141.3216      39.33684
141.3287      39.32239
141.3251      39.31086
141.3275      39.30575
141.3366      39.30572
141.347       39.30567
141.3566      39.29936
141.3407      39.30278
141.3354      39.30145
141.3341      39.30114
141.3295      39.29528
141.3266      39.29517
141.3233      39.2982
141.3213      39.30559
141.3162      39.31014
141.3154      39.31453
141.3201      39.32147
141.3198      39.32481
141.3166      39.3293
141.3113      39.33075
141.3056      39.33511
141.3063      39.33739
141.3155      39.33456
141.3184      39.33736
141.316       39.34184
141.3169      39.3445
141.3228      39.34408
141.3264      39.34186
 1 
 1             18            
1
 -9999.0   ,   9990.0
   7
 26 
140.8854      39.29709
140.8797      39.29539
140.8597      39.29709
140.8487      39.30181
140.8473      39.29542
140.8429      39.2945
140.8309      39.30031
140.8159      39.29975
140.8134      39.3005
140.8103      39.30139
140.801       39.30775
140.7957      39.30834
140.7893      39.30436
140.7867      39.31111
140.7957      39.31292
140.7995      39.31259
140.8039      39.31222
140.8066      39.31028
140.8117      39.30656
140.8153      39.30394
140.8222      39.30289
140.8313      39.30342
140.8457      39.30692
140.8658      39.30086
140.8722      39.30106
140.8854      39.29709
 1 
 1             19            
1
 -9999.0   ,   9990.0
   7
 7 
141.3717      39.30103
141.3748      39.30739
141.3852      39.29886
141.3911      39.29817
141.3836      39.29059
141.378       39.2987
141.3717      39.30103
 1 
 1             20            
1
 -9999.0   ,   9990.0
   7
 20 
140.9161      39.11803
140.9159      39.11431
140.9005      39.11061
140.8962      39.10619
140.8938      39.09731
140.8916      39.0955
140.8881      39.09478
140.8821      39.09264
140.8776      39.08892
140.8736      39.08681
140.8716      39.08825
140.872       39.09044
140.8778      39.0933
140.8839      39.09536
140.8902      39.09908
140.8915      39.10278
140.8878      39.10856
140.895       39.11395
140.913       39.11958
140.9161      39.11803
 1 
 1             21            
1
 -9999.0   ,   9990.0
   7
 8 
141.1869      39.11647
141.1948      39.10036
141.1926      39.09009
141.1919      39.08647
141.1899      39.08592
141.188       39.09175
141.1829      39.10722
141.1869      39.11647
 1 
 1             22            
1
 -9999.0   ,   9990.0
   7
 18 
140.6525      39.02934
140.637       39.04025
140.6345      39.04469
140.6356      39.0505
140.6324      39.05539
140.6282      39.05636
140.6302      39.06025
140.6324      39.06083
140.6437      39.05672
140.6507      39.05234
140.6529      39.04831
140.6412      39.05053
140.639       39.04748
140.6409      39.04389
140.656       39.03153
140.6578      39.02856
140.6558      39.02736
140.6525      39.02934
 1 
 1             23            
1
 -9999.0   ,   9990.0
   7
 6 
140.1705      38.97211
140.164       38.98208
140.1701      38.98795
140.1759      38.98467
140.1763      38.98236
140.1705      38.97211
 1 
 1             24            
1
 -9999.0   ,   9990.0
   7
 6 
140.9179      38.90217
140.9131      38.90211
140.8995      38.90631
140.9122      38.90922
140.9185      38.90756
140.9179      38.90217
 1 
 1             25            
1
 -9999.0   ,   9990.0
   7
 19 
140.6616      38.80073
140.6695      38.7915
140.6737      38.78658
140.678       38.78353
140.6919      38.78039
140.7049      38.77956
140.7093      38.7767
140.7128      38.77222
140.714       38.76322
140.7127      38.75303
140.7102      38.75206
140.7105      38.76311
140.7056      38.77203
140.6997      38.77492
140.6933      38.77431
140.6708      38.78231
140.6642      38.79297
140.6605      38.79911
140.6616      38.80073
 1 
 1             26            
1
 -9999.0   ,   9990.0
   7
 8 
140.8616      38.78139
140.8558      38.78742
140.857       38.78925
140.865       38.78525
140.8692      38.78886
140.8711      38.7842
140.8681      38.77889
140.8616      38.78139
 1 
 1             27            
1
 -9999.0   ,   9990.0
   7
 24 
141.1348      38.71725
141.1307      38.71383
141.1214      38.71436
141.1098      38.70706
141.103       38.70542
141.094       38.70553
141.0928      38.70786
141.0885      38.70759
141.084       38.70253
141.0813      38.7022
141.0723      38.70692
141.0708      38.70925
141.0818      38.71136
141.0929      38.71078
141.0945      38.71322
141.0819      38.71847
141.0816      38.72098
141.0866      38.72122
141.0908      38.7192
141.0995      38.71806
141.1188      38.72053
141.1287      38.72581
141.132       38.72423
141.1348      38.71725
 1 
 1             28            
1
 -9999.0   ,   9990.0
   7
 19 
141.1602      38.70425
141.1556      38.69961
141.1558      38.69397
141.154       38.6932
141.1509      38.69622
141.1477      38.69531
141.1423      38.69006
141.137       38.68964
141.1225      38.67845
141.1204      38.67917
141.1218      38.68495
141.1178      38.68447
141.1144      38.68103
141.1117      38.6805
141.1049      38.68594
141.1323      38.69208
141.1512      38.70497
141.1568      38.70583
141.1602      38.70425
 1 
 1             29            
1
 -9999.0   ,   9990.0
   7
 11 
140.2485      38.68742
140.2414      38.69472
140.2335      38.6957
140.2329      38.69578
140.2299      38.69961
140.2308      38.70147
140.2334      38.7002
140.2363      38.69881
140.2468      38.69769
140.2497      38.69572
140.2485      38.68742
 1 
 1             30            
1
 -9999.0   ,   9990.0
   7
 5 
140.8886      38.65492
140.8814      38.66581
140.8827      38.66869
140.8902      38.65634
140.8886      38.65492
 1 
 1             31            
1
 -9999.0   ,   9990.0
   7
 88 
141.2925      38.44203
141.291       38.44719
141.2906      38.44878
141.2965      38.459
141.2964      38.45956
141.2963      38.45995
141.2958      38.46486
141.2995      38.47411
141.2971      38.48358
141.2947      38.48703
141.2796      38.48756
141.2767      38.48767
141.2611      38.49742
141.2485      38.50017
141.2431      38.50308
141.237       38.51728
141.2293      38.52214
141.2291      38.52269
141.2282      38.52553
141.234       38.55142
141.2351      38.55678
141.2392      38.56853
141.2459      38.57217
141.2617      38.58067
141.2665      38.5855
141.2684      38.59586
141.2737      38.60047
141.2958      38.60425
141.2987      38.60789
141.2988      38.60861
141.2995      38.61392
141.3016      38.61384
141.3025      38.60983
141.302       38.60847
141.3008      38.6047
141.2969      38.60067
141.2806      38.59917
141.2762      38.59703
141.2731      38.59442
141.2733      38.58484
141.2692      38.57767
141.2626      38.57395
141.2597      38.57345
141.2554      38.57275
141.2464      38.56647
141.244       38.56481
141.2406      38.56075
141.2324      38.52975
141.233       38.525
141.2331      38.52369
141.2436      38.51642
141.2474      38.50458
141.2496      38.50272
141.2499      38.50242
141.2592      38.50167
141.2706      38.49686
141.2798      38.49092
141.2834      38.49095
141.2989      38.49106
141.3011      38.48803
141.3029      38.4692
141.3         38.46492
141.3002      38.45931
141.3003      38.45595
141.2956      38.44922
141.2967      38.44564
141.308       38.44731
141.3094      38.44689
141.31        38.44669
141.3273      38.44158
141.3308      38.43833
141.3296      38.43694
141.329       38.43631
141.3219      38.43389
141.3196      38.43311
141.319       38.43292
141.319       38.43275
141.3174      38.42714
141.3175      38.41211
141.313       38.41664
141.3129      38.42922
141.3128      38.43086
141.3163      38.43531
141.326       38.43872
141.3109      38.44256
141.3103      38.44272
141.3049      38.44409
141.2925      38.44203
 1 
 1             32            
1
 -9999.0   ,   9990.0
   7
 12 
141.4274      38.545
141.4273      38.54889
141.431       38.55689
141.4356      38.56172
141.4455      38.56739
141.4604      38.57267
141.4655      38.57311
141.4642      38.569
141.4586      38.56942
141.4402      38.55947
141.4341      38.55073
141.4274      38.545
 1 
 1             33            
1
 -9999.0   ,   9990.0
   7
 10 
141.4668      38.54936
141.4702      38.54622
141.4675      38.54131
141.4618      38.53861
141.4578      38.53939
141.4608      38.54408
141.4583      38.54709
141.4665      38.54945
141.4667      38.5495
141.4668      38.54936
 1 
 1             34            
1
 -9999.0   ,   9990.0
   7
 8 
141.4132      38.51667
141.4057      38.5207
141.4085      38.52267
141.4098      38.527
141.4141      38.52747
141.4163      38.52508
141.4129      38.52125
141.4132      38.51667
 1 
 1             35            
1
 -9999.0   ,   9990.0
   7
 9 
141.1584      38.50256
141.1534      38.504
141.159       38.50714
141.1605      38.51
141.1763      38.51383
141.1777      38.51106
141.1721      38.505
141.1682      38.50306
141.1584      38.50256
 1 
 1             36            
1
 -9999.0   ,   9990.0
   7
 24 
141.4025      38.41042
141.3981      38.41184
141.3856      38.41231
141.3845      38.41181
141.3805      38.40997
141.373       38.40922
141.3707      38.41139
141.376       38.41445
141.3809      38.41728
141.3808      38.42353
141.3899      38.43092
141.4072      38.43089
141.4152      38.42789
141.4248      38.43295
141.4274      38.42742
141.4251      38.42397
141.4215      38.42181
141.411       38.42367
141.4092      38.41997
141.4153      38.41559
141.4111      38.41219
141.4042      38.41039
141.4033      38.41017
141.4025      38.41042
 1 
 1             37            
1
 -9999.0   ,   9990.0
   7
 21 
140.7094      38.20447
140.7108      38.2007
140.699       38.19689
140.6923      38.18644
140.6917      38.18589
140.6858      38.18103
140.6843      38.17983
140.6784      38.17689
140.6734      38.17684
140.6785      38.18125
140.6822      38.18439
140.688       38.18931
140.6873      38.19183
140.6811      38.18847
140.6763      38.18781
140.6743      38.18995
140.6768      38.19758
140.6712      38.20195
140.6917      38.20567
140.6993      38.20356
140.7094      38.20447
 1 
 1             38            
1
 -9999.0   ,   9990.0
   7
 80 
140.8181      38.06636
140.8213      38.07342
140.8217      38.07417
140.8322      38.08303
140.8375      38.08431
140.8567      38.08156
140.8603      38.08103
140.8652      38.08484
140.8658      38.08595
140.867       38.08828
140.8697      38.09325
140.8732      38.09564
140.8781      38.09678
140.8833      38.098
140.8881      38.09764
140.899       38.09395
140.9152      38.08128
140.9157      38.07997
140.9175      38.07578
140.9162      38.06519
140.9205      38.05773
140.9279      38.05228
140.9274      38.04811
140.9163      38.05267
140.9124      38.05872
140.912       38.05922
140.9102      38.06205
140.9119      38.0695
140.9105      38.07664
140.8957      38.09072
140.8884      38.09389
140.8821      38.09431
140.8741      38.09269
140.8674      38.081
140.8622      38.07706
140.8616      38.07661
140.8566      38.07594
140.8557      38.0762
140.842       38.07997
140.8344      38.08003
140.8276      38.07606
140.8173      38.05575
140.8175      38.05409
140.8186      38.04672
140.8158      38.03703
140.8162      38.03156
140.817       38.02089
140.8143      38.01786
140.8088      38.01553
140.8159      38.00945
140.8164      37.9942
140.8119      37.9885
140.7967      37.95875
140.7955      37.93728
140.8121      37.92672
140.8137      37.92209
140.8111      37.91842
140.8035      37.91303
140.7903      37.91284
140.7744      37.91522
140.8035      37.91742
140.8079      37.92164
140.8072      37.92375
140.7939      37.93547
140.7919      37.93742
140.7897      37.95117
140.7895      37.9525
140.7909      37.96039
140.7991      37.97139
140.8033      37.9842
140.8131      38.0012
140.8123      38.00561
140.8028      38.01553
140.8113      38.02234
140.8129      38.02667
140.8121      38.03011
140.8109      38.03486
140.8142      38.04728
140.8128      38.05631
140.8181      38.06636
 1 
 1             39            
1
 -9999.0   ,   9990.0
   7
 7 
140.5804      37.8617
140.5877      37.86481
140.5974      37.86556
140.597       37.86306
140.5919      37.85989
140.585       37.85947
140.5804      37.8617
 1 
 1             40            
1
 -9999.0   ,   9990.0
   7
 41 
140.0704      37.65572
140.0716      37.65481
140.0714      37.65
140.0664      37.64992
140.0638      37.64478
140.0612      37.64667
140.0549      37.65128
140.0505      37.65222
140.0461      37.64839
140.0435      37.64825
140.0465      37.65756
140.0553      37.66045
140.0523      37.66492
140.0515      37.67058
140.047       37.67653
140.0477      37.67944
140.0521      37.67847
140.0594      37.68372
140.0572      37.68753
140.0566      37.69756
140.0586      37.70753
140.0568      37.71467
140.0539      37.71578
140.0525      37.71333
140.0533      37.70789
140.0496      37.70547
140.0488      37.70703
140.0452      37.71436
140.0398      37.71723
140.0407      37.71864
140.0449      37.71853
140.0573      37.72781
140.0634      37.72181
140.0611      37.7183
140.0644      37.70778
140.0629      37.69156
140.069       37.67447
140.0649      37.6652
140.0695      37.66134
140.067       37.65848
140.0704      37.65572
 1 
 1             41            
1
 -9999.0   ,   9990.0
   7
 15 
140.1028      37.66614
140.0894      37.66017
140.0887      37.66022
140.0857      37.66047
140.0858      37.66122
140.0858      37.66192
140.0921      37.66947
140.0978      37.6737
140.1146      37.6795
140.1153      37.67739
140.1136      37.67556
140.1059      37.67264
140.1036      37.66667
140.1035      37.66644
140.1028      37.66614
 1 
 1             42            
1
 -9999.0   ,   9990.0
   7
 13 
140.115       37.65111
140.1141      37.65595
140.1189      37.65914
140.1268      37.65914
140.1362      37.6637
140.1391      37.66339
140.1413      37.66042
140.1364      37.65617
140.1501      37.65642
140.1563      37.655
140.1611      37.65131
140.1385      37.64964
140.115       37.65111
 1 
 1             43            
1
 -9999.0   ,   9990.0
   7
 4 
140.0147      37.62108
140.0087      37.61347
140.0044      37.61611
140.0147      37.62108
 1 
 1             44            
1
 -9999.0   ,   9990.0
   7
 58 
140.1169      37.50747
140.1163      37.50622
140.1221      37.50231
140.1298      37.5042
140.1415      37.50158
140.146       37.49747
140.1488      37.48906
140.154       37.48661
140.1551      37.48325
140.1502      37.47378
140.1542      37.46364
140.1526      37.45139
140.1531      37.44922
140.1544      37.44361
140.1523      37.441
140.1437      37.43033
140.1328      37.42061
140.1228      37.41411
140.1174      37.41061
140.1123      37.41428
140.1063      37.41258
140.1008      37.41439
140.0989      37.41903
140.0917      37.4205
140.0854      37.41984
140.0827      37.42325
140.0777      37.42484
140.0726      37.43269
140.0736      37.43789
140.0689      37.44386
140.0626      37.45009
140.0546      37.45364
140.0504      37.45792
140.0514      37.4702
140.0467      37.47534
140.0477      37.48034
140.0467      37.48119
140.0405      37.47678
140.0349      37.4767
140.034       37.47975
140.0326      37.48386
140.0359      37.4867
140.0273      37.49486
140.025       37.50056
140.0283      37.51089
140.0301      37.5117
140.0341      37.50761
140.0373      37.50817
140.0412      37.5137
140.0481      37.51433
140.0568      37.52267
140.0643      37.52683
140.0831      37.53114
140.1131      37.52906
140.118       37.52206
140.1184      37.51842
140.1189      37.51264
140.1169      37.50747
 1 
 1             45            
1
 -9999.0   ,   9990.0
   7
 7 
140.9783      37.36706
140.9749      37.36717
140.9766      37.37025
140.9725      37.37184
140.9742      37.3745
140.9854      37.37309
140.9783      37.36706
 1 
 1             46            
1
 -9999.0   ,   9990.0
   7
 21 
140.0738      37.27589
140.0853      37.271
140.0898      37.2715
140.0934      37.26967
140.0959      37.26842
140.0988      37.26331
140.0983      37.26286
140.0951      37.26028
140.0857      37.26139
140.0838      37.25872
140.0857      37.25533
140.0911      37.25392
140.0913      37.25184
140.0816      37.24981
140.0785      37.2472
140.0677      37.23786
140.0726      37.24831
140.0804      37.26486
140.0787      37.26845
140.0713      37.27242
140.0738      37.27589
 1 
 1             47            
1
 -9999.0   ,   9990.0
   7
 7 
140.3412      36.54253
140.3541      36.53736
140.3607      36.52964
140.3576      36.52931
140.3509      36.52973
140.336       36.54247
140.3412      36.54253
 1 
 1             48            
1
 -9999.0   ,   9990.0
   7
 18 
140.5368      36.36242
140.5441      36.36258
140.5591      36.35836
140.572       36.34795
140.5738      36.34736
140.5816      36.34492
140.5908      36.33542
140.5839      36.32772
140.5775      36.32353
140.575       36.32422
140.5812      36.32989
140.5848      36.33603
140.5822      36.34072
140.5704      36.34539
140.565       36.34753
140.5568      36.35467
140.5375      36.36031
140.5368      36.36242
 1 
 1             49            
1
 -9999.0   ,   9990.0
   7
 16 
140.4675      36.27078
140.4717      36.27692
140.4766      36.27864
140.4871      36.27706
140.4933      36.28147
140.5077      36.28122
140.523       36.28325
140.5301      36.28681
140.5389      36.30345
140.5437      36.30581
140.5341      36.27164
140.5025      36.26906
140.4907      36.26944
140.476       36.26528
140.465       36.26564
140.4675      36.27078
 1 
 1             50            
1
 -9999.0   ,   9990.0
   7
 111 
140.2224      36.07589
140.2212      36.08178
140.2236      36.08484
140.2304      36.08839
140.2424      36.08492
140.2493      36.07197
140.254       36.06956
140.2868      36.06775
140.2959      36.06225
140.3056      36.06825
140.3116      36.06848
140.3319      36.06392
140.3482      36.06361
140.3512      36.06356
140.3695      36.0605
140.3808      36.07164
140.3903      36.07617
140.3963      36.08286
140.3975      36.087
140.3956      36.0902
140.3836      36.09789
140.3827      36.1
140.3845      36.10181
140.3913      36.10309
140.3896      36.10606
140.3872      36.108
140.3824      36.10831
140.3807      36.10842
140.3735      36.11384
140.346       36.12636
140.3446      36.12745
140.3423      36.1292
140.3429      36.13545
140.3412      36.13861
140.3264      36.14784
140.3163      36.15148
140.3175      36.155
140.3142      36.16136
140.3236      36.15961
140.3296      36.15442
140.3364      36.15256
140.3413      36.14675
140.3469      36.14556
140.3489      36.14322
140.3535      36.13806
140.3575      36.14042
140.3612      36.14867
140.3658      36.14917
140.3853      36.13606
140.3898      36.12819
140.3998      36.12058
140.4016      36.11467
140.4014      36.11367
140.3996      36.10617
140.4013      36.10298
140.4063      36.09969
140.4079      36.09442
140.4152      36.0915
140.4208      36.08442
140.429       36.06661
140.4299      36.06473
140.4433      36.04864
140.45        36.04303
140.4692      36.00964
140.4801      35.98381
140.4819      35.98459
140.4969      35.98058
140.5106      35.96614
140.5016      35.95536
140.496       35.957
140.489       35.96161
140.4844      35.96069
140.4713      35.95003
140.4626      35.94628
140.4737      35.96353
140.4718      35.96695
140.4544      35.97375
140.4548      35.97581
140.4592      35.97736
140.4596      35.97881
140.4556      35.98123
140.4195      35.99592
140.4154      35.99625
140.4048      35.98778
140.397       35.9872
140.3779      35.99028
140.3713      35.99011
140.37        35.99008
140.365       35.989
140.3597      35.98539
140.3584      35.98961
140.3614      35.99495
140.367       35.99917
140.3791      36.00403
140.3802      36.00711
140.3779      36.012
140.3624      36.02331
140.3578      36.02889
140.3523      36.0322
140.3472      36.0315
140.3309      36.02928
140.3254      36.03236
140.3187      36.03256
140.3042      36.03006
140.2811      36.03681
140.2667      36.03575
140.2604      36.03908
140.2565      36.03878
140.2349      36.04942
140.2264      36.06747
140.2224      36.07589
 1 
 1             51            
1
 -9999.0   ,   9990.0
   7
 86 
140.5205      36.14422
140.5259      36.14448
140.5322      36.13592
140.534       36.12459
140.5403      36.11542
140.5405      36.10914
140.5439      36.10589
140.5445      36.10197
140.5463      36.08936
140.547       36.08428
140.553       36.07511
140.5625      36.06917
140.5674      36.05858
140.574       36.0525
140.5756      36.04264
140.5805      36.03686
140.5803      36.03583
140.5797      36.03186
140.5818      36.02825
140.5887      36.02636
140.5848      36.02
140.5846      36.01645
140.5865      36.01347
140.6023      36.00567
140.6037      36.00269
140.5997      35.99822
140.5997      35.99403
140.6076      35.98647
140.6079      35.98208
140.6015      35.97267
140.6027      35.97098
140.6085      35.96933
140.6125      35.96997
140.6134      35.97011
140.6194      35.97106
140.62        35.96958
140.624       35.96025
140.6313      35.95189
140.6392      35.94792
140.6416      35.94675
140.643       35.9442
140.6278      35.93384
140.6255      35.93222
140.6251      35.93464
140.6249      35.93578
140.6298      35.94211
140.6279      35.94572
140.6209      35.94825
140.6067      35.96311
140.6063      35.96297
140.6036      35.96197
140.5976      35.96425
140.5963      35.96475
140.594       35.96561
140.5871      35.97772
140.5904      35.98161
140.5772      35.99539
140.5714      35.99911
140.5605      36.00156
140.5459      36.01206
140.5468      36.01411
140.5506      36.01356
140.5581      36.01606
140.5668      36.02997
140.5663      36.03208
140.5467      36.03981
140.5583      36.04172
140.5604      36.04647
140.5585      36.05008
140.5474      36.05564
140.5525      36.05906
140.5521      36.06094
140.5362      36.06875
140.5346      36.07153
140.5417      36.07483
140.5411      36.08508
140.5402      36.08608
140.5377      36.08898
140.5328      36.09145
140.5299      36.09881
140.5339      36.106
140.5297      36.11053
140.5315      36.11464
140.5275      36.12353
140.5253      36.13739
140.5205      36.14422
 1 
 1             52            
1
 -9999.0   ,   9990.0
   7
 6 
140.152       36.04031
140.1477      36.04606
140.1483      36.04875
140.1514      36.0495
140.1565      36.0435
140.152       36.04031
 1 
 1             53            
1
 -9999.0   ,   9990.0
   7
 11 
140.4239      35.96884
140.4214      35.97017
140.4196      35.98108
140.4137      35.98753
140.4154      35.98978
140.419       35.98986
140.422       35.98811
140.4253      35.98236
140.4276      35.97539
140.4266      35.97061
140.4239      35.96884
 1 
 1             54            
1
 -9999.0   ,   9990.0
   7
 6 
140.1005      35.96425
140.1072      35.95781
140.1081      35.95486
140.1045      35.95517
140.0994      35.96283
140.1005      35.96425
 1 
 1             55            
1
 -9999.0   ,   9990.0
   7
 9 
140.1265      35.95831
140.1316      35.95511
140.1342      35.9535
140.1354      35.93906
140.1301      35.94292
140.1262      35.94578
140.1287      35.95011
140.1258      35.95478
140.1265      35.95831
 1 
 1             56            
1
 -9999.0   ,   9990.0
   7
 6 
140.318       35.93547
140.3167      35.9307
140.3078      35.92719
140.3035      35.92753
140.3125      35.9352
140.318       35.93547
 1 
 1             57            
1
 -9999.0   ,   9990.0
   7
 21 
140.6231      35.93106
140.6222      35.92806
140.621       35.92406
140.6209      35.92367
140.6206      35.92297
140.6226      35.91539
140.6216      35.90959
140.6271      35.89081
140.6096      35.90725
140.6028      35.90872
140.6039      35.91097
140.6         35.91989
140.5953      35.92442
140.5845      35.92894
140.5961      35.93003
140.6013      35.93184
140.606       35.93347
140.6133      35.93081
140.6141      35.9305
140.6209      35.93092
140.6231      35.93106
 1 
 1             58            
1
 -9999.0   ,   9990.0
   7
 7 
140.4735      35.91997
140.4635      35.92522
140.4585      35.92347
140.4546      35.92653
140.4573      35.93
140.4722      35.92578
140.4735      35.91997
 1 
 1             59            
1
 -9999.0   ,   9990.0
   7
 7 
140.444       35.92081
140.4417      35.91984
140.4312      35.92097
140.428       35.92317
140.4291      35.92584
140.4388      35.92492
140.444       35.92081
 1 
 1             60            
1
 -9999.0   ,   9990.0
   7
 73 
140.5015      35.909
140.5045      35.9087
140.5068      35.90742
140.514       35.90328
140.4972      35.906
140.4908      35.90703
140.4829      35.91025
140.4679      35.91631
140.455       35.91439
140.4383      35.90961
140.4189      35.90403
140.4023      35.90703
140.3961      35.90556
140.3906      35.90236
140.3673      35.89681
140.3617      35.893
140.3589      35.88958
140.3527      35.88197
140.3497      35.87834
140.3302      35.86533
140.324       35.86364
140.3132      35.86395
140.306       35.86417
140.2974      35.8665
140.2886      35.87075
140.2801      35.87056
140.2765      35.86981
140.2758      35.86967
140.2445      35.85298
140.2269      35.85739
140.2141      35.86059
140.1862      35.85011
140.1811      35.84728
140.1786      35.84636
140.1644      35.84258
140.1593      35.84256
140.1574      35.84256
140.1599      35.84606
140.1816      35.84997
140.1863      35.8522
140.1981      35.85842
140.2031      35.86111
140.2092      35.863
140.213       35.86417
140.217       35.86445
140.2172      35.86445
140.2196      35.86461
140.2378      35.85781
140.2468      35.85839
140.2708      35.87336
140.2731      35.87378
140.2804      35.87517
140.2868      35.87558
140.307       35.86747
140.3254      35.86714
140.3372      35.87503
140.3508      35.88414
140.3536      35.8887
140.3552      35.89131
140.3627      35.89861
140.3674      35.90056
140.3978      35.90925
140.4097      35.91139
140.4201      35.90961
140.4299      35.90994
140.4356      35.91217
140.4443      35.91556
140.4622      35.91942
140.4735      35.91997
140.4834      35.91503
140.492       35.91075
140.4954      35.91106
140.5015      35.909
 1 
 1             61            
1
 -9999.0   ,   9990.0
   7
 7 
140.3892      35.91789
140.3935      35.91564
140.3946      35.91395
140.3934      35.91253
140.3874      35.91578
140.3875      35.9177
140.3892      35.91789
 1 
 1             62            
1
 -9999.0   ,   9990.0
   7
 11 
140.6732      35.90333
140.6755      35.90617
140.6796      35.90664
140.6866      35.89889
140.6874      35.89764
140.69        35.89359
140.6888      35.89006
140.6824      35.88881
140.671       35.89253
140.6676      35.89639
140.6732      35.90333
 2 
 1             63            
1
 -9999.0   ,   9990.0
   7
 50 
140.6406      35.8747
140.644       35.87439
140.6496      35.87008
140.6502      35.86672
140.6534      35.86384
140.659       35.86178
140.6679      35.86128
140.6781      35.86408
140.686       35.86361
140.7033      35.85636
140.7129      35.84728
140.7338      35.80878
140.7437      35.79936
140.7555      35.78819
140.8174      35.7502
140.8413      35.74103
140.8477      35.74122
140.8524      35.744
140.8552      35.74286
140.8584      35.74128
140.8568      35.73903
140.8431      35.73636
140.829       35.73644
140.8046      35.74786
140.777       35.76075
140.7541      35.77947
140.7391      35.78834
140.7325      35.79397
140.7308      35.79592
140.7196      35.80842
140.7176      35.81894
140.7116      35.8277
140.6952      35.837
140.6836      35.84133
140.6626      35.84725
140.6293      35.85356
140.631       35.856
140.6359      35.85606
140.6487      35.85372
140.6608      35.8515
140.6886      35.84389
140.7064      35.83608
140.6966      35.8447
140.6873      35.84875
140.6693      35.85309
140.6669      35.85547
140.6647      35.85806
140.65        35.86061
140.6442      35.86373
140.6406      35.8747
 1             63            2 
1
 -9999.0   ,   9990.0
   7
 8 
140.7106      35.84223
140.7098      35.84528
140.6947      35.8575
140.6823      35.86081
140.6753      35.86106
140.6728      35.85695
140.6969      35.85053
140.7106      35.84223
 1 
 1             64            
1
 -9999.0   ,   9990.0
   7
 16 
140.0745      35.85595
140.072       35.85331
140.0659      35.8537
140.0548      35.85839
140.0482      35.85878
140.035       35.85684
140.0103      35.86
140.0021      35.86817
140.0018      35.87089
140.0138      35.86875
140.0185      35.86792
140.0191      35.86775
140.032       35.86381
140.0624      35.86339
140.0738      35.85889
140.0745      35.85595
 1 
 1             65            
1
 -9999.0   ,   9990.0
   7
 6 
140.1171      35.84036
140.1163      35.83831
140.1059      35.83586
140.0741      35.83467
140.066       35.83822
140.1171      35.84036
 1 
 1             66            
1
 -9999.0   ,   9990.0
   7
 16 
140.2462      35.80972
140.2508      35.81003
140.2603      35.81456
140.2686      35.81828
140.2688      35.81828
140.273       35.81856
140.2762      35.81514
140.2763      35.8145
140.2788      35.80378
140.2767      35.79694
140.2592      35.78931
140.2572      35.79083
140.2512      35.79581
140.2459      35.79783
140.2414      35.80425
140.2462      35.80972
 1 
 1             67            
1
 -9999.0   ,   9990.0
   7
 19 
140.2306      35.7682
140.2345      35.75911
140.2303      35.75548
140.2219      35.76239
140.2175      35.76275
140.2094      35.75817
140.2038      35.74789
140.1997      35.7455
140.193       35.74464
140.1703      35.75345
140.1551      35.76606
140.1645      35.763
140.1746      35.7575
140.1904      35.7562
140.2003      35.75989
140.2176      35.77672
140.221       35.77664
140.2246      35.77131
140.2306      35.7682
