 35 
 1             1 
1
 -9999.0   ,   9990.0 
 16 
 40.34564     -10.26475 
 40.34796     -10.26448 
 40.34952     -10.261 
 40.34709     -10.25484 
 40.33618     -10.24238 
 40.32868     -10.2386 
 40.32379     -10.238 
 40.32081     -10.24012 
 40.31971     -10.24382 
 40.32308     -10.24997 
 40.32727     -10.25059 
 40.329       -10.25676 
 40.33181     -10.25764 
 40.33547     -10.25481 
 40.34025     -10.26186 
 40.34564     -10.26475 
 1             2 
1
 -9999.0   ,   9990.0 
 8 
 40.3753      -10.28676 
 40.37807     -10.28556 
 40.37893     -10.28164 
 40.37723     -10.27753 
 40.3702      -10.27444 
 40.36944     -10.28342 
 40.37134     -10.28568 
 40.3753      -10.28676 
 1             3 
1
 -9999.0   ,   9990.0 
 8 
 40.42838     -10.37588 
 40.42293     -10.37674 
 40.42123     -10.37808 
 40.42162     -10.38045 
 40.42349     -10.38134 
 40.42789     -10.38034 
 40.42923     -10.37755 
 40.42838     -10.37588 
 1             4 
1
 -9999.0   ,   9990.0 
 169 
 40.39444     -10.51768 
 40.39442     -10.50933 
 40.39713     -10.50644 
 40.41263     -10.48993 
 40.41908     -10.48306 
 40.42155     -10.47864 
 40.42633     -10.46039 
 40.42127     -10.45036 
 40.41745     -10.44968 
 40.41605     -10.44295 
 40.42013     -10.43912 
 40.41695     -10.4302 
 40.4139      -10.42842 
 40.41134     -10.42869 
 40.40879     -10.42874 
 40.40627     -10.43085 
 40.40305     -10.43298 
 40.3998      -10.43281 
 40.39691     -10.42734 
 40.40056     -10.4236 
 40.40267     -10.42448 
 40.40417     -10.42831 
 40.4152      -10.42334 
 40.41634     -10.42189 
 40.4211      -10.41587 
 40.41994     -10.40302 
 40.42138     -10.39287 
 40.42062     -10.38921 
 40.4171      -10.38789 
 40.41383     -10.38703 
 40.41005     -10.38342 
 40.41874     -10.3759 
 40.42069     -10.37473 
 40.42349     -10.37296 
 40.4254      -10.37164 
 40.43419     -10.36919 
 40.43876     -10.36497 
 40.44322     -10.35477 
 40.44312     -10.34902 
 40.43883     -10.34335 
 40.43199     -10.33772 
 40.42189     -10.31928 
 40.41121     -10.30705 
 40.40202     -10.29986 
 40.39832     -10.30084 
 40.39377     -10.30552 
 40.38664     -10.31906 
 40.38254     -10.32688 
 40.3929      -10.32186 
 40.39594     -10.32273 
 40.39696     -10.328 
 40.40346     -10.32766 
 40.40491     -10.33085 
 40.40955     -10.33031 
 40.40919     -10.33629 
 40.41141     -10.34338 
 40.40779     -10.36115 
 40.39853     -10.36315 
 40.38932     -10.36769 
 40.38772     -10.36955 
 40.39433     -10.37519 
 40.39299     -10.37797 
 40.38835     -10.37851 
 40.38575     -10.37603 
 40.37669     -10.37619 
 40.3762      -10.37568 
 40.36887     -10.36805 
 40.36351     -10.36676 
 40.36179     -10.36196 
 40.3597      -10.36177 
 40.35961     -10.36982 
 40.35472     -10.36899 
 40.35291     -10.37178 
 40.34942     -10.37138 
 40.34589     -10.36891 
 40.3424      -10.36897 
 40.34167     -10.36692 
 40.35015     -10.36056 
 40.3515      -10.35778 
 40.34961     -10.35643 
 40.34545     -10.35742 
 40.3411      -10.36118 
 40.33738     -10.36078 
 40.33406     -10.35739 
 40.32708     -10.3566 
 40.31771     -10.33951 
 40.31516     -10.32691 
 40.30766     -10.31002 
 40.30676     -10.29854 
 40.29805     -10.29272 
 40.29933     -10.2858 
 40.2956      -10.28517 
 40.29067     -10.26962 
 40.26732     -10.26244 
 40.25583     -10.2562 
 40.2407      -10.24151 
 40.24042     -10.2407 
 40.23483     -10.2246 
 40.23696     -10.21352 
 40.23576     -10.21124 
 40.23181     -10.21085 
 40.22336     -10.21905 
 40.21863     -10.2274 
 40.20126     -10.24403 
 40.19441     -10.25441 
 40.19394     -10.25856 
 40.2088      -10.24988 
 40.22164     -10.24891 
 40.22457     -10.24869 
 40.23042     -10.25134 
 40.2331      -10.25797 
 40.23897     -10.26155 
 40.24852     -10.26345 
 40.25485     -10.26679 
 40.2632      -10.26573 
 40.2665      -10.26843 
 40.26243     -10.27494 
 40.26363     -10.27745 
 40.27019     -10.28009 
 40.27162     -10.28237 
 40.27113     -10.29433 
 40.26623     -10.29235 
 40.25952     -10.2812 
 40.25765     -10.28031 
 40.24747     -10.28255 
 40.2372      -10.27799 
 40.23201     -10.27569 
 40.21876     -10.275 
 40.21962     -10.27757 
 40.21355     -10.27967 
 40.21323     -10.27739 
 40.19704     -10.26824 
 40.19332     -10.26785 
 40.18767     -10.26334 
 40.18643     -10.259 
 40.18822     -10.25529 
 40.18749     -10.253 
 40.17292     -10.2567 
 40.1577      -10.26339 
 40.15234     -10.27544 
 40.15349     -10.27564 
 40.14809     -10.27931 
 40.13924     -10.27014 
 40.13305     -10.26128 
 40.12977     -10.25972 
 40.12821     -10.26366 
 40.13508     -10.27159 
 40.13585     -10.27572 
 40.13448     -10.27735 
 40.11733     -10.27925 
 40.11313     -10.27863 
 40.1103      -10.27615 
 40.11064     -10.26832 
 40.11604     -10.25857 
 40.12247     -10.2541 
 40.12718     -10.25793 
 40.12921     -10.25421 
 40.12365     -10.21476 
 40.12493     -10.20807 
 40.13405     -10.19849 
 40.13558     -10.19294 
 40.13359     -10.18516 
 40.12601     -10.17632 
 40.10821     -10.16765 
 40.06929     -10.15887 
 40.05988     -10.1519 
 40.03122     -10.14548 
 40.00747     -10.13334 
 40           -10.12943 
 1             5 
1
 -9999.0   ,   9990.0 
 32 
 40.39444     -10.51768 
 40.39523     -10.52439 
 40.41805     -10.51573 
 40.42193     -10.51175 
 40.4289      -10.49509 
 40.43395     -10.48302 
 40.44282     -10.47655 
 40.44428     -10.47548 
 40.45141     -10.4723 
 40.45235     -10.47188 
 40.45958     -10.47313 
 40.46246     -10.47574 
 40.46407     -10.47719 
 40.46719     -10.48266 
 40.46998     -10.48261 
 40.47248     -10.47957 
 40.47501     -10.47965 
 40.48201     -10.47986 
 40.49019     -10.48252 
 40.49137     -10.48291 
 40.49294     -10.48523 
 40.49352     -10.48609 
 40.49821     -10.48807 
 40.4986      -10.48699 
 40.49954     -10.48437 
 40.50321     -10.48201 
 40.50995     -10.48211 
 40.51721     -10.48497 
 40.51859     -10.48426 
 40.52186     -10.48737 
 40.52451     -10.4899 
 40.52601     -10.49552 
 1             6 
1
 -9999.0   ,   9990.0 
 11 
 40.65129     -10.79781 
 40.65607     -10.79243 
 40.65835     -10.77743 
 40.65659     -10.7708 
 40.65399     -10.76855 
 40.64493     -10.76986 
 40.63861     -10.76768 
 40.63266     -10.77308 
 40.64092     -10.77914 
 40.64979     -10.79277 
 40.65129     -10.79781 
 1             7 
1
 -9999.0   ,   9990.0 
 24 
 40.64373     -10.87707 
 40.65347     -10.87527 
 40.67722     -10.85137 
 40.67944     -10.84558 
 40.67843     -10.84146 
 40.67039     -10.83494 
 40.66081     -10.83305 
 40.65371     -10.82743 
 40.65213     -10.82976 
 40.65788     -10.83793 
 40.65873     -10.8462 
 40.66203     -10.84843 
 40.66349     -10.85163 
 40.66968     -10.85148 
 40.66426     -10.85529 
 40.66166     -10.85566 
 40.66055     -10.85582 
 40.65412     -10.84858 
 40.65194     -10.84402 
 40.64983     -10.8436 
 40.64926     -10.84982 
 40.64586     -10.85449 
 40.6472      -10.86412 
 40.64373     -10.87707 
 1             8 
1
 -9999.0   ,   9990.0 
 33 
 40.70937     -10.99827 
 40.71099     -10.99656 
 40.71494     -10.99602 
 40.71779     -10.99873 
 40.72263     -11.00807 
 40.72247     -11.01175 
 40.71654     -11.0183 
 40.70757     -11.02445 
 40.7069      -11.02474 
 40.69187     -11.03119 
 40.68581     -11.0313 
 40.674       -11.0352 
 40.67022     -11.03228 
 40.66517     -11.03583 
 40.65729     -11.03781 
 40.64891     -11.04275 
 40.64761     -11.04352 
 40.64365     -11.04359 
 40.63724     -11.03907 
 40.63633     -11.03843 
 40.62026     -11.03873 
 40.61558     -11.03744 
 40.60917     -11.03135 
 40.61121     -11.02832 
 40.62216     -11.02812 
 40.63648     -11.03383 
 40.64417     -11.03392 
 40.65032     -11.03262 
 40.65855     -11.03089 
 40.67314     -11.02671 
 40.69114     -11.01763 
 40.69743     -11.01095 
 40.70937     -10.99827 
 1             9 
1
 -9999.0   ,   9990.0 
 18 
 40.65598     -11.1885 
 40.66008     -11.18336 
 40.66472     -11.18235 
 40.66903     -11.17629 
 40.67204     -11.17509 
 40.67672     -11.17638 
 40.68322     -11.17465 
 40.69636     -11.1675 
 40.6977      -11.16448 
 40.69496     -11.15534 
 40.69536     -11.15165 
 40.68502     -11.14747 
 40.67389     -11.15021 
 40.666       -11.16393 
 40.66225     -11.17504 
 40.65406     -11.1839 
 40.6527      -11.18741 
 40.65598     -11.1885 
 1             10 
1
 -9999.0   ,   9990.0 
 10 
 40.64072     -11.19476 
 40.61763     -11.19404 
 40.60796     -11.18824 
 40.60165     -11.1872 
 40.58659     -11.17966 
 40.58641     -11.18242 
 40.60435     -11.19451 
 40.61422     -11.19893 
 40.62705     -11.19938 
 40.64072     -11.19476 
 1             11 
1
 -9999.0   ,   9990.0 
 11 
 40.62954     -11.3661 
 40.64552     -11.36423 
 40.64583     -11.36419 
 40.64751     -11.36669 
 40.64637     -11.3671 
 40.6394      -11.3696 
 40.62518     -11.36986 
 40.62428     -11.37149 
 40.62076     -11.3704 
 40.62371     -11.36621 
 40.62954     -11.3661 
 1             12 
1
 -9999.0   ,   9990.0 
 8 
 40.59947     -11.82119 
 40.60574     -11.81946 
 40.60763     -11.82035 
 40.60993     -11.81846 
 40.60615     -11.81623 
 40.59893     -11.81752 
 40.59686     -11.81939 
 40.59947     -11.82119 
 1             13 
1
 -9999.0   ,   9990.0 
 142 
 43.28795     -11.37781 
 43.29226     -11.37552 
 43.30183     -11.37499 
 43.30657     -11.3707 
 43.31995     -11.36819 
 43.32576     -11.3671 
 43.3312      -11.36282 
 43.34637     -11.36238 
 43.36492     -11.36959 
 43.37054     -11.36853 
 43.38169     -11.37125 
 43.38465     -11.37566 
 43.38567     -11.38443 
 43.38818     -11.38769 
 43.39017     -11.39462 
 43.39974     -11.40836 
 43.40214     -11.41875 
 43.4022      -11.42822 
 43.4022      -11.42887 
 43.40512     -11.43582 
 43.39833     -11.45136 
 43.3972      -11.45642 
 43.39404     -11.47062 
 43.38855     -11.47812 
 43.38704     -11.48454 
 43.38957     -11.50092 
 43.39539     -11.51597 
 43.39181     -11.53455 
 43.39265     -11.54881 
 43.39291     -11.55321 
 43.39154     -11.56538 
 43.38603     -11.5738 
 43.3843      -11.57976 
 43.38414     -11.603 
 43.38027     -11.61122 
 43.38155     -11.6186 
 43.38781     -11.63527 
 43.38716     -11.64607 
 43.39053     -11.65441 
 43.40156     -11.66655 
 43.402       -11.66703 
 43.40825     -11.67035 
 43.41135     -11.68029 
 43.41733     -11.68591 
 43.41858     -11.6956 
 43.42193     -11.70463 
 43.42493     -11.70697 
 43.42761     -11.71415 
 43.44102     -11.73715 
 43.44344     -11.74639 
 43.44306     -11.75513 
 43.44653     -11.77152 
 43.44527     -11.7794 
 43.44419     -11.78621 
 43.4583      -11.82325 
 43.46108     -11.82491 
 43.47229     -11.83959 
 43.47177     -11.84303 
 43.47445     -11.85043 
 43.47931     -11.85373 
 43.48723     -11.86928 
 43.49624     -11.87632 
 43.4985      -11.88096 
 43.49931     -11.88857 
 43.50257     -11.88931 
 43.50416     -11.8921 
 43.50387     -11.89554 
 43.50051     -11.90101 
 43.48966     -11.90705 
 43.48775     -11.90955 
 43.49073     -11.91305 
 43.48978     -11.91608 
 43.48704     -11.92473 
 43.48398     -11.92583 
 43.47838     -11.92528 
 43.47718     -11.9271 
 43.47923     -11.93036 
 43.47756     -11.9324 
 43.46943     -11.93597 
 43.46037     -11.93995 
 43.45428     -11.94077 
 43.44659     -11.93904 
 43.42694     -11.92561 
 43.42372     -11.92234 
 43.41981     -11.91836 
 43.41483     -11.90861 
 43.3995      -11.90261 
 43.38754     -11.89068 
 43.38023     -11.88044 
 43.37724     -11.87294 
 43.37552     -11.86863 
 43.37162     -11.86442 
 43.36282     -11.85898 
 43.35306     -11.85606 
 43.32686     -11.85829 
 43.31233     -11.85953 
 43.29787     -11.85722 
 43.2717      -11.84321 
 43.2639      -11.8348 
 43.25913     -11.82666 
 43.25477     -11.80818 
 43.25118     -11.79961 
 43.24407     -11.79143 
 43.23717     -11.78618 
 43.22954     -11.78037 
 43.22877     -11.77116 
 43.22626     -11.76766 
 43.22499     -11.76005 
 43.21945     -11.75558 
 43.21579     -11.73757 
 43.21636     -11.73183 
 43.22854     -11.71059 
 43.22864     -11.71041 
 43.23304     -11.69921 
 43.24243     -11.6828 
 43.24839     -11.67576 
 43.25053     -11.6735 
 43.25203     -11.668 
 43.24892     -11.64517 
 43.24953     -11.62911 
 43.24977     -11.62286 
 43.24781     -11.60074 
 43.25319     -11.58656 
 43.25473     -11.5787 
 43.25728     -11.56569 
 43.25435     -11.55943 
 43.25407     -11.55754 
 43.25309     -11.55113 
 43.25382     -11.53572 
 43.26481     -11.5076 
 43.26513     -11.50232 
 43.25841     -11.47229 
 43.25747     -11.45893 
 43.25618     -11.45622 
 43.25206     -11.44756 
 43.25595     -11.43888 
 43.25532     -11.43427 
 43.25753     -11.42809 
 43.25866     -11.41661 
 43.26865     -11.39146 
 43.27625     -11.384 
 43.28795     -11.37781 
 1             14 
1
 -9999.0   ,   9990.0 
 12 
 40.57435     -11.97553 
 40.57039     -11.97607 
 40.5721      -11.97994 
 40.57802     -11.98375 
 40.58062     -11.99773 
 40.5825      -11.99816 
 40.58886     -11.98861 
 40.58783     -11.9838 
 40.58983     -11.97801 
 40.5888      -11.9732 
 40.58394     -11.97559 
 40.57435     -11.97553 
 1             15 
1
 -9999.0   ,   9990.0 
 28 
 40.60769     -12.24037 
 40.60956     -12.22791 
 40.60753     -12.20771 
 40.60149     -12.19747 
 40.58955     -12.1848 
 40.58489     -12.18581 
 40.57714     -12.18434 
 40.57342     -12.18556 
 40.56674     -12.19074 
 40.5593      -12.19364 
 40.55563     -12.19715 
 40.56087     -12.20235 
 40.56604     -12.20341 
 40.56569     -12.20939 
 40.57093     -12.21436 
 40.57215     -12.21421 
 40.57746     -12.21355 
 40.58156     -12.21991 
 40.57995     -12.22155 
 40.57713     -12.22045 
 40.57576     -12.22255 
 40.57962     -12.22846 
 40.58097     -12.2381 
 40.57904     -12.24733 
 40.58384     -12.25392 
 40.5869      -12.25455 
 40.59341     -12.25259 
 40.60769     -12.24037 
 1             16 
1
 -9999.0   ,   9990.0 
 15 
 40.49965     -12.32622 
 40.50085     -12.31683 
 40.49356     -12.3027 
 40.48766     -12.28717 
 40.48845     -12.27979 
 40.49219     -12.2795 
 40.49772     -12.28745 
 40.49674     -12.29713 
 40.5068      -12.32248 
 40.50403     -12.33163 
 40.50563     -12.33469 
 40.50499     -12.33815 
 40.50132     -12.33595 
 40.50028     -12.32988 
 40.49965     -12.32622 
 1             17 
1
 -9999.0   ,   9990.0 
 119 
 44.49074     -12.09783 
 44.48723     -12.08682 
 44.48102     -12.07846 
 44.47016     -12.06774 
 44.46573     -12.0663 
 44.4587      -12.06714 
 44.45376     -12.06984 
 44.44453     -12.078 
 44.42053     -12.08898 
 44.41743     -12.09423 
 44.41899     -12.10023 
 44.42826     -12.10702 
 44.43123     -12.11258 
 44.4312      -12.11472 
 44.43117     -12.11718 
 44.4302      -12.11993 
 44.42215     -12.12719 
 44.41648     -12.14944 
 44.41267     -12.15445 
 44.40938     -12.15556 
 44.40178     -12.15511 
 44.39957     -12.15498 
 44.39029     -12.1666 
 44.37373     -12.18019 
 44.3491      -12.1854 
 44.33484     -12.18429 
 44.32585     -12.19108 
 44.3193      -12.19123 
 44.31771     -12.18752 
 44.31585     -12.18681 
 44.31299     -12.19091 
 44.30971     -12.19087 
 44.30804     -12.19361 
 44.29845     -12.19326 
 44.29339     -12.19208 
 44.29005     -12.1913 
 44.28363     -12.1811 
 44.27873     -12.17988 
 44.27423     -12.18443 
 44.27364     -12.1843 
 44.24366     -12.17781 
 44.23373     -12.16848 
 44.22744     -12.16609 
 44.21461     -12.16339 
 44.20662     -12.16559 
 44.20354     -12.16853 
 44.21121     -12.17255 
 44.21487     -12.17881 
 44.22102     -12.18379 
 44.23274     -12.18963 
 44.24291     -12.19851 
 44.26061     -12.20542 
 44.3087      -12.23022 
 44.31918     -12.23563 
 44.33182     -12.23579 
 44.33584     -12.23501 
 44.34285     -12.23363 
 44.34845     -12.23486 
 44.37918     -12.24721 
 44.38705     -12.25445 
 44.39143     -12.25933 
 44.39981     -12.27386 
 44.40173     -12.27718 
 44.40706     -12.28139 
 44.41778     -12.28498 
 44.42219     -12.28825 
 44.42911     -12.29662 
 44.43204     -12.3054 
 44.43992     -12.31171 
 44.45067     -12.31254 
 44.45741     -12.31676 
 44.46291     -12.31841 
 44.46301     -12.31844 
 44.47818     -12.33456 
 44.48449     -12.34126 
 44.49093     -12.35054 
 44.49203     -12.35607 
 44.49194     -12.35727 
 44.49091     -12.37079 
 44.49787     -12.3757 
 44.5107      -12.38046 
 44.51491     -12.38028 
 44.52409     -12.37671 
 44.52717     -12.3733 
 44.53052     -12.36782 
 44.53015     -12.35999 
 44.53408     -12.34578 
 44.53274     -12.34001 
 44.53197     -12.33822 
 44.52955     -12.33261 
 44.53173     -12.3087 
 44.52718     -12.29761 
 44.5252      -12.28769 
 44.52443     -12.2741 
 44.52657     -12.2716 
 44.52869     -12.27024 
 44.52806     -12.26471 
 44.53046     -12.25968 
 44.53823     -12.25633 
 44.53756     -12.25356 
 44.53242     -12.25257 
 44.5314      -12.2406 
 44.52735     -12.22766 
 44.52906     -12.22193 
 44.52146     -12.21194 
 44.51926     -12.20087 
 44.51895     -12.18822 
 44.51791     -12.18582 
 44.51485     -12.17873 
 44.50607     -12.17011 
 44.49652     -12.1295 
 44.49304     -12.1267 
 44.49364     -12.1248 
 44.49426     -12.1228 
 44.48642     -12.11396 
 44.48484     -12.10888 
 44.49055     -12.10159 
 44.49105     -12.09883 
 44.49074     -12.09783 
 1             18 
1
 -9999.0   ,   9990.0 
 7 
 40.52756     -12.38398 
 40.53126     -12.38138 
 40.5241      -12.37438 
 40.52178     -12.37534 
 40.52069     -12.37973 
 40.52262     -12.38269 
 40.52756     -12.38398 
 1             19 
1
 -9999.0   ,   9990.0 
 116 
 43.698       -12.25814 
 43.6914      -12.25418 
 43.68476     -12.25373 
 43.68275     -12.25359 
 43.67975     -12.25125 
 43.6704      -12.25041 
 43.66879     -12.24832 
 43.65845     -12.25115 
 43.65567     -12.2495 
 43.6539      -12.24257 
 43.65039     -12.24252 
 43.64871     -12.24525 
 43.645       -12.24312 
 43.64148     -12.24353 
 43.63552     -12.25057 
 43.62617     -12.24974 
 43.62213     -12.25358 
 43.62153     -12.25533 
 43.61746     -12.26732 
 43.619       -12.27379 
 43.61634     -12.2795 
 43.62028     -12.28186 
 43.61998     -12.28576 
 43.62181     -12.28878 
 43.6269      -12.29231 
 43.62777     -12.29647 
 43.62995     -12.30686 
 43.62796     -12.31419 
 43.63053     -12.31469 
 43.63338     -12.31197 
 43.63685     -12.31479 
 43.64365     -12.31374 
 43.65062     -12.31753 
 43.65637     -12.32383 
 43.66104     -12.34001 
 43.65886     -12.34457 
 43.65439     -12.34612 
 43.65498     -12.35303 
 43.6623      -12.349 
 43.66487     -12.34927 
 43.66992     -12.35625 
 43.6744      -12.35425 
 43.67975     -12.35594 
 43.68211     -12.35528 
 43.68402     -12.35255 
 43.68959     -12.35247 
 43.69198     -12.35244 
 43.69458     -12.3511 
 43.69922     -12.35416 
 43.70229     -12.35214 
 43.70718     -12.35405 
 43.7071      -12.35934 
 43.70871     -12.36121 
 43.71639     -12.36409 
 43.7167      -12.35903 
 43.71954     -12.35723 
 43.72352     -12.35752 
 43.731       -12.35809 
 43.73911     -12.36374 
 43.74054     -12.36238 
 43.74013     -12.35823 
 43.74654     -12.3528 
 43.75074     -12.35379 
 43.76393     -12.36388 
 43.77034     -12.37364 
 43.7707      -12.36536 
 43.77262     -12.36194 
 43.77708     -12.36131 
 43.7852      -12.3665 
 43.80836     -12.36799 
 43.80973     -12.37008 
 43.80876     -12.37283 
 43.81108     -12.37378 
 43.81488     -12.37016 
 43.81541     -12.37051 
 43.82137     -12.37462 
 43.83213     -12.37547 
 43.85172     -12.38128 
 43.85634     -12.38456 
 43.86099     -12.38786 
 43.8624      -12.38742 
 43.86291     -12.38443 
 43.8613      -12.38234 
 43.86227     -12.38051 
 43.86555     -12.37987 
 43.8633      -12.37409 
 43.86573     -12.36837 
 43.8649      -12.36053 
 43.85949     -12.35455 
 43.855       -12.34958 
 43.85324     -12.34196 
 43.84998     -12.34053 
 43.84817     -12.33659 
 43.83518     -12.32997 
 43.83237     -12.32854 
 43.82962     -12.32435 
 43.81961     -12.32099 
 43.81615     -12.31748 
 43.81122     -12.31833 
 43.80846     -12.31507 
 43.80304     -12.31706 
 43.79954     -12.31655 
 43.79328     -12.31231 
 43.7873      -12.30532 
 43.77198     -12.29635 
 43.76898     -12.29355 
 43.76696     -12.28776 
 43.76278     -12.28563 
 43.7546      -12.28505 
 43.74833     -12.2815 
 43.72915     -12.26534 
 43.72634     -12.2653 
 43.72164     -12.26638 
 43.71161     -12.26461 
 43.70439     -12.26197 
 43.698       -12.25814 
 1             20 
1
 -9999.0   ,   9990.0 
 65 
 40.58574     -12.32933 
 40.58018     -12.33196 
 40.57909     -12.33635 
 40.58038     -12.343 
 40.58065     -12.34437 
 40.58395     -12.34569 
 40.58955     -12.34467 
 40.59106     -12.35039 
 40.58886     -12.35802 
 40.58699     -12.35972 
 40.58373     -12.3588 
 40.58058     -12.35334 
 40.57698     -12.36077 
 40.57277     -12.36084 
 40.56862     -12.36414 
 40.56395     -12.36468 
 40.56017     -12.36314 
 40.55778     -12.36066 
 40.55961     -12.35809 
 40.56804     -12.35817 
 40.5715      -12.35558 
 40.56757     -12.34622 
 40.56196     -12.34655 
 40.55208     -12.35639 
 40.54648     -12.35718 
 40.54561     -12.36042 
 40.54981     -12.36491 
 40.56408     -12.37204 
 40.57979     -12.37291 
 40.57985     -12.37636 
 40.5771      -12.3794 
 40.57362     -12.38084 
 40.56659     -12.38051 
 40.57139     -12.38663 
 40.57482     -12.39462 
 40.58275     -12.39332 
 40.58735     -12.38933 
 40.59301     -12.39129 
 40.59617     -12.38605 
 40.58971     -12.37779 
 40.59038     -12.37616 
 40.596       -12.37629 
 40.59774     -12.36936 
 40.60051     -12.36747 
 40.6043      -12.3697 
 40.60644     -12.36879 
 40.60941     -12.36753 
 40.61161     -12.36143 
 40.61208     -12.36012 
 40.60799     -12.35422 
 40.60303     -12.35201 
 40.60525     -12.34576 
 40.61002     -12.3505 
 40.61369     -12.34629 
 40.61887     -12.36023 
 40.62235     -12.35855 
 40.62249     -12.35372 
 40.61754     -12.33978 
 40.61836     -12.33333 
 40.61572     -12.33038 
 40.6094      -12.33004 
 40.59753     -12.32129 
 40.59427     -12.3225 
 40.59108     -12.32693 
 40.58574     -12.32933 
 1             21 
1
 -9999.0   ,   9990.0 
 9 
 43.65571     -12.39963 
 43.65462     -12.40212 
 43.648       -12.40304 
 43.64435     -12.40534 
 43.64302     -12.40428 
 43.64275     -12.4028 
 43.65355     -12.39443 
 43.65699     -12.39493 
 43.65571     -12.39963 
 1             22 
1
 -9999.0   ,   9990.0 
 6 
 43.7143      -12.40823 
 43.71551     -12.40641 
 43.71122     -12.39576 
 43.70979     -12.39712 
 43.71089     -12.40197 
 43.7143      -12.40823 
 1             23 
1
 -9999.0   ,   9990.0 
 10 
 43.70182     -12.41264 
 43.69904     -12.39603 
 43.69633     -12.38932 
 43.69779     -12.38589 
 43.70156     -12.38411 
 43.70526     -12.38716 
 43.70264     -12.39011 
 43.70235     -12.39401 
 43.70539     -12.40925 
 43.70182     -12.41264 
 1             24 
1
 -9999.0   ,   9990.0 
 9 
 43.66732     -12.39673 
 43.6692      -12.39189 
 43.66819     -12.38952 
 43.65835     -12.39451 
 43.66158     -12.3987 
 43.66234     -12.40667 
 43.66656     -12.41382 
 43.66842     -12.41076 
 43.66732     -12.39673 
 1             25 
1
 -9999.0   ,   9990.0 
 21 
 40.59327     -12.44033 
 40.59387     -12.43636 
 40.58852     -12.42611 
 40.59239     -12.40787 
 40.59534     -12.40298 
 40.60168     -12.40379 
 40.60933     -12.41239 
 40.61617     -12.41502 
 40.61754     -12.42535 
 40.62072     -12.43242 
 40.61781     -12.43914 
 40.61611     -12.44736 
 40.61523     -12.45161 
 40.61139     -12.45858 
 40.60722     -12.46096 
 40.60277     -12.46081 
 40.59898     -12.45881 
 40.59678     -12.45402 
 40.59355     -12.4505 
 40.592       -12.44882 
 40.59327     -12.44033 
 1             26 
1
 -9999.0   ,   9990.0 
 9 
 40.63093     -12.4872 
 40.6311      -12.47317 
 40.62942     -12.47113 
 40.62616     -12.47211 
 40.62673     -12.47739 
 40.62405     -12.48244 
 40.62455     -12.48548 
 40.63092     -12.48789 
 40.63093     -12.4872 
 1             27 
1
 -9999.0   ,   9990.0 
 7 
 40.60813     -12.49636 
 40.60182     -12.49694 
 40.59921     -12.49515 
 40.59696     -12.48806 
 40.6014      -12.48729 
 40.60217     -12.49095 
 40.60813     -12.49636 
 1             28 
1
 -9999.0   ,   9990.0 
 467 
 40.48414     -12.53056 
 40.48071     -12.52925 
 40.47954     -12.51988 
 40.47783     -12.51577 
 40.47165     -12.51128 
 40.46956     -12.51178 
 40.46548     -12.50679 
 40.46245     -12.50731 
 40.45835     -12.50117 
 40.45207     -12.50335 
 40.44677     -12.50828 
 40.4405      -12.51037 
 40.43963     -12.51484 
 40.45002     -12.51949 
 40.45197     -12.52313 
 40.47026     -12.53707 
 40.47367     -12.5416 
 40.46878     -12.54673 
 40.46524     -12.54518 
 40.46232     -12.53948 
 40.45599     -12.53914 
 40.44388     -12.5428 
 40.43789     -12.54866 
 40.43334     -12.54962 
 40.42833     -12.55067 
 40.43379     -12.54183 
 40.43575     -12.53398 
 40.43094     -12.51428 
 40.43298     -12.51103 
 40.43817     -12.50769 
 40.43923     -12.507 
 40.44075     -12.50031 
 40.45008     -12.4983 
 40.45425     -12.4957 
 40.45644     -12.48761 
 40.45942     -12.4841 
 40.46222     -12.48359 
 40.46467     -12.48953 
 40.47053     -12.48943 
 40.4755      -12.47968 
 40.4745      -12.47625 
 40.46771     -12.4766 
 40.4672      -12.47014 
 40.4671      -12.46879 
 40.46476     -12.46883 
 40.46016     -12.47351 
 40.45572     -12.47405 
 40.45122     -12.47114 
 40.45768     -12.46619 
 40.45716     -12.46322 
 40.45213     -12.45732 
 40.45625     -12.45219 
 40.4621      -12.45186 
 40.46966     -12.45517 
 40.47144     -12.45077 
 40.47379     -12.45096 
 40.47504     -12.45507 
 40.47765     -12.4571 
 40.48672     -12.45421 
 40.48836     -12.45369 
 40.49098     -12.4564 
 40.48986     -12.45895 
 40.4777      -12.45986 
 40.46952     -12.46069 
 40.4689      -12.46484 
 40.4713      -12.46825 
 40.48239     -12.47265 
 40.48407     -12.47515 
 40.48025     -12.4835 
 40.48124     -12.48624 
 40.48518     -12.48433 
 40.49112     -12.47641 
 40.48847     -12.47186 
 40.49115     -12.46797 
 40.49667     -12.45998 
 40.49829     -12.44615 
 40.50396     -12.43684 
 40.53515     -12.4142 
 40.54978     -12.40795 
 40.55996     -12.40133 
 40.56222     -12.39715 
 40.56094     -12.39165 
 40.55238     -12.38468 
 40.55029     -12.3854 
 40.54917     -12.38796 
 40.54519     -12.3878 
 40.54021     -12.38467 
 40.53602     -12.38566 
 40.53433     -12.40179 
 40.53065     -12.39116 
 40.52648     -12.38906 
 40.524       -12.39535 
 40.52091     -12.39123 
 40.51364     -12.3909 
 40.51536     -12.38282 
 40.51318     -12.37872 
 40.50152     -12.381 
 40.49854     -12.38347 
 40.49614     -12.3689 
 40.49826     -12.35713 
 40.49994     -12.34652 
 40.49918     -12.34227 
 40.49772     -12.34192 
 40.49816     -12.33801 
 40.4952      -12.33478 
 40.49594     -12.33325 
 40.49729     -12.32281 
 40.49104     -12.30873 
 40.48534     -12.30242 
 40.48256     -12.29617 
 40.48605     -12.29249 
 40.48039     -12.27718 
 40.46076     -12.26603 
 40.4606      -12.26535 
 40.45872     -12.2571 
 40.4541      -12.2604 
 40.45277     -12.26433 
 40.4433      -12.27456 
 40.43752     -12.28302 
 40.42948     -12.28292 
 40.42894     -12.27925 
 40.43098     -12.2753 
 40.44684     -12.25984 
 40.45044     -12.25195 
 40.45166     -12.24227 
 40.44993     -12.23747 
 40.45709     -12.23228 
 40.45994     -12.23453 
 40.45971     -12.24719 
 40.46235     -12.25082 
 40.46441     -12.2504 
 40.46516     -12.24496 
 40.46499     -12.23017 
 40.46853     -12.23025 
 40.46915     -12.23486 
 40.467       -12.23869 
 40.46705     -12.24195 
 40.4693      -12.24517 
 40.46664     -12.25511 
 40.4693      -12.2599 
 40.47617     -12.2646 
 40.48276     -12.26656 
 40.48515     -12.26904 
 40.48864     -12.26806 
 40.50561     -12.23265 
 40.50598     -12.23187 
 40.50609     -12.22676 
 40.49994     -12.23405 
 40.4834      -12.26309 
 40.48145     -12.25899 
 40.48282     -12.2554 
 40.4848      -12.25019 
 40.4987      -12.23032 
 40.49903     -12.22463 
 40.49798     -12.22343 
 40.49654     -12.22406 
 40.49378     -12.23263 
 40.49016     -12.23652 
 40.4871      -12.23543 
 40.48373     -12.23043 
 40.48186     -12.22326 
 40.49041     -12.21522 
 40.49297     -12.21163 
 40.50307     -12.21398 
 40.51185     -12.20807 
 40.51246     -12.20711 
 40.5139      -12.20481 
 40.49683     -12.18005 
 40.48528     -12.15035 
 40.48445     -12.1437 
 40.48596     -12.13654 
 40.4919      -12.12907 
 40.492       -12.12194 
 40.4945      -12.11732 
 40.5085      -12.09151 
 40.50842     -12.08737 
 40.50115     -12.07324 
 40.49637     -12.06781 
 40.49214     -12.06696 
 40.49136     -12.06238 
 40.49455     -12.05818 
 40.49542     -12.04229 
 40.50461     -12.03055 
 40.5165      -12.01891 
 40.5322      -12.00873 
 40.54148     -12.00488 
 40.54448     -12.00253 
 40.5442      -12.00047 
 40.52231     -11.99235 
 40.52012     -11.98756 
 40.51209     -11.98357 
 40.50519     -11.97702 
 40.50428     -11.97541 
 40.49359     -11.95653 
 40.48848     -11.93905 
 40.4871      -11.93433 
 40.48744     -11.92742 
 40.48407     -11.90977 
 40.4843      -11.89689 
 40.48761     -11.88671 
 40.50152     -11.86805 
 40.51045     -11.86298 
 40.51239     -11.86188 
 40.51559     -11.85837 
 40.51484     -11.85585 
 40.50355     -11.85169 
 40.4902      -11.84986 
 40.48309     -11.84446 
 40.47213     -11.83293 
 40.46753     -11.82404 
 40.46336     -11.82596 
 40.45921     -11.8166 
 40.46287     -11.81239 
 40.46439     -11.80638 
 40.46382     -11.80064 
 40.46782     -11.78953 
 40.4677      -11.78309 
 40.46354     -11.77968 
 40.4577      -11.78511 
 40.45416     -11.78333 
 40.45395     -11.7723 
 40.45663     -11.76558 
 40.46113     -11.76895 
 40.45891     -11.7752 
 40.46248     -11.77881 
 40.46544     -11.77439 
 40.46807     -11.76514 
 40.46916     -11.74856 
 40.4675      -11.74698 
 40.46333     -11.74867 
 40.45282     -11.74886 
 40.44381     -11.74264 
 40.43767     -11.72497 
 40.44029     -11.71503 
 40.44144     -11.70144 
 40.44018     -11.69641 
 40.43517     -11.69461 
 40.44331     -11.68922 
 40.44027     -11.67616 
 40.4362      -11.67071 
 40.44153     -11.66855 
 40.44027     -11.66328 
 40.44231     -11.66002 
 40.44246     -11.65542 
 40.4403      -11.65247 
 40.43752     -11.65367 
 40.43538     -11.65164 
 40.42418     -11.65207 
 40.43104     -11.64412 
 40.43292     -11.6319 
 40.43644     -11.63322 
 40.44248     -11.6315 
 40.44685     -11.62797 
 40.45801     -11.62547 
 40.46025     -11.62014 
 40.45992     -11.61509 
 40.44964     -11.60193 
 40.42738     -11.58461 
 40.42378     -11.57939 
 40.42621     -11.57152 
 40.42496     -11.56717 
 40.42196     -11.55665 
 40.42474     -11.55522 
 40.43914     -11.53886 
 40.44659     -11.53781 
 40.44817     -11.53479 
 40.45834     -11.52977 
 40.44904     -11.51867 
 40.44407     -11.51485 
 40.44166     -11.51098 
 40.44159     -11.5073 
 40.45326     -11.49467 
 40.45867     -11.48445 
 40.46216     -11.47082 
 40.46092     -11.46693 
 40.45739     -11.46585 
 40.45989     -11.46189 
 40.45841     -11.45453 
 40.45809     -11.45295 
 40.46288     -11.44734 
 40.46299     -11.44044 
 40.46843     -11.43206 
 40.4703      -11.41915 
 40.47888     -11.40404 
 40.47672     -11.40086 
 40.47619     -11.40052 
 40.46893     -11.39571 
 40.46262     -11.39514 
 40.45869     -11.39705 
 40.45487     -11.4035 
 40.45295     -11.40277 
 40.4504      -11.40306 
 40.44912     -11.40245 
 40.44593     -11.40361 
 40.44118     -11.39598 
 40.43836     -11.39465 
 40.43416     -11.39495 
 40.43117     -11.39685 
 40.42386     -11.39261 
 40.42463     -11.38385 
 40.42024     -11.38623 
 40.41603     -11.38562 
 40.41518     -11.37735 
 40.41177     -11.36936 
 40.39564     -11.35469 
 40.38951     -11.35112 
 40.38392     -11.35168 
 40.37935     -11.35682 
 40.37586     -11.35712 
 40.36614     -11.34809 
 40.36029     -11.33416 
 40.35606     -11.33262 
 40.36221     -11.32423 
 40.37044     -11.31558 
 40.37434     -11.32471 
 40.37577     -11.32629 
 40.37926     -11.326 
 40.3863      -11.31576 
 40.39617     -11.30707 
 40.39988     -11.30187 
 40.41163     -11.28541 
 40.41679     -11.27427 
 40.42193     -11.24934 
 40.4271      -11.23913 
 40.43078     -11.23607 
 40.45093     -11.22927 
 40.47354     -11.21668 
 40.47651     -11.21363 
 40.47802     -11.21301 
 40.5015      -11.20329 
 40.50447     -11.20025 
 40.49852     -11.19369 
 40.49475     -11.19168 
 40.48878     -11.18374 
 40.48654     -11.17573 
 40.48627     -11.16171 
 40.48909     -11.15015 
 40.50802     -11.12842 
 40.51692     -11.12132 
 40.52777     -11.11265 
 40.52861     -11.10758 
 40.53706     -11.09868 
 40.54158     -11.09124 
 40.54963     -11.08557 
 40.56227     -11.06395 
 40.56347     -11.05335 
 40.56664     -11.04846 
 40.56688     -11.0365 
 40.57031     -11.03298 
 40.56348     -11.02943 
 40.56        -11.02995 
 40.5528      -11.0275 
 40.54781     -11.0258 
 40.5384      -11.02114 
 40.53318     -11.01572 
 40.52149     -11.01363 
 40.51675     -11.00912 
 40.50624     -11.00687 
 40.50378     -11.00451 
 40.50566     -11.0015 
 40.50538     -10.99874 
 40.5002      -10.99562 
 40.49648     -10.99661 
 40.48987     -11.00386 
 40.48678     -11.00092 
 40.4865      -10.9984 
 40.48299     -10.99731 
 40.48202     -10.99526 
 40.48937     -10.98983 
 40.49484     -10.98352 
 40.49592     -10.9789 
 40.49185     -10.96035 
 40.49365     -10.94445 
 40.49476     -10.94144 
 40.50279     -10.93508 
 40.50666     -10.92995 
 40.50902     -10.91933 
 40.51584     -10.91046 
 40.52275     -10.90643 
 40.54175     -10.88906 
 40.5849      -10.86849 
 40.59386     -10.86235 
 40.60071     -10.85555 
 40.6051      -10.8534 
 40.60805     -10.84944 
 40.60797     -10.84553 
 40.60761     -10.83886 
 40.61358     -10.83416 
 40.61328     -10.83094 
 40.61019     -10.82732 
 40.58875     -10.82587 
 40.57682     -10.8231 
 40.52224     -10.79167 
 40.50847     -10.78501 
 40.49476     -10.77837 
 40.49058     -10.77868 
 40.48117     -10.77379 
 40.47983     -10.76369 
 40.48113     -10.75838 
 40.48836     -10.75359 
 40.49078     -10.75199 
 40.49369     -10.74573 
 40.49643     -10.74315 
 40.49853     -10.74357 
 40.50163     -10.74743 
 40.50324     -10.74648 
 40.50522     -10.74023 
 40.51221     -10.7401 
 40.52435     -10.73069 
 40.52547     -10.72814 
 40.53078     -10.72597 
 40.5461      -10.71166 
 40.56446     -10.69822 
 40.56675     -10.69711 
 40.57784     -10.69176 
 40.58479     -10.69071 
 40.59611     -10.69855 
 40.60217     -10.69936 
 40.60751     -10.69834 
 40.61614     -10.69979 
 40.61973     -10.7014 
 40.62553     -10.70399 
 40.63338     -10.70108 
 40.63667     -10.70286 
 40.63921     -10.70189 
 40.64163     -10.69449 
 40.64007     -10.68578 
 40.63366     -10.679 
 40.60347     -10.66967 
 40.59695     -10.66933 
 40.57708     -10.66395 
 40.57354     -10.66125 
 40.56719     -10.64543 
 40.56588     -10.64215 
 40.56548     -10.64116 
 40.5662      -10.62988 
 40.56418     -10.62118 
 40.56549     -10.61678 
 40.57237     -10.61137 
 40.57277     -10.60791 
 40.57638     -10.6021 
 40.57564     -10.59981 
 40.57233     -10.59734 
 40.55946     -10.5932 
 40.55357     -10.58917 
 40.54952     -10.58373 
 40.53498     -10.57733 
 40.52774     -10.57585 
 40.51445     -10.58621 
 40.51005     -10.58744 
 40.50827     -10.57919 
 40.51172     -10.57683 
 40.51183     -10.57062 
 40.51203     -10.56877 
 40.51265     -10.56485 
 40.50914     -10.56331 
 40.50997     -10.55777 
 40.52035     -10.55321 
 40.52446     -10.54969 
 40.52796     -10.55032 
 40.52987     -10.55258 
 40.53286     -10.55115 
 40.53509     -10.54582 
 40.53375     -10.53618 
 40.5282      -10.51329 
 40.52701     -10.49928 
 40.52601     -10.49552 
 1             29 
1
 -9999.0   ,   9990.0 
 17 
 40.58627     -12.56646 
 40.59045     -12.56431 
 40.59747     -12.56395 
 40.60299     -12.55833 
 40.60907     -12.5458 
 40.61108     -12.5407 
 40.60195     -12.52822 
 40.59959     -12.5278 
 40.59039     -12.53648 
 40.58318     -12.53937 
 40.58144     -12.54607 
 40.57843     -12.54797 
 40.58355     -12.55891 
 40.58754     -12.5593 
 40.58759     -12.5616 
 40.58273     -12.56468 
 40.58627     -12.56646 
 1             30 
1
 -9999.0   ,   9990.0 
 10 
 40.61588     -12.608 
 40.6182      -12.60635 
 40.62338     -12.59567 
 40.62288     -12.5943 
 40.61279     -12.59311 
 40.6018      -12.59423 
 40.59693     -12.59685 
 40.59697     -12.59892 
 40.60876     -12.60307 
 40.61588     -12.608 
 1             31 
1
 -9999.0   ,   9990.0 
 10 
 40.84224     -14.5335 
 40.84447     -14.53697 
 40.84306     -14.53883 
 40.83826     -14.54513 
 40.83637     -14.54493 
 40.83511     -14.54105 
 40.83549     -14.53622 
 40.83755     -14.53319 
 40.84155     -14.53243 
 40.84224     -14.5335 
 1             32 
1
 -9999.0   ,   9990.0 
 495 
 40.8341      -14.50119 
 40.83731     -14.4861 
 40.83512     -14.47104 
 40.83457     -14.46731 
 40.83058     -14.45635 
 40.83065     -14.44831 
 40.82763     -14.43895 
 40.81284     -14.40683 
 40.8135      -14.40475 
 40.81109     -14.40227 
 40.80295     -14.40793 
 40.79217     -14.41135 
 40.78135     -14.41307 
 40.76913     -14.41501 
 40.76153     -14.41216 
 40.76117     -14.41287 
 40.75835     -14.41843 
 40.74807     -14.42367 
 40.74112     -14.43001 
 40.7089      -14.43497 
 40.70217     -14.44038 
 40.6911      -14.44151 
 40.67687     -14.44958 
 40.67552     -14.45283 
 40.67948     -14.4624 
 40.68039     -14.47295 
 40.67953     -14.48088 
 40.67859     -14.48953 
 40.67214     -14.49746 
 40.6748      -14.51258 
 40.67434     -14.52522 
 40.66775     -14.53844 
 40.67032     -14.54919 
 40.66808     -14.55521 
 40.66532     -14.55893 
 40.64755     -14.56776 
 40.64407     -14.57081 
 40.6339      -14.56985 
 40.62603     -14.5654 
 40.62661     -14.55872 
 40.63135     -14.54761 
 40.64788     -14.52364 
 40.64802     -14.51904 
 40.64255     -14.51639 
 40.63409     -14.51838 
 40.62534     -14.51739 
 40.62365     -14.51535 
 40.62501     -14.5128 
 40.63106     -14.50833 
 40.64302     -14.49225 
 40.65405     -14.48929 
 40.65958     -14.48448 
 40.6624      -14.48202 
 40.66746     -14.4748 
 40.66573     -14.47093 
 40.65602     -14.46904 
 40.64129     -14.47597 
 40.63726     -14.4749 
 40.63385     -14.46944 
 40.63204     -14.46143 
 40.63535     -14.45624 
 40.63662     -14.45423 
 40.64418     -14.45455 
 40.66821     -14.46514 
 40.66815     -14.46215 
 40.66076     -14.45838 
 40.65209     -14.44912 
 40.64352     -14.43273 
 40.63987     -14.41488 
 40.64107     -14.40406 
 40.64755     -14.38555 
 40.64728     -14.38394 
 40.64596     -14.37616 
 40.64054     -14.36431 
 40.63794     -14.35195 
 40.63337     -14.34698 
 40.63495     -14.34327 
 40.63404     -14.33318 
 40.63206     -14.32816 
 40.63247     -14.32517 
 40.6355      -14.32304 
 40.64086     -14.32628 
 40.64289     -14.3275 
 40.64788     -14.34166 
 40.65312     -14.34432 
 40.65441     -14.35004 
 40.66588     -14.36982 
 40.67307     -14.37543 
 40.67827     -14.37603 
 40.70305     -14.35328 
 40.70667     -14.34517 
 40.71084     -14.34164 
 40.71978     -14.34033 
 40.72329     -14.33755 
 40.73255     -14.33021 
 40.7377      -14.31656 
 40.73593     -14.31015 
 40.73623     -14.30188 
 40.7411      -14.27375 
 40.7388      -14.26479 
 40.73113     -14.26341 
 40.72025     -14.25314 
 40.71692     -14.22825 
 40.71677     -14.22709 
 40.72405     -14.2046 
 40.72265     -14.19849 
 40.71578     -14.197 
 40.71137     -14.18858 
 40.70395     -14.18229 
 40.69875     -14.18169 
 40.69377     -14.19236 
 40.68891     -14.19658 
 40.6833      -14.19899 
 40.66896     -14.18914 
 40.6608      -14.19343 
 40.65328     -14.19471 
 40.64891     -14.19977 
 40.64656     -14.20058 
 40.64296     -14.20961 
 40.63664     -14.2118 
 40.62674     -14.21175 
 40.62419     -14.21386 
 40.61926     -14.239 
 40.62326     -14.25111 
 40.62675     -14.24875 
 40.62775     -14.25172 
 40.62616     -14.25496 
 40.61817     -14.2558 
 40.61906     -14.26543 
 40.60698     -14.26267 
 40.60083     -14.24922 
 40.60146     -14.24814 
 40.6038      -14.24411 
 40.6004      -14.23935 
 40.5894      -14.23081 
 40.58978     -14.22644 
 40.59879     -14.2164 
 40.59828     -14.21434 
 40.59446     -14.21234 
 40.58884     -14.20187 
 40.58648     -14.20168 
 40.58216     -14.2098 
 40.57393     -14.21064 
 40.56997     -14.21347 
 40.5734      -14.2203 
 40.57182     -14.22355 
 40.56487     -14.2177 
 40.56253     -14.21843 
 40.56163     -14.22098 
 40.56292     -14.2267 
 40.55943     -14.22883 
 40.55625     -14.22268 
 40.55544     -14.21787 
 40.55768     -14.21117 
 40.55094     -14.20393 
 40.54825     -14.19893 
 40.54064     -14.19539 
 40.53665     -14.18397 
 40.53356     -14.18241 
 40.52984     -14.17283 
 40.52759     -14.16551 
 40.53017     -14.16524 
 40.53686     -14.15753 
 40.53966     -14.1561 
 40.54669     -14.15391 
 40.59649     -14.14588 
 40.61428     -14.13981 
 40.60917     -14.13163 
 40.60911     -14.12818 
 40.61045     -14.12448 
 40.6158      -14.12117 
 40.61621     -14.11771 
 40.61079     -14.11758 
 40.60104     -14.10052 
 40.59448     -14.10248 
 40.58849     -14.09753 
 40.58484     -14.09139 
 40.58711     -14.08699 
 40.59131     -14.08461 
 40.59744     -14.08473 
 40.60036     -14.08996 
 40.60226     -14.09062 
 40.60712     -14.08593 
 40.61281     -14.08767 
 40.6167      -14.08185 
 40.62459     -14.07573 
 40.62723     -14.06626 
 40.63141     -14.06273 
 40.63735     -14.0293 
 40.64116     -14.01889 
 40.63548     -14.01761 
 40.63138     -14.01263 
 40.62987     -14.00763 
 40.62966     -13.9968 
 40.62492     -13.99528 
 40.62322     -13.99232 
 40.61736     -13.99404 
 40.6153      -13.99729 
 40.61678     -14.01267 
 40.6084      -14.00592 
 40.60226     -14.00466 
 40.59957     -13.99965 
 40.5961      -14.00293 
 40.59256     -14.00277 
 40.58416     -13.99441 
 40.58164     -13.9855 
 40.58226     -13.98112 
 40.58873     -13.97456 
 40.59315     -13.97172 
 40.59669     -13.97235 
 40.60223     -13.97869 
 40.60533     -13.9807 
 40.61211     -13.97804 
 40.62153     -13.97833 
 40.6241      -13.97691 
 40.62679     -13.97019 
 40.62465     -13.9569 
 40.62656     -13.94583 
 40.62238     -13.92453 
 40.61875     -13.91908 
 40.61157     -13.91346 
 40.6062      -13.90345 
 40.59611     -13.89283 
 40.59369     -13.8845 
 40.59374     -13.86736 
 40.59202     -13.83888 
 40.58795     -13.82333 
 40.58872     -13.81435 
 40.58643     -13.80519 
 40.58717     -13.79507 
 40.57965     -13.7706 
 40.57797     -13.74299 
 40.57759     -13.73685 
 40.57988     -13.73359 
 40.57857     -13.72649 
 40.57945     -13.72302 
 40.57706     -13.70881 
 40.57387     -13.70197 
 40.56594     -13.69315 
 40.55096     -13.68492 
 40.54471     -13.6779 
 40.5422      -13.66944 
 40.53893     -13.63364 
 40.54526     -13.60754 
 40.5557      -13.59977 
 40.5602      -13.58934 
 40.56667     -13.58324 
 40.58825     -13.57745 
 40.59147     -13.57659 
 40.59399     -13.57355 
 40.59639     -13.56362 
 40.60315     -13.56051 
 40.60543     -13.55679 
 40.60265     -13.54672 
 40.59977     -13.54356 
 40.59696     -13.54407 
 40.59181     -13.55773 
 40.58556     -13.5629 
 40.57569     -13.56331 
 40.566       -13.5605 
 40.55835     -13.55397 
 40.5459      -13.53913 
 40.54054     -13.53153 
 40.54123     -13.53151 
 40.52744     -13.51084 
 40.51204     -13.5171 
 40.49448     -13.52063 
 40.47357     -13.52146 
 40.46198     -13.51776 
 40.46365     -13.50646 
 40.46525     -13.50391 
 40.47051     -13.50864 
 40.47545     -13.50856 
 40.49654     -13.50519 
 40.51616     -13.49863 
 40.52724     -13.50004 
 40.52867     -13.48898 
 40.53526     -13.47667 
 40.53207     -13.4696 
 40.53601     -13.46677 
 40.54038     -13.43657 
 40.54506     -13.42338 
 40.55516     -13.41055 
 40.57413     -13.39503 
 40.58162     -13.38133 
 40.58494     -13.37046 
 40.58635     -13.36067 
 40.58722     -13.35456 
 40.58348     -13.34313 
 40.58311     -13.33601 
 40.57881     -13.31999 
 40.57287     -13.31665 
 40.56593     -13.30965 
 40.56615     -13.29654 
 40.56358     -13.28509 
 40.56191     -13.28351 
 40.56448     -13.27058 
 40.56434     -13.263 
 40.56178     -13.25178 
 40.557       -13.24749 
 40.55977     -13.24537 
 40.56064     -13.24145 
 40.55709     -13.2153 
 40.56006     -13.19846 
 40.55909     -13.18491 
 40.56198     -13.17589 
 40.5603      -13.16189 
 40.56131     -13.15336 
 40.55361     -13.12456 
 40.55348     -13.12407 
 40.55404     -13.11647 
 40.55099     -13.09146 
 40.55119     -13.07766 
 40.5546      -13.0592 
 40.57253     -13.02691 
 40.57825     -13.00703 
 40.57984     -13.00432 
 40.58848     -12.9896 
 40.58856     -12.96936 
 40.58635     -12.96434 
 40.57131     -12.96277 
 40.55074     -12.96682 
 40.54495     -12.97061 
 40.53907     -12.97003 
 40.52859     -12.96194 
 40.51399     -12.95875 
 40.50792     -12.95342 
 40.50397     -12.94996 
 40.49856     -12.94937 
 40.48774     -12.96014 
 40.47958     -12.96282 
 40.47891     -12.96444 
 40.48082     -12.96647 
 40.49143     -12.96927 
 40.50137     -12.97392 
 40.50807     -12.98093 
 40.51074     -12.98571 
 40.51016     -13.00481 
 40.50616     -13.02926 
 40.50287     -13.03585 
 40.50141     -13.03877 
 40.49472     -13.04558 
 40.4843      -13.04208 
 40.4856      -13.034 
 40.48296     -13.0306 
 40.48084     -13.0304 
 40.48066     -13.03195 
 40.47703     -13.03156 
 40.47551     -13.02997 
 40.47101     -13.0315 
 40.46168     -13.03013 
 40.45807     -13.02842 
 40.45849     -13.02712 
 40.4568      -13.02462 
 40.45258     -13.0247 
 40.43932     -13.03091 
 40.43366     -13.02964 
 40.43254     -13.02988 
 40.4311      -13.0258 
 40.43616     -13.01257 
 40.43466     -13.00754 
 40.43418     -13.00726 
 40.43039     -13.00509 
 40.42746     -12.9987 
 40.42388     -12.99577 
 40.42108     -12.99628 
 40.41763     -12.9876 
 40.4183      -12.98552 
 40.42111     -12.98501 
 40.4213      -12.98271 
 40.40904     -12.9664 
 40.40431     -12.95219 
 40.41119     -12.93091 
 40.4106      -12.92449 
 40.40728     -12.92247 
 40.40535     -12.91952 
 40.40948     -12.91439 
 40.4094      -12.91002 
 40.41467     -12.91567 
 40.42225     -12.91991 
 40.42458     -12.91941 
 40.42614     -12.91478 
 40.43163     -12.90733 
 40.43374     -12.90706 
 40.44134     -12.89739 
 40.44736     -12.89259 
 40.45071     -12.88629 
 40.45561     -12.88505 
 40.4606      -12.87576 
 40.4634      -12.87502 
 40.46496     -12.88304 
 40.47962     -12.87726 
 40.48674     -12.88173 
 40.49004     -12.88237 
 40.4954      -12.88066 
 40.50448     -12.88947 
 40.50833     -12.88227 
 40.50996     -12.88155 
 40.51093     -12.88337 
 40.50968     -12.89144 
 40.50475     -12.89153 
 40.50337     -12.89317 
 40.5018      -12.90319 
 40.50065     -12.91046 
 40.50273     -12.92147 
 40.5061      -12.92577 
 40.51174     -12.92659 
 40.51426     -12.92356 
 40.52024     -12.90459 
 40.52828     -12.89571 
 40.53299     -12.87193 
 40.54505     -12.85217 
 40.54764     -12.83843 
 40.54952     -12.83557 
 40.55425     -12.83038 
 40.55891     -12.82869 
 40.56254     -12.82195 
 40.56217     -12.81529 
 40.56536     -12.81223 
 40.57353     -12.80142 
 40.58245     -12.80871 
 40.5809      -12.81334 
 40.58233     -12.81492 
 40.58881     -12.8102 
 40.60358     -12.8033 
 40.61135     -12.79967 
 40.61778     -12.79288 
 40.62346     -12.78335 
 40.62555     -12.7757 
 40.63135     -12.75446 
 40.63005     -12.74781 
 40.62509     -12.74583 
 40.61345     -12.75042 
 40.61267     -12.75121 
 40.61051     -12.75342 
 40.60561     -12.75349 
 40.60576     -12.75286 
 40.60384     -12.75013 
 40.60677     -12.74387 
 40.60988     -12.74024 
 40.61158     -12.73826 
 40.61307     -12.73041 
 40.61534     -12.72646 
 40.61287     -12.71961 
 40.6061      -12.70892 
 40.60082     -12.70258 
 40.59659     -12.70174 
 40.58625     -12.70984 
 40.58458     -12.71116 
 40.56942     -12.71534 
 40.56656     -12.71263 
 40.56805     -12.70479 
 40.56396     -12.68692 
 40.56361     -12.67579 
 40.56338     -12.66853 
 40.56777     -12.65327 
 40.5649      -12.64988 
 40.56765     -12.64661 
 40.57073     -12.64862 
 40.57706     -12.64873 
 40.5842      -12.65412 
 40.591       -12.65446 
 40.5954      -12.65685 
 40.59715     -12.6578 
 40.60363     -12.6655 
 40.60713     -12.66474 
 40.61025     -12.66837 
 40.61233     -12.66718 
 40.61695     -12.65145 
 40.61614     -12.64595 
 40.60182     -12.63218 
 40.59888     -12.63798 
 40.59091     -12.63767 
 40.58169     -12.63538 
 40.58055     -12.6351 
 40.57612     -12.63587 
 40.57372     -12.63338 
 40.57169     -12.62514 
 40.56702     -12.62592 
 40.56418     -12.62436 
 40.56197     -12.61124 
 40.56101     -12.60556 
 40.55079     -12.58527 
 40.54907     -12.55609 
 40.56368     -12.54847 
 40.56588     -12.54084 
 40.56548     -12.5321 
 40.56026     -12.52875 
 40.55228     -12.52774 
 40.53061     -12.52898 
 40.53005     -12.52901 
 40.5228      -12.52943 
 40.48602     -12.52796 
 40.48412     -12.52956 
 40.48414     -12.53056 
 1             33 
1
 -9999.0   ,   9990.0 
 12 
 40.82754     -14.86878 
 40.83104     -14.86642 
 40.83664     -14.85161 
 40.83565     -14.84887 
 40.83136     -14.84735 
 40.82619     -14.84882 
 40.81976     -14.84596 
 40.81765     -14.84692 
 40.81821     -14.85127 
 40.82189     -14.85832 
 40.82135     -14.8666 
 40.82754     -14.86878 
 1             34 
1
 -9999.0   ,   9990.0 
 18 
 40.66918     -15 
 40.67056     -14.98517 
 40.67536     -14.98853 
 40.68509     -14.99087 
 40.69311     -14.98981 
 40.71109     -14.99039 
 40.72404     -14.98809 
 40.73319     -14.98424 
 40.73852     -14.97886 
 40.74276     -14.97855 
 40.75381     -14.9873 
 40.75317     -14.99053 
 40.74852     -14.99475 
 40.74904     -14.99704 
 40.75726     -14.99459 
 40.76441     -14.99744 
 40.77248     -14.99866 
 40.77232     -15 
 1             35 
1
 -9999.0   ,   9990.0 
 125 
 40.77702     -15 
 40.77884     -14.99763 
 40.77394     -14.98922 
 40.76368     -14.98413 
 40.75619     -14.976 
 40.74315     -14.95007 
 40.74162     -14.93241 
 40.73729     -14.92859 
 40.72994     -14.9278 
 40.72637     -14.92603 
 40.72359     -14.9293 
 40.71042     -14.92954 
 40.70824     -14.92958 
 40.7071      -14.92882 
 40.69555     -14.92109 
 40.69244     -14.92341 
 40.68669     -14.92769 
 40.68218     -14.92639 
 40.68073     -14.92713 
 40.67375     -14.93068 
 40.66737     -14.93057 
 40.65712     -14.92593 
 40.6468      -14.91785 
 40.64364     -14.91332 
 40.64396     -14.9055 
 40.6415      -14.9005 
 40.63957     -14.89869 
 40.63487     -14.8997 
 40.63247     -14.89791 
 40.63453     -14.89465 
 40.64106     -14.88994 
 40.64308     -14.88462 
 40.64184     -14.88166 
 40.63702     -14.88081 
 40.63592     -14.88062 
 40.63312     -14.87056 
 40.62811     -14.8679 
 40.63373     -14.86504 
 40.63345     -14.86298 
 40.6287      -14.86191 
 40.6233      -14.86385 
 40.61925     -14.86186 
 40.61849     -14.85911 
 40.62679     -14.84863 
 40.62645     -14.84335 
 40.6317      -14.84601 
 40.63592     -14.84433 
 40.63878     -14.84565 
 40.64021     -14.84609 
 40.65291     -14.86767 
 40.65815     -14.86987 
 40.65627     -14.88399 
 40.64999     -14.89942 
 40.65029     -14.90263 
 40.65221     -14.9042 
 40.65739     -14.90365 
 40.67032     -14.9002 
 40.67557     -14.90263 
 40.68472     -14.89947 
 40.69008     -14.89524 
 40.70627     -14.88943 
 40.71137     -14.88474 
 40.71823     -14.88507 
 40.72857     -14.88212 
 40.73314     -14.87423 
 40.73663     -14.87164 
 40.74671     -14.86952 
 40.74745     -14.86937 
 40.77138     -14.86065 
 40.77403     -14.85118 
 40.78052     -14.84486 
 40.78942     -14.84125 
 40.80048     -14.83897 
 40.80544     -14.83911 
 40.8107      -14.84199 
 40.81255     -14.84012 
 40.81246     -14.8353 
 40.82358     -14.82452 
 40.82873     -14.82236 
 40.83253     -14.82321 
 40.83602     -14.8321 
 40.8381      -14.82999 
 40.83885     -14.82353 
 40.84052     -14.80927 
 40.83988     -14.80124 
 40.83632     -14.80062 
 40.83267     -14.80667 
 40.82937     -14.80696 
 40.82291     -14.80294 
 40.82047     -14.79932 
 40.82013     -14.79381 
 40.82544     -14.78797 
 40.82639     -14.77623 
 40.83099     -14.7704 
 40.83067     -14.76605 
 40.83207     -14.76533 
 40.83813     -14.77302 
 40.843       -14.75662 
 40.84248     -14.7434 
 40.84154     -14.71967 
 40.84264     -14.70402 
 40.83941     -14.69604 
 40.84085     -14.67373 
 40.83953     -14.66664 
 40.83223     -14.65598 
 40.82649     -14.65241 
 40.82084     -14.65321 
 40.81791     -14.64798 
 40.81484     -14.64781 
 40.81243     -14.64556 
 40.80967     -14.63435 
 40.80883     -14.63092 
 40.80066     -14.62395 
 40.80606     -14.6103 
 40.81952     -14.59878 
 40.82314     -14.5909 
 40.83061     -14.56342 
 40.83156     -14.55215 
 40.83045     -14.53195 
 40.82843     -14.52555 
 40.82413     -14.52311 
 40.82356     -14.51806 
 40.82876     -14.50694 
 40.83408     -14.50132 
 40.8341      -14.50119 
