 53 
 1             1 
1
 -9999.0   ,   9990.0 
 23 
 47.74662     -10.11542 
 47.75567     -10.11083 
 47.75939     -10.106 
 47.76126     -10.09726 
 47.75986     -10.09174 
 47.75592     -10.08599 
 47.75104     -10.08231 
 47.74594     -10.08162 
 47.74292     -10.08253 
 47.7364      -10.10668 
 47.73733     -10.10944 
 47.73989     -10.10783 
 47.74547     -10.09105 
 47.74802     -10.08898 
 47.7522      -10.0899 
 47.75545     -10.09312 
 47.75731     -10.09841 
 47.75368     -10.10579 
 47.75336     -10.10646 
 47.74778     -10.11105 
 47.74314     -10.11243 
 47.74197     -10.11473 
 47.74662     -10.11542 
 1             2 
1
 -9999.0   ,   9990.0 
 12 
 47.29407     -11.5734 
 47.29781     -11.57295 
 47.30039     -11.56766 
 47.29877     -11.56282 
 47.29458     -11.55752 
 47.29296     -11.55039 
 47.28852     -11.54923 
 47.28571     -11.55612 
 47.28103     -11.5614 
 47.28009     -11.56531 
 47.28544     -11.57015 
 47.29407     -11.5734 
 1             3 
1
 -9999.0   ,   9990.0 
 8 
 49.05163     -12.11491 
 49.04874     -12.12063 
 49.04703     -12.12063 
 49.04668     -12.1171 
 49.05042     -12.1097 
 49.05213     -12.1092 
 49.05281     -12.11037 
 49.05163     -12.11491 
 1             4 
1
 -9999.0   ,   9990.0 
 13 
 49.35687     -12.13034 
 49.36716     -12.13006 
 49.37023     -12.13625 
 49.37281     -12.13693 
 49.37378     -12.14314 
 49.37917     -12.14449 
 49.37467     -12.13416 
 49.37162     -12.13187 
 49.37087     -12.12382 
 49.36805     -12.12108 
 49.36314     -12.12156 
 49.36153     -12.12686 
 49.35687     -12.13034 
 1             5 
1
 -9999.0   ,   9990.0 
 7 
 49.39326     -12.16531 
 49.39243     -12.1639 
 49.37699     -12.16748 
 49.38483     -12.1693 
 49.39075     -12.174 
 49.39241     -12.17204 
 49.39326     -12.16531 
 1             6 
1
 -9999.0   ,   9990.0 
 11 
 49.00785     -12.2483 
 49.01042     -12.24737 
 49.01622     -12.2363 
 49.0176      -12.23078 
 49.01361     -12.22642 
 49.0087      -12.22851 
 49.00874     -12.2384 
 49.00643     -12.24462 
 49.00432     -12.24509 
 49.00387     -12.24762 
 49.00785     -12.2483 
 1             7 
1
 -9999.0   ,   9990.0 
 258 
 49.41974     -12.32787 
 49.42324     -12.32486 
 49.42299     -12.32302 
 49.42532     -12.3214 
 49.42438     -12.3198 
 49.4164      -12.31754 
 49.41428     -12.31456 
 49.41491     -12.3019 
 49.41089     -12.29502 
 49.40738     -12.29458 
 49.40807     -12.29227 
 49.41134     -12.29041 
 49.4085      -12.28606 
 49.4036      -12.2877 
 49.39891     -12.28703 
 49.39702     -12.28359 
 49.39886     -12.2776 
 49.40237     -12.2785 
 49.40305     -12.27297 
 49.40278     -12.26768 
 49.39904     -12.26724 
 49.39718     -12.26955 
 49.39458     -12.26635 
 49.39455     -12.26113 
 49.39453     -12.25622 
 49.39872     -12.25252 
 49.39284     -12.24818 
 49.3867      -12.2374 
 49.38412     -12.23557 
 49.37944     -12.23697 
 49.36673     -12.2237 
 49.35807     -12.22236 
 49.34804     -12.22862 
 49.33784     -12.248 
 49.3423      -12.25051 
 49.34448     -12.26407 
 49.34871     -12.26727 
 49.35271     -12.26789 
 49.35506     -12.27161 
 49.35351     -12.28979 
 49.35119     -12.29348 
 49.34443     -12.29789 
 49.34048     -12.30274 
 49.33113     -12.30601 
 49.32691     -12.30603 
 49.32315     -12.30122 
 49.32033     -12.30077 
 49.31637     -12.3047 
 49.31168     -12.30219 
 49.30817     -12.30267 
 49.30535     -12.30015 
 49.3067      -12.28956 
 49.31253     -12.2847 
 49.31463     -12.28446 
 49.31484     -12.28101 
 49.31319     -12.27734 
 49.31015     -12.27689 
 49.30987     -12.26907 
 49.30775     -12.26678 
 49.30485     -12.26729 
 49.30097     -12.26796 
 49.29885     -12.26475 
 49.29835     -12.25901 
 49.28946     -12.2602 
 49.28342     -12.26989 
 49.27875     -12.27221 
 49.27457     -12.27706 
 49.26598     -12.29137 
 49.25779     -12.2921 
 49.25406     -12.29603 
 49.24985     -12.29605 
 49.2449      -12.2894 
 49.24232     -12.28895 
 49.23813     -12.29311 
 49.23112     -12.29429 
 49.22808     -12.29661 
 49.22162     -12.31527 
 49.21178     -12.31233 
 49.21572     -12.30587 
 49.20584     -12.29556 
 49.19625     -12.29652 
 49.19599     -12.29192 
 49.19808     -12.288 
 49.20206     -12.28752 
 49.20111     -12.28431 
 49.19806     -12.28363 
 49.19735     -12.28179 
 49.20249     -12.28039 
 49.20552     -12.27785 
 49.2069      -12.27301 
 49.20313     -12.2675 
 49.20287     -12.26244 
 49.20849     -12.26357 
 49.21104     -12.25849 
 49.20844     -12.25275 
 49.21496     -12.24582 
 49.21894     -12.24534 
 49.22316     -12.24694 
 49.22787     -12.25267 
 49.22927     -12.2578 
 49.23287     -12.27105 
 49.23712     -12.2777 
 49.25379     -12.28936 
 49.2568      -12.28267 
 49.25536     -12.27531 
 49.25675     -12.27278 
 49.25956     -12.27162 
 49.26425     -12.27389 
 49.26798     -12.27134 
 49.27445     -12.25383 
 49.27701     -12.25198 
 49.2824      -12.25264 
 49.28396     -12.23722 
 49.28278     -12.23515 
 49.27307     -12.23435 
 49.27224     -12.23428 
 49.26824     -12.2297 
 49.26333     -12.23019 
 49.25844     -12.23458 
 49.25281     -12.23369 
 49.25093     -12.2307 
 49.2556      -12.22907 
 49.25559     -12.22677 
 49.24809     -12.2245 
 49.24318     -12.22591 
 49.23665     -12.23123 
 49.23593     -12.22594 
 49.23405     -12.2248 
 49.22471     -12.2299 
 49.22003     -12.22924 
 49.21768     -12.22648 
 49.21812     -12.22211 
 49.23163     -12.20802 
 49.23701     -12.20753 
 49.24003     -12.20361 
 49.2424      -12.19318 
 49.24255     -12.19255 
 49.24089     -12.18842 
 49.23854     -12.18636 
 49.23456     -12.18615 
 49.23014     -12.19077 
 49.22756     -12.19009 
 49.22352     -12.17837 
 49.22537     -12.17284 
 49.23607     -12.16083 
 49.23673     -12.15323 
 49.24396     -12.14699 
 49.24956     -12.14374 
 49.25518     -12.14418 
 49.25635     -12.14624 
 49.25451     -12.15085 
 49.25945     -12.15681 
 49.26064     -12.16095 
 49.26023     -12.17314 
 49.2586      -12.17522 
 49.26377     -12.17819 
 49.26579     -12.17713 
 49.26867     -12.17563 
 49.27171     -12.17585 
 49.2736      -12.17883 
 49.27435     -12.18826 
 49.27716     -12.18894 
 49.27878     -12.18617 
 49.27759     -12.18249 
 49.27946     -12.1811 
 49.28531     -12.18177 
 49.29448     -12.18931 
 49.29501     -12.20174 
 49.29831     -12.20632 
 49.30323     -12.20676 
 49.3025      -12.20331 
 49.29851     -12.19896 
 49.30335     -12.18674 
 49.29838     -12.17526 
 49.29812     -12.17089 
 49.29998     -12.16697 
 49.3079      -12.16003 
 49.30843     -12.15978 
 49.3135      -12.15747 
 49.31607     -12.15792 
 49.31891     -12.16389 
 49.32804     -12.16384 
 49.33415     -12.16864 
 49.33631     -12.17945 
 49.34807     -12.19043 
 49.35679     -12.20304 
 49.36384     -12.20761 
 49.36622     -12.21519 
 49.36809     -12.21472 
 49.37017     -12.20941 
 49.37083     -12.20228 
 49.36871     -12.1993 
 49.3652      -12.20024 
 49.36308     -12.19726 
 49.36563     -12.19241 
 49.36421     -12.1892 
 49.36251     -12.18776 
 49.36045     -12.186 
 49.35494     -12.16348 
 49.35463     -12.14875 
 49.35321     -12.14554 
 49.34759     -12.14511 
 49.34382     -12.14076 
 49.34121     -12.13272 
 49.33998     -12.12168 
 49.34135     -12.11569 
 49.34414     -12.112 
 49.35487     -12.10619 
 49.35649     -12.1025 
 49.356       -12.09928 
 49.35034     -12.08988 
 49.34518     -12.08714 
 49.34231     -12.08316 
 49.34188     -12.08256 
 49.33993     -12.0683 
 49.33547     -12.06579 
 49.34081     -12.05818 
 49.33892     -12.0545 
 49.3298      -12.05501 
 49.32651     -12.05273 
 49.32138     -12.05482 
 49.3174      -12.05415 
 49.31434     -12.0514 
 49.31385     -12.04589 
 49.32042     -12.04976 
 49.3253      -12.04514 
 49.32078     -12.03067 
 49.31844     -12.02907 
 49.3105      -12.03164 
 49.30886     -12.03073 
 49.31165     -12.02818 
 49.31248     -12.00701 
 49.30987     -12.00012 
 49.29442     -11.99767 
 49.29418     -11.99536 
 49.30117     -11.99142 
 49.30279     -11.98796 
 49.29595     -11.97718 
 49.29394     -11.96754 
 49.29308     -11.96339 
 49.28936     -11.96709 
 49.28513     -11.96297 
 49.27859     -11.96415 
 49.27463     -11.96739 
 49.27182     -11.9674 
 49.27018     -11.96603 
 49.27692     -11.95795 
 49.27431     -11.95152 
 49.27224     -11.9499 
 49.27079     -11.94877 
 49.25208     -11.94587 
 49.25167     -11.94867 
 49.2514      -11.95047 
 49.24835     -11.95003 
 49.24783     -11.94833 
 49.24693     -11.94543 
 49.24085     -11.94592 
 49.24042     -11.94768 
 1             8 
1
 -9999.0   ,   9990.0 
 7 
 48.70169     -12.39285 
 48.71221     -12.38938 
 48.70796     -12.37926 
 48.70187     -12.37606 
 48.69742     -12.37699 
 48.69581     -12.38666 
 48.70169     -12.39285 
 1             9 
1
 -9999.0   ,   9990.0 
 8 
 49.56003     -12.41337 
 49.5642      -12.40667 
 49.55334     -12.39247 
 49.54958     -12.38996 
 49.54352     -12.39345 
 49.54236     -12.39576 
 49.55698     -12.41247 
 49.56003     -12.41337 
 1             10 
1
 -9999.0   ,   9990.0 
 10 
 48.66582     -12.46128 
 48.67214     -12.4608 
 48.67001     -12.4539 
 48.67211     -12.45068 
 48.66999     -12.44585 
 48.66764     -12.44402 
 48.66343     -12.44449 
 48.6618      -12.44725 
 48.66556     -12.45299 
 48.66582     -12.46128 
 1             11 
1
 -9999.0   ,   9990.0 
 8 
 48.85498     -12.56793 
 48.85731     -12.56309 
 48.85542     -12.55965 
 48.85377     -12.55827 
 48.84979     -12.55897 
 48.84864     -12.56243 
 48.85076     -12.56725 
 48.85498     -12.56793 
 1             12 
1
 -9999.0   ,   9990.0 
 19 
 49.6017      -12.59763 
 49.5989      -12.5988 
 49.59418     -12.59423 
 49.59138     -12.5947 
 49.58742     -12.59956 
 49.58271     -12.59521 
 49.5806      -12.59546 
 49.57991     -12.59707 
 49.58345     -12.60211 
 49.58443     -12.60924 
 49.59899     -12.61375 
 49.6107      -12.61161 
 49.61185     -12.60769 
 49.61063     -12.6008 
 49.60565     -12.59163 
 49.60235     -12.58866 
 49.59791     -12.59075 
 49.59816     -12.59328 
 49.6017      -12.59763 
 1             13 
1
 -9999.0   ,   9990.0 
 11 
 49.57648     -12.61181 
 49.57906     -12.61134 
 49.59761     -12.61744 
 49.60585     -12.62268 
 49.60001     -12.62663 
 49.59816     -12.63078 
 49.59559     -12.63172 
 49.58596     -12.62832 
 49.58166     -12.61615 
 49.5772      -12.61388 
 49.57648     -12.61181 
 1             14 
1
 -9999.0   ,   9990.0 
 17 
 45.01885     -12.64627 
 45.01671     -12.64641 
 45.01462     -12.64477 
 45.01512     -12.64156 
 45.01914     -12.63884 
 45.02008     -12.63741 
 45.022       -12.6345 
 45.02482     -12.63384 
 45.03853     -12.64502 
 45.03663     -12.6473 
 45.03334     -12.64842 
 45.02977     -12.65275 
 45.02248     -12.65544 
 45.02156     -12.65359 
 45.02349     -12.64901 
 45.02281     -12.64601 
 45.01885     -12.64627 
 1             15 
1
 -9999.0   ,   9990.0 
 17 
 49.66872     -12.70397 
 49.67129     -12.70304 
 49.67195     -12.69613 
 49.66997     -12.68073 
 49.66073     -12.66514 
 49.65398     -12.67139 
 49.65        -12.67326 
 49.64465     -12.67973 
 49.64443     -12.68249 
 49.64702     -12.68386 
 49.65757     -12.68333 
 49.65987     -12.67711 
 49.66268     -12.67617 
 49.66505     -12.68099 
 49.6625      -12.68584 
 49.66725     -12.69478 
 49.66872     -12.70397 
 1             16 
1
 -9999.0   ,   9990.0 
 12 
 48.68449     -12.7596 
 48.68822     -12.75223 
 48.69383     -12.74738 
 48.69403     -12.73404 
 48.69097     -12.73014 
 48.68511     -12.7313 
 48.68254     -12.7343 
 48.68186     -12.74143 
 48.67625     -12.74881 
 48.67603     -12.75318 
 48.67839     -12.75892 
 48.68449     -12.7596 
 1             17 
1
 -9999.0   ,   9990.0 
 15 
 49.78033     -12.77435 
 49.78385     -12.77409 
 49.785       -12.77132 
 49.78735     -12.77154 
 49.78853     -12.77337 
 49.79158     -12.77243 
 49.79131     -12.7676 
 49.78305     -12.76053 
 49.78044     -12.75617 
 49.77809     -12.75596 
 49.77673     -12.76218 
 49.77347     -12.76588 
 49.77281     -12.77117 
 49.77446     -12.77323 
 49.78033     -12.77435 
 1             18 
1
 -9999.0   ,   9990.0 
 30 
 45.26864     -12.772 
 45.27809     -12.76427 
 45.28099     -12.75624 
 45.28379     -12.75742 
 45.2856      -12.76411 
 45.28839     -12.76643 
 45.28999     -12.77059 
 45.28902     -12.77426 
 45.29158     -12.77613 
 45.29295     -12.77982 
 45.29164     -12.79491 
 45.29015     -12.79643 
 45.28412     -12.79607 
 45.28105     -12.79811 
 45.2796      -12.80201 
 45.28142     -12.80893 
 45.27904     -12.8119 
 45.27577     -12.81117 
 45.26937     -12.7934 
 45.26519     -12.78922 
 45.26546     -12.78577 
 45.26778     -12.78276 
 45.27092     -12.77869 
 45.27025     -12.77523 
 45.26663     -12.77565 
 45.26384     -12.77779 
 45.2571      -12.78684 
 45.26042     -12.77901 
 45.26359     -12.77507 
 45.26864     -12.772 
 1             19 
1
 -9999.0   ,   9990.0 
 7 
 45.22788     -12.81486 
 45.23234     -12.81444 
 45.23638     -12.80988 
 45.23222     -12.80294 
 45.2287      -12.80313 
 45.22703     -12.80657 
 45.22788     -12.81486 
 1             20 
1
 -9999.0   ,   9990.0 
 20 
 49.836       -12.81975 
 49.83764     -12.81928 
 49.84085     -12.80937 
 49.83916     -12.80179 
 49.83655     -12.7979 
 49.83816     -12.79397 
 49.83532     -12.78962 
 49.82852     -12.79105 
 49.82546     -12.78854 
 49.82542     -12.78279 
 49.8233      -12.78142 
 49.82003     -12.78282 
 49.81877     -12.80492 
 49.82205     -12.80374 
 49.82414     -12.80051 
 49.82906     -12.80002 
 49.83002     -12.80231 
 49.82699     -12.8067 
 49.83455     -12.81355 
 49.836       -12.81975 
 1             21 
1
 -9999.0   ,   9990.0 
 7 
 45.24894     -12.84405 
 45.25108     -12.84084 
 45.2497      -12.83876 
 45.24059     -12.8343 
 45.23938     -12.83843 
 45.24262     -12.84214 
 45.24894     -12.84405 
 1             22 
1
 -9999.0   ,   9990.0 
 7 
 49.85798     -12.87527 
 49.86004     -12.86744 
 49.85298     -12.86518 
 49.8523      -12.86749 
 49.85466     -12.87047 
 49.85446     -12.87415 
 49.85798     -12.87527 
 1             23 
1
 -9999.0   ,   9990.0 
 425 
 48.93401     -12.90621 
 48.93732     -12.89753 
 48.94059     -12.89292 
 48.94503     -12.88945 
 48.95044     -12.89196 
 48.95677     -12.89102 
 48.94713     -12.88484 
 48.94288     -12.87934 
 48.94122     -12.87336 
 48.94144     -12.86945 
 48.94611     -12.8646 
 48.94796     -12.85815 
 48.94949     -12.82917 
 48.94736     -12.82296 
 48.9377      -12.81287 
 48.93156     -12.80024 
 48.93107     -12.79565 
 48.9235      -12.78003 
 48.91927     -12.77774 
 48.91318     -12.77869 
 48.90872     -12.77686 
 48.90589     -12.77434 
 48.9014      -12.76492 
 48.90208     -12.75687 
 48.899       -12.74929 
 48.9039      -12.74076 
 48.90457     -12.73409 
 48.90031     -12.72191 
 48.90332     -12.71201 
 48.89365     -12.69709 
 48.8934      -12.69364 
 48.89577     -12.69283 
 48.90019     -12.69132 
 48.90346     -12.68785 
 48.90344     -12.68256 
 48.89849     -12.67407 
 48.89448     -12.66856 
 48.88814     -12.66375 
 48.87874     -12.65941 
 48.87007     -12.65806 
 48.86351     -12.65969 
 48.85884     -12.66362 
 48.85765     -12.66063 
 48.8602      -12.65257 
 48.85878     -12.64728 
 48.8543      -12.6404 
 48.855       -12.63879 
 48.86086     -12.63946 
 48.86483     -12.63553 
 48.86854     -12.6254 
 48.86758     -12.61896 
 48.87178     -12.61204 
 48.86943     -12.61067 
 48.86615     -12.61114 
 48.86055     -12.61852 
 48.85657     -12.61808 
 48.85562     -12.61555 
 48.85792     -12.60473 
 48.867       -12.58675 
 48.86557     -12.58147 
 48.86602     -12.57526 
 48.8721      -12.57316 
 48.88728     -12.55885 
 48.88771     -12.54758 
 48.88368     -12.54587 
 48.88231     -12.5453 
 48.88183     -12.54322 
 48.88441     -12.54207 
 48.88346     -12.54 
 48.87948     -12.53978 
 48.87504     -12.54256 
 48.87389     -12.54923 
 48.87109     -12.55131 
 48.86872     -12.54442 
 48.86731     -12.54281 
 48.86332     -12.54214 
 48.85983     -12.54813 
 48.85492     -12.55206 
 48.84604     -12.55646 
 48.84017     -12.55394 
 48.83503     -12.55741 
 48.83717     -12.56661 
 48.83412     -12.56731 
 48.82591     -12.56549 
 48.82121     -12.5593 
 48.82143     -12.55653 
 48.82658     -12.5533 
 48.8282      -12.54938 
 48.82626     -12.54119 
 48.82297     -12.52731 
 48.81923     -12.52755 
 48.81592     -12.51951 
 48.81098     -12.51263 
 48.81002     -12.50573 
 48.80649     -12.50183 
 48.79921     -12.49748 
 48.7903      -12.49544 
 48.78514     -12.49269 
 48.7842      -12.49085 
 48.78536     -12.4874 
 48.78229     -12.48051 
 48.77619     -12.47822 
 48.77384     -12.47363 
 48.77896     -12.46556 
 48.77449     -12.45867 
 48.77357     -12.44498 
 48.77326     -12.44027 
 48.77113     -12.43499 
 48.76738     -12.43362 
 48.76272     -12.44122 
 48.76368     -12.44858 
 48.75996     -12.45711 
 48.76373     -12.46331 
 48.76256     -12.46492 
 48.75928     -12.46424 
 48.74917     -12.45277 
 48.74496     -12.45278 
 48.74144     -12.45095 
 48.73697     -12.44383 
 48.73345     -12.44338 
 48.72456     -12.44571 
 48.72057     -12.44365 
 48.72524     -12.43788 
 48.74091     -12.43094 
 48.74173     -12.42989 
 48.74254     -12.42886 
 48.7437      -12.42357 
 48.74016     -12.41713 
 48.74272     -12.41183 
 48.74176     -12.40494 
 48.74386     -12.40286 
 48.75041     -12.40077 
 48.75859     -12.39246 
 48.76024     -12.39614 
 48.77173     -12.4014 
 48.78041     -12.40758 
 48.79141     -12.40548 
 48.80008     -12.40591 
 48.80805     -12.40888 
 48.82257     -12.40999 
 48.83179     -12.40853 
 48.83451     -12.40811 
 48.84366     -12.4136 
 48.85396     -12.41334 
 48.86245     -12.42918 
 48.86203     -12.44184 
 48.86532     -12.4462 
 48.87189     -12.44963 
 48.88271     -12.46086 
 48.88695     -12.46729 
 48.88982     -12.48361 
 48.89592     -12.48635 
 48.8997      -12.49462 
 48.89899     -12.49906 
 48.89855     -12.50176 
 48.90092     -12.50773 
 48.90607     -12.50611 
 48.90956     -12.50172 
 48.91093     -12.49297 
 48.9142      -12.48997 
 48.92639     -12.49246 
 48.93552     -12.49105 
 48.9416      -12.48712 
 48.94322     -12.48343 
 48.94226     -12.47561 
 48.94522     -12.45512 
 48.94942     -12.44959 
 48.95104     -12.44452 
 48.95152     -12.42453 
 48.95164     -12.41944 
 48.95558     -12.407 
 48.95977     -12.40032 
 48.96584     -12.39754 
 48.96883     -12.38441 
 48.97515     -12.3837 
 48.97491     -12.38163 
 48.97069     -12.38141 
 48.96951     -12.3782 
 48.97183     -12.37359 
 48.97112     -12.37083 
 48.96668     -12.37338 
 48.95731     -12.37249 
 48.95566     -12.36766 
 48.96076     -12.35683 
 48.96591     -12.35612 
 48.98233     -12.36343 
 48.98467     -12.3625 
 48.98466     -12.36066 
 48.96753     -12.35037 
 48.96797     -12.3453 
 48.9717      -12.34046 
 48.98127     -12.33352 
 48.98312     -12.3273 
 48.99179     -12.32865 
 48.99622     -12.32426 
 49.00279     -12.32746 
 49.00585     -12.33343 
 49.00893     -12.33517 
 49.01031     -12.33594 
 49.01638     -12.33017 
 49.01988     -12.32924 
 49.0208      -12.32394 
 49.01751     -12.32096 
 49.01513     -12.31223 
 49.02077     -12.3025 
 49.02141     -12.30139 
 49.02421     -12.3 
 49.02775     -12.30551 
 49.03266     -12.30526 
 49.03571     -12.30732 
 49.04318     -12.30085 
 49.04269     -12.29717 
 49.04642     -12.29255 
 49.05274     -12.29207 
 49.05482     -12.28792 
 49.06185     -12.28743 
 49.06419     -12.28903 
 49.05929     -12.29227 
 49.05814     -12.29642 
 49.06167     -12.30169 
 49.06658     -12.30052 
 49.07337     -12.30119 
 49.07948     -12.30576 
 49.08111     -12.30323 
 49.0827      -12.29172 
 49.08993     -12.28662 
 49.09038     -12.28271 
 49.08787     -12.27924 
 49.08591     -12.27652 
 49.0847      -12.2687 
 49.08468     -12.26364 
 49.0886      -12.2512 
 49.09471     -12.25716 
 49.09823     -12.2576 
 49.10828     -12.25457 
 49.11339     -12.24558 
 49.11526     -12.24557 
 49.11693     -12.25223 
 49.11601     -12.25569 
 49.11789     -12.25798 
 49.12538     -12.2591 
 49.13056     -12.26483 
 49.13383     -12.26436 
 49.13686     -12.26089 
 49.14364     -12.25994 
 49.15176     -12.2438 
 49.15549     -12.23106 
 49.15729     -12.22491 
 49.15681     -12.22238 
 49.14601     -12.21484 
 49.14318     -12.21025 
 49.14293     -12.20611 
 49.14779     -12.19505 
 49.1473      -12.19068 
 49.15478     -12.18811 
 49.15686     -12.18327 
 49.15631     -12.17678 
 49.15587     -12.17177 
 49.16404     -12.16737 
 49.17098     -12.15123 
 49.17524     -12.16111 
 49.17456     -12.16502 
 49.1762      -12.16662 
 49.18346     -12.16636 
 49.18614     -12.16458 
 49.18835     -12.16312 
 49.19044     -12.15874 
 49.18855     -12.15437 
 49.19226     -12.14746 
 49.19153     -12.14286 
 49.18238     -12.13623 
 49.17695     -12.12567 
 49.17132     -12.12201 
 49.16269     -12.12872 
 49.15735     -12.13841 
 49.15291     -12.13912 
 49.14891     -12.13269 
 49.15098     -12.1267 
 49.16033     -12.12321 
 49.16195     -12.12021 
 49.15583     -12.11311 
 49.15234     -12.11588 
 49.15113     -12.11092 
 49.15043     -12.10807 
 49.14337     -12.09936 
 49.13869     -12.09938 
 49.13426     -12.10216 
 49.12936     -12.10287 
 49.12376     -12.10726 
 49.11254     -12.10823 
 49.10504     -12.10619 
 49.09055     -12.10855 
 49.08552     -12.10817 
 49.0847      -12.10811 
 49.08399     -12.10582 
 49.08745     -12.0966 
 49.09445     -12.09243 
 49.10703     -12.07995 
 49.11896     -12.07921 
 49.12101     -12.07836 
 49.12824     -12.07536 
 49.12932     -12.07606 
 49.13373     -12.07891 
 49.14242     -12.08093 
 49.14337     -12.07955 
 49.14201     -12.07732 
 49.13811     -12.07671 
 49.13655     -12.07459 
 49.14067     -12.07084 
 49.14183     -12.06784 
 49.1411      -12.06163 
 49.14365     -12.05725 
 49.14574     -12.05517 
 49.14925     -12.05493 
 49.15258     -12.06619 
 49.15724     -12.06455 
 49.16101     -12.06891 
 49.16686     -12.06934 
 49.16827     -12.07072 
 49.1669      -12.07924 
 49.16856     -12.08337 
 49.17535     -12.08426 
 49.17629     -12.08679 
 49.17422     -12.09255 
 49.17493     -12.09462 
 49.18042     -12.09342 
 49.18357     -12.09274 
 49.18617     -12.09641 
 49.18786     -12.10882 
 49.19303     -12.11455 
 49.19746     -12.10924 
 49.19485     -12.1035 
 49.19926     -12.09428 
 49.20206     -12.09381 
 49.20511     -12.09632 
 49.21079     -12.1101 
 49.21524     -12.11123 
 49.21897     -12.10776 
 49.2194      -12.10063 
 49.21659     -12.09926 
 49.21186     -12.09008 
 49.21417     -12.08271 
 49.21297     -12.07788 
 49.2097      -12.07859 
 49.20476     -12.08456 
 49.20436     -12.08505 
 49.20223     -12.08161 
 49.20407     -12.07447 
 49.20289     -12.07149 
 49.19515     -12.06669 
 49.19419     -12.06347 
 49.19884     -12.05609 
 49.19858     -12.05218 
 49.19506     -12.04989 
 49.19481     -12.04552 
 49.199       -12.04182 
 49.19594     -12.03701 
 49.19429     -12.0354 
 49.19196     -12.0361 
 49.18569     -12.04533 
 49.18124     -12.04489 
 49.18006     -12.04145 
 49.17795     -12.04054 
 49.17491     -12.04193 
 49.1691      -12.0484 
 49.16605     -12.04726 
 49.16455     -12.04257 
 49.16392     -12.0406 
 49.16531     -12.03829 
 49.17394     -12.03388 
 49.17572     -12.032 
 49.17743     -12.03018 
 49.17768     -12.02912 
 49.18247     -12.00877 
 49.18692     -12.00967 
 49.18907     -12.01932 
 49.19377     -12.025 
 49.19495     -12.02643 
 49.20125     -12.02249 
 49.21294     -12.02358 
 49.21153     -12.02129 
 49.20614     -12.01832 
 49.20963     -12.01486 
 49.20469     -12.01025 
 49.20423     -12.00982 
 49.20166     -12.01075 
 49.20027     -12.01375 
 49.19816     -12.01353 
 49.19323     -12.00872 
 49.19182     -12.00642 
 49.19646     -11.99858 
 49.20043     -11.9981 
 49.21075     -12.00059 
 49.21192     -12.00087 
 49.21635     -12.00194 
 49.21801     -12.00746 
 49.21525     -12.0169 
 49.2169      -12.01943 
 49.22039     -12.01596 
 49.22571     -12.00282 
 49.23131     -12.0021 
 49.23434     -11.99864 
 49.23363     -11.99749 
 49.22872     -11.99774 
 49.22823     -11.99268 
 49.22589     -11.99293 
 49.22425     -11.99132 
 49.22492     -11.98695 
 49.22235     -11.98696 
 49.21934     -11.99181 
 49.21617     -11.99244 
 49.21583     -11.99251 
 49.20974     -11.99001 
 49.20742     -11.99255 
 49.20508     -11.99187 
 49.20319     -11.98866 
 49.20411     -11.98543 
 49.21598     -11.97342 
 49.22144     -11.97042 
 49.2253      -11.96831 
 49.2353      -11.95699 
 49.23974     -11.95743 
 49.24113     -11.95443 
 49.23994     -11.94961 
 49.24042     -11.94768 
 1             24 
1
 -9999.0   ,   9990.0 
 52 
 48.59105     -12.899 
 48.6032      -12.87804 
 48.61373     -12.87065 
 48.62141     -12.8474 
 48.6221      -12.83981 
 48.61925     -12.82694 
 48.62017     -12.82118 
 48.62322     -12.81979 
 48.62815     -12.82162 
 48.63404     -12.8315 
 48.63803     -12.83379 
 48.63898     -12.83609 
 48.6357      -12.8384 
 48.6349      -12.84611 
 48.6341      -12.85381 
 48.63199     -12.85382 
 48.6294      -12.85129 
 48.62612     -12.85337 
 48.6217      -12.86626 
 48.61703     -12.87341 
 48.61915     -12.8803 
 48.61753     -12.88491 
 48.62226     -12.90008 
 48.6211      -12.90399 
 48.61922     -12.90538 
 48.61664     -12.90469 
 48.61336     -12.90608 
 48.61033     -12.9123 
 48.60611     -12.91576 
 48.60635     -12.91806 
 48.61081     -12.91805 
 48.60941     -12.92058 
 48.60402     -12.92381 
 48.59912     -12.93257 
 48.59467     -12.93626 
 48.59433     -12.93327 
 48.59347     -12.92568 
 48.57701     -12.91306 
 48.57206     -12.90364 
 48.56619     -12.90044 
 48.56101     -12.89309 
 48.55115     -12.88943 
 48.54809     -12.88645 
 48.54903     -12.8846 
 48.56801     -12.87973 
 48.57389     -12.88409 
 48.57978     -12.89282 
 48.5812      -12.89972 
 48.58521     -12.90753 
 48.58756     -12.90867 
 48.59177     -12.90222 
 48.59105     -12.899 
 1             25 
1
 -9999.0   ,   9990.0 
 8 
 48.55349     -12.9858 
 48.55583     -12.98304 
 48.55395     -12.98005 
 48.54784     -12.9757 
 48.54503     -12.97869 
 48.54504     -12.98122 
 48.54762     -12.98421 
 48.55349     -12.9858 
 1             26 
1
 -9999.0   ,   9990.0 
 249 
 45.1005      -12.68086 
 45.1038      -12.67997 
 45.1061      -12.68413 
 45.10741     -12.68415 
 45.10914     -12.68416 
 45.10982     -12.6867 
 45.1077      -12.68829 
 45.10977     -12.69153 
 45.12726     -12.70045 
 45.12208     -12.70293 
 45.12064     -12.7066 
 45.12248     -12.71006 
 45.12597     -12.71217 
 45.12778     -12.71909 
 45.13102     -12.72326 
 45.13638     -12.72631 
 45.14504     -12.72708 
 45.15039     -12.73174 
 45.15557     -12.72995 
 45.15938     -12.72424 
 45.16268     -12.72197 
 45.16154     -12.71874 
 45.16462     -12.716 
 45.16645     -12.72063 
 45.17133     -12.72435 
 45.18167     -12.72446 
 45.18282     -12.72447 
 45.19239     -12.72893 
 45.19943     -12.72785 
 45.20006     -12.72827 
 45.20433     -12.73112 
 45.20714     -12.73092 
 45.20951     -12.72841 
 45.21043     -12.73026 
 45.20851     -12.73461 
 45.21222     -12.73925 
 45.21781     -12.74298 
 45.2204      -12.74163 
 45.22484     -12.74259 
 45.2269      -12.74767 
 45.23157     -12.75025 
 45.23559     -12.75921 
 45.22766     -12.77557 
 45.2291      -12.77848 
 45.2346      -12.78044 
 45.23438     -12.78351 
 45.22804     -12.7853 
 45.219       -12.78785 
 45.21662     -12.78959 
 45.2131      -12.79217 
 45.21304     -12.79838 
 45.20236     -12.81116 
 45.19995     -12.81734 
 45.18978     -12.82576 
 45.19117     -12.82738 
 45.19422     -12.82718 
 45.19443     -12.82994 
 45.1904      -12.83382 
 45.18824     -12.83908 
 45.19173     -12.84188 
 45.19144     -12.84786 
 45.19374     -12.85179 
 45.19678     -12.85297 
 45.20139     -12.86061 
 45.20396     -12.86178 
 45.20843     -12.86068 
 45.20911     -12.86298 
 45.20743     -12.86688 
 45.20835     -12.86896 
 45.21232     -12.87015 
 45.21867     -12.86883 
 45.22029     -12.87114 
 45.21692     -12.87376 
 45.21414     -12.87591 
 45.21223     -12.87958 
 45.21454     -12.88259 
 45.20935     -12.88599 
 45.20294     -12.89421 
 45.19589     -12.89506 
 45.1942      -12.89918 
 45.19295     -12.90722 
 45.19408     -12.91137 
 45.20524     -12.92138 
 45.1975      -12.92107 
 45.19073     -12.91801 
 45.18487     -12.91773 
 45.18321     -12.91886 
 45.18199     -12.92437 
 45.17586     -12.9273 
 45.17204     -12.9337 
 45.17618     -12.94179 
 45.16842     -12.94379 
 45.16814     -12.94442 
 45.16625     -12.94883 
 45.16809     -12.95344 
 45.17274     -12.95717 
 45.17501     -12.96456 
 45.18246     -12.97107 
 45.18739     -12.97089 
 45.1918      -12.97507 
 45.19817     -12.97214 
 45.19979     -12.97446 
 45.18981     -12.98655 
 45.18185     -12.98441 
 45.17856     -12.98483 
 45.17382     -12.98985 
 45.17635     -12.9947 
 45.1719      -12.99443 
 45.16804     -12.98082 
 45.16409     -12.97733 
 45.16033     -12.97706 
 45.15774     -12.97865 
 45.15619     -12.98148 
 45.15487     -12.98391 
 45.15266     -12.99332 
 45.14391     -13.00013 
 45.13923     -12.99894 
 45.13179     -12.9915 
 45.12851     -12.99124 
 45.12472     -12.99419 
 45.12238     -12.99394 
 45.12132     -12.98311 
 45.11735     -12.98054 
 45.11242     -12.98095 
 45.1072      -12.98619 
 45.1055      -12.99239 
 45.10244     -12.99305 
 45.10107     -12.98889 
 45.10397     -12.98087 
 45.10147     -12.97371 
 45.10432     -12.97006 
 45.10487     -12.96248 
 45.10231     -12.96015 
 45.0978      -12.96051 
 45.09714     -12.96056 
 45.09334     -12.96535 
 45.08934     -12.96669 
 45.0807      -12.96223 
 45.07576     -12.96356 
 45.07483     -12.9624 
 45.07532     -12.96057 
 45.09209     -12.95038 
 45.0959      -12.94421 
 45.09907     -12.93274 
 45.09561     -12.92765 
 45.08998     -12.92713 
 45.08361     -12.93074 
 45.08223     -12.92751 
 45.08506     -12.92616 
 45.08439     -12.92362 
 45.07855     -12.92057 
 45.07168     -12.90417 
 45.06608     -12.90204 
 45.06642     -12.90107 
 45.0668      -12.89998 
 45.07762     -12.89756 
 45.08935     -12.89699 
 45.09683     -12.90051 
 45.09891     -12.90375 
 45.09831     -12.91548 
 45.09991     -12.91987 
 45.10643     -12.92454 
 45.12022     -12.92996 
 45.12509     -12.93576 
 45.13143     -12.9356 
 45.14155     -12.93248 
 45.14562     -12.92378 
 45.14429     -12.91617 
 45.13966     -12.90653 
 45.13097     -12.88844 
 45.1112      -12.87167 
 45.10962     -12.86591 
 45.10707     -12.86312 
 45.10051     -12.86213 
 45.09005     -12.8526 
 45.08891     -12.84982 
 45.09408     -12.84896 
 45.09788     -12.8437 
 45.10236     -12.84191 
 45.11173     -12.84269 
 45.11269     -12.84063 
 45.11202     -12.83718 
 45.10503     -12.83319 
 45.09916     -12.83405 
 45.09754     -12.83151 
 45.10126     -12.81245 
 45.0957      -12.80527 
 45.09598     -12.80067 
 45.09744     -12.79585 
 45.10356     -12.79384 
 45.10241     -12.79153 
 45.09235     -12.7889 
 45.09195     -12.78245 
 45.09691     -12.77905 
 45.09935     -12.76987 
 45.09775     -12.76618 
 45.086       -12.7679 
 45.08135     -12.76394 
 45.07784     -12.7639 
 45.07219     -12.76615 
 45.06779     -12.76035 
 45.06032     -12.75583 
 45.05944     -12.75244 
 45.05101     -12.75075 
 45.04793     -12.75394 
 45.03932     -12.74717 
 45.04033     -12.74051 
 45.04955     -12.73371 
 45.05361     -12.72685 
 45.05247     -12.72362 
 45.04383     -12.71985 
 45.03796     -12.7207 
 45.03798     -12.71887 
 45.04224     -12.715 
 45.04705     -12.704 
 45.04616     -12.69962 
 45.04758     -12.6978 
 45.05836     -12.69837 
 45.06261     -12.69611 
 45.06406     -12.69107 
 45.06666     -12.68971 
 45.06786     -12.6865 
 45.06743     -12.68484 
 45.06696     -12.68305 
 45.06123     -12.68066 
 45.06143     -12.67943 
 45.06608     -12.67882 
 45.0712      -12.68125 
 45.07425     -12.68059 
 45.07806     -12.6758 
 45.07931     -12.66799 
 45.08239     -12.66434 
 45.0871      -12.66209 
 45.0907      -12.65453 
 45.09515     -12.65504 
 45.09943     -12.6491 
 45.10177     -12.64889 
 45.1027      -12.64982 
 45.09936     -12.65554 
 45.1021      -12.65986 
 45.09367     -12.66146 
 45.08683     -12.66645 
 45.08539     -12.6692 
 45.08889     -12.67062 
 45.09298     -12.66981 
 45.09573     -12.67294 
 45.10121     -12.67444 
 45.09897     -12.6774 
 45.1005      -12.68086 
 1             27 
1
 -9999.0   ,   9990.0 
 13 
 48.15248     -13.29138 
 48.16306     -13.29344 
 48.17034     -13.28906 
 48.17339     -13.28883 
 48.1741      -13.29343 
 48.17246     -13.29987 
 48.16941     -13.3047 
 48.15721     -13.3146 
 48.1464      -13.31898 
 48.14452     -13.31507 
 48.1438      -13.30127 
 48.14896     -13.29345 
 48.15248     -13.29138 
 1             28 
1
 -9999.0   ,   9990.0 
 317 
 50           -13.3586 
 49.99619     -13.36262 
 49.99079     -13.36174 
 49.98537     -13.36085 
 49.98134     -13.35789 
 49.97872     -13.35285 
 49.97476     -13.32597 
 49.97213     -13.32116 
 49.97584     -13.31424 
 49.97394     -13.31126 
 49.96759     -13.31084 
 49.96592     -13.30741 
 49.96731     -13.3051 
 49.96989     -13.30439 
 49.97457     -13.30251 
 49.97643     -13.29974 
 49.97728     -13.28754 
 49.97538     -13.28503 
 49.97232     -13.28459 
 49.96283     -13.27201 
 49.95833     -13.26767 
 49.95456     -13.26609 
 49.95052     -13.26014 
 49.94591     -13.24085 
 49.94657     -13.23556 
 49.94275     -13.22638 
 49.93517     -13.21862 
 49.93298     -13.20828 
 49.93038     -13.206 
 49.92616     -13.20695 
 49.92411     -13.20895 
 49.91357     -13.21923 
 49.91262     -13.21739 
 49.91797     -13.21161 
 49.92283     -13.20168 
 49.91994     -13.19158 
 49.92565     -13.17061 
 49.92855     -13.14989 
 49.93199     -13.13998 
 49.93127     -13.13653 
 49.92749     -13.13449 
 49.92606     -13.13151 
 49.93308     -13.10128 
 49.93516     -13.09234 
 49.92677     -13.07009 
 49.92963     -13.04408 
 49.92795     -13.03903 
 49.9244      -13.03537 
 49.91219     -13.03477 
 49.90361     -13.01781 
 49.89061     -13.00525 
 49.88807     -12.99736 
 49.88581     -12.99033 
 49.88449     -12.97032 
 49.88069     -12.96414 
 49.8729      -12.95798 
 49.87517     -12.94808 
 49.87347     -12.93981 
 49.87065     -12.93983 
 49.86718     -12.94583 
 49.86817     -12.95341 
 49.86725     -12.95664 
 49.86327     -12.95736 
 49.85413     -12.95926 
 49.84848     -12.95539 
 49.84037     -12.93819 
 49.83536     -12.92672 
 49.83585     -12.92579 
 49.83791     -12.92188 
 49.84607     -12.91492 
 49.85337     -12.91809 
 49.85966     -12.91253 
 49.86009     -12.90677 
 49.85841     -12.90172 
 49.85299     -12.89877 
 49.84708     -12.89237 
 49.84492     -12.88617 
 49.84257     -12.88573 
 49.83861     -12.88944 
 49.83159     -12.89086 
 49.82694     -12.89688 
 49.82154     -12.89737 
 49.81071     -12.89146 
 49.8032      -12.89059 
 49.7991      -12.87529 
 49.79693     -12.86717 
 49.79337     -12.86075 
 49.78604     -12.85252 
 49.78624     -12.84792 
 49.78947     -12.83916 
 49.78306     -12.82885 
 49.78794     -12.8226 
 49.79162     -12.81292 
 49.78902     -12.80903 
 49.78384     -12.80607 
 49.78002     -12.80248 
 49.76684     -12.79008 
 49.76044     -12.78023 
 49.76098     -12.76989 
 49.76106     -12.76826 
 49.75963     -12.76482 
 49.75518     -12.76485 
 49.75184     -12.76805 
 49.74819     -12.77156 
 49.73952     -12.773 
 49.73153     -12.77006 
 49.72796     -12.76318 
 49.73399     -12.75302 
 49.73345     -12.74175 
 49.73014     -12.73878 
 49.72827     -12.73949 
 49.72644     -12.74479 
 49.72315     -12.74412 
 49.72075     -12.73585 
 49.71161     -12.7366 
 49.70859     -12.74191 
 49.70365     -12.73803 
 49.69993     -12.74289 
 49.69872     -12.75101 
 49.69791     -12.75647 
 49.69165     -12.76824 
 49.69263     -12.7733 
 49.69687     -12.77649 
 49.69642     -12.78017 
 49.69272     -12.78733 
 49.68502     -12.79359 
 49.67892     -12.79294 
 49.67799     -12.79501 
 49.68084     -12.79936 
 49.68305     -12.81568 
 49.68119     -12.8173 
 49.67813     -12.81617 
 49.67553     -12.81297 
 49.67154     -12.81207 
 49.66897     -12.81416 
 49.66686     -12.81302 
 49.6687      -12.80841 
 49.66799     -12.8068 
 49.6598      -12.81031 
 49.65206     -12.81058 
 49.65044     -12.81358 
 49.64859     -12.81774 
 49.6453      -12.81591 
 49.64363     -12.81201 
 49.64478     -12.80833 
 49.65038     -12.80415 
 49.65828     -12.79306 
 49.66668     -12.78634 
 49.6704      -12.78149 
 49.67152     -12.77366 
 49.66695     -12.75505 
 49.66244     -12.7468 
 49.65535     -12.73902 
 49.6532      -12.73213 
 49.65456     -12.72568 
 49.65077     -12.71949 
 49.64925     -12.71453 
 49.6467      -12.70618 
 49.64076     -12.69402 
 49.61624     -12.67185 
 49.61124     -12.66015 
 49.60629     -12.65604 
 49.59715     -12.65586 
 49.59156     -12.66165 
 49.58898     -12.6612 
 49.58707     -12.65569 
 49.58401     -12.65318 
 49.5819      -12.65319 
 49.58098     -12.65688 
 49.58195     -12.66101 
 49.58008     -12.6624 
 49.57679     -12.66104 
 49.57565     -12.66588 
 49.57345     -12.6669 
 49.57214     -12.66751 
 49.56956     -12.66661 
 49.56884     -12.66408 
 49.57091     -12.65878 
 49.56925     -12.65488 
 49.56667     -12.65512 
 49.56312     -12.64939 
 49.55984     -12.64872 
 49.55541     -12.65381 
 49.55143     -12.65406 
 49.54907     -12.65062 
 49.54808     -12.64235 
 49.55218     -12.62346 
 49.56567     -12.60636 
 49.56639     -12.60055 
 49.56678     -12.59738 
 49.56578     -12.58764 
 49.56454     -12.57554 
 49.56074     -12.5675 
 49.56259     -12.56243 
 49.56562     -12.56126 
 49.56301     -12.55576 
 49.55889     -12.55268 
 49.54866     -12.54503 
 49.54841     -12.54319 
 49.55145     -12.54202 
 49.55304     -12.53465 
 49.55179     -12.52109 
 49.55288     -12.50866 
 49.54998     -12.49349 
 49.54785     -12.49051 
 49.54876     -12.48614 
 49.55039     -12.48313 
 49.5546      -12.48288 
 49.55695     -12.48379 
 49.55728     -12.48458 
 49.55885     -12.48838 
 49.5575      -12.49736 
 49.56562     -12.52193 
 49.56471     -12.52745 
 49.5659      -12.53021 
 49.56314     -12.53827 
 49.56456     -12.54057 
 49.56808     -12.54147 
 49.57932     -12.54048 
 49.58542     -12.54206 
 49.59291     -12.54132 
 49.59501     -12.53901 
 49.59218     -12.53603 
 49.59449     -12.53073 
 49.59067     -12.52063 
 49.58747     -12.50517 
 49.58729     -12.50432 
 49.58255     -12.4956 
 49.57868     -12.47446 
 49.57086     -12.46047 
 49.56871     -12.45289 
 49.56858     -12.44662 
 49.56837     -12.43656 
 49.56432     -12.42623 
 49.56126     -12.42211 
 49.5575      -12.42098 
 49.554       -12.42307 
 49.5517      -12.42975 
 49.55479     -12.43825 
 49.56069     -12.44396 
 49.56183     -12.4497 
 49.56407     -12.46097 
 49.56173     -12.46213 
 49.55772     -12.45733 
 49.55249     -12.44378 
 49.54943     -12.44242 
 49.54689     -12.44681 
 49.54076     -12.44086 
 49.53445     -12.44273 
 49.53212     -12.44597 
 49.53403     -12.45056 
 49.53334     -12.45263 
 49.53664     -12.45768 
 49.54438     -12.45832 
 49.54463     -12.46177 
 49.53368     -12.46357 
 49.53013     -12.46415 
 49.52426     -12.46304 
 49.52049     -12.45823 
 49.51996     -12.44857 
 49.52093     -12.44446 
 49.5243      -12.43014 
 49.5231      -12.42554 
 49.51932     -12.4205 
 49.51182     -12.41894 
 49.50154     -12.42244 
 49.49781     -12.42615 
 49.49446     -12.42512 
 49.48162     -12.42117 
 49.48067     -12.4175 
 49.4879      -12.41378 
 49.49186     -12.41007 
 49.49533     -12.40177 
 49.50629     -12.39366 
 49.50956     -12.39387 
 49.51263     -12.39685 
 49.51809     -12.4097 
 49.5282      -12.41769 
 49.53175     -12.42319 
 49.53527     -12.42386 
 49.539       -12.42062 
 49.54292     -12.41163 
 49.54056     -12.40888 
 49.5347      -12.40707 
 49.53374     -12.40386 
 49.5393      -12.39324 
 49.54088     -12.3838 
 49.53453     -12.37832 
 49.5298      -12.37029 
 49.51966     -12.35931 
 49.51869     -12.35356 
 49.51352     -12.35014 
 49.50836     -12.34994 
 49.50362     -12.3511 
 49.49878     -12.35229 
 49.49736     -12.34931 
 49.4915      -12.34796 
 49.48799     -12.34867 
 49.4834      -12.34684 
 49.48001     -12.34549 
 49.45926     -12.3601 
 49.45707     -12.36307 
 49.45415     -12.36703 
 49.45254     -12.37348 
 49.44623     -12.37558 
 49.44364     -12.37238 
 49.44314     -12.36755 
 49.44775     -12.35395 
 49.44655     -12.34959 
 49.44277     -12.34385 
 49.43054     -12.33357 
 49.42797     -12.33335 
 49.4277      -12.33388 
 49.42565     -12.33796 
 49.42331     -12.33798 
 49.41928     -12.33018 
 49.41974     -12.32787 
 1             29 
1
 -9999.0   ,   9990.0 
 28 
 48.50814     -13.37322 
 48.51024     -13.36632 
 48.51376     -13.36493 
 48.51564     -13.3624 
 48.50081     -13.35415 
 48.494       -13.35485 
 48.48222     -13.34246 
 48.48244     -13.33372 
 48.49041     -13.32657 
 48.49534     -13.32564 
 48.49392     -13.31897 
 48.49649     -13.31506 
 48.48638     -13.30772 
 48.48331     -13.30106 
 48.4685      -13.30016 
 48.46631     -13.30078 
 48.45864     -13.30294 
 48.45512     -13.30548 
 48.45489     -13.30962 
 48.45797     -13.31858 
 48.46314     -13.31949 
 48.47021     -13.33029 
 48.47424     -13.34592 
 48.48673     -13.36085 
 48.49285     -13.36474 
 48.4999      -13.36657 
 48.5032      -13.37254 
 48.50814     -13.37322 
 1             30 
1
 -9999.0   ,   9990.0 
 167 
 48.25715     -13.20066 
 48.26231     -13.19767 
 48.2663      -13.19743 
 48.27876     -13.20087 
 48.28464     -13.20592 
 48.28722     -13.20615 
 48.29496     -13.20108 
 48.29989     -13.20038 
 48.30085     -13.21096 
 48.29991     -13.21418 
 48.30274     -13.21832 
 48.30721     -13.22153 
 48.30886     -13.22636 
 48.30698     -13.22981 
 48.30229     -13.23097 
 48.29924     -13.23442 
 48.30395     -13.23948 
 48.29526     -13.24593 
 48.29245     -13.25076 
 48.29294     -13.26042 
 48.29619     -13.26343 
 48.2974      -13.26455 
 48.30586     -13.26408 
 48.30751     -13.26546 
 48.30422     -13.26869 
 48.30963     -13.27052 
 48.30635     -13.27604 
 48.30964     -13.2765 
 48.3148      -13.27189 
 48.31901     -13.26131 
 48.32398     -13.25974 
 48.32326     -13.2728 
 48.32679     -13.27969 
 48.32657     -13.28636 
 48.32583     -13.29058 
 48.32189     -13.29672 
 48.32143     -13.30707 
 48.32261     -13.30868 
 48.33624     -13.30981 
 48.33971     -13.31548 
 48.34354     -13.32176 
 48.34402     -13.32567 
 48.34168     -13.33326 
 48.34334     -13.34338 
 48.34053     -13.3489 
 48.33724     -13.34914 
 48.33489     -13.34431 
 48.32525     -13.34271 
 48.32149     -13.34456 
 48.31562     -13.34365 
 48.31421     -13.34595 
 48.31539     -13.35055 
 48.31258     -13.35354 
 48.31164     -13.3586 
 48.322       -13.36986 
 48.32694     -13.37031 
 48.33071     -13.37628 
 48.334       -13.37881 
 48.33636     -13.38478 
 48.33942     -13.38478 
 48.34247     -13.38156 
 48.34373     -13.38149 
 48.3467      -13.38132 
 48.34952     -13.38316 
 48.35188     -13.38821 
 48.34978     -13.39764 
 48.3519      -13.40201 
 48.35708     -13.40499 
 48.35779     -13.40844 
 48.35497     -13.4096 
 48.35191     -13.40753 
 48.34674     -13.40754 
 48.34345     -13.40409 
 48.33945     -13.40548 
 48.32678     -13.41746 
 48.31457     -13.42391 
 48.30916     -13.42415 
 48.30586     -13.42162 
 48.30114     -13.40622 
 48.29714     -13.40209 
 48.29197     -13.40094 
 48.29042     -13.40362 
 48.28798     -13.40785 
 48.28587     -13.40808 
 48.28492     -13.40279 
 48.2781      -13.40073 
 48.27598     -13.40234 
 48.27717     -13.40648 
 48.27505     -13.40832 
 48.27106     -13.40856 
 48.27011     -13.40212 
 48.26564     -13.40028 
 48.264       -13.40213 
 48.2626      -13.41317 
 48.25932     -13.41662 
 48.23767     -13.40238 
 48.23156     -13.40032 
 48.22568     -13.39297 
 48.22003     -13.39136 
 48.21744     -13.38677 
 48.21462     -13.38562 
 48.21239     -13.3942 
 48.21299     -13.40034 
 48.21158     -13.4031 
 48.20665     -13.40172 
 48.20359     -13.3992 
 48.19747     -13.3877 
 48.19371     -13.38656 
 48.19206     -13.38311 
 48.19322     -13.37805 
 48.19134     -13.37552 
 48.18641     -13.3746 
 48.18452     -13.36771 
 48.18803     -13.35759 
 48.18803     -13.35322 
 48.18615     -13.35207 
 48.1838      -13.35552 
 48.18145     -13.35345 
 48.18191     -13.34931 
 48.17821     -13.34665 
 48.18261     -13.33942 
 48.17786     -13.3247 
 48.17983     -13.31462 
 48.18046     -13.31136 
 48.17938     -13.3022 
 48.18139     -13.3001 
 48.18633     -13.30078 
 48.1882      -13.29963 
 48.19171     -13.28514 
 48.19594     -13.27961 
 48.19617     -13.27478 
 48.18982     -13.27525 
 48.18512     -13.27226 
 48.1809      -13.27434 
 48.1729      -13.26974 
 48.17853     -13.26491 
 48.17853     -13.26215 
 48.17148     -13.26169 
 48.16819     -13.25825 
 48.17054     -13.25503 
 48.17523     -13.25226 
 48.18392     -13.25133 
 48.18838     -13.24742 
 48.19461     -13.24963 
 48.19614     -13.25017 
 48.19709     -13.25638 
 48.20461     -13.26075 
 48.21002     -13.26925 
 48.21073     -13.27523 
 48.21402     -13.27569 
 48.22153     -13.27223 
 48.22717     -13.26647 
 48.23139     -13.26601 
 48.23351     -13.26762 
 48.23422     -13.27291 
 48.23587     -13.27428 
 48.24291     -13.27359 
 48.25865     -13.26828 
 48.26005     -13.2623 
 48.25204     -13.24621 
 48.24874     -13.23549 
 48.24887     -13.23354 
 48.2492      -13.2285 
 48.24427     -13.22049 
 48.2439      -13.21628 
 48.24988     -13.21171 
 48.25715     -13.20066 
 1             31 
1
 -9999.0   ,   9990.0 
 17 
 48.3516      -13.4986 
 48.36075     -13.49169 
 48.36897     -13.48271 
 48.37083     -13.47373 
 48.36988     -13.46569 
 48.36186     -13.44914 
 48.34468     -13.43721 
 48.34045     -13.43859 
 48.3334      -13.44412 
 48.32917     -13.44459 
 48.32612     -13.44689 
 48.31932     -13.46024 
 48.31981     -13.4676 
 48.32125     -13.4708 
 48.32925     -13.48851 
 48.34008     -13.49724 
 48.3516      -13.4986 
 1             32 
1
 -9999.0   ,   9990.0 
 10 
 48.44732     -13.51063 
 48.44356     -13.51133 
 48.43767     -13.51019 
 48.43016     -13.51434 
 48.42898     -13.51204 
 48.43062     -13.50882 
 48.44237     -13.50512 
 48.44849     -13.50649 
 48.44943     -13.50856 
 48.44732     -13.51063 
 1             33 
1
 -9999.0   ,   9990.0 
 8 
 48.52829     -13.52574 
 48.52687     -13.52614 
 48.52788     -13.52802 
 48.53408     -13.52852 
 48.53935     -13.52683 
 48.54188     -13.52375 
 48.53499     -13.52613 
 48.52829     -13.52574 
 1             34 
1
 -9999.0   ,   9990.0 
 10 
 48.43292     -13.52408 
 48.43008     -13.52428 
 48.42988     -13.52606 
 48.43454     -13.53301 
 48.4384      -13.53529 
 48.44246     -13.53529 
 48.44327     -13.53192 
 48.44226     -13.52953 
 48.43667     -13.52745 
 48.43292     -13.52408 
 1             35 
1
 -9999.0   ,   9990.0 
 7 
 48.3733      -13.53812 
 48.38035     -13.53788 
 48.38388     -13.53558 
 48.38317     -13.53397 
 48.37305     -13.53352 
 48.37212     -13.53605 
 48.3733      -13.53812 
 1             36 
1
 -9999.0   ,   9990.0 
 11 
 47.82678     -13.59523 
 47.82772     -13.59293 
 47.82019     -13.58166 
 47.81737     -13.58304 
 47.81878     -13.58833 
 47.81078     -13.59154 
 47.8089      -13.59361 
 47.81008     -13.59522 
 47.81431     -13.59476 
 47.81831     -13.59246 
 47.82678     -13.59523 
 1             37 
1
 -9999.0   ,   9990.0 
 9 
 48.1889      -13.72575 
 48.19055     -13.72552 
 48.19125     -13.72322 
 48.1863      -13.71449 
 48.17972     -13.71656 
 48.17901     -13.71863 
 48.18372     -13.7207 
 48.18561     -13.72461 
 48.1889      -13.72575 
 1             38 
1
 -9999.0   ,   9990.0 
 7 
 48.31718     -13.74125 
 48.32918     -13.73985 
 48.33011     -13.73755 
 48.32517     -13.73618 
 48.31764     -13.73826 
 48.316       -13.73941 
 48.31718     -13.74125 
 1             39 
1
 -9999.0   ,   9990.0 
 9 
 48.33328     -13.7438 
 48.33024     -13.74888 
 48.33078     -13.75302 
 48.33794     -13.75292 
 48.34207     -13.74952 
 48.34283     -13.74592 
 48.34088     -13.74231 
 48.33838     -13.74168 
 48.33328     -13.7438 
 1             40 
1
 -9999.0   ,   9990.0 
 7 
 48.33393     -13.75599 
 48.3285      -13.75472 
 48.32373     -13.75811 
 48.32546     -13.76532 
 48.33663     -13.75875 
 48.33599     -13.75641 
 48.33393     -13.75599 
 1             41 
1
 -9999.0   ,   9990.0 
 448 
 48.23207     -13.81171 
 48.23891     -13.81515 
 48.24431     -13.80847 
 48.2568      -13.81743 
 48.2615      -13.81259 
 48.28527     -13.80705 
 48.30549     -13.79323 
 48.31302     -13.79161 
 48.31113     -13.78793 
 48.31348     -13.78563 
 48.31796     -13.7893 
 48.32102     -13.78884 
 48.32384     -13.78446 
 48.31936     -13.78217 
 48.31511     -13.77505 
 48.31958     -13.77183 
 48.32936     -13.76882 
 48.33707     -13.76108 
 48.34326     -13.75408 
 48.34543     -13.74836 
 48.34533     -13.74235 
 48.34153     -13.73864 
 48.3373      -13.73924 
 48.33199     -13.73249 
 48.32281     -13.73319 
 48.31929     -13.73503 
 48.31599     -13.73435 
 48.31457     -13.73113 
 48.31691     -13.7217 
 48.32537     -13.7164 
 48.3256      -13.70835 
 48.32847     -13.70436 
 48.32297     -13.69387 
 48.3178      -13.68974 
 48.31615     -13.68307 
 48.31905     -13.67877 
 48.32312     -13.67742 
 48.32688     -13.67825 
 48.32995     -13.67645 
 48.3232      -13.66571 
 48.32797     -13.65851 
 48.32612     -13.65716 
 48.31845     -13.65986 
 48.3173      -13.65693 
 48.32432     -13.64765 
 48.33941     -13.63975 
 48.33235     -13.6381 
 48.32867     -13.6339 
 48.3236      -13.63555 
 48.32315     -13.6336 
 48.32568     -13.63105 
 48.32906     -13.62324 
 48.33305     -13.61949 
 48.33581     -13.61949 
 48.33781     -13.62114 
 48.34103     -13.62925 
 48.34226     -13.624 
 48.34472     -13.62197 
 48.3517      -13.62497 
 48.35723     -13.6249 
 48.35316     -13.62317 
 48.34687     -13.61634 
 48.34568     -13.61405 
 48.34731     -13.60738 
 48.34081     -13.5993 
 48.34089     -13.59812 
 48.3432      -13.59766 
 48.34402     -13.5975 
 48.34827     -13.60244 
 48.35212     -13.60378 
 48.35373     -13.60307 
 48.35405     -13.59977 
 48.33646     -13.58854 
 48.32751     -13.57728 
 48.3209      -13.56487 
 48.3237      -13.54923 
 48.32628     -13.5467 
 48.33169     -13.54508 
 48.33827     -13.54576 
 48.34133     -13.54369 
 48.34859     -13.53103 
 48.35306     -13.53217 
 48.35637     -13.53861 
 48.35707     -13.53999 
 48.36532     -13.54802 
 48.3696      -13.55494 
 48.36838     -13.56486 
 48.36919     -13.56695 
 48.37406     -13.56755 
 48.37548     -13.56993 
 48.37345     -13.58045 
 48.37629     -13.58243 
 48.37933     -13.58104 
 48.38076     -13.5731 
 48.38431     -13.57449 
 48.38583     -13.57747 
 48.38695     -13.57707 
 48.38796     -13.57132 
 48.37701     -13.56348 
 48.37437     -13.55951 
 48.37488     -13.55732 
 48.3762      -13.55564 
 48.37843     -13.55564 
 48.38411     -13.55981 
 48.3903      -13.5611 
 48.38928     -13.55832 
 48.38634     -13.55633 
 48.38717     -13.55464 
 48.40329     -13.54919 
 48.40207     -13.54641 
 48.39984     -13.54601 
 48.39253     -13.54859 
 48.38929     -13.5478 
 48.3899      -13.54274 
 48.39963     -13.53509 
 48.40527     -13.53347 
 48.41161     -13.52794 
 48.42195     -13.52769 
 48.42694     -13.53261 
 48.43525     -13.53658 
 48.43891     -13.54273 
 48.44398     -13.54611 
 48.44723     -13.54234 
 48.44783     -13.53718 
 48.44652     -13.53152 
 48.44167     -13.52615 
 48.44043     -13.52477 
 48.44256     -13.52229 
 48.45494     -13.52685 
 48.45473     -13.53449 
 48.45798     -13.53549 
 48.4592      -13.5341 
 48.4594      -13.52616 
 48.46184     -13.52239 
 48.47837     -13.52258 
 48.4802      -13.52179 
 48.48236     -13.51379 
 48.48776     -13.51263 
 48.5012      -13.51731 
 48.50678     -13.51175 
 48.5084      -13.51255 
 48.50698     -13.51969 
 48.49463     -13.53308 
 48.49322     -13.53528 
 48.49065     -13.5393 
 48.48645     -13.55563 
 48.4873      -13.56347 
 48.48974     -13.56406 
 48.49258     -13.55235 
 48.49836     -13.54491 
 48.49795     -13.53865 
 48.5012      -13.53448 
 48.50404     -13.53399 
 48.51388     -13.53686 
 48.51703     -13.54133 
 48.5152      -13.54996 
 48.51703     -13.55324 
 48.51957     -13.55105 
 48.52109     -13.5451 
 48.51693     -13.53517 
 48.51713     -13.5318 
 48.51875     -13.53011 
 48.52382     -13.52997 
 48.53702     -13.52961 
 48.5447      -13.52746 
 48.54916     -13.52377 
 48.54986     -13.5217 
 48.54821     -13.51802 
 48.54186     -13.5185 
 48.53093     -13.52326 
 48.5207      -13.52222 
 48.51882     -13.51969 
 48.51618     -13.49532 
 48.51452     -13.49188 
 48.50934     -13.48798 
 48.51074     -13.48154 
 48.50602     -13.47695 
 48.5067      -13.46476 
 48.50495     -13.46267 
 48.50458     -13.46223 
 48.498       -13.46178 
 48.49421     -13.45144 
 48.48927     -13.44731 
 48.4902      -13.44455 
 48.48877     -13.4365 
 48.48101     -13.43376 
 48.4777      -13.42503 
 48.47886     -13.41606 
 48.47695     -13.40525 
 48.47248     -13.40066 
 48.47199     -13.39422 
 48.46845     -13.38779 
 48.47149     -13.37812 
 48.47053     -13.36893 
 48.47263     -13.3634 
 48.47616     -13.36317 
 48.47697     -13.36791 
 48.47711     -13.36868 
 48.48157     -13.36683 
 48.49215     -13.37027 
 48.49334     -13.3767 
 48.49924     -13.3852 
 48.507       -13.39024 
 48.50679     -13.40105 
 48.51009     -13.40473 
 48.51809     -13.40747 
 48.53671     -13.42882 
 48.54848     -13.43592 
 48.55601     -13.43752 
 48.56447     -13.43727 
 48.56688     -13.43853 
 48.57412     -13.44231 
 48.58478     -13.45154 
 48.59187     -13.46059 
 48.5936      -13.459 
 48.59349     -13.45688 
 48.59111     -13.45466 
 48.59089     -13.45244 
 48.60349     -13.44592 
 48.6161      -13.44538 
 48.62796     -13.44724 
 48.64723     -13.44581 
 48.65171     -13.44672 
 48.65218     -13.44925 
 48.64305     -13.46215 
 48.64376     -13.4656 
 48.64682     -13.4649 
 48.64846     -13.46191 
 48.65714     -13.45637 
 48.65875     -13.44601 
 48.66484     -13.43473 
 48.66695     -13.43426 
 48.6759      -13.44022 
 48.68178     -13.44066 
 48.70127     -13.4344 
 48.71699     -13.42309 
 48.72494     -13.41966 
 48.72896     -13.42125 
 48.72768     -13.4315 
 48.72985     -13.43158 
 48.73212     -13.42853 
 48.73341     -13.42678 
 48.73651     -13.42784 
 48.73836     -13.42702 
 48.73604     -13.41973 
 48.73811     -13.41337 
 48.75313     -13.40666 
 48.75713     -13.40757 
 48.76255     -13.41238 
 48.76537     -13.41146 
 48.76111     -13.40296 
 48.7639      -13.39398 
 48.77233     -13.38246 
 48.78006     -13.37977 
 48.78078     -13.37415 
 48.79518     -13.37126 
 48.8015      -13.36575 
 48.80312     -13.36575 
 48.80525     -13.36868 
 48.80977     -13.37487 
 48.81198     -13.37247 
 48.80784     -13.36399 
 48.80276     -13.36136 
 48.79779     -13.35558 
 48.79301     -13.35605 
 48.78936     -13.35442 
 48.78043     -13.34633 
 48.7783      -13.34081 
 48.77852     -13.33667 
 48.78485     -13.33113 
 48.78178     -13.32562 
 48.78174     -13.31596 
 48.79066     -13.31111 
 48.79111     -13.30628 
 48.7951      -13.30442 
 48.79297     -13.30029 
 48.79755     -13.29564 
 48.79544     -13.29121 
 48.79624     -13.2882 
 48.7998      -13.28598 
 48.80805     -13.28486 
 48.8091      -13.28382 
 48.80482     -13.28209 
 48.80488     -13.27956 
 48.8138      -13.27447 
 48.8119      -13.26964 
 48.81212     -13.26573 
 48.81517     -13.26388 
 48.81963     -13.26433 
 48.83082     -13.27159 
 48.83552     -13.27021 
 48.84119     -13.26579 
 48.84765     -13.26912 
 48.85205     -13.26887 
 48.86301     -13.26253 
 48.86154     -13.26014 
 48.8574      -13.25955 
 48.85131     -13.26559 
 48.84899     -13.26583 
 48.84649     -13.26279 
 48.8427      -13.26142 
 48.83271     -13.26287 
 48.82263     -13.25118 
 48.82189     -13.2482 
 48.82384     -13.24521 
 48.82707     -13.24525 
 48.82762     -13.24526 
 48.83214     -13.25147 
 48.83452     -13.25152 
 48.83171     -13.24914 
 48.8278      -13.24186 
 48.82511     -13.24091 
 48.82097     -13.24241 
 48.81865     -13.24444 
 48.8172      -13.25071 
 48.81385     -13.25209 
 48.8114      -13.25054 
 48.81262     -13.24588 
 48.81164     -13.2429 
 48.80651     -13.24063 
 48.807       -13.23753 
 48.81459     -13.23261 
 48.81999     -13.23213 
 48.82233     -13.22844 
 48.82114     -13.22569 
 48.81668     -13.22524 
 48.8073      -13.23056 
 48.80354     -13.22965 
 48.80559     -13.20963 
 48.80487     -13.20688 
 48.80379     -13.20631 
 48.80134     -13.20505 
 48.79827     -13.19954 
 48.80059     -13.18941 
 48.79964     -13.1855 
 48.80197     -13.18204 
 48.80974     -13.18616 
 48.81208     -13.18339 
 48.80571     -13.17605 
 48.80758     -13.17306 
 48.80146     -13.16986 
 48.80028     -13.16664 
 48.80168     -13.16365 
 48.80778     -13.16432 
 48.81085     -13.16684 
 48.82025     -13.17003 
 48.82353     -13.16818 
 48.81905     -13.16359 
 48.80989     -13.16132 
 48.80847     -13.15879 
 48.81057     -13.15603 
 48.80397     -13.14708 
 48.8076      -13.14611 
 48.81007     -13.14545 
 48.81688     -13.14681 
 48.82159     -13.15001 
 48.82392     -13.14633 
 48.81756     -13.14082 
 48.80863     -13.13694 
 48.80789     -13.12728 
 48.81093     -13.12153 
 48.81681     -13.12703 
 48.8222      -13.12241 
 48.82313     -13.11919 
 48.82218     -13.11758 
 48.81843     -13.1192 
 48.81583     -13.11484 
 48.81769     -13.10977 
 48.82425     -13.10331 
 48.82494     -13.10032 
 48.82141     -13.09849 
 48.82351     -13.09389 
 48.83007     -13.0911 
 48.83149     -13.0934 
 48.83151     -13.09846 
 48.83408     -13.09924 
 48.83527     -13.0996 
 48.83644     -13.09821 
 48.83502     -13.09454 
 48.83735     -13.09085 
 48.8364      -13.08786 
 48.83052     -13.08489 
 48.83026     -13.07661 
 48.83703     -13.0667 
 48.84312     -13.06369 
 48.84146     -13.05634 
 48.84588     -13.04781 
 48.85545     -13.04024 
 48.86618     -13.04297 
 48.86915     -13.04555 
 48.86832     -13.04135 
 48.8627      -13.03441 
 48.86418     -13.03246 
 48.86781     -13.03375 
 48.87424     -13.03277 
 48.87628     -13.0327 
 48.87742     -13.0322 
 48.87044     -13.02439 
 48.87107     -13.02092 
 48.87689     -13.02178 
 48.88285     -13.02065 
 48.879       -13.01498 
 48.87636     -13.01369 
 48.8757      -13.01078 
 48.87668     -13.00754 
 48.88063     -13.00317 
 48.88524     -12.99993 
 48.8869      -13.00154 
 48.88823     -13.01124 
 48.8912      -13.01318 
 48.89483     -13.01382 
 48.89648     -13.0122 
 48.89416     -13.00832 
 48.89383     -13.00574 
 48.89548     -13.00509 
 48.91356     -13.01586 
 48.91618     -13.01422 
 48.91701     -13.01079 
 48.91286     -13.00457 
 48.90558     -13.00483 
 48.89604     -12.99708 
 48.8905      -12.98717 
 48.89118     -12.98119 
 48.90218     -12.97264 
 48.9072      -12.97118 
 48.91014     -12.97735 
 48.92329     -12.97 
 48.92226     -12.96757 
 48.91817     -12.967 
 48.91202     -12.963 
 48.91127     -12.95669 
 48.91302     -12.95238 
 48.91901     -12.94376 
 48.92135     -12.94376 
 48.93145     -12.95034 
 48.93408     -12.95062 
 48.93584     -12.94861 
 48.93466     -12.94574 
 48.92295     -12.93773 
 48.92353     -12.93486 
 48.93494     -12.93427 
 48.93976     -12.93067 
 48.9351      -12.92859 
 48.93085     -12.92331 
 48.92803     -12.92263 
 48.92684     -12.91689 
 48.93151     -12.91273 
 48.93401     -12.90621 
 1             42 
1
 -9999.0   ,   9990.0 
 6 
 47.9793      -13.95095 
 47.98118     -13.94727 
 47.9793      -13.93784 
 47.976       -13.93807 
 47.97435     -13.94543 
 47.9793      -13.95095 
 1             43 
1
 -9999.0   ,   9990.0 
 10 
 47.76615     -13.95687 
 47.77582     -13.9447 
 47.77064     -13.93251 
 47.76805     -13.93136 
 47.76263     -13.93756 
 47.76074     -13.94354 
 47.76263     -13.94837 
 47.76144     -13.95388 
 47.76356     -13.95641 
 47.76615     -13.95687 
 1             44 
1
 -9999.0   ,   9990.0 
 19 
 47.83137     -14.05714 
 47.81724     -14.02656 
 47.80429     -14.01023 
 47.80264     -14.00402 
 47.80359     -13.9969 
 47.80147     -13.99069 
 47.79276     -13.98195 
 47.78923     -13.97068 
 47.78593     -13.97344 
 47.7838      -13.99252 
 47.78145     -13.99659 
 47.77555     -14.00677 
 47.77696     -14.01344 
 47.78214     -14.02011 
 47.78473     -14.02884 
 47.78567     -14.04172 
 47.80569     -14.04816 
 47.81982     -14.05576 
 47.83137     -14.05714 
 1             45 
1
 -9999.0   ,   9990.0 
 10 
 47.73827     -14.11755 
 47.73873     -14.12398 
 47.74203     -14.12652 
 47.74769     -14.12744 
 47.75688     -14.12285 
 47.75971     -14.11917 
 47.75571     -14.1102 
 47.75288     -14.10951 
 47.74463     -14.11732 
 47.73827     -14.11755 
 1             46 
1
 -9999.0   ,   9990.0 
 19 
 47.82262     -14.18403 
 47.82592     -14.18104 
 47.82851     -14.17369 
 47.82733     -14.17047 
 47.81909     -14.16633 
 47.81768     -14.16058 
 47.81838     -14.15805 
 47.81602     -14.15552 
 47.81037     -14.15851 
 47.80612     -14.15782 
 47.79929     -14.14954 
 47.79599     -14.14977 
 47.79646     -14.15459 
 47.79905     -14.16011 
 47.79645     -14.17459 
 47.79975     -14.17942 
 47.81225     -14.17851 
 47.81979     -14.1838 
 47.82262     -14.18403 
 1             47 
1
 -9999.0   ,   9990.0 
 8 
 47.63668     -14.37328 
 47.64164     -14.37237 
 47.64565     -14.36916 
 47.64683     -14.36525 
 47.64094     -14.36019 
 47.63788     -14.36087 
 47.63386     -14.37006 
 47.63668     -14.37328 
 1             48 
1
 -9999.0   ,   9990.0 
 493 
 47.94277     -14.12416 
 47.94579     -14.12971 
 47.95198     -14.13512 
 47.95454     -14.14407 
 47.95882     -14.14884 
 47.96027     -14.14736 
 47.96028     -14.14363 
 47.95554     -14.13603 
 47.95542     -14.13255 
 47.95693     -14.1303 
 47.96498     -14.12707 
 47.96651     -14.12645 
 47.97158     -14.12567 
 47.97794     -14.1298 
 47.9902      -14.1298 
 47.9935      -14.13348 
 47.99868     -14.13601 
 47.99444     -14.14198 
 47.9961      -14.14543 
 48.0001      -14.14727 
 48.00199     -14.15003 
 48.00293     -14.15646 
 47.99987     -14.16543 
 47.98927     -14.17693 
 47.98852     -14.18086 
 47.98386     -14.2052 
 47.9775      -14.21853 
 47.97515     -14.24336 
 47.9702      -14.26611 
 47.96667     -14.27048 
 47.96054     -14.2714 
 47.96077     -14.2737 
 47.96926     -14.27623 
 47.96974     -14.28243 
 47.96596     -14.28956 
 47.96656     -14.29141 
 47.96809     -14.29622 
 47.96526     -14.30887 
 47.96267     -14.31024 
 47.95984     -14.30703 
 47.95724     -14.30726 
 47.95724     -14.31024 
 47.96064     -14.31527 
 47.96998     -14.32909 
 47.98201     -14.33392 
 47.98461     -14.34518 
 47.98297     -14.35966 
 47.97283     -14.37069 
 47.97377     -14.37391 
 47.97755     -14.37736 
 47.98155     -14.37299 
 47.98472     -14.37053 
 47.98309     -14.3647 
 47.98957     -14.36356 
 47.98863     -14.35989 
 47.99381     -14.35276 
 47.99334     -14.34931 
 47.99645     -14.34359 
 47.99876     -14.33506 
 47.99876     -14.3284 
 47.99121     -14.31484 
 47.98955     -14.30863 
 47.99332     -14.28909 
 47.9947      -14.28867 
 47.99709     -14.28794 
 48.00322     -14.29231 
 48.00961     -14.30057 
 48.00809     -14.30514 
 48.00932     -14.30918 
 48.01731     -14.31565 
 48.02116     -14.32291 
 48.02268     -14.32278 
 48.02358     -14.31505 
 48.0229      -14.31249 
 48.0156      -14.3067 
 48.01354     -14.29809 
 48.00794     -14.28978 
 48.00652     -14.28266 
 48.00746     -14.26726 
 48.0051      -14.25783 
 48.0058      -14.25324 
 48.00768     -14.25247 
 48.01076     -14.2512 
 48.01556     -14.25181 
 48.02303     -14.25824 
 48.02748     -14.25898 
 48.01793     -14.24964 
 48.00415     -14.24496 
 48.0032      -14.24243 
 48.00627     -14.23255 
 48.03078     -14.23277 
 48.05389     -14.22794 
 48.06025     -14.22357 
 48.06355     -14.21828 
 48.0626      -14.21529 
 48.05553     -14.22127 
 48.04469     -14.22587 
 48.03196     -14.2284 
 48.01852     -14.22795 
 48.01287     -14.22726 
 48.01238     -14.22662 
 48.00885     -14.22197 
 48.00296     -14.20933 
 48.00429     -14.2073 
 48.00749     -14.20763 
 48.01061     -14.2134 
 48.01415     -14.2153 
 48.02277     -14.20963 
 48.02177     -14.206 
 48.01577     -14.20731 
 48.01222     -14.20574 
 48.01427     -14.19324 
 48.01803     -14.18611 
 48.02239     -14.18542 
 48.02424     -14.18699 
 48.03048     -14.1935 
 48.03283     -14.20009 
 48.03486     -14.20059 
 48.03841     -14.19648 
 48.03791     -14.19368 
 48.03589     -14.19087 
 48.02914     -14.18658 
 48.03021     -14.1846 
 48.031       -14.18313 
 48.05286     -14.18554 
 48.06013     -14.18168 
 48.05887     -14.1788 
 48.04536     -14.17961 
 48.0376      -14.17441 
 48.03203     -14.1749 
 48.02609     -14.18134 
 48.02442     -14.18123 
 48.02671     -14.17497 
 48.03668     -14.17243 
 48.03786     -14.17062 
 48.0364      -14.15485 
 48.03881     -14.1357 
 48.03992     -14.1268 
 48.04463     -14.12197 
 48.04675     -14.11737 
 48.0392      -14.10037 
 48.03095     -14.0914 
 48.03307     -14.08772 
 48.03967     -14.08749 
 48.03448     -14.07738 
 48.02882     -14.07071 
 48.03094     -14.06726 
 48.03895     -14.06174 
 48.04035     -14.05531 
 48.02786     -14.03968 
 48.02552     -14.03833 
 48.02483     -14.03746 
 48.02502     -14.03676 
 48.02579     -14.03585 
 48.02998     -14.03255 
 48.03728     -14.03025 
 48.04246     -14.03071 
 48.04717     -14.02588 
 48.02621     -14.02864 
 48.02433     -14.03209 
 48.02386     -14.03738 
 48.02386     -14.04313 
 48.03235     -14.05623 
 48.03117     -14.05876 
 48.01892     -14.06819 
 48.01115     -14.06957 
 47.97345     -14.0503 
 47.97203     -14.04958 
 47.95412     -14.02912 
 47.94469     -14.02291 
 47.93221     -14.02222 
 47.9282      -14.02061 
 47.91948     -14.00935 
 47.92137     -14.00659 
 47.92749     -14.00728 
 47.93786     -14.0013 
 47.95835     -14.00406 
 47.96565     -14.00406 
 47.97272     -14.00222 
 47.97333     -14.00176 
 47.97861     -13.99785 
 47.98214     -13.99302 
 47.98473     -13.98198 
 47.98708     -13.98037 
 47.99344     -13.9806 
 47.99721     -13.98451 
 48.00122     -13.98497 
 48.00334     -13.98382 
 48.00569     -13.976 
 48.00969     -13.97577 
 48.01684     -13.98026 
 48.01851     -13.97954 
 48.01962     -13.97864 
 48.01605     -13.97531 
 48.01676     -13.97324 
 48.02759     -13.97324 
 48.02453     -13.97002 
 48.01794     -13.96864 
 48.01087     -13.9652 
 48.00804     -13.96221 
 48.00968     -13.95807 
 48.01887     -13.94772 
 48.01769     -13.94129 
 48.00614     -13.94175 
 47.99885     -13.95348 
 47.99414     -13.95486 
 47.98731     -13.95233 
 47.98354     -13.94405 
 47.98542     -13.936 
 47.99225     -13.93301 
 47.99083     -13.93095 
 47.98636     -13.93187 
 47.98565     -13.93049 
 47.98636     -13.92819 
 47.99201     -13.92589 
 47.99272     -13.92359 
 47.98706     -13.92382 
 47.97317     -13.9298 
 47.96069     -13.93026 
 47.9566      -13.93844 
 47.95531     -13.93862 
 47.95739     -13.93026 
 47.95645     -13.92635 
 47.95056     -13.92221 
 47.94656     -13.92221 
 47.9442      -13.92474 
 47.91947     -13.91555 
 47.90111     -13.90543 
 47.89593     -13.90083 
 47.89389     -13.89831 
 47.89239     -13.89646 
 47.88463     -13.8668 
 47.88533     -13.85852 
 47.87804     -13.84174 
 47.87592     -13.82587 
 47.87568     -13.81989 
 47.87733     -13.81437 
 47.8818      -13.81553 
 47.88769     -13.81943 
 47.88933     -13.81254 
 47.88463     -13.81185 
 47.87851     -13.80518 
 47.87356     -13.80403 
 47.87168     -13.80104 
 47.86462     -13.78356 
 47.8618      -13.76609 
 47.86904     -13.75357 
 47.87098     -13.75022 
 47.87616     -13.73781 
 47.8804      -13.71597 
 47.88298     -13.71505 
 47.89051     -13.71781 
 47.89804     -13.71413 
 47.90251     -13.71367 
 47.9051      -13.71528 
 47.90887     -13.72195 
 47.91381     -13.72432 
 47.91521     -13.72837 
 47.92252     -13.70815 
 47.9251      -13.70608 
 47.92746     -13.69988 
 47.92675     -13.68769 
 47.92416     -13.68999 
 47.92416     -13.69597 
 47.91663     -13.71045 
 47.91475     -13.71183 
 47.9084      -13.7093 
 47.90581     -13.70378 
 47.9038      -13.70395 
 47.90275     -13.70953 
 47.90087     -13.71022 
 47.88299     -13.70723 
 47.8804      -13.70056 
 47.88487     -13.6663 
 47.88887     -13.65595 
 47.88942     -13.65214 
 47.89287     -13.62836 
 47.89193     -13.61916 
 47.89334     -13.61019 
 47.89663     -13.60169 
 47.89781     -13.59387 
 47.90628     -13.58904 
 47.91075     -13.58881 
 47.91545     -13.58927 
 47.92533     -13.59594 
 47.93427     -13.59709 
 47.94919     -13.59204 
 47.9504      -13.59442 
 47.94253     -13.59837 
 47.94196     -13.59948 
 47.94126     -13.60085 
 47.95237     -13.59844 
 47.95571     -13.60241 
 47.95859     -13.6032 
 47.95732     -13.60717 
 47.95828     -13.6094 
 47.9636      -13.61085 
 47.97026     -13.61756 
 47.97355     -13.61709 
 47.97402     -13.61571 
 47.97002     -13.61204 
 47.96508     -13.6033 
 47.96673     -13.59824 
 47.97449     -13.59686 
 47.97378     -13.58973 
 47.97124     -13.59019 
 47.9691      -13.59479 
 47.96606     -13.59266 
 47.95967     -13.59453 
 47.95732     -13.58996 
 47.95731     -13.57524 
 47.95061     -13.57547 
 47.94391     -13.5757 
 47.94202     -13.57432 
 47.95402     -13.56697 
 47.9566      -13.56237 
 47.96083     -13.5511 
 47.9606      -13.54742 
 47.95495     -13.54466 
 47.97141     -13.52304 
 47.97423     -13.51637 
 47.97352     -13.51016 
 47.97658     -13.50533 
 47.97869     -13.5058 
 47.97964     -13.51062 
 47.98246     -13.51476 
 47.99757     -13.52595 
 47.99798     -13.52626 
 48.00104     -13.53017 
 48.00198     -13.535 
 47.99798     -13.53592 
 47.9954      -13.53983 
 47.9914      -13.54213 
 47.98411     -13.54121 
 47.98105     -13.54604 
 47.97682     -13.54857 
 47.97494     -13.55363 
 47.98083     -13.56397 
 47.98553     -13.56489 
 47.98365     -13.56995 
 47.98483     -13.57386 
 47.98765     -13.57478 
 47.99094     -13.56696 
 47.99447     -13.5642 
 47.99621     -13.55541 
 48.00082     -13.55431 
 48.00223     -13.55822 
 48.00152     -13.56305 
 47.99393     -13.57658 
 47.98836     -13.58651 
 47.98978     -13.59111 
 47.99307     -13.5918 
 47.99636     -13.58513 
 48.00035     -13.58237 
 48.00294     -13.57777 
 48.00482     -13.58007 
 48.00341     -13.58329 
 48.00436     -13.58674 
 48.0093      -13.5888 
 48.01399     -13.58305 
 48.01705     -13.58259 
 48.01987     -13.5796 
 48.02481     -13.57868 
 48.02669     -13.57592 
 48.01846     -13.57202 
 48.00999     -13.56512 
 48.01211     -13.56167 
 48.01493     -13.56052 
 48.01728     -13.56397 
 48.02198     -13.56512 
 48.0274      -13.56994 
 48.03022     -13.56902 
 48.02833     -13.56419 
 48.02854     -13.56344 
 48.02904     -13.56166 
 48.03233     -13.56097 
 48.03586     -13.56718 
 48.03727     -13.56718 
 48.03962     -13.5635 
 48.0415      -13.5635 
 48.04621     -13.56879 
 48.05209     -13.56901 
 48.05326     -13.56763 
 48.05256     -13.56373 
 48.04832     -13.55798 
 48.04291     -13.55476 
 48.04079     -13.54648 
 48.03538     -13.54189 
 48.01562     -13.53384 
 48.01538     -13.52901 
 48.01868     -13.52625 
 48.0269      -13.52648 
 48.03513     -13.52395 
 48.04656     -13.53019 
 48.04901     -13.53153 
 48.05677     -13.5313 
 48.06194     -13.52854 
 48.06382     -13.529 
 48.06218     -13.5359 
 48.06783     -13.5467 
 48.06713     -13.5536 
 48.06901     -13.55705 
 48.07325     -13.56004 
 48.07161     -13.56372 
 48.07867     -13.5736 
 48.08502     -13.57475 
 48.08596     -13.57728 
 48.08079     -13.58073 
 48.07585     -13.57728 
 48.07185     -13.57637 
 48.06809     -13.58005 
 48.06903     -13.58304 
 48.07468     -13.58464 
 48.07539     -13.59246 
 48.07704     -13.59545 
 48.07939     -13.59614 
 48.08127     -13.59453 
 48.08166     -13.5926 
 48.08291     -13.58648 
 48.08432     -13.5851 
 48.08856     -13.58555 
 48.08997     -13.58854 
 48.08692     -13.59498 
 48.08409     -13.59636 
 48.08363     -13.60717 
 48.06953     -13.61753 
 48.06835     -13.62006 
 48.06859     -13.6288 
 48.07071     -13.63339 
 48.074       -13.63201 
 48.07188     -13.62258 
 48.07588     -13.61752 
 48.09163     -13.61108 
 48.09327     -13.6005 
 48.1015      -13.59705 
 48.10643     -13.58991 
 48.10926     -13.59037 
 48.11303     -13.60095 
 48.11679     -13.60348 
 48.12221     -13.60393 
 48.12408     -13.59933 
 48.1302      -13.60163 
 48.13819     -13.59955 
 48.14243     -13.60139 
 48.1429      -13.60438 
 48.13821     -13.61519 
 48.13751     -13.62577 
 48.13869     -13.6322 
 48.14152     -13.63289 
 48.14787     -13.63082 
 48.14975     -13.63427 
 48.14671     -13.65151 
 48.14361     -13.65857 
 48.14155     -13.66325 
 48.14202     -13.666 
 48.14626     -13.67106 
 48.15002     -13.67198 
 48.15237     -13.66991 
 48.15755     -13.67174 
 48.16368     -13.68484 
 48.15993     -13.69818 
 48.16347     -13.71037 
 48.16254     -13.71612 
 48.15878     -13.72164 
 48.15959     -13.72463 
 48.16413     -13.72503 
 48.16722     -13.72234 
 48.16884     -13.72377 
 48.16957     -13.72924 
 48.17209     -13.73004 
 48.17688     -13.72814 
 48.17956     -13.73132 
 48.18362     -13.7314 
 48.17901     -13.74188 
 48.17678     -13.74695 
 48.17531     -13.74631 
 48.17272     -13.73829 
 48.17126     -13.73885 
 48.17086     -13.7421 
 48.16801     -13.74361 
 48.16574     -13.74067 
 48.16379     -13.74067 
 48.16304     -13.74325 
 48.16705     -13.75635 
 48.16917     -13.76026 
 48.18683     -13.76806 
 48.19884     -13.77725 
 48.20074     -13.78598 
 48.20592     -13.78805 
 48.21582     -13.80252 
 48.22454     -13.80941 
 48.22854     -13.8124 
 48.23207     -13.81171 
 1             49 
1
 -9999.0   ,   9990.0 
 38 
 47.58337     -14.58373 
 47.58832     -14.58328 
 47.59612     -14.57777 
 47.6006      -14.5787 
 47.60391     -14.5741 
 47.60745     -14.57319 
 47.60934     -14.58169 
 47.61665     -14.58216 
 47.63177     -14.56885 
 47.63201     -14.5654 
 47.62848     -14.56011 
 47.62967     -14.5484 
 47.62731     -14.54495 
 47.62236     -14.54586 
 47.61952     -14.55137 
 47.61716     -14.5516 
 47.61528     -14.5408 
 47.61221     -14.54286 
 47.60607     -14.53964 
 47.60617     -14.53727 
 47.60632     -14.53343 
 47.61105     -14.5231 
 47.61035     -14.51942 
 47.60823     -14.51505 
 47.60327     -14.51436 
 47.60044     -14.51068 
 47.59761     -14.51021 
 47.58911     -14.51549 
 47.5858      -14.52215 
 47.58155     -14.52467 
 47.58012     -14.53018 
 47.58435     -14.54926 
 47.58317     -14.55133 
 47.57301     -14.55568 
 47.57749     -14.56166 
 47.58077     -14.58143 
 47.58269     -14.58313 
 47.58337     -14.58373 
 1             50 
1
 -9999.0   ,   9990.0 
 8 
 47.214       -15 
 47.21498     -14.99818 
 47.23274     -14.98766 
 47.23841     -14.98813 
 47.24123     -14.99618 
 47.24549     -14.9955 
 47.25106     -14.99742 
 47.25754     -15 
 1             51 
1
 -9999.0   ,   9990.0 
 117 
 47.25754     -15 
 47.26132     -14.99852 
 47.25897     -14.99507 
 47.2458      -14.99137 
 47.2461      -14.98705 
 47.25155     -14.98126 
 47.26608     -14.98475 
 47.26609     -14.98268 
 47.25735     -14.97807 
 47.25759     -14.97554 
 47.25957     -14.97267 
 47.26329     -14.96729 
 47.26236     -14.96016 
 47.26686     -14.95673 
 47.27089     -14.951 
 47.27846     -14.94895 
 47.29126     -14.93404 
 47.29191     -14.93384 
 47.2993      -14.93154 
 47.30474     -14.93155 
 47.31492     -14.92261 
 47.32107     -14.9201 
 47.32624     -14.9223 
 47.33242     -14.92085 
 47.33323     -14.92329 
 47.33024     -14.92766 
 47.33103     -14.92946 
 47.33739     -14.92157 
 47.33762     -14.91853 
 47.33362     -14.91231 
 47.33433     -14.91002 
 47.33858     -14.91049 
 47.34072     -14.9059 
 47.34709     -14.91051 
 47.34825     -14.92062 
 47.35298     -14.92109 
 47.35676     -14.91971 
 47.3634      -14.91261 
 47.36718     -14.91055 
 47.3783      -14.90506 
 47.37831     -14.90276 
 47.37311     -14.90298 
 47.36601     -14.90618 
 47.3627      -14.90548 
 47.36223     -14.9041 
 47.37714     -14.89495 
 47.37998     -14.89105 
 47.37741     -14.87634 
 47.37861     -14.86876 
 47.3694      -14.86438 
 47.36398     -14.85632 
 47.36068     -14.85448 
 47.35382     -14.85539 
 47.34743     -14.85974 
 47.34459     -14.86524 
 47.34197     -14.87328 
 47.34194     -14.88545 
 47.33958     -14.88913 
 47.33343     -14.88957 
 47.3254      -14.88634 
 47.31666     -14.8854 
 47.30932     -14.88837 
 47.30436     -14.8879 
 47.2987      -14.8849 
 47.29516     -14.8803 
 47.29341     -14.8704 
 47.2933      -14.86973 
 47.29071     -14.86398 
 47.28292     -14.86074 
 47.29618     -14.84653 
 47.30805     -14.82381 
 47.318       -14.81143 
 47.34879     -14.77496 
 47.35137     -14.77241 
 47.41576     -14.7087 
 47.44625     -14.68654 
 47.46684     -14.67156 
 47.46872     -14.67478 
 47.46799     -14.69202 
 47.47128     -14.70098 
 47.48685     -14.71273 
 47.50007     -14.71872 
 47.50125     -14.72102 
 47.49746     -14.72492 
 47.49248     -14.73686 
 47.48396     -14.7481 
 47.48179     -14.74982 
 47.48136     -14.75017 
 47.4764      -14.74993 
 47.47616     -14.75154 
 47.48159     -14.7543 
 47.48679     -14.75087 
 47.4882      -14.7534 
 47.48442     -14.75844 
 47.48204     -14.76832 
 47.4825      -14.77269 
 47.49853     -14.79959 
 47.49261     -14.81222 
 47.49378     -14.81521 
 47.49662     -14.81567 
 47.50607     -14.81224 
 47.5108      -14.81225 
 47.5134      -14.80881 
 47.516       -14.80835 
 47.51721     -14.81967 
 47.5174      -14.82145 
 47.51337     -14.83316 
 47.50651     -14.83958 
 47.49773     -14.863 
 47.49063     -14.86666 
 47.48589     -14.87745 
 47.47878     -14.88778 
 47.44828     -14.92303 
 47.43829     -14.93457 
 47.40393     -14.97953 
 47.40227     -14.98504 
 47.40769     -15 
 1             52 
1
 -9999.0   ,   9990.0 
 8 
 47.52674     -15 
 47.52826     -14.99881 
 47.5337      -14.99698 
 47.5382      -14.99032 
 47.54223     -14.98803 
 47.54553     -14.9885 
 47.54695     -14.99103 
 47.54626     -15 
 1             53 
1
 -9999.0   ,   9990.0 
 177 
 47.55194     -15 
 47.55168     -14.99126 
 47.55761     -14.97657 
 47.5562      -14.97243 
 47.5517      -14.97128 
 47.54769     -14.96782 
 47.54037     -14.96529 
 47.53635     -14.96161 
 47.53683     -14.95724 
 47.53873     -14.95541 
 47.55622     -14.949 
 47.55948     -14.94612 
 47.56451     -14.94166 
 47.58394     -14.89804 
 47.59081     -14.88886 
 47.60786     -14.85787 
 47.60881     -14.85419 
 47.60409     -14.84821 
 47.60362     -14.84477 
 47.60622     -14.83949 
 47.61072     -14.83696 
 47.63081     -14.83124 
 47.63388     -14.82826 
 47.64004     -14.81816 
 47.64264     -14.81012 
 47.64194     -14.80369 
 47.63603     -14.80276 
 47.63225     -14.79977 
 47.63581     -14.79334 
 47.64054     -14.78921 
 47.65307     -14.7674 
 47.66112     -14.75776 
 47.67281     -14.75013 
 47.67695     -14.74743 
 47.68831     -14.72424 
 47.68737     -14.71918 
 47.68453     -14.7201 
 47.68217     -14.71872 
 47.68808     -14.71321 
 47.69518     -14.69759 
 47.6999      -14.69736 
 47.70179     -14.7015 
 47.71218     -14.69852 
 47.71951     -14.69164 
 47.72471     -14.6836 
 47.72995     -14.66325 
 47.73347     -14.6496 
 47.73654     -14.64615 
 47.74103     -14.64501 
 47.75119     -14.62479 
 47.75497     -14.62043 
 47.75191     -14.614 
 47.74836     -14.61652 
 47.7401      -14.6172 
 47.73467     -14.61467 
 47.73255     -14.60663 
 47.72798     -14.6043 
 47.72712     -14.60387 
 47.72925     -14.59537 
 47.72619     -14.58801 
 47.72855     -14.58411 
 47.72808     -14.58112 
 47.72265     -14.57491 
 47.7177      -14.57445 
 47.71675     -14.57123 
 47.7196      -14.5579 
 47.72905     -14.54389 
 47.72999     -14.53999 
 47.72788     -14.52459 
 47.72317     -14.5147 
 47.71609     -14.50964 
 47.7109      -14.49999 
 47.71232     -14.49562 
 47.70926     -14.49171 
 47.7017      -14.49033 
 47.70076     -14.48757 
 47.70218     -14.48527 
 47.70643     -14.48367 
 47.70832     -14.4793 
 47.70809     -14.47471 
 47.70031     -14.4662 
 47.70173     -14.45861 
 47.69984     -14.45631 
 47.69441     -14.45493 
 47.69277     -14.45263 
 47.69253     -14.44642 
 47.69702     -14.43861 
 47.69773     -14.43356 
 47.69514     -14.42712 
 47.69704     -14.41862 
 47.70743     -14.39588 
 47.70837     -14.39247 
 47.70933     -14.38898 
 47.70957     -14.37657 
 47.7176      -14.3598 
 47.72021     -14.35015 
 47.7228      -14.3467 
 47.72776     -14.34625 
 47.73176     -14.34418 
 47.74404     -14.33063 
 47.76787     -14.3141 
 47.77471     -14.30721 
 47.77613     -14.30146 
 47.7749      -14.29531 
 47.77448     -14.29319 
 47.77024     -14.28744 
 47.77024     -14.27388 
 47.76765     -14.26606 
 47.76294     -14.26077 
 47.76412     -14.25847 
 47.77096     -14.25595 
 47.77827     -14.244 
 47.78087     -14.24331 
 47.78275     -14.24561 
 47.78888     -14.24837 
 47.79171     -14.24792 
 47.79525     -14.24286 
 47.79738     -14.23505 
 47.79549     -14.22677 
 47.7962      -14.22401 
 47.8054      -14.22471 
 47.81925     -14.23189 
 47.82048     -14.23253 
 47.82307     -14.2369 
 47.82236     -14.24242 
 47.82402     -14.24609 
 47.83627     -14.25759 
 47.8424      -14.25943 
 47.84358     -14.26334 
 47.87636     -14.26818 
 47.88131     -14.26404 
 47.88296     -14.25668 
 47.89381     -14.25416 
 47.8997      -14.24749 
 47.90229     -14.24749 
 47.90465     -14.25945 
 47.90695     -14.26133 
 47.91055     -14.26427 
 47.91691     -14.26381 
 47.9188      -14.26588 
 47.92187     -14.26519 
 47.92611     -14.26106 
 47.93059     -14.25094 
 47.932       -14.24979 
 47.93624     -14.25071 
 47.93719     -14.24175 
 47.93459     -14.23118 
 47.94355     -14.21693 
 47.94943     -14.16819 
 47.94858     -14.16731 
 47.94236     -14.16084 
 47.93576     -14.15831 
 47.93482     -14.15624 
 47.9367      -14.15279 
 47.93623     -14.15026 
 47.93246     -14.14406 
 47.92374     -14.13647 
 47.89993     -14.12038 
 47.90465     -14.11532 
 47.90865     -14.1036 
 47.90889     -14.09877 
 47.89216     -14.10566 
 47.88721     -14.10336 
 47.8865      -14.10152 
 47.8898      -14.09785 
 47.89078     -14.09738 
 47.9004      -14.09279 
 47.90747     -14.09302 
 47.91619     -14.09854 
 47.92468     -14.09877 
 47.93858     -14.10245 
 47.95791     -14.11647 
 47.96196     -14.12374 
 47.9607      -14.12574 
 47.95365     -14.12367 
 47.95094     -14.12592 
 47.94277     -14.12416 
