 7 
 1             1 
1
 -9999.0   ,   9990.0 
 17 
-165.8328     -10.88498 
-165.8279     -10.88556 
-165.8261     -10.8879 
-165.8252     -10.89068 
-165.8227     -10.89051 
-165.8203     -10.89034 
-165.8177     -10.88971 
-165.8156     -10.88631 
-165.8138     -10.88199 
-165.8121     -10.87973 
-165.8109     -10.87654 
-165.813      -10.87511 
-165.8186     -10.87567 
-165.8242     -10.87852 
-165.8273     -10.87914 
-165.8296     -10.88138 
-165.8328     -10.88498 
 1             2 
1
 -9999.0   ,   9990.0 
 7 
-165.845      -10.92767 
-165.8573     -10.92807 
-165.8581     -10.93058 
-165.8539     -10.93183 
-165.8474     -10.93221 
-165.8456     -10.93225 
-165.845      -10.92767 
 1             3 
1
 -9999.0   ,   9990.0 
 21 
-165.8187     -10.93726 
-165.8192     -10.94024 
-165.8185     -10.94186 
-165.8125     -10.94315 
-165.8093     -10.94461 
-165.8096     -10.9469 
-165.8131     -10.9482 
-165.8171     -10.9481 
-165.8215     -10.94777 
-165.8227     -10.94866 
-165.8209     -10.95146 
-165.813      -10.95211 
-165.8081     -10.95222 
-165.8036     -10.9498 
-165.8012     -10.94779 
-165.8002     -10.9446 
-165.8018     -10.9418 
-165.8069     -10.93961 
-165.8117     -10.93881 
-165.815      -10.93804 
-165.8187     -10.93726 
 1             4 
1
 -9999.0   ,   9990.0 
 9 
-165.414      -11.56833 
-165.4029     -11.57363 
-165.4005     -11.57092 
-165.4        -11.56772 
-165.4027     -11.56444 
-165.4052     -11.56162 
-165.4094     -11.56176 
-165.4118     -11.56355 
-165.414      -11.56833 
 1             5 
1
 -9999.0   ,   9990.0 
 10 
-169.6734     -14.16212 
-169.6816     -14.1649 
-169.6767     -14.17662 
-169.674      -14.18949 
-169.67       -14.1927 
-169.642      -14.17537 
-169.632      -14.17443 
-169.6325     -14.17144 
-169.6594     -14.16852 
-169.6734     -14.16212 
 1             6 
1
 -9999.0   ,   9990.0 
 12 
-169.6278     -14.17533 
-169.6285     -14.17258 
-169.6207     -14.16956 
-169.6141     -14.1615 
-169.6101     -14.16425 
-169.6101     -14.17689 
-169.6051     -14.18355 
-169.607      -14.19322 
-169.6098     -14.19437 
-169.6141     -14.1861 
-169.6219     -14.18222 
-169.6278     -14.17533 
 1             7 
1
 -9999.0   ,   9990.0 
 43 
-169.466      -14.2207 
-169.4596     -14.2153 
-169.4529     -14.21849 
-169.4447     -14.21962 
-169.4378     -14.21897 
-169.4371     -14.2189 
-169.43       -14.21635 
-169.4241     -14.21747 
-169.4161     -14.22504 
-169.423      -14.24106 
-169.4233     -14.24185 
-169.4214     -14.2492 
-169.4212     -14.25909 
-169.4252     -14.26393 
-169.4285     -14.26533 
-169.4367     -14.26006 
-169.4464     -14.25742 
-169.4467     -14.25734 
-169.4542     -14.25576 
-169.4623     -14.25716 
-169.4705     -14.2611 
-169.4771     -14.26802 
-169.4794     -14.27276 
-169.4809     -14.27562 
-169.4846     -14.27747 
-169.4905     -14.27519 
-169.4924     -14.27376 
-169.4965     -14.27061 
-169.497      -14.26394 
-169.5005     -14.25936 
-169.5036     -14.24879 
-169.514      -14.24284 
-169.5185     -14.23711 
-169.5207     -14.23067 
-169.5146     -14.22796 
-169.5098     -14.22581 
-169.5073     -14.21982 
-169.503      -14.2182 
-169.4926     -14.22529 
-169.4763     -14.21995 
-169.4716     -14.22138 
-169.468      -14.22245 
-169.466      -14.2207 
