 18 
 1             1 
1
 -9999.0   ,   9990.0 
 67 
 160          -11.46161 
 160.0075     -11.4625 
 160.0082     -11.46317 
 160.023      -11.47633 
 160.0282     -11.48097 
 160.0422     -11.48831 
 160.0522     -11.48822 
 160.0637     -11.48517 
 160.0746     -11.48647 
 160.0855     -11.49789 
 160.1011     -11.49972 
 160.1055     -11.50192 
 160.1073     -11.50281 
 160.1151     -11.51189 
 160.1159     -11.51367 
 160.1227     -11.52997 
 160.1237     -11.5325 
 160.1283     -11.53786 
 160.1291     -11.53789 
 160.1323     -11.53814 
 160.1439     -11.54267 
 160.1591     -11.54356 
 160.1668     -11.54619 
 160.1791     -11.55303 
 160.1902     -11.55619 
 160.2033     -11.56506 
 160.2175     -11.57783 
 160.2221     -11.58195 
 160.2267     -11.58614 
 160.2318     -11.58878 
 160.2481     -11.59725 
 160.2978     -11.6352 
 160.3057     -11.63919 
 160.3255     -11.642 
 160.3367     -11.64356 
 160.354      -11.64328 
 160.3592     -11.64611 
 160.3665     -11.65633 
 160.3723     -11.66008 
 160.3965     -11.66408 
 160.407      -11.66767 
 160.4204     -11.67958 
 160.4311     -11.68292 
 160.4358     -11.68439 
 160.445      -11.69095 
 160.4481     -11.69397 
 160.451      -11.69689 
 160.4566     -11.70236 
 160.4729     -11.72422 
 160.4742     -11.72556 
 160.4817     -11.73331 
 160.5039     -11.75084 
 160.5187     -11.7607 
 160.5202     -11.76144 
 160.5355     -11.7692 
 160.5393     -11.77006 
 160.5462     -11.77161 
 160.5483     -11.77211 
 160.5558     -11.77664 
 160.5569     -11.77728 
 160.568      -11.788 
 160.5747     -11.79175 
 160.5795     -11.79756 
 160.5805     -11.80242 
 160.5826     -11.81281 
 160.5813     -11.82108 
 160.5768     -11.82931 
 1             2 
1
 -9999.0   ,   9990.0 
 87 
 160.4894     -11.85056 
 160.4853     -11.8505 
 160.484      -11.84994 
 160.4798     -11.84822 
 160.4722     -11.84503 
 160.4688     -11.84364 
 160.4639     -11.83967 
 160.4639     -11.83947 
 160.4624     -11.83389 
 160.4628     -11.82 
 160.4628     -11.81914 
 160.4566     -11.80917 
 160.4508     -11.80611 
 160.445      -11.80628 
 160.4396     -11.80803 
 160.4368     -11.81014 
 160.4238     -11.82003 
 160.4201     -11.82036 
 160.4199     -11.82039 
 160.4193     -11.82044 
 160.4142     -11.81786 
 160.3998     -11.80517 
 160.3816     -11.78911 
 160.3784     -11.78217 
 160.3783     -11.78156 
 160.3767     -11.76653 
 160.3757     -11.75728 
 160.3725     -11.7485 
 160.368      -11.74131 
 160.3578     -11.73242 
 160.3528     -11.719 
 160.3484     -11.71433 
 160.3324     -11.70747 
 160.3176     -11.69322 
 160.3116     -11.69061 
 160.298      -11.69067 
 160.2901     -11.69203 
 160.288      -11.69239 
 160.2802     -11.6962 
 160.2746     -11.69542 
 160.2685     -11.69236 
 160.2655     -11.68681 
 160.2693     -11.68592 
 160.2824     -11.66953 
 160.2839     -11.66308 
 160.2826     -11.65503 
 160.2778     -11.64806 
 160.2716     -11.64175 
 160.2623     -11.63542 
 160.2532     -11.63139 
 160.2376     -11.6275 
 160.2337     -11.62786 
 160.2248     -11.6287 
 160.2203     -11.63186 
 160.2157     -11.63986 
 160.2144     -11.6525 
 160.2066     -11.65884 
 160.1816     -11.65781 
 160.1707     -11.65939 
 160.1596     -11.66097 
 160.1517     -11.65856 
 160.1396     -11.65033 
 160.1324     -11.64817 
 160.1295     -11.64561 
 160.1234     -11.64022 
 160.1134     -11.63983 
 160.1014     -11.62933 
 160.0965     -11.62695 
 160.0871     -11.62614 
 160.0782     -11.62808 
 160.0729     -11.62731 
 160.0702     -11.62292 
 160.0777     -11.60619 
 160.0781     -11.60553 
 160.0777     -11.6007 
 160.0743     -11.59464 
 160.0706     -11.59136 
 160.0655     -11.58922 
 160.0479     -11.58692 
 160.0459     -11.58667 
 160.0417     -11.58747 
 160.0372     -11.58839 
 160.0311     -11.59381 
 160.0279     -11.60528 
 160.0154     -11.59681 
 160.0012     -11.59064 
 160          -11.58825 
 1             3 
1
 -9999.0   ,   9990.0 
 23 
 160.5768     -11.82931 
 160.5719     -11.83108 
 160.564      -11.82939 
 160.5614     -11.82761 
 160.5602     -11.82681 
 160.5515     -11.81775 
 160.5457     -11.81167 
 160.5438     -11.81081 
 160.5401     -11.80906 
 160.5359     -11.81108 
 160.5343     -11.81075 
 160.5277     -11.80936 
 160.5262     -11.80725 
 160.524      -11.80425 
 160.5203     -11.80236 
 160.5128     -11.80342 
 160.5083     -11.80753 
 160.5004     -11.82192 
 160.4936     -11.84761 
 160.492      -11.8492 
 160.491      -11.85025 
 160.4907     -11.85058 
 160.4894     -11.85056 
 1             4 
1
 -9999.0   ,   9990.0 
 14 
 162.4474     -10.90547 
 162.453      -10.90528 
 162.4537     -10.90367 
 162.4544     -10.89997 
 162.4517     -10.88594 
 162.448      -10.885 
 162.4387     -10.88978 
 162.4277     -10.89133 
 162.4256     -10.89408 
 162.426      -10.89731 
 162.4311     -10.90078 
 162.4372     -10.90311 
 162.4444     -10.90361 
 162.4474     -10.90547 
 1             5 
1
 -9999.0   ,   9990.0 
 22 
 162.461      -10.85792 
 162.4619     -10.85836 
 162.4708     -10.85725 
 162.4742     -10.85683 
 162.4813     -10.85386 
 162.489      -10.83711 
 162.4893     -10.83342 
 162.4861     -10.82489 
 162.4812     -10.81775 
 162.4811     -10.8177 
 162.4752     -10.81425 
 162.4686     -10.81283 
 162.4607     -10.81603 
 162.4563     -10.82153 
 162.4566     -10.82347 
 162.4582     -10.83156 
 162.459      -10.83603 
 162.4573     -10.83878 
 162.4508     -10.8422 
 162.4487     -10.84656 
 162.4509     -10.85256 
 162.461      -10.85792 
 1             6 
1
 -9999.0   ,   9990.0 
 7 
 162.2142     -10.80458 
 162.2122     -10.80558 
 162.219      -10.80789 
 162.2236     -10.80453 
 162.224      -10.80192 
 162.2222     -10.80128 
 162.2142     -10.80458 
 1             7 
1
 -9999.0   ,   9990.0 
 17 
 161.5012     -10.48622 
 161.5078     -10.49478 
 161.5071     -10.49917 
 161.4968     -10.50183 
 161.4924     -10.50064 
 161.4895     -10.49814 
 161.487      -10.5022 
 161.4956     -10.51217 
 161.5021     -10.51383 
 161.5044     -10.51364 
 161.5112     -10.50794 
 161.5137     -10.50981 
 161.5173     -10.50453 
 161.5138     -10.49769 
 161.5142     -10.48992 
 161.5073     -10.48617 
 161.5012     -10.48622 
 1             8 
1
 -9999.0   ,   9990.0 
 8 
 161.5083     -10.46075 
 161.5107     -10.46031 
 161.5135     -10.45525 
 161.5159     -10.45389 
 161.5133     -10.45158 
 161.51       -10.45247 
 161.5061     -10.45658 
 161.5083     -10.46075 
 1             9 
1
 -9999.0   ,   9990.0 
 5 
 161.4314     -10.35078 
 161.4283     -10.34689 
 161.4318     -10.34631 
 161.436      -10.34764 
 161.4314     -10.35078 
 1             10 
1
 -9999.0   ,   9990.0 
 10 
 161.3643     -10.31522 
 161.3625     -10.30675 
 161.3624     -10.30633 
 161.3627     -10.30619 
 161.3649     -10.30517 
 161.3684     -10.30844 
 161.3696     -10.31208 
 161.3687     -10.3165 
 161.3663     -10.31767 
 161.3643     -10.31522 
 1             11 
1
 -9999.0   ,   9990.0 
 41 
 161.9865     -10.26883 
 161.9867     -10.26856 
 161.9886     -10.26517 
 161.9902     -10.25069 
 161.9903     -10.25008 
 161.9903     -10.25006 
 161.9903     -10.24989 
 161.9903     -10.24978 
 161.9903     -10.24975 
 161.9903     -10.24964 
 161.9902     -10.24933 
 161.99       -10.24853 
 161.9891     -10.24531 
 161.9888     -10.244 
 161.9816     -10.23819 
 161.9779     -10.2322 
 161.9743     -10.21761 
 161.9736     -10.21467 
 161.9701     -10.21428 
 161.9692     -10.21417 
 161.9687     -10.21467 
 161.9662     -10.21714 
 161.9638     -10.22772 
 161.969      -10.23925 
 161.9737     -10.24158 
 161.9764     -10.24114 
 161.9776     -10.24322 
 161.9734     -10.24664 
 161.9729     -10.24939 
 161.9755     -10.25172 
 161.9783     -10.25128 
 161.9813     -10.24739 
 161.9834     -10.24717 
 161.984      -10.24983 
 161.9845     -10.25203 
 161.9803     -10.26189 
 161.9809     -10.2665 
 161.9822     -10.26772 
 161.9828     -10.26833 
 161.9839     -10.26847 
 161.9865     -10.26883 
 1             12 
1
 -9999.0   ,   9990.0 
 36 
 161.7165     -10.24461 
 161.7186     -10.24242 
 161.7226     -10.24358 
 161.7263     -10.24731 
 161.7333     -10.26922 
 161.7328     -10.27405 
 161.7271     -10.28044 
 161.7255     -10.2855 
 161.7282     -10.29033 
 161.7361     -10.29333 
 161.7431     -10.29597 
 161.7583     -10.28194 
 161.7595     -10.28092 
 161.7665     -10.27122 
 161.7687     -10.26833 
 161.7715     -10.2605 
 161.7743     -10.25275 
 161.7733     -10.24617 
 161.773      -10.24445 
 161.7702     -10.24189 
 161.7693     -10.24192 
 161.7656     -10.24208 
 161.7642     -10.23469 
 161.7625     -10.22508 
 161.7623     -10.22389 
 161.7589     -10.22003 
 161.747      -10.20628 
 161.7421     -10.20322 
 161.7415     -10.20289 
 161.7376     -10.20044 
 161.7257     -10.20153 
 161.7175     -10.20811 
 161.7086     -10.24369 
 161.7102     -10.24717 
 161.7134     -10.24789 
 161.7165     -10.24461 
 1             13 
1
 -9999.0   ,   9990.0 
 17 
 161.9524     -10.18944 
 161.9546     -10.18439 
 161.9599     -10.18236 
 161.9608     -10.18081 
 161.9616     -10.17961 
 161.9602     -10.17683 
 161.9594     -10.17647 
 161.9551     -10.1745 
 161.9537     -10.16742 
 161.9531     -10.16436 
 161.9505     -10.16308 
 161.948      -10.16181 
 161.948      -10.16178 
 161.9461     -10.16453 
 161.9441     -10.17625 
 161.9501     -10.18919 
 161.9524     -10.18944 
 1             14 
1
 -9999.0   ,   9990.0 
 17 
 161.7018     -10.16611 
 161.7004     -10.17217 
 161.7004     -10.17231 
 161.7003     -10.17247 
 161.6973     -10.17667 
 161.6951     -10.17783 
 161.6943     -10.17825 
 161.6882     -10.17636 
 161.6854     -10.17358 
 161.683      -10.16342 
 161.6835     -10.15928 
 161.6856     -10.15656 
 161.6887     -10.15608 
 161.69       -10.15589 
 161.6948     -10.16006 
 161.695      -10.16017 
 161.7018     -10.16611 
 1             15 
1
 -9999.0   ,   9990.0 
 218 
 161.3443     -10.14472 
 161.3493     -10.14683 
 161.3609     -10.15178 
 161.3627     -10.15192 
 161.3802     -10.15333 
 161.3896     -10.15753 
 161.3907     -10.158 
 161.3981     -10.16128 
 161.4024     -10.16319 
 161.4055     -10.16406 
 161.4235     -10.16914 
 161.43       -10.17289 
 161.4374     -10.17722 
 161.4392     -10.17828 
 161.4407     -10.17858 
 161.4464     -10.17972 
 161.453      -10.18364 
 161.4589     -10.1872 
 161.4653     -10.18875 
 161.4654     -10.18875 
 161.4668     -10.18911 
 161.4767     -10.1977 
 161.4768     -10.19778 
 161.4801     -10.203 
 161.4808     -10.20419 
 161.4871     -10.20814 
 161.4891     -10.20756 
 161.4918     -10.20681 
 161.4994     -10.20928 
 161.4999     -10.20942 
 161.5012     -10.21047 
 161.5119     -10.219 
 161.5163     -10.22244 
 161.5198     -10.22294 
 161.5248     -10.22367 
 161.5292     -10.22625 
 161.5341     -10.22697 
 161.5496     -10.23678 
 161.5544     -10.2428 
 161.5619     -10.24425 
 161.5637     -10.24817 
 161.5685     -10.25353 
 161.5731     -10.25861 
 161.5815     -10.25936 
 161.5882     -10.26769 
 161.5901     -10.26381 
 161.5938     -10.26339 
 161.5952     -10.26478 
 161.596      -10.27628 
 161.6001     -10.28069 
 161.6066     -10.28306 
 161.6066     -10.28306 
 161.6152     -10.28472 
 161.6196     -10.28867 
 161.6254     -10.28942 
 161.6344     -10.29917 
 161.6395     -10.30242 
 161.646      -10.30408 
 161.6543     -10.30967 
 161.6571     -10.31339 
 161.6577     -10.31869 
 161.6594     -10.32031 
 161.6624     -10.3192 
 161.665      -10.32081 
 161.6619     -10.32492 
 161.6651     -10.32883 
 161.6651     -10.32886 
 161.6716     -10.33283 
 161.6767     -10.33242 
 161.6877     -10.32492 
 161.6972     -10.32522 
 161.7051     -10.33356 
 161.7039     -10.33725 
 161.6997     -10.34133 
 161.7119     -10.35386 
 161.7162     -10.36403 
 161.7245     -10.37078 
 161.7245     -10.37078 
 161.7359     -10.37569 
 161.7463     -10.37647 
 161.7463     -10.37647 
 161.7601     -10.37611 
 161.7626     -10.37361 
 161.7622     -10.36808 
 161.765      -10.36881 
 161.7782     -10.38086 
 161.7815     -10.38067 
 161.7863     -10.38047 
 161.7913     -10.37544 
 161.7952     -10.37708 
 161.8038     -10.37508 
 161.8118     -10.39494 
 161.8169     -10.40119 
 161.84       -10.41678 
 161.8454     -10.41842 
 161.8565     -10.42081 
 161.8619     -10.4197 
 161.8656     -10.42089 
 161.8656     -10.42089 
 161.8774     -10.42167 
 161.8861     -10.4185 
 161.8943     -10.4105 
 161.9003     -10.40825 
 161.9073     -10.409 
 161.9152     -10.41319 
 161.9212     -10.4197 
 161.9246     -10.42064 
 161.927      -10.41881 
 161.9301     -10.41008 
 161.9359     -10.40967 
 161.9419     -10.41317 
 161.9505     -10.42197 
 161.9638     -10.42092 
 161.9679     -10.42556 
 161.9693     -10.4285 
 161.9681     -10.43153 
 161.9697     -10.43383 
 161.9766     -10.44011 
 161.9838     -10.44933 
 161.9838     -10.44936 
 161.9896     -10.45539 
 162.0107     -10.46497 
 162.0277     -10.46872 
 162.0277     -10.46872 
 162.0349     -10.46872 
 162.0446     -10.46475 
 162.0501     -10.45192 
 162.0548     -10.44089 
 162.0549     -10.43306 
 162.0572     -10.431 
 162.0621     -10.43058 
 162.0712     -10.43581 
 162.0816     -10.44175 
 162.0841     -10.43947 
 162.0883     -10.43906 
 162.0957     -10.45289 
 162.1027     -10.45825 
 162.107      -10.45942 
 162.1086     -10.46333 
 162.1115     -10.46406 
 162.1128     -10.46614 
 162.1123     -10.47072 
 162.12       -10.47261 
 162.1234     -10.47608 
 162.1317     -10.49111 
 162.1415     -10.50039 
 162.1444     -10.50492 
 162.1546     -10.52025 
 162.1666     -10.53092 
 162.1698     -10.53761 
 162.1684     -10.54219 
 162.1748     -10.55444 
 162.1737     -10.56133 
 162.1751     -10.56509 
 162.1761     -10.56756 
 162.1787     -10.56978 
 162.1889     -10.57847 
 162.1893     -10.5785 
 162.1949     -10.57897 
 162.195      -10.57897 
 162.2033     -10.58064 
 162.2091     -10.59494 
 162.2141     -10.60717 
 162.2154     -10.61292 
 162.2144     -10.61647 
 162.2123     -10.62325 
 162.2137     -10.635 
 162.2197     -10.63986 
 162.2274     -10.64245 
 162.2406     -10.65472 
 162.2446     -10.65295 
 162.2446     -10.65295 
 162.2462     -10.65222 
 162.2515     -10.6525 
 162.2523     -10.65394 
 162.2543     -10.65758 
 162.2592     -10.65878 
 162.2634     -10.65981 
 162.2696     -10.66136 
 162.2759     -10.65772 
 162.2788     -10.65742 
 162.2801     -10.65728 
 162.2855     -10.65892 
 162.286      -10.662 
 162.2877     -10.67181 
 162.2951     -10.68392 
 162.2953     -10.68428 
 162.3008     -10.71172 
 162.3        -10.7195 
 162.2995     -10.72414 
 162.3021     -10.7292 
 162.3072     -10.73389 
 162.3081     -10.73478 
 162.3083     -10.73611 
 162.309      -10.73983 
 162.2842     -10.762 
 162.282      -10.76456 
 162.2708     -10.77778 
 162.2708     -10.77781 
 162.2716     -10.77903 
 162.2724     -10.78011 
 162.2778     -10.77647 
 162.2813     -10.77742 
 162.2851     -10.79378 
 162.2888     -10.79725 
 162.3117     -10.79944 
 162.3143     -10.79695 
 162.3201     -10.791 
 162.3329     -10.79267 
 162.3403     -10.79617 
 162.3436     -10.80033 
 162.3468     -10.8015 
 162.3667     -10.79703 
 162.4002     -10.79283 
 162.4044     -10.79608 
 162.409      -10.80256 
 162.4107     -10.80922 
 162.4087     -10.81475 
 1             16 
1
 -9999.0   ,   9990.0 
 394 
 162.4015     -10.81881 
 162.3912     -10.82108 
 162.3833     -10.82128 
 162.3589     -10.81514 
 162.3509     -10.81511 
 162.3421     -10.82058 
 162.336      -10.82122 
 162.3276     -10.81842 
 162.3204     -10.81861 
 162.308      -10.82406 
 162.3038     -10.82772 
 162.2968     -10.82353 
 162.2969     -10.81869 
 162.2902     -10.81567 
 162.2787     -10.81467 
 162.2666     -10.81117 
 162.2502     -10.79978 
 162.2413     -10.79858 
 162.2357     -10.80039 
 162.2334     -10.79875 
 162.2311     -10.79 
 162.2283     -10.7902 
 162.2213     -10.79753 
 162.2164     -10.80003 
 162.2073     -10.80067 
 162.2068     -10.81056 
 162.2042     -10.81122 
 162.2003     -10.80683 
 162.197      -10.80728 
 162.1909     -10.81414 
 162.186      -10.81295 
 162.1837     -10.81547 
 162.1809     -10.8157 
 162.1763     -10.80967 
 162.1706     -10.8147 
 162.1548     -10.8155 
 162.1525     -10.81669 
 162.1468     -10.81961 
 162.1345     -10.82114 
 162.1278     -10.81533 
 162.1254     -10.81694 
 162.1229     -10.8165 
 162.1182     -10.81067 
 162.1099     -10.80922 
 162.1027     -10.80436 
 162.0982     -10.80892 
 162.0919     -10.80842 
 162.0868     -10.81022 
 162.0831     -10.80883 
 162.0801     -10.80306 
 162.0766     -10.80647 
 162.0696     -10.80345 
 162.0663     -10.79997 
 162.0615     -10.80017 
 162.0553     -10.78975 
 162.0544     -10.7895 
 162.0492     -10.78789 
 162.0451     -10.7805 
 162.0416     -10.77747 
 162.0314     -10.77256 
 162.0333     -10.76706 
 162.0313     -10.76456 
 162.0313     -10.7645 
 162.0188     -10.76764 
 162.0146     -10.7727 
 162.0109     -10.77058 
 162.0053     -10.77239 
 161.9981     -10.77164 
 161.9959     -10.77369 
 161.9928     -10.77342 
 161.9904     -10.77319 
 161.9875     -10.77642 
 161.9723     -10.78389 
 161.9668     -10.78247 
 161.967      -10.77995 
 161.9647     -10.77556 
 161.9593     -10.78128 
 161.9463     -10.77564 
 161.9475     -10.76897 
 161.9408     -10.76847 
 161.9401     -10.76617 
 161.935      -10.76222 
 161.9303     -10.76656 
 161.9268     -10.76745 
 161.924      -10.77133 
 161.9175     -10.7637 
 161.9122     -10.7625 
 161.9089     -10.76342 
 161.9033     -10.76867 
 161.8998     -10.76956 
 161.8954     -10.75939 
 161.8908     -10.75889 
 161.8889     -10.76119 
 161.8868     -10.76508 
 161.8789     -10.76111 
 161.8754     -10.76086 
 161.8707     -10.76336 
 161.8597     -10.73658 
 161.8581     -10.73703 
 161.8565     -10.73747 
 161.8552     -10.74161 
 161.8545     -10.74367 
 161.8542     -10.75725 
 161.8509     -10.75631 
 161.849      -10.75164 
 161.8443     -10.74036 
 161.8383     -10.73872 
 161.8371     -10.73456 
 161.833      -10.73453 
 161.829      -10.73658 
 161.8255     -10.73586 
 161.8232     -10.734 
 161.8216     -10.7287 
 161.819      -10.72914 
 161.815      -10.73417 
 161.8171     -10.739 
 161.8187     -10.73947 
 161.8136     -10.74244 
 161.811      -10.74103 
 161.8106     -10.73481 
 161.8007     -10.72553 
 161.796      -10.72758 
 161.7892     -10.72475 
 161.7838     -10.72978 
 161.7752     -10.72847 
 161.7708     -10.72778 
 161.7683     -10.72572 
 161.77       -10.72453 
 161.772      -10.72578 
 161.7756     -10.72486 
 161.7765     -10.72464 
 161.786      -10.71875 
 161.7868     -10.71047 
 161.7867     -10.71045 
 161.782      -10.70492 
 161.7779     -10.70369 
 161.7757     -10.70303 
 161.7731     -10.70322 
 161.7703     -10.70597 
 161.768      -10.70525 
 161.7662     -10.70017 
 161.7713     -10.69492 
 161.772      -10.69217 
 161.769      -10.68825 
 161.769      -10.68828 
 161.7611     -10.69047 
 161.7561     -10.69664 
 161.7531     -10.69595 
 161.7558     -10.68653 
 161.7535     -10.68558 
 161.7392     -10.69306 
 161.7361     -10.69972 
 161.7312     -10.69622 
 161.7297     -10.69092 
 161.7342     -10.68358 
 161.7341     -10.68358 
 161.7281     -10.681 
 161.7239     -10.68119 
 161.7213     -10.68486 
 161.7207     -10.68469 
 161.7127     -10.68228 
 161.7006     -10.68517 
 161.6976     -10.68445 
 161.6959     -10.68189 
 161.6985     -10.67892 
 161.7051     -10.67644 
 161.704      -10.67092 
 161.7007     -10.66697 
 161.7108     -10.66269 
 161.7134     -10.65534 
 161.7127     -10.65328 
 161.7071     -10.65483 
 161.7037     -10.65089 
 161.7088     -10.64242 
 161.708      -10.63942 
 161.6989     -10.63314 
 161.6947     -10.63283 
 161.6939     -10.63442 
 161.6971     -10.6357 
 161.6977     -10.63811 
 161.6929     -10.65425 
 161.6883     -10.64983 
 161.6863     -10.64292 
 161.6837     -10.64197 
 161.6807     -10.64242 
 161.6753     -10.64883 
 161.6716     -10.64811 
 161.6679     -10.64117 
 161.6705     -10.63611 
 161.6749     -10.63386 
 161.6757     -10.63064 
 161.6731     -10.62695 
 161.6652     -10.62389 
 161.6613     -10.62614 
 161.6566     -10.63233 
 161.6543     -10.62886 
 161.6557     -10.62564 
 161.6629     -10.61972 
 161.6611     -10.61625 
 161.6553     -10.61253 
 161.6549     -10.60839 
 161.6505     -10.60467 
 161.648      -10.60442 
 161.6463     -10.60808 
 161.6474     -10.61361 
 161.6453     -10.61611 
 161.6383     -10.61906 
 161.6356     -10.62617 
 161.6363     -10.62939 
 161.6277     -10.62842 
 161.623      -10.63756 
 161.6193     -10.63522 
 161.6186     -10.632 
 161.621      -10.62375 
 161.6192     -10.61431 
 161.6169     -10.60945 
 161.6112     -10.60342 
 161.6058     -10.60061 
 161.6054     -10.59806 
 161.6089     -10.59811 
 161.6117     -10.59467 
 161.6085     -10.5905 
 161.6067     -10.58242 
 161.6044     -10.58033 
 161.6004     -10.58145 
 161.5983     -10.57936 
 161.5927     -10.57908 
 161.5858     -10.58133 
 161.5837     -10.57578 
 161.5849     -10.57211 
 161.5915     -10.56825 
 161.5931     -10.56506 
 161.5922     -10.56297 
 161.5894     -10.56042 
 161.5852     -10.56017 
 161.5791     -10.56608 
 161.5768     -10.56122 
 161.5712     -10.55842 
 161.5678     -10.55125 
 161.5683     -10.54667 
 161.5705     -10.54369 
 161.5649     -10.5412 
 161.5619     -10.54314 
 161.5574     -10.55022 
 161.5508     -10.55108 
 161.5466     -10.55681 
 161.5426     -10.55883 
 161.5403     -10.56319 
 161.5377     -10.56156 
 161.5382     -10.55742 
 161.5429     -10.55103 
 161.5409     -10.54639 
 161.536      -10.54544 
 161.5348     -10.5475 
 161.5366     -10.55119 
 161.5359     -10.55464 
 161.5303     -10.55872 
 161.5276     -10.55272 
 161.5245     -10.55317 
 161.5194     -10.55842 
 161.5161     -10.55722 
 161.5143     -10.55122 
 161.5097     -10.54911 
 161.5095     -10.5452 
 161.5118     -10.54178 
 161.5151     -10.5402 
 161.5161     -10.53719 
 161.5138     -10.52983 
 161.5152     -10.52064 
 161.5216     -10.51747 
 161.5207     -10.50872 
 161.5271     -10.50072 
 161.5236     -10.497 
 161.5156     -10.49228 
 161.5174     -10.48844 
 161.5268     -10.47978 
 161.5273     -10.47125 
 161.5253     -10.46778 
 161.5206     -10.46845 
 161.5244     -10.46019 
 161.5185     -10.45208 
 161.5256     -10.43742 
 161.5244     -10.43442 
 161.5205     -10.43483 
 161.5139     -10.44144 
 161.506      -10.43725 
 161.5027     -10.43792 
 161.5085     -10.44578 
 161.5071     -10.44853 
 161.5022     -10.44433 
 161.499      -10.44456 
 161.4905     -10.44861 
 161.4854     -10.44628 
 161.4836     -10.44164 
 161.4865     -10.43614 
 161.4856     -10.43247 
 161.487      -10.43039 
 161.4956     -10.43164 
 161.4989     -10.42775 
 161.4945     -10.41758 
 161.4894     -10.41708 
 161.4937     -10.40469 
 161.4984     -10.40242 
 161.4988     -10.40956 
 161.5006     -10.41189 
 161.5051     -10.41147 
 161.5119     -10.40186 
 161.5091     -10.39931 
 161.5001     -10.396 
 161.4966     -10.38953 
 161.4936     -10.39272 
 161.4954     -10.39689 
 161.4924     -10.39778 
 161.4826     -10.39711 
 161.4807     -10.39697 
 161.4792     -10.39467 
 161.4801     -10.39261 
 161.4878     -10.38853 
 161.489      -10.38556 
 161.4872     -10.37931 
 161.4896     -10.37636 
 161.4882     -10.37081 
 161.4902     -10.3685 
 161.4953     -10.36283 
 161.4988     -10.35619 
 161.503      -10.3537 
 161.504      -10.35047 
 161.5012     -10.34492 
 161.4878     -10.33997 
 161.4827     -10.33672 
 161.4728     -10.33017 
 161.4602     -10.32936 
 161.4538     -10.32194 
 161.4473     -10.31958 
 161.4389     -10.31928 
 161.4378     -10.31169 
 161.4348     -10.31006 
 161.4301     -10.31644 
 161.4238     -10.31478 
 161.422      -10.31614 
 161.4184     -10.31542 
 161.4145     -10.31836 
 161.4028     -10.31989 
 161.4062     -10.31256 
 161.4055     -10.30956 
 161.4009     -10.30628 
 161.3923     -10.30528 
 161.3846     -10.30222 
 161.3821     -10.30081 
 161.3797     -10.30333 
 161.3651     -10.30042 
 161.3646     -10.30058 
 161.3553     -10.30355 
 161.3487     -10.31247 
 161.3417     -10.31403 
 161.3341     -10.31233 
 161.3196     -10.31197 
 161.3078     -10.30656 
 161.3027     -10.30494 
 161.2898     -10.30086 
 161.286      -10.30036 
 161.2808     -10.30211 
 161.2754     -10.29958 
 161.2721     -10.28931 
 161.2718     -10.28803 
 161.2731     -10.2855 
 161.2746     -10.28256 
 161.2744     -10.27886 
 161.2738     -10.27808 
 161.2671     -10.26844 
 161.2733     -10.25686 
 161.276      -10.25172 
 161.2748     -10.24519 
 161.2727     -10.23375 
 161.2746     -10.23008 
 161.2759     -10.22897 
 161.2821     -10.22372 
 161.2795     -10.20136 
 161.2793     -10.20022 
 161.2824     -10.18897 
 161.2821     -10.17975 
 161.2836     -10.16964 
 161.2878     -10.16417 
 161.2927     -10.16169 
 161.2958     -10.16233 
 161.3216     -10.16764 
 161.3229     -10.16792 
 161.3231     -10.16786 
 161.3278     -10.16664 
 161.3313     -10.16369 
 161.3321     -10.16217 
 161.3388     -10.15019 
 161.3405     -10.14722 
 161.3443     -10.14472 
 1             17 
1
 -9999.0   ,   9990.0 
 4 
 162.4087     -10.81475 
 162.4082     -10.81514 
 162.4043     -10.81817 
 162.4015     -10.81881 
 1             18 
1
 -9999.0   ,   9990.0 
 12 
 161.9277     -10.14047 
 161.9309     -10.13936 
 161.9367     -10.12661 
 161.9371     -10.12581 
 161.938      -10.12145 
 161.9362     -10.11592 
 161.9343     -10.11631 
 161.9329     -10.11658 
 161.9302     -10.11908 
 161.9224     -10.13422 
 161.924      -10.13906 
 161.9277     -10.14047 
