 5 
 1             1 
 2 
 -9998.0  ,   -9997.0
  1999.0  ,    9990.0
 30 
 43.6127       30 
 43.61106      29.96092 
 43.61042      29.9457 
 43.60978      29.93067 
 43.6045       29.80464 
 43.59923      29.67861 
 43.59606      29.60303 
 43.60939      29.59839 
 43.64975      29.58433 
 43.78381      29.53758 
 43.91772      29.4907 
 43.99047      29.46511 
 43.99356      29.46403 
 44.0515       29.44367 
 44.06892      29.43753 
 44.1852       29.39653 
 44.31875      29.34925 
 44.32328      29.34764 
 44.4522       29.30184 
 44.58553      29.25431 
 44.71873      29.20664 
 44.71958      29.20617 
 44.72673      29.20536 
 44.78167      29.19925 
 44.78773      29.19858 
 44.81125      29.19597 
 44.82542      29.19439 
 44.83539      29.19328 
 44.85086      29.19156 
 45            29.175 
 1             2 
 3 
 -9998.0  ,   -9997.0
  -870.5  ,    -820.5
  -526.5  ,     -1.0
 11 
40.4	30
40.3914 , 29.9483
40.3655 , 29.8552
40.3034 , 29.7517
40.2517 , 29.6535
40.231 , 29.5241
40.1897 , 29.4414
40.1793 , 29.3379
40.1534 , 29.2448
40.0914 , 29.1828
40. , 29.1414
 1             3 
 2 
 -9998.0  ,   -9997.0
  -820.5  ,    -549.5
 48 
40	29.1414
40.063 , 29.1376
40.2711 , 29.2198
40.4354 , 29.3457
40.5449 , 29.4443
40.7202 , 29.4662
40.8681 , 29.4224
40.994 , 29.3348
41.1693 , 29.2581
41.3883 , 29.1979
41.5855 , 29.1267
41.7827 , 29.0774
41.9689 , 29.0062
42.0729 , 28.8857
42.0948 , 28.7543
42.1441 , 28.6338
42.3139 , 28.5462
42.5056 , 28.475
42.6863 , 28.3819
42.8725 , 28.2723
43.0971 , 28.1902
43.2175 , 28.0861
43.3106 , 27.9766
43.3818 , 27.8616
43.4804 , 27.7849
43.6064 , 27.6973
43.8035 , 27.6644
43.9514 , 27.6315
44.061 , 27.4946
44.1814 , 27.3961
44.2636 , 27.2975
44.3841 , 27.2537
44.5046 , 27.2537
44.5758 , 27.281
44.5812 , 27.2865
44.5922 , 27.292
44.6086 , 27.3084
44.6251 , 27.3249
44.636 , 27.3303
44.6415 , 27.3303
44.647 , 27.3358
44.6524 , 27.3413
44.6634 , 27.3468
44.6743 , 27.3522
44.6853 , 27.3632
44.751 , 27.407
44.866 , 27.5056
45. , 27.5877
 1             4 
 1 
 -9999.0  ,   -9998.0
 5
40.0155 , 30.
40. , 29.9869
40. , 29.7741
40.1086 , 29.8517
40.2121 , 30.
 1             5 
 2 
 -9998.0  ,   -9997.0
  -549.5  ,    -539.2
 47 
41.0028	25
41.0847 , 25.0471
41.1785 , 25.0752
41.3472 , 25.1174
41.4972 , 25.1643
41.5441 , 25.183
41.6285 , 25.183
41.7175 , 25.169
41.8675 , 25.2205
41.9566 , 25.2674
42.0644 , 25.2955
42.2003 , 25.2955
42.3082 , 25.2955
42.3363 , 25.3471
42.3785 , 25.4315
42.3925 , 25.5112
42.491 , 25.5909
42.5191 , 25.6377
42.6972 , 25.6799
42.7957 , 25.7008
42.8894 , 25.6846
42.9925 , 25.694
43.105 , 25.7362
43.2035 , 25.8205
43.3347 , 25.8862
43.4238 , 25.9237
43.4707 , 26.0034
43.5503 , 25.9987
43.6863 , 26.0362
43.7894 , 26.0924
43.8316 , 26.1252
43.8972 , 26.144
43.9722 , 26.1768
44.0191 , 26.233
44.0378 , 26.308
44.0847 , 26.3455
44.1644 , 26.3924
44.1738 , 26.4534
44.2441 , 26.5237
44.3472 , 26.6127
44.4785 , 26.758
44.5816 , 26.8799
44.7457 , 27.0674
44.8206 , 27.2502
44.8722 , 27.4096
44.9519 , 27.5034
45	27.5877
