 35
 1             1 
 2 
 -9998.0  ,   -9997.0
  1999.0  ,    9990.0
 74 
 65            29.53742 
 65.02856      29.53431 
 65.054        29.53475 
 65.06706      29.53622 
 65.09714      29.54283 
 65.13073      29.55203 
 65.14778      29.5567 
 65.16085      29.56028 
 65.1949       29.56959 
 65.23995      29.58117 
 65.26195      29.58739 
 65.27589      29.59164 
 65.28628      29.59347 
 65.36967      29.61558 
 65.40559      29.62595 
 65.4059       29.62603 
 65.42347      29.63111 
 65.44133      29.63622 
 65.49036      29.64867 
 65.51575      29.65511 
 65.52253      29.65609 
 65.53467      29.66047 
 65.55645      29.6657 
 65.57153      29.66931 
 65.61086      29.681 
 65.6361       29.68658 
 65.6559       29.69142 
 65.65867      29.69208 
 65.68575      29.6995 
 65.69781      29.70281 
 65.73131      29.71078 
 65.73722      29.71331 
 65.77728      29.72283 
 65.78115      29.72375 
 65.8097       29.73167 
 65.83405      29.73842 
 65.8369       29.73928 
 65.85323      29.7442 
 65.85653      29.74503 
 65.87453      29.74961 
 65.88797      29.75378 
 65.902        29.757 
 65.9037       29.75739 
 65.91556      29.76011 
 65.93811      29.76692 
 65.95648      29.77167 
 66.00253      29.78356 
 66.03553      29.79214 
 66.07242      29.80245 
 66.0762       29.80347 
 66.1166       29.81439 
 66.13323      29.81897 
 66.15581      29.82522 
 66.16486      29.82831 
 66.18386      29.83311 
 66.20225      29.83928 
 66.23058      29.8467 
 66.24565      29.85136 
 66.25398      29.85567 
 66.26984      29.87495 
 66.28253      29.88556 
 66.28933      29.89125 
 66.31225      29.90833 
 66.3132       29.91089 
 66.31892      29.9127 
 66.31917      29.91295 
 66.3302       29.92503 
 66.34565      29.95014 
 66.35686      29.95831 
 66.36196      29.96814 
 66.36151      29.97203 
 66.35875      29.97445 
 66.34541      29.98378 
 66.32222      30 
 1             2 
 2 
 -9998.0  ,   -9997.0
  1999.0  ,    9990.0
 56 
 70            26.5945 
 69.99631      26.59386 
 69.95478      26.58731 
 69.91835      26.58261 
 69.91095      26.58231 
 69.8793       26.58108 
 69.85555      26.58292 
 69.83175      26.58772 
 69.81536      26.59217 
 69.79483      26.59997 
 69.77195      26.61375 
 69.74328      26.63847 
 69.72186      26.65383 
 69.69898      26.66508 
 69.68975      26.66795 
 69.67667      26.67261 
 69.65391      26.68183 
 69.60831      26.70031 
 69.60183      26.70506 
 69.59211      26.70725 
 69.58053      26.71192 
 69.57461      26.71553 
 69.55046      26.72464 
 69.52948      26.73314 
 69.52241      26.736 
 69.51545      26.74006 
 69.50764      26.74844 
 69.4875       26.79367 
 69.48372      26.80622 
 69.4849       26.81753 
 69.4855       26.82347 
 69.49575      26.8725 
 69.50096      26.90033 
 69.5036       26.94328 
 69.5129       27.01439 
 69.5132       27.01686 
 69.53725      27.06928 
 69.5402       27.07758 
 69.55678      27.11725 
 69.5652       27.13847 
 69.57814      27.1655 
 69.58667      27.178 
 69.60061      27.18939 
 69.60364      27.19311 
 69.66595      27.25145 
 69.6987       27.27775 
 69.72467      27.29478 
 69.7939       27.34647 
 69.81256      27.35961 
 69.83253      27.37875 
 69.84881      27.39292 
 69.86197      27.40278 
 69.90761      27.45958 
 69.92115      27.47939 
 69.93625      27.50211 
 70            27.54506 
 1             3 
 2 
 -9998.0  ,   -9997.0
 -2400.1  ,   -1750.5
 43 
65.     ,    26.2122
65.05 , 26.2166
65.0965 , 26.2427
65.1793 , 26.2384
65.2879 , 26.2602
65.3966 , 26.2863
65.6552 , 26.3038
65.7793 , 26.3212
65.8621 , 26.3299
65.9862 , 26.3474
66.0172 , 26.2994
66.0948 , 26.2994
66.2138 , 26.3387
66.3379 , 26.3866
66.431 , 26.4564
66.5086 , 26.5131
66.6379 , 26.5044
66.7414 , 26.5044
66.85 , 26.5174
66.9741 , 26.5174
67.0569 , 26.5218
67.1552 , 26.548
67.1965 , 26.5828
67.2069 , 26.6613
67.1862 , 26.7137
67.15 , 26.7747
67.1707 , 26.8532
67.1965 , 26.9099
67.2121 , 26.984
67.1603 , 27.0363
67.1397 , 27.1148
67.1345 , 27.202
67.1138 , 27.2849
67.1345 , 27.359
67.1552 , 27.4244
67.1862 , 27.5073
67.1965 , 27.5596
67.2483 , 27.5901
67.2586 , 27.6555
67.3052 , 27.7253
67.3621 , 27.7951
67.3776 , 27.8779
67.4086 , 27.9346
 1             4 
 2 
 -9998.0  ,   -9997.0
 -2400.1  ,   -1750.5
 47 
67.4086 , 27.9346
67.4259 , 27.9797
67.4362 , 28.0712
67.4465 , 28.202
67.4983 , 28.2718
67.5397 , 28.4026
67.5914 , 28.4898
67.55 , 28.5814
67.4983 , 28.6773
67.4362 , 28.7863
67.4259 , 28.9346
67.431 , 29.0392
67.4207 , 29.1613
67.369 , 29.2573
67.3741 , 29.3706
67.4207 , 29.423
67.4983 , 29.5102
67.5707 , 29.5451
67.6638 , 29.5451
67.731 , 29.4884
67.7983 , 29.4099
67.8603 , 29.2573
67.8862 , 29.157
67.9172 , 29.0305
67.9586 , 28.9608
68.0259 , 28.8735
68.1086 , 28.8169
68.2224 , 28.7733
68.3465 , 28.7689
68.45 , 28.8038
68.5948 , 28.8605
68.6828 , 28.8997
68.7914 , 28.9084
68.9052 , 28.9172
69.0448 , 28.9738
69.1534 , 28.9869
69.2672 , 29.0131
69.3759 , 29.0698
69.4483 , 29.1613
69.5207 , 29.2922
69.6086 , 29.4012
69.7069 , 29.4797
69.8259 , 29.5581
69.9086 , 29.6672
69.9086 , 29.6672
69.9707 , 29.7718
70. , 29.8198
 1             5 
 2 
 -9998.0  ,   -9997.0
 -2400.1  ,   -1750.5
 23 
70	27.9695
69.9273 , 27.9244
69.8426 , 27.8245
69.7411 , 27.7294
69.6451 , 27.6105
69.5661 , 27.5058
69.4533 , 27.4012
69.3969 , 27.2965
69.3235 , 27.1871
69.2614 , 27.0872
69.2219 , 26.9826
69.1655 , 26.8494
69.1147 , 26.7304
69.1034 , 26.6068
69.0978 , 26.4736
69.1712 , 26.3499
69.2558 , 26.2643
69.3517 , 26.1549
69.4646 , 26.0645
69.6056 , 25.9741
69.7354 , 25.898
69.8596 , 25.8362
70. , 25.7648
 1             6 
 2 
 -9998.0  ,   -9997.0
  -543.5  ,    -323.4
 37 
65	29.1043
65.0792 , 29.1333
65.1792 , 29.1583
65.3 , 29.1958
65.4458 , 29.25
65.5792 , 29.2917
65.7083 , 29.3417
65.8208 , 29.4042
65.9125 , 29.475
65.9708 , 29.5583
66.0042 , 29.6208
66.0833 , 29.7292
66.1125 , 29.8375
66.1542 , 29.9208
66.1958 , 29.9625
66.2708 , 29.9708
66.2708 , 29.9708
66.2917 , 29.9458
66.3375 , 29.9167
66.4 , 29.9167
66.4583 , 29.9292
66.5167 , 29.9458
66.525 , 29.9208
66.5208 , 29.8417
66.5208 , 29.7375
66.5333 , 29.6375
66.5125 , 29.5708
66.5 , 29.4875
66.4792 , 29.3958
66.4542 , 29.2833
66.4 , 29.1458
66.4 , 29.0417
66.3875 , 28.9625
66.3875 , 28.8917
66.425 , 28.8583
66.475 , 28.8125
66.5625 , 28.7458
 1             7 
 2 
 -9998.0  ,   -9997.0
  -543.5  ,   -303.4
 35 
66.5625 , 28.7458
66.5935 , 28.7725
66.6204 , 28.8159
66.6577 , 28.8635
66.7177 , 28.9173
66.7797 , 28.9835
66.8377 , 29.0352
66.8915 , 29.0911
66.9473 , 29.1283
66.9866 , 29.1739
67.028 , 29.2132
67.0756 , 29.2214
67.1046 , 29.2008
67.1335 , 29.1428
67.1584 , 29.1159
67.1915 , 29.1056
67.2494 , 29.1139
67.268 , 29.1759
67.268 , 29.2359
67.2866 , 29.2752
67.3384 , 29.3063
67.4087 , 29.3104
67.4791 , 29.327
67.5225 , 29.327
67.5763 , 29.358
67.5742 , 29.4159
67.5349 , 29.4552
67.5101 , 29.5194
67.506 , 29.567
67.5225 , 29.6228
67.5391 , 29.6704
67.5556 , 29.7118
67.6156 , 29.7014
67.688 , 29.6745
67.7791 , 29.6394
 1             8 
 2 
 -9998.0  ,   -9997.0
  -543.5  ,    -303.4
 13 
67.7791 , 29.6394
67.7902 , 29.6699
67.8274 , 29.7113
67.8812 , 29.7506
67.9226 , 29.7775
67.9826 , 29.8168
67.9536 , 29.8768
67.9143 , 29.9223
67.8957 , 29.9451
67.8543 , 29.9492
67.8377 , 29.9575
67.8626 , 29.9782
67.8688 , 30.
 1             9 
 2 
 -9998.0  ,   -9997.0
  -536.5  ,    -303.4
 369 
66.5625	28.7458
66.5658 , 28.7133
66.5558 , 28.6533
66.5533 , 28.6033
66.5258 , 28.5658
66.4608 , 28.5033
66.3908 , 28.4533
66.3408 , 28.4183
66.2983 , 28.3758
66.2808 , 28.3433
66.2808 , 28.2983
66.2858 , 28.2733
66.3008 , 28.2308
66.3258 , 28.1983
66.3808 , 28.1533
66.4033 , 28.1008
66.4033 , 28.0483
66.3833 , 27.9708
66.3533 , 27.9108
66.2783 , 27.8808
66.2158 , 27.8508
 66.21761      27.81453 
 66.2212       27.80881 
 66.22175      27.80278 
 66.21745      27.78125 
 66.21878      27.77336 
 66.22236      27.76306 
 66.22803      27.75347 
 66.2257       27.73433 
 66.22715      27.72017 
 66.22439      27.70961 
 66.225        27.69795 
 66.22531      27.69178 
 66.2263       27.67225 
 66.22039      27.66408 
 66.20936      27.65881 
 66.20156      27.6067 
 66.19903      27.58606 
 66.19978      27.58064 
 66.1967       27.57214 
 66.19628      27.5575 
 66.18711      27.53956 
 66.18556      27.53303 
 66.18684      27.52681 
 66.18516      27.51795 
 66.175        27.49661 
 66.17308      27.48839 
 66.17726      27.47142 
 66.17292      27.45533 
 66.17067      27.43956 
 66.17156      27.43606 
 66.16922      27.42756 
 66.1658       27.41522 
 66.16525      27.4132 
 66.16545      27.40917 
 66.16556      27.40736 
 66.16531      27.38917 
 66.16085      27.36722 
 66.1593       27.36025 
 66.13748      27.32506 
 66.1315       27.31395 
 66.12561      27.29678 
 66.12053      27.2907 
 66.11856      27.28834 
 66.10164      27.28072 
 66.07575      27.26564 
 66.06817      27.26783 
 66.06278      27.26761 
 66.05326      27.25781 
 66.04573      27.25414 
 66.03803      27.25361 
 66.02703      27.25817 
 66.02161      27.259 
 66.01306      27.244 
 66.00536      27.23906 
 65.99911      27.23756 
 65.96941      27.23775 
 65.96865      27.22581 
 65.97335      27.20822 
 65.97305      27.20425 
 65.96853      27.19736 
 65.94831      27.18164 
 65.91558      27.17295 
 65.90781      27.1657 
 65.90014      27.143 
 65.89981      27.13189 
 65.90708      27.12239 
 65.9092       27.11786 
 65.906        27.11208 
 65.89778      27.1042 
 65.88511      27.09697 
 65.88528      27.09384 
 65.88875      27.08981 
 65.89035      27.07775 
 65.8881       27.072 
 65.87661      27.05539 
 65.87339      27.03708 
 65.86928      27.02686 
 65.86342      27.01886 
 65.85948      27.01806 
 65.86081      27.01478 
 65.8567       27.00894 
 65.85425      27.00656 
 65.84714      27.00436 
 65.83992      26.99986 
 65.83125      26.98756 
 65.83245      26.98281 
 65.82225      26.97714 
 65.82039      26.9687 
 65.81389      26.95942 
 65.80361      26.95561 
 65.80078      26.95172 
 65.7867       26.92056 
 65.78498      26.91675 
 65.75096      26.86109 
 65.7474       26.84544 
 65.72889      26.8302 
 65.72525      26.82 
 65.71781      26.81331 
 65.71595      26.81164 
 65.70378      26.78706 
 65.70386      26.777 
 65.69903      26.75945 
 65.69747      26.7372 
 65.69158      26.72147 
 65.69195      26.71103 
 65.68656      26.69864 
 65.68586      26.69247 
 65.68547      26.68919 
 65.68815      26.66631 
 65.683        26.64161 
 65.68743      26.62047 
 65.68764      26.60417 
 65.6829       26.59734 
 65.67758      26.59264 
 65.67278      26.58258 
 65.68181      26.57067 
 65.68328      26.56508 
 65.68941      26.55489 
 65.69126      26.54745 
 65.68864      26.53583 
 65.68336      26.51761 
 65.68675      26.48597 
 65.68418      26.46975 
 65.68336      26.4682 
 65.67895      26.45928 
 65.65386      26.41722 
 65.64731      26.4062 
 65.64247      26.39281 
 65.63578      26.38372 
 65.63286      26.37986 
 65.6228       26.36661 
 65.6112       26.35439 
 65.60198      26.34833 
 65.58725      26.33867 
 65.58328      26.33264 
 65.57789      26.32778 
 65.57491      26.31092 
 65.57415      26.30795 
 65.56973      26.30397 
 65.55192      26.2992 
 65.52115      26.2775 
 65.50581      26.27011 
 65.49878      26.26308 
 65.47725      26.24764 
 65.47431      26.24103 
 65.47117      26.22708 
 65.4627       26.21708 
 65.45931      26.21147 
 65.45822      26.2062 
 65.4372       26.18117 
 65.42831      26.1742 
 65.425        26.17161 
 65.41506      26.1662 
 65.40278      26.1595 
 65.39781      26.15339 
 65.39545      26.142 
 65.3967       26.14058 
 65.39495      26.13864 
 65.39125      26.13845 
 65.38525      26.14214 
 65.37939      26.14311 
 65.37867      26.13995 
 65.38167      26.13592 
 65.38022      26.13292 
 65.35978      26.11439 
 65.35775      26.10947 
 65.35856      26.10764 
 65.36716      26.10261 
 65.36831      26.09889 
 65.36861      26.0895 
65.37853      26.08642
65.37911      26.08017
65.3745       26.07995
 65.37925      26.07014 
 65.3814       26.06897 
 65.37773      26.06442 
 65.37481      26.05486 
 65.36576      26.05528 
 65.36473      26.05314 
 65.3637       26.04681 
 65.3657       26.04042 
 65.37458      26.03081 
 65.36673      26.0225 
 65.36078      26.02158 
 65.35485      26.01608 
 65.35042      26.0165 
 65.33598      26.03045 
 65.33197      26.0315 
 65.31856      26.02772 
 65.3222       26.02081 
 65.32028      26.01778 
 65.31731      26.017 
 65.31         26.01958 
 65.30353      26.01928 
 65.30336      26.01447 
 65.31115      26.00772 
 65.30735      26.00567 
 65.29875      26.00631 
 65.29823      26.00334 
 65.3024       25.99856 
 65.31136      25.98828 
 65.31225      25.98478 
 65.30978      25.98006 
 65.30428      25.97895 
 65.29086      25.97936 
 65.28631      25.97789 
 65.27606      25.98306 
65.27147      25.9822
65.26117      25.96895
65.25592      25.96764
65.25034      25.9722
65.24711      25.97203
65.24081      25.9575
65.24236      25.94317
65.24059      25.93784
65.23628      25.93261
65.23942      25.92608
65.23745      25.92453
65.23328      25.92431
65.22095      25.93375
65.21958      25.93328
65.22034      25.9285
65.22391      25.92239
65.22273      25.91942
65.21811      25.91681
65.2167       25.91597
65.20783      25.91703
65.20495      25.915
65.20133      25.90584
65.20241      25.88789
65.20878      25.87003
65.20825      25.86747
65.19864      25.86178
65.20156      25.85167
65.21406      25.8435
65.22514      25.82042
65.22791      25.817
65.23759      25.80511
65.23895      25.79767
65.23803      25.79364
65.24139      25.78733
65.24541      25.79339
65.24611      25.79717
65.25303      25.80511
65.2557       25.80706
65.26322      25.80867
65.27386      25.80436
65.28533      25.79403
65.29048      25.79303
65.29647      25.80461
65.29964      25.80603
65.316        25.80658
65.31683      25.80611
65.31908      25.80486
65.32311      25.79522
65.32506      25.79364
65.34064      25.79961
65.35475      25.79903
65.35792      25.79625
65.36181      25.78911
65.36314      25.78208
65.37867      25.78072
65.38208      25.77775
65.38153      25.76308
65.37753      25.76059
65.36833      25.75975
65.36478      25.7577
65.36161      25.74478
65.36345      25.73692
65.36598      25.73286
65.37272      25.73192
65.38067      25.72645
65.38567      25.71561
65.38839      25.71261
65.38906      25.71247
65.3919       25.71192
65.39111      25.72903
65.39308      25.73122
65.40365      25.73192
65.40945      25.73556
65.41728      25.74364
65.42384      25.74625
65.4298       25.74634
65.43048      25.75003
65.42658      25.7585
65.42703      25.76272
65.43417      25.77517
65.44386      25.78294
65.45153      25.79461
65.45748      25.7955
65.46003      25.79353
65.46278      25.79136
65.4694       25.78875
65.47798      25.78789
65.48753      25.79064
65.50361      25.78364
65.51466      25.7802
65.51622      25.77692
65.51158      25.75286
65.51645      25.74472
65.52264      25.74125
65.53609      25.72997
65.5442       25.72322
65.54795      25.71775
65.5505       25.7095
65.54842      25.70147
65.5387       25.68995
65.54725      25.67306
65.5475       25.67256
65.54742      25.67128
65.54742      25.67125
65.54715      25.6665
65.5442       25.66175
65.53539      25.6622
65.53067      25.66428
65.52541      25.6632
65.51939      25.65978
65.51706      25.65634
65.51798      25.64842
65.52341      25.63781
65.52786      25.62817
65.53453      25.60006
65.5384       25.5967
65.54473      25.59489
65.56098      25.59689
65.5697       25.59353
65.57592      25.58503
65.57156      25.58064
65.56028      25.58033
65.55714      25.57872
65.55614      25.57597
65.56115      25.56511
65.55536      25.55711
65.56825      25.53722
65.56986      25.53292
65.56945      25.52767
65.56703      25.52567
65.55595      25.52619
65.55148      25.50761
65.54684      25.49986
65.51631      25.48195
65.51306      25.47845
65.5137       25.47534
65.51859      25.47014
65.53741      25.45867
65.54011      25.45586
65.54464      25.43267
65.54353      25.41986
 1             10 
 2 
 -9998.0  ,   -9997.0
  -531.5  ,   -325.2
 123 
67.7791	29.6394
67.8 , 29.6333
67.8208 , 29.6042
67.8375 , 29.575
67.8458 , 29.525
67.8375 , 29.4583
67.85 , 29.4292
67.8917 , 29.4
67.9042 , 29.3792
67.9083 , 29.3333
67.9208 , 29.2667
67.9417 , 29.1958
67.9458 , 29.1333
67.9542 , 29.0833
67.9625 , 29.0042
67.9542 , 28.9708
67.9458 , 28.9042
67.9417 , 28.8458
67.925 , 28.7792
67.9208 , 28.7292
67.9208 , 28.675
67.9375 , 28.5833
67.9583 , 28.5125
67.9458 , 28.4333
67.9375 , 28.3458
67.9 , 28.2833
67.8333 , 28.1792
67.7625 , 28.1042
67.7042 , 28.05
67.6458 , 27.9792
67.6042 , 27.9417
67.5792 , 27.9417
67.5125 , 27.9083
67.4542 , 27.8958
67.4 , 27.8917
67.3875 , 27.8708
67.3708 , 27.8292
67.3375 , 27.7708
67.3125 , 27.725
67.275 , 27.6958
67.2458 , 27.6542
67.2333 , 27.6042
67.2083 , 27.575
67.1708 , 27.55
67.1708 , 27.4833
67.1708 , 27.425
67.1375 , 27.3667
67.1083 , 27.2875
67.1125 , 27.2083
67.1458 , 27.15
67.1458 , 27.075
67.1833 , 27.025
67.1958 , 26.9875
67.2167 , 26.9542
67.2375 , 26.8958
67.1958 , 26.8708
67.1625 , 26.8417
67.1625 , 26.775
67.1458 , 26.7417
67.1542 , 26.6792
67.175 , 26.575
67.2042 , 26.4875
67.2417 , 26.4125
67.2792 , 26.3583
67.3292 , 26.2958
67.3583 , 26.2333
67.4042 , 26.1875
67.4417 , 26.1125
67.4792 , 26.05
67.4917 , 26.0458
67.4708 , 26.0167
67.4375 , 25.9917
67.4167 , 25.95
67.4458 , 25.9167
67.4833 , 25.8583
67.4792 , 25.8083
67.4583 , 25.7708
67.4333 , 25.7458
67.3917 , 25.7083
67.3625 , 25.6667
67.3683 , 25.6558
67.3967 , 25.6475
67.4 , 25.6258
67.3983 , 25.5925
67.3967 , 25.5358
67.3967 , 25.4892
67.4017 , 25.4492
67.3983 , 25.4025
67.385 , 25.3625
67.3733 , 25.3358
67.3517 , 25.3125
67.32 , 25.2908
67.2883 , 25.2708
67.2717 , 25.2558
67.2417 , 25.2375
67.2 , 25.2308
67.1417 , 25.2308
67.085 , 25.2275
 67.062        25.22367 
 67.04603      25.21014 
 67.03442      25.18111 
 67.02606      25.17311 
 67.02201      25.155 
 67.01828      25.13503 
 67.02372      25.12039 
 67.02078      25.11381 
 67.015        25.10617 
 67.00381      25.09133 
 66.96765      25.04342 
 66.96122      25.03859 
 66.95436      25.03792 
 66.93261      25.01667 
 66.92555      25.01372 
 66.92495      25.01347 
 66.91147      25.01278 
 66.89536      25.0145 
 66.892        25.01445 
 66.89198      25.01445 
 66.8782       25.01428 
 66.86636      25.01239 
 66.86378      25.01078 
 66.85811      25.00728 
 66.85221      25 
 1             11 
 1 
 -9999.0  ,   -9998.0
 29 
65.4889 , 25.7428
65.5639 , 25.797
65.6472 , 25.8928
65.7347 , 25.997
65.8347 , 26.0803
65.943 , 26.1345
66.118 , 26.2011
66.2514 , 26.2261
66.3597 , 26.272
66.4805 , 26.3178
66.6764 , 26.4386
66.8139 , 26.497
66.9055 , 26.5303
66.9722 , 26.5136
66.9889 , 26.4511
66.968 , 26.3928
66.8722 , 26.3303
66.7139 , 26.272
66.568 , 26.1886
66.393 , 26.147
66.1639 , 26.0595
66.0389 , 25.9886
65.9014 , 25.9428
65.8264 , 25.8886
65.7305 , 25.8011
65.6514 , 25.6886
65.5055 , 25.6136
65.4389 , 25.6303
65.4389 , 25.697
 1             12 
 1 
 -9999.0  ,   -9998.0
 33 
66.9097 , 26.5345
67.0139 , 26.5886
67.1597 , 26.6886
67.2972 , 26.7261
67.4472 , 26.747
67.593 , 26.747
67.8014 , 26.7303
68.0014 , 26.7178
68.1639 , 26.7303
68.3305 , 26.7303
68.4889 , 26.7345
68.6514 , 26.7386
68.8389 , 26.747
68.9472 , 26.7428
69.0389 , 26.7261
69.0639 , 26.6553
69.0389 , 26.6053
68.9222 , 26.5636
68.7555 , 26.5595
68.5764 , 26.5595
68.3972 , 26.5595
68.2347 , 26.5595
68.0097 , 26.572
67.8472 , 26.5595
67.6972 , 26.5636
67.5514 , 26.5761
67.4139 , 26.5761
67.3305 , 26.5636
67.2014 , 26.5261
67.0972 , 26.472
66.993 , 26.4303
66.9264 , 26.4303
66.8889 , 26.5011
 1             13 
 2 
 -9998.0  ,   -9997.0
  -338.5  ,    -325.2
 416
 67.88981      26.73439 
 67.89042      26.73789 
 67.89078      26.73986 
 67.88951      26.74942 
 67.89198      26.7585 
 67.89303      26.75981 
 67.90178      26.77089 
 67.89723      26.78147 
 67.89508      26.78756 
 67.89425      26.78864 
 67.89233      26.79108 
 67.87791      26.81367 
 67.87603      26.82095 
 67.87781      26.82561 
 67.8786       26.8277 
 67.88372      26.83292 
 67.88301      26.83472 
 67.88558      26.84045 
 67.89236      26.84647 
 67.8947       26.85239 
 67.89428      26.85761 
 67.89883      26.86067 
 67.90236      26.86642 
 67.9025       26.88878 
67.90459      26.89595
67.89903      26.90122
67.8929       26.93614
67.89408      26.94328
67.89539      26.95128
67.8987       26.95722
67.905        26.96303
67.91378      26.96578
67.92014      26.96389
67.9292       26.95642
67.93886      26.94853
 67.94836      26.94336 
 67.94956      26.94233 
 67.9572       26.94289 
 67.95908      26.94303 
 67.96595      26.94636 
67.96772      26.94933
67.97066      26.95431
67.97197      26.95647
67.9763       26.96378
67.97815      26.97178
67.99164      26.99261
68.00317      27.00297
68.0128       27.00783
68.03897      27.00645
68.05309      27.00936
 68.0562       27.00692 
 68.06161      27.00603 
 68.06455      27.0082 
 68.06603      27.01283 
 68.066        27.03456 
 68.06748      27.03961 
 68.09436      27.05831 
68.10364      27.06672
68.10095      27.07042
68.10516      27.07636
68.10386      27.08072
68.11108      27.09533
68.11291      27.10311
68.11006      27.11222
68.10561      27.11964
68.09765      27.12717
68.08461      27.14645
68.06875      27.15984
68.06617      27.16686
68.06814      27.178
68.0715       27.18206
68.07523      27.18256
 68.07741      27.1797 
 68.07948      27.181 
 68.10161      27.18264 
 68.11078      27.18081 
 68.15211      27.18147 
 68.17865      27.18428 
 68.1849       27.18653 
 68.1887       27.19142 
 68.1921       27.20197 
 68.20367      27.20456 
 68.2071       27.20758 
 68.20895      27.21472 
 68.20783      27.22014 
 68.20325      27.22503 
 68.19661      27.22758 
 68.16935      27.23272 
 68.16272      27.23525 
 68.15308      27.24378 
 68.14142      27.27106 
 68.14003      27.27772 
 68.14083      27.28381 
 68.14135      27.28756 
 68.1453       27.29478 
 68.14945      27.29697 
 68.1487       27.29864 
 68.15992      27.3125 
 68.16046      27.31411 
 68.16565      27.33064 
 68.17033      27.33703 
 68.17425      27.339 
 68.18008      27.33958 
 68.19822      27.33544 
 68.20571      27.33628 
 68.22236      27.3482 
 68.22842      27.34939 
 68.25761      27.34389 
 68.26839      27.3427 
 68.277        27.34395 
 68.2915       27.35142 
 68.29786      27.35745 
 68.30025      27.36378 
 68.29789      27.37145 
 68.28478      27.39347 
 68.28131      27.40436 
 68.27192      27.43384 
 68.27395      27.43917 
 68.28028      27.44644 
 68.28698      27.44953 
 68.30183      27.45306 
 68.32473      27.45486 
 68.33211      27.45797 
 68.3415       27.46553 
 68.338        27.47945 
 68.33653      27.48061 
 68.33033      27.48553 
 68.31678      27.49144 
 68.30545      27.49431 
68.30256      27.49695
68.27303      27.51145
68.27058      27.51517
 68.27461      27.52111 
 68.2687       27.53683 
 68.2677       27.53953 
68.268        27.54433
68.26878      27.547
68.26989      27.55086
68.27566      27.55372
68.27995      27.55447
68.2815       27.55472
 68.30614      27.55325 
 68.31433      27.55367 
68.31989      27.5557
68.31906      27.55983
68.32156      27.56939
68.3247       27.5815
68.32911      27.59081
68.33856      27.60297
68.3445       27.60814
68.34956      27.61097
68.35541      27.61111
68.36847      27.60642
68.38492      27.60536
68.39533      27.60228
68.40873      27.60156
68.41172      27.60289
68.41859      27.61581
 68.42406      27.61708 
68.42033      27.63528
68.4172       27.64564
68.42153      27.65725
68.43417      27.67386
68.44055      27.67945
68.44548      27.67978
68.45158      27.6797
68.45611      27.67711
 68.46322      27.66703 
 68.47742      27.66297 
 68.48697      27.65625 
 68.49061      27.6537 
 68.49917      27.64992 
 68.50692      27.64947 
 68.51206      27.65 
 68.5254       27.65911 
 68.54186      27.68164 
 68.55055      27.68895 
 68.56333      27.69364 
 68.5732       27.69345 
 68.58053      27.6907 
 68.60106      27.67947 
 68.60931      27.67828 
 68.61353      27.67767 
 68.62497      27.68 
 68.62535      27.68039 
 68.62953      27.6845 
 68.63128      27.6885 
 68.628        27.72897 
 68.6279       27.73284 
 68.62878      27.743 
 68.6313       27.75169 
 68.63578      27.7605 
 68.64467      27.768 
 68.65228      27.77445 
 68.66503      27.78081 
 68.67181      27.78136 
 68.67581      27.78022 
 68.67797      27.77961 
 68.6847       27.77372 
 68.69528      27.75661 
 68.70309      27.74133 
 68.707        27.73367 
 68.70925      27.72934 
 68.71678      27.70972 
 68.72486      27.68878 
 68.72625      27.68514 
 68.72773      27.68222 
68.7352       27.66728
68.74267      27.66531
68.7607       27.65153
68.76209      27.65047
68.76428      27.65053
68.76981      27.64911
68.77172      27.64861
68.7725       27.64903
68.77914      27.65272
68.79616      27.65664
68.81353      27.66536
68.82992      27.67695
68.83517      27.68067
68.84214      27.68361
68.86114      27.69167
68.86622      27.69606
68.86653      27.69631
68.87055      27.69981
68.87725      27.70308
68.87964      27.70378
68.88495      27.70533
68.8875       27.70545
68.89291      27.7057
68.89911      27.70186
68.90803      27.70164
68.93061      27.70878
68.93025      27.73133
68.92817      27.73986
68.92384      27.74353
68.91725      27.74403
68.9148       27.74772
68.90811      27.75261
68.88198      27.75775
68.8793       27.75828
68.87465      27.76045
68.84745      27.77308
68.84531      27.77489
68.84072      27.77878
68.83425      27.79203
68.83451      27.81772
68.83816      27.82178
68.85323      27.82942
68.8742       27.84447
68.88075      27.84586
68.90092      27.84692
68.91375      27.85053
68.92733      27.86145
68.94048      27.87989
68.94753      27.88861
68.94998      27.89431
68.94822      27.90722
68.94361      27.91256
68.91734      27.9312
68.91583      27.93225
68.90358      27.94225
68.89542      27.95753
68.89461      27.96092
68.89381      27.9642
68.89508      27.96922
68.89786      27.97181
68.90839      27.97306
68.95045      27.97517
68.97265      27.98128
68.98145      27.98645
68.98875      27.98639
68.98905      27.9837
68.98705      27.98139
68.98631      27.9805
68.96236      27.9702
68.94617      27.96797
68.921        27.96767
68.90139      27.96267
68.89914      27.95886
68.90186      27.95328
68.90791      27.9465
68.91275      27.94203
68.92761      27.93364
68.93136      27.93153
68.93967      27.92856
68.94664      27.92286
68.953        27.91317
68.95606      27.90486
68.9542       27.89481
68.94711      27.87817
68.94389      27.86597
68.94031      27.85922
68.92995      27.85147
68.9222       27.84233
68.91589      27.84095
68.90606      27.841
68.89214      27.84108
68.884        27.83861
68.85508      27.82089
68.84822      27.81467
68.84511      27.80731
68.84636      27.79625
68.84534      27.79078
68.84708      27.78706
68.87906      27.76831
68.88298      27.76714
68.90681      27.76009
68.91258      27.76045
68.9177       27.76306
68.92897      27.75347
68.93266      27.74706
68.93661      27.73022
68.93972      27.72839
68.94653      27.72811
68.96861      27.7365
68.97625      27.74106
68.98153      27.74575
68.984        27.7502
68.98181      27.7545
68.97906      27.75992
68.97906      27.76911
68.98448      27.82353
68.98209      27.83395
68.96811      27.85581
68.96506      27.86536
68.96461      27.87392
68.96506      27.87603
68.96628      27.88189
68.9777       27.90386
69.0192       27.94564
69.02372      27.96139
69.0309       27.96697
69.04086      27.97989
69.04661      27.98733
69.04203      27.99122
69.03892      27.992
69.03658      27.99259
69.03572      27.99325
69.0337       27.99481
69.03533      28.00508
69.03117      28.02109
69.03284      28.02906
69.03931      28.04361
69.04564      28.05375
69.05209      28.06017
69.05795      28.06506
69.06384      28.07
69.0855       28.07939
69.0952       28.07792
69.10903      28.07003
69.11422      28.06992
69.11978      28.07295
69.13381      28.08722
69.14814      28.09836
69.15153      28.10428
69.15325      28.11161
69.15306      28.11845
69.15289      28.12622
69.15836      28.13303
69.16372      28.13606
69.18108      28.13847
69.18222      28.14017
69.19095      28.1397
69.18778      28.13483
69.1897       28.13339
69.19984      28.13253
69.22         28.14047
69.22878      28.14395
69.23981      28.15667
69.24928      28.165
69.24961      28.16522
69.25553      28.16908
69.2628       28.17108
69.2703       28.17206
69.276        28.1707
69.28872      28.17136
69.29398      28.17272
69.30651      28.17597
69.29908      28.17111
69.29486      28.16972
69.293        28.16914
69.29459      28.16697
69.29495      28.16645
69.30345      28.16575
69.31589      28.16125
69.3227       28.15878
69.32997      28.15956
69.36386      28.18333
69.37483      28.18811
69.37845      28.19486
69.36733      28.20742
69.36576      28.21534
69.3697       28.22559
69.37175      28.23089
69.38147      28.2392
69.38517      28.23895
69.3862       28.23886
69.37328      28.22528
69.3715       28.22086
69.37123      28.2125
69.37272      28.20897
69.3852       28.19917
69.39225      28.19906
69.39464      28.19764
69.39242      28.19239
69.38464      28.19203
69.37998      28.18986
69.37956      28.18731
69.37895      28.18339
69.38203      28.17878
69.39206      28.1677
69.39539      28.16403
69.39653      28.1557
69.39917      28.15217
69.40225	28.15222
 1             14 
 2 
 -9998.0  ,   -9997.0
  -338.5  ,    -325.2
 37 
67.88981	26.73439
67.9001 , 26.7329
67.9057 , 26.7262
67.9135 , 26.7173
67.9135 , 26.7085
67.9257 , 26.7018
67.939 , 26.7018
67.9557 , 26.7085
67.979 , 26.7085
67.999 , 26.7073
68.0401 , 26.7029
68.0657 , 26.6918
68.0879 , 26.674
68.1013 , 26.6496
68.1113 , 26.6229
68.119 , 26.5929
68.1457 , 26.5885
68.1868 , 26.5885
68.2357 , 26.6073
68.2968 , 26.6251
68.3446 , 26.6396
68.3835 , 26.6507
68.4401 , 26.664
68.489 , 26.6762
68.5435 , 26.6818
68.6013 , 26.6818
68.639 , 26.6729
68.6824 , 26.6662
68.7246 , 26.6585
68.7668 , 26.6496
68.8046 , 26.6418
68.8568 , 26.634
68.8929 , 26.6296
68.9396 , 26.6212
68.9796 , 26.6179
69.0263 , 26.6179
69.0946 , 26.6246
 1             15 
 2 
 -9998.0  ,   -9997.0
  -338.5  ,    -325.2
 231
67.88981      26.73439
67.88866      26.72633
67.88367      26.69117
67.88467      26.68264
67.88281      26.67567
67.87981      26.66828
67.86961      26.65461
67.8657       26.65097
67.86106      26.64664
67.8587       26.64114
67.8588       26.63195
67.85931      26.63031
67.86065      26.62614
67.86745      26.62083
67.89433      26.606
67.89875      26.59945
67.90166      26.58908
67.90106      26.58817
67.8977       26.58331
67.89825      26.58103
67.92136      26.55117
67.9329       26.54042
67.93278      26.53708
67.93142      26.53495
67.92415      26.52345
67.92375      26.52283
67.92106      26.52275
67.91934      26.52269
67.91525      26.51381
67.909        26.50653
67.90598      26.50039
67.9042       26.49156
67.90517      26.48345
67.91086      26.46772
67.9162       26.45303
67.91642      26.44678
67.91426      26.44253
67.9067       26.43428
67.90109      26.42817
67.88736      26.41606
67.88278      26.4092
67.88139      26.40711
67.878        26.39867
67.8782       26.39261
67.8803       26.3795
67.88347      26.37395
67.88525      26.37086
67.89433      26.36256
67.8985       26.33656
67.90391      26.32731
67.9125       26.32045
67.92098      26.31692
67.92461      26.31609
67.93236      26.31425
67.93453      26.31375
67.93764      26.31114
67.9387       26.30761
67.935        26.29978
67.93439      26.2992
67.91461      26.28061
67.91225      26.2747
67.9117       26.26442
67.91517      26.25114
67.91978      26.24522
67.933        26.23808
67.96653      26.24022
67.96789      26.24031
67.97336      26.23858
67.98006      26.23647
67.98595      26.2337
68.0114       26.21478
68.03067      26.20245
68.03173      26.20175
 68.02683      26.19619 
 68.01981      26.19139 
68.0175       26.19134
68.01561      26.18564
68.01711      26.18214
68.02116      26.17911
68.05228      26.16889
68.06672      26.16595
68.07453      26.16111
68.07903      26.15833
68.0867       26.15683
68.0902       26.15614
68.10315      26.14939
68.11622      26.14617
68.12209      26.14342
68.12617      26.13914
68.12653      26.13517
68.12614      26.13389
68.12406      26.12708
68.12161      26.11914
68.12089      26.11683
68.11514      26.08614
68.11461      26.08325
68.1165       26.07494
68.12356      26.06447
68.135        26.0535
68.13581      26.05058
68.14817      26.03317
68.15508      26.02647
68.16825      26.01739
68.16881      26.017
68.1829       26.00986
68.1912       26.00297
68.19839      25.99586
68.22128      25.97325
68.22853      25.96322
68.22886      25.95989
68.2218       25.93483
68.22211      25.93192
68.22251      25.92797
68.22923      25.91717
68.24523      25.9035
68.28717      25.87658
68.29475      25.87008
68.29847      25.86142
68.3075       25.8537
68.3322       25.83886
68.33542      25.83853
 68.3404       25.83533 
 68.34289      25.83483 
 68.34714      25.83417 
 68.35206      25.83408 
 68.36296      25.83664 
 68.36436      25.83678 
 68.368        25.83695 
 68.37286      25.8372 
 68.37545      25.83517 
 68.3882       25.82525 
 68.39367      25.8165 
 68.39475      25.81475 
68.39422      25.81417
68.38472      25.80386
68.37514      25.79986
68.34686      25.75967
68.3325       25.74697
68.32264      25.74161
68.31756      25.73886
68.3162       25.73206
68.31433      25.72275
68.31316      25.71683
68.31523      25.71019
68.31842      25.70575
68.32053      25.70281
68.33411      25.69542
68.36065      25.68711
68.37803      25.68336
68.39048      25.68347
68.39105      25.68356
68.40089      25.68186
68.40676      25.67867
68.4125       25.67128
68.41147      25.66667
68.40728      25.66864
68.40428      25.66878
68.40365      25.66708
68.41123      25.66017
68.41939      25.64889
68.42045      25.64495
68.4187       25.64178
68.41039      25.64197
68.40053      25.63928
68.39281      25.63717
68.3837       25.63422
68.37534      25.629
68.36698      25.61606
68.36606      25.60078
68.37253      25.57003
68.37375      25.56025
68.37211      25.55311
68.36867      25.5455
68.35467      25.52947
68.33522      25.51833
68.31178      25.49986
68.30583      25.48708
68.30933      25.46381
68.30859      25.44372
68.3079       25.44122
68.30466      25.42942
68.30425      25.42795
68.30155      25.4062
68.29947      25.38942
68.29972      25.38639
68.3002       25.38086
68.30725      25.36875
68.30933      25.36517
68.31039      25.36336
68.31223      25.36156
68.31372      25.36008
68.31865      25.35525
68.32153      25.35239
68.32986      25.33608
68.33403      25.3197
68.33923      25.30731
68.34167      25.29547
68.34023      25.28981
68.33884      25.2835
68.33256      25.27081
68.32291      25.25572
68.30092      25.23261
68.27865      25.21867
68.27464      25.21522
68.27192      25.20661
68.27216      25.19908
68.27417      25.19331
68.27636      25.18897
68.28531      25.18231
68.32433      25.1662
68.3332       25.161
68.34403      25.15208
68.35339      25.13875
68.35581      25.12733
68.35375      25.11933
68.34556      25.11703
68.34061      25.12017
68.32428      25.13047
68.31245      25.13561
68.29711      25.13439
68.29011      25.13108
68.27786      25.11928
68.27378      25.11061
68.27389      25.09717
68.27392      25.09222
68.27689      25.0777
68.26497      25.04859
68.26203      25.03994
68.26158      25.03242
68.26667      25.01625
68.26945      25
 1             16 
 2 
 -9998.0  ,   -9997.0
  -515.5  ,    -325.2
 4
68.18403      25
68.19153      25.003
68.19453      25.00247
68.19775      25
 1             17 
 2 
 -9998.0  ,   -9997.0
  -515.5  ,    -316.5
 23 
69.0946	26.6246
69.0939 , 26.5819
69.1147 , 26.5278
69.1731 , 26.4778
69.2439 , 26.4194
69.2981 , 26.3694
69.3647 , 26.2819
69.4397 , 26.2194
69.4939 , 26.1611
69.5772 , 26.0819
69.6147 , 25.9986
69.6522 , 25.9194
69.7106 , 25.8403
69.7439 , 25.7653
69.7897 , 25.7028
69.8147 , 25.6486
69.8397 , 25.5903
69.8397 , 25.4861
69.8397 , 25.3778
69.8231 , 25.2736
69.8022 , 25.1778
69.7689 , 25.0861
69.7381	25
 1             18 
 2 
 -9998.0  ,   -9997.0
  -515.5  ,    -316.5
 14 
70	27.9794
69.9439 , 27.7653
69.8689 , 27.6611
69.7856 , 27.5528
69.6564 , 27.4528
69.5814 , 27.3611
69.5189 , 27.2528
69.4522 , 27.1528
69.3856 , 27.0444
69.3106 , 26.9361
69.2314 , 26.8611
69.1689 , 26.7903
69.1106 , 26.7194
69.0946	26.6246
 1             19 
 1 
 -9999.0  ,   -9998.0
 41
70. , 28.7292
69.8583 , 28.6917
69.7875 , 28.6042
69.6917 , 28.4958
69.6083 , 28.4042
69.5417 , 28.3167
69.4167 , 28.2625
69.3125 , 28.2
69.1625 , 28.15
69.0292 , 28.075
68.975 , 27.9958
68.8958 , 27.8958
68.8375 , 27.8083
68.7292 , 27.7417
68.6042 , 27.6833
68.5083 , 27.6667
68.3958 , 27.6083
68.3083 , 27.5417
68.2583 , 27.45
68.1917 , 27.35
68.1333 , 27.3333
68.075 , 27.4
68.1292 , 27.5167
68.1792 , 27.65
68.2875 , 27.7333
68.3542 , 27.8
68.5125 , 27.8167
68.6167 , 27.8542
68.7542 , 27.9458
68.85 , 28.05
68.9083 , 28.1417
69.0292 , 28.225
69.0292 , 28.225
69.1542 , 28.2833
69.3917 , 28.4042
69.4667 , 28.4833
69.5542 , 28.5625
69.6417 , 28.6958
69.7333 , 28.8083
69.8833 , 28.875
70. , 28.9292
 1             20 
 1 
 -9999.0  ,   -9998.0
 55 
68.2 , 27.3833
68.1333 , 27.325
68.0542 , 27.2083
67.975 , 27.1042
67.9 , 27.0042
67.8625 , 26.9042
67.8583 , 26.8042
67.85 , 26.6792
67.85 , 26.5958
67.85 , 26.4917
67.85 , 26.4083
67.8833 , 26.3042
67.9 , 26.2333
67.975 , 26.1917
68.0708 , 26.1
68.15 , 26.0042
68.2167 , 25.9042
68.2833 , 25.8083
68.2875 , 25.7292
68.3375 , 25.6167
68.3083 , 25.5167
68.275 , 25.4417
68.2792 , 25.3667
68.2375 , 25.3125
68.15 , 25.3125
68.1167 , 25.3792
68.1208 , 25.4542
68.1208 , 25.4542
68.1625 , 25.5708
68.1917 , 25.6208
68.1458 , 25.7
68.1333 , 25.7875
68.1125 , 25.8208
68.0417 , 25.8958
67.9875 , 26.0042
67.9625 , 26.0625
67.8875 , 26.1083
67.8375 , 26.1417
67.7833 , 26.2042
67.75 , 26.2833
67.7333 , 26.3458
67.7083 , 26.45
67.7083 , 26.525
67.7167 , 26.65
67.725 , 26.7292
67.7125 , 26.8667
67.725 , 26.975
67.725 , 26.975
67.7625 , 27.0625
67.8042 , 27.1542
67.8875 , 27.2458
67.975 , 27.3375
68.075 , 27.4083
68.175 , 27.4417
68.2 , 27.3875
 1             21 
 2 
 -9998.0  ,   -9997.0
  -610.1  ,    -515.5
 35 
70	29.2809
69.9676 , 29.2744
69.9367 , 29.2744
69.9103 , 29.2479
69.8926 , 29.2082
69.8617 , 29.195
69.8441 , 29.1509
69.8132 , 29.12
69.7955 , 29.0891
69.7426 , 29.0494
69.6808 , 29.0185
69.6323 , 28.9965
69.5882 , 28.9877
69.597 , 28.9656
69.5661 , 28.9391
69.5308 , 28.9082
69.5044 , 28.8906
69.4602 , 28.8465
69.4161 , 28.8112
69.3764 , 28.8068
69.3235 , 28.8068
69.2926 , 28.8068
69.2529 , 28.7803
69.2088 , 28.7274
69.1779 , 28.6921
69.1735 , 28.6391
69.1558 , 28.5994
69.147 , 28.5553
69.1294 , 28.5244
69.1029 , 28.4847
69.0897 , 28.4494
69.0544 , 28.4318
69.0147 , 28.4097
68.9794 , 28.3788
68.9264	28.3215
 1             22 
 2 
 -9998.0  ,   -9997.0
  -610.1  ,    -515.5
 18 
68.9264	28.3215
68.9573 , 28.295
68.9794 , 28.2421
69.0147 , 28.2156
69.0544 , 28.1671
69.0985 , 28.1582
69.1558 , 28.1627
69.2176 , 28.1671
69.2415 , 28.1445
69.275 , 28.1229
69.275 , 28.07
69.2794 , 28.0127
69.2882 , 27.9774
69.297 , 27.9156
69.3058 , 27.8627
69.3235 , 27.8097
69.3411 , 27.7656
69.3676	27.6994
 1             23 
 2 
 -9998.0  ,   -9997.0
  -610.1  ,    -515.5
 18 
70	27.9794
69.9676 , 27.9509
69.9235 , 27.9597
69.897 , 27.9553
69.8352 , 27.9421
69.7911 , 27.9421
69.7603 , 27.9244
69.7161 , 27.9068
69.672 , 27.8935
69.65 , 27.8627
69.6191 , 27.8318
69.5838 , 27.8097
69.5485 , 27.7921
69.5176 , 27.7612
69.4691 , 27.7303
69.4382 , 27.7303
69.4161 , 27.7259
69.3676	27.6994
 1             24 
 2 
 -9998.0  ,   -9997.0
  -610.1  ,    -515.5
 54 
68.9264	28.3215
68.8955 , 28.3303
68.8382 , 28.3215
68.7941 , 28.3215
68.7544 , 28.3347
68.7147 , 28.3126
68.675 , 28.2862
68.6397 , 28.2465
68.5823 , 28.2288
68.5514 , 28.2597
68.5161 , 28.2729
68.4632 , 28.2465
68.4235 , 28.2244
68.3529 , 28.1979
68.2911 , 28.1627
68.2338 , 28.1318
68.1808 , 28.0832
68.15 , 28.0303
68.0926 , 27.9641
68.0617 , 27.9332
68.0264 , 27.8803
67.9867 , 27.8538
67.925 , 27.8141
67.8588 , 27.7744
67.8235 , 27.7259
67.7882 , 27.6553
67.775 , 27.5626
67.7352 , 27.4965
67.7044 , 27.4435
67.6514 , 27.4082
67.625 , 27.3729
67.5941 , 27.3288
67.6046 , 27.3558
67.5825 , 27.3249
67.5781 , 27.3029
67.5384 , 27.2499
67.5252 , 27.1882
67.5296 , 27.1485
67.5428 , 27.0955
67.5384 , 27.0514
67.5516 , 27.0161
67.5825 , 26.9941
67.6046 , 26.9588
67.6619 , 26.9588
67.6708 , 26.9279
67.684 , 26.9014
67.7193 , 26.8926
67.7281 , 26.8749
67.7546 , 26.8661
67.7722 , 26.8485
67.781 , 26.8308
67.8252 , 26.8264
67.8428 , 26.7999
67.8693	26.7867
 1             25 
 2 
 -9998.0  ,   -9997.0
  -610.1  ,    -515.5
 47 
69.3676	27.6994
69.3588 , 27.6465
69.3323 , 27.5979
69.2926 , 27.5538
69.275 , 27.5141
69.2308 , 27.4744
69.1911 , 27.4524
69.1558 , 27.4215
69.1117 , 27.395
69.072 , 27.395
69.0058 , 27.3862
68.9485 , 27.3774
68.9176 , 27.3774
68.8558 , 27.3641
68.825 , 27.3377
68.7853 , 27.32
68.7605 , 27.3205
68.7296 , 27.2896
68.6987 , 27.2588
68.681 , 27.2279
68.6678 , 27.197
68.6413 , 27.1529
68.6413 , 27.1044
68.6413 , 27.0647
68.6413 , 27.0205
68.659 , 26.9897
68.6325 , 26.9499
68.6281 , 26.9058
68.584 , 26.8838
68.5531 , 26.8838
68.5266 , 26.8838
68.5046 , 26.8794
68.4649 , 26.8485
68.4516 , 26.8441
68.4163 , 26.822
68.381 , 26.7867
68.3546 , 26.7646
68.3237 , 26.7514
68.2663 , 26.7514
68.1913 , 26.7514
68.1384 , 26.7514
68.081 , 26.7691
68.0413 , 26.7823
67.984 , 26.7911
67.9443 , 26.7911
67.909 , 26.7911
67.8693	26.7867
 1             26 
 2 
 -9998.0  ,   -9997.0
  -610.1  ,    -543.5
 40 
67.7882	29.9362
67.872 , 29.9406
67.9029 , 29.8965
67.925 , 29.8744
67.9382 , 29.8347
67.9558 , 29.8215
67.9955 , 29.8038
68.0308 , 29.7862
68.075 , 29.7465
68.1058 , 29.7112
68.1367 , 29.6891
68.1764 , 29.6627
68.1897 , 29.6362
68.2117 , 29.5788
68.2029 , 29.5612
68.1764 , 29.5171
68.1632 , 29.4597
68.1808 , 29.4288
68.1808 , 29.3979
68.1544 , 29.3759
68.1014 , 29.3274
68.0485 , 29.3274
67.9735 , 29.3274
67.9205 , 29.3185
67.8764 , 29.3097
67.8367 , 29.2744
67.8058 , 29.2347
67.7705 , 29.195
67.7441 , 29.1774
67.7176 , 29.1465
67.6867 , 29.1465
67.625 , 29.1465
67.5588 , 29.1377
67.5058 , 29.1377
67.4529 , 29.1156
67.4132 , 29.1156
67.3955 , 29.1377
67.3955 , 29.1818
67.4132 , 29.2479
67.4088	29.3009
 1             27 
 2 
 -9998.0  ,   -9997.0
  -610.1  ,    -543.5
 20 
67.4088	29.3009
67.4176 , 29.3406
67.4352 , 29.3979
67.4352 , 29.4465
67.422 , 29.4862
67.4264 , 29.5391
67.4352 , 29.5744
67.4352 , 29.6097
67.4352 , 29.6891
67.4352 , 29.6891
67.4397 , 29.7288
67.4529 , 29.7685
67.4617 , 29.8126
67.4926 , 29.8524
67.5279 , 29.8656
67.5808 , 29.87
67.6514 , 29.9009
67.7132 , 29.9185
67.7529 , 29.9274
67.7882	29.9362
 1             28 
 2 
 -9998.0  ,   -9997.0
  -338.5  ,    -325.2
 12 
70	27.9794
69.9717 , 27.9893
69.9262 , 27.9852
69.8621 , 27.9748
69.771 , 27.9707
69.711 , 27.9852
69.62 , 28.0141
69.5579 , 28.0266
69.4855 , 28.0597
69.4441 , 28.1072
69.4193 , 28.1383
69.40225	28.15222
 1             29 
 2 
 -9998.0  ,   -9997.0
  -338.5  ,    -325.2
 133
69.40225	28.15222
69.42047      28.15922
69.42333      28.16825
69.41731      28.18592
69.41765      28.19136
69.41936      28.19889
69.42711      28.21178
69.43339      28.21606
69.44666      28.21683
69.45905      28.21753
69.47676      28.21658
69.49472      28.21414
69.49758      28.21253
69.51006      28.20208
69.51717      28.20031
69.539        28.20484
69.54881      28.20917
69.5525       28.2132
69.55506      28.2265
69.55534      28.22803
69.55611      28.23206
69.56036      28.24278
69.56081      28.25322
69.561        28.25806
69.56475      28.27045
69.57103      28.27597
69.57715      28.27731
69.58365      28.282
69.59406      28.29178
69.60036      28.29545
69.61022      28.29725
69.61816      28.30156
69.62414      28.30917
69.63075      28.32767
69.63198      28.33103
69.6415       28.35059
69.64156      28.35203
69.64181      28.35853
69.64523      28.35295
69.64473      28.35142
69.64145      28.3412
69.63753      28.3357
69.62698      28.30964
69.62822      28.30506
69.63206      28.3022
69.63773      28.30186
69.6583       28.31117
69.67247      28.32264
69.67661      28.32878
69.67814      28.33614
69.67958      28.34322
69.68158      28.35286
69.67731      28.36658
69.67828      28.37706
69.68715      28.39411
69.68498      28.39636
69.66991      28.39447
69.66289      28.39231
69.65611      28.38717
69.64339      28.3855
69.64378      28.38947
69.65747      28.39094
69.66606      28.39733
69.67764      28.39794
69.68536      28.40097
69.70261      28.4125
69.70656      28.41659
69.70939      28.41953
69.7112       28.42142
69.72708      28.43961
69.73873      28.4402
69.75278      28.44625
69.76253      28.46728
69.76383      28.47336
69.76458      28.48381
69.76258      28.50281
69.76505      28.50908
69.77597      28.51906
69.77808      28.52097
69.78375      28.52147
69.78772      28.52342
69.798        28.53109
69.79653      28.53356
69.79984      28.53556
69.811        28.54358
69.81831      28.54536
69.79295      28.52267
69.77328      28.51297
69.76678      28.50578
69.7679       28.48428
69.7727       28.48039
69.77858      28.48089
69.78558      28.48559
69.80158      28.50231
69.80458      28.50384
69.80956      28.50639
69.81561      28.51147
69.8177       28.51244
69.82311      28.51495
69.84383      28.51961
69.86542      28.52908
69.87197      28.53231
69.88316      28.54186
69.88817      28.55342
69.88765      28.55572
69.88478      28.55733
69.87791      28.55747
69.86414      28.55489
69.85515      28.55511
69.85339      28.5547
69.84278      28.55217
69.84216      28.55286
69.84133      28.55383
69.8442       28.55547
69.84765      28.55747
69.86616      28.55733
69.88278      28.56295
69.89345      28.5627
69.89764      28.56567
69.90123      28.57522
69.90534      28.58625
69.91834      28.60084
69.93498      28.60897
69.94539      28.60911
69.94756      28.60839
69.94895      28.60792
69.95341      28.60983
69.95436      28.61236
69.95558      28.61556
69.96181      28.63209
69.96758      28.64053
69.97576      28.64606
70            28.68992
 1             30 
 1 
 -9999.0  ,   -9998.0
 57
70. , 28.6529
69.9064 , 28.5598
69.8133 , 28.4977
69.7326 , 28.4233
69.7015 , 28.3798
69.6581 , 28.2991
69.5898 , 28.2681
69.5588 , 28.2246
69.4533 , 28.1936
69.354 , 28.1564
69.2609 , 28.1377
69.1553 , 28.0757
69.0871 , 28.0322
69.0436 , 27.9515
69.0002 , 27.8895
69.0126 , 27.7715
68.9815 , 27.7157
68.8636 , 27.6536
68.7271 , 27.6101
68.7209 , 27.6101
68.7084 , 27.6164
68.7022 , 27.6226
68.696 , 27.6226
68.6898 , 27.6288
68.5905 , 27.6536
68.516 , 27.635
68.4353 , 27.6039
68.3733 , 27.5605
68.3422 , 27.517
68.3422 , 27.4426
68.3422 , 27.3929
68.3857 , 27.3743
68.3919 , 27.3743
68.3981 , 27.3743
68.4291 , 27.3805
68.4478 , 27.4426
68.4974 , 27.517
68.5657 , 27.5481
68.634 , 27.5605
68.7022 , 27.517
68.7953 , 27.5108
68.9133 , 27.5667
69.0312 , 27.6536
69.1057 , 27.7219
69.1181 , 27.7901
69.1057 , 27.8584
69.1491 , 27.9205
69.2484 , 27.9888
69.354 , 28.0508
69.4781 , 28.0943
69.5712 , 28.1253
69.6705 , 28.1998
69.7574 , 28.2743
69.7947 , 28.3488
69.8753 , 28.4046
69.9312 , 28.4791
70. , 28.5164
 1             31 
 1 
 -9999.0  ,   -9998.0
 21 
68.3441 , 27.5172
68.3152 , 27.4966
68.2872 , 27.4779
68.2386 , 27.4603
68.191 , 27.4521
68.1455 , 27.45
68.0917 , 27.4335
68.0721 , 27.4117
68.0783 , 27.3838
68.0938 , 27.3559
68.1238 , 27.3445
68.1683 , 27.3445
68.1983 , 27.3652
68.2541 , 27.3921
68.3028 , 27.3972
68.3421 , 27.3921
68.3741 , 27.4107
68.4207 , 27.4314
68.4434 , 27.451
68.4434 , 27.4986
68.3948 , 27.5214
 1             32 
 1 
 -9999.0  ,   -9998.0
 12
68.1117 , 25.399
68.1065 , 25.3007
68.1169 , 25.2024
68.1531 , 25.0938
68.1686 , 25.
68.2721 , 25.
68.2876 , 25.0731
68.2876 , 25.2179
68.2824 , 25.3214
68.2876 , 25.3886
68.241 , 25.4714
68.1583 , 25.4714
 1             33 
 1 
 -9999.0  ,   -9998.0
 54 
68.3669 , 27.531
68.3244 , 27.5629
68.2446 , 27.6108
68.1329 , 27.6534
68.0158 , 27.68
67.8988 , 27.6746
67.7817 , 27.7172
67.7179 , 27.7704
67.654 , 27.8981
67.6221 , 28.0258
67.6274 , 28.1801
67.6328 , 28.3556
67.6274 , 28.478
67.6221 , 28.5684
67.6115 , 28.6961
67.5689 , 28.8291
67.4998 , 28.9781
67.4199 , 29.1164
67.3508 , 29.2388
67.2923 , 29.3345
67.2125 , 29.4356
67.1273 , 29.5473
67.0422 , 29.6591
66.9784 , 29.7708
66.9624 , 29.8878
66.9358 , 30.
66.8188 , 30.
66.8507 , 29.8719
66.8773 , 29.7442
66.9518 , 29.6112
67.0316 , 29.4729
67.0848 , 29.3877
67.1805 , 29.2813
67.2284 , 29.2122
67.3082 , 29.0792
67.3774 , 28.9196
67.4306 , 28.8185
67.4838 , 28.6855
67.4838 , 28.5578
67.4891 , 28.4567
67.4944 , 28.3397
67.4944 , 28.1801
67.5051 , 27.9992
67.5423 , 27.8715
67.5955 , 27.7544
67.6647 , 27.6693
67.787 , 27.6055
67.787 , 27.6055
67.787 , 27.6055
67.9892 , 27.5789
68.1275 , 27.547
68.1967 , 27.5097
68.2765 , 27.4831
68.3669 , 27.4938
 1             34 
 1 
 -9999.0  ,   -9998.0
 51
66.9163 , 25.
66.8749 , 25.0867
66.8077 , 25.2626
66.7663 , 25.4126
66.6991 , 25.5419
66.6422 , 25.635
66.5801 , 25.6867
66.4508 , 25.7022
66.3629 , 25.7488
66.3266 , 25.8212
66.3266 , 25.8212
66.2594 , 25.9402
66.2129 , 26.0488
66.1508 , 26.1108
66.1146 , 26.1626
66.0939 , 26.1936
66.0111 , 26.2143
65.9232 , 26.2143
65.7939 , 26.2143
65.6284 , 26.2246
65.5353 , 26.2608
65.468 , 26.3074
65.3439 , 26.2815
65.1991 , 26.2298
65.0904 , 26.1988
65. , 26.1833
65. , 26.1005
65.1163 , 26.1212
65.2456 , 26.1212
65.3594 , 26.1677
65.468 , 26.1626
65.5611 , 26.1315
65.6801 , 26.1057
65.8094 , 26.1108
65.9284 , 26.1264
66.0111 , 26.1005
66.0784 , 26.0177
66.1766 , 25.9091
66.2232 , 25.8057
66.2956 , 25.7126
66.3887 , 25.6402
66.4922 , 25.6091
66.4922 , 25.6091
66.5646 , 25.5884
66.6163 , 25.4953
66.6577 , 25.4022
66.6835 , 25.2884
66.6835 , 25.2884
66.756 , 25.1798
66.7663 , 25.0764
66.8232 , 25.
 1             35 
 1 
 -9999.0  ,   -9998.0
 22
66.4952 , 25.
66.4766 , 25.1945
66.4579 , 25.3435
66.4455 , 25.4738
66.3648 , 25.4986
66.2283 , 25.3993
66.011 , 25.3745
65.8248 , 25.3683
65.62 , 25.3062
65.3655 , 25.3
65.1545 , 25.2814
65. , 25.2752
65. , 25.2007
65.1731 , 25.1821
65.3966 , 25.1821
65.6697 , 25.1945
65.8559 , 25.2752
66.0297 , 25.3
66.2097 , 25.3186
66.3214 , 25.331
66.3462 , 25.2007
66.3524 , 25.
