 20 
 1             1 
 2 
 -9998.0  ,   -9997.0
  1999.0  ,    9990.0
 40 
 37.50172      30 
 37.50061      29.99781 
 37.36373      29.97389 
 37.33845      29.9695 
 37.32817      29.9677 
 37.2255       29.94975 
 36.93284      29.89861 
 36.91284      29.89511 
 36.88189      29.88972 
 36.78692      29.87314 
 36.78317      29.87247 
 36.75306      29.86722 
 36.74558      29.85633 
 36.71272      29.80845 
 36.68881      29.77361 
 36.67394      29.75197 
 36.54817      29.5687 
 36.52206      29.53067 
 36.496        29.4927 
 36.45425      29.46256 
 36.35517      29.39106 
 36.24492      29.31147 
 36.15678      29.24786 
 36.1495       29.24261 
 36.09825      29.20564 
 36.08078      29.19303 
 36.0765       29.18995 
 36.07089      29.18589 
 36.06814      29.18631 
 35.86883      29.21736 
 35.85314      29.21981 
 35.76797      29.23306 
 35.63978      29.25303 
 35.5635       29.26492 
 35.38495      29.29272 
 35.37647      29.29403 
 35.18411      29.324 
 35.13431      29.33175 
 35.03553      29.34714 
 35            29.35267 
 1             2 
 2 
 -9998.0  ,   -9997.0
  1999.0  ,    9990.0
 22 
 35.09192      30 
 35.08086      29.96175 
 35.07761      29.95053 
 35.078        29.94064 
 35.07945      29.90542 
 35.08056      29.87783 
 35.08078      29.87231 
 35.06931      29.85233 
 35.05356      29.82486 
 35.05128      29.82092 
 35.0497       29.81425 
 35.04681      29.80211 
 35.04972      29.7872 
 35.04942      29.785 
 35.04683      29.767 
 35.02975      29.70506 
 35.02975      29.67131 
 35.03239      29.65022 
 35.03267      29.63072 
 35.01953      29.61669 
 35.00167      29.60522 
 35            29.60353 
 1             3 
 2 
 -9998.0  ,   -9997.0
 -1506.5  ,   -1154.5
 29 
35.0876 , 30
35.0852 , 29.9971
35.0831 , 29.991
35.0738 , 29.984
35.0655 , 29.9735
35.0562 , 29.9666
35.0541 , 29.957
35.0603 , 29.9526
35.0645 , 29.9517
35.0645 , 29.9404
35.0645 , 29.9308
35.0645 , 29.923
35.0572 , 29.9169
35.0634 , 29.916
35.0634 , 29.9099
35.0541 , 29.9055
35.0521 , 29.8985
35.0562 , 29.8951
35.05 , 29.8837
35.0365 , 29.8794
35.0293 , 29.8733
35.0272 , 29.8637
35.0221 , 29.8549
35.021 , 29.8445
35.0272 , 29.8436
35.0272 , 29.8401
35.0179 , 29.8358
35.0159 , 29.827
35 , 29.8288
 1             4 
 1 
 -9999.0  ,   -9998.0
 50 
35.7298 , 29.5304
35.7263 , 29.5489
35.7205 , 29.5668
35.7124 , 29.5839
35.7024 , 29.5998
35.6903 , 29.6143
35.6766 , 29.6272
35.6614 , 29.6383
35.6449 , 29.6473
35.6274 , 29.6543
35.6091 , 29.6589
35.5904 , 29.6613
35.5716 , 29.6613
35.5529 , 29.6589
35.5346 , 29.6543
35.5171 , 29.6473
35.5006 , 29.6383
35.4854 , 29.6272
35.4717 , 29.6143
35.4596 , 29.5998
35.4496 , 29.5839
35.4415 , 29.5668
35.4357 , 29.5489
35.4322 , 29.5304
35.431 , 29.5116
35.4322 , 29.4928
35.4357 , 29.4743
35.4415 , 29.4564
35.4496 , 29.4393
35.4596 , 29.4234
35.4717 , 29.4089
35.4854 , 29.396
35.5006 , 29.385
35.5171 , 29.3759
35.5346 , 29.3689
35.5529 , 29.3643
35.5716 , 29.3619
35.5904 , 29.3619
35.6091 , 29.3643
35.6274 , 29.3689
35.6449 , 29.3759
35.6614 , 29.385
35.6766 , 29.396
35.6903 , 29.4089
35.7024 , 29.4234
35.7124 , 29.4393
35.7205 , 29.4564
35.7263 , 29.4743
35.7298 , 29.4928
35.731 , 29.5116
 1             5 
 1 
 -9999.0  ,   -9998.0
 50 
35.6212 , 28.8633
35.6177 , 28.8818
35.6119 , 28.8997
35.6038 , 28.9168
35.5938 , 28.9327
35.5817 , 28.9472
35.568 , 28.9601
35.5528 , 28.9712
35.5363 , 28.9802
35.5188 , 28.9872
35.5005 , 28.9918
35.4818 , 28.9942
35.463 , 28.9942
35.4443 , 28.9918
35.426 , 28.9872
35.4085 , 28.9802
35.392 , 28.9712
35.3768 , 28.9601
35.3631 , 28.9472
35.351 , 28.9327
35.341 , 28.9168
35.3329 , 28.8997
35.3271 , 28.8818
35.3236 , 28.8633
35.3224 , 28.8445
35.3236 , 28.8257
35.3271 , 28.8072
35.3329 , 28.7893
35.341 , 28.7722
35.351 , 28.7563
35.3631 , 28.7418
35.3768 , 28.7289
35.392 , 28.7179
35.4085 , 28.7088
35.426 , 28.7018
35.4443 , 28.6972
35.463 , 28.6948
35.4818 , 28.6948
35.5005 , 28.6972
35.5188 , 28.7018
35.5363 , 28.7088
35.5528 , 28.7179
35.568 , 28.7289
35.5817 , 28.7418
35.5938 , 28.7563
35.6038 , 28.7722
35.6119 , 28.7893
35.6177 , 28.8072
35.6212 , 28.8257
35.6224 , 28.8445
 1             6 
 1 
 -9999.0  ,   -9998.0
 50 
35.3109 , 28.34
35.3074 , 28.3585
35.3016 , 28.3764
35.2935 , 28.3935
35.2835 , 28.4094
35.2714 , 28.4239
35.2577 , 28.4368
35.2425 , 28.4479
35.226 , 28.4569
35.2085 , 28.4639
35.1902 , 28.4685
35.1715 , 28.4709
35.1527 , 28.4709
35.134 , 28.4685
35.1157 , 28.4639
35.0982 , 28.4569
35.0817 , 28.4479
35.0665 , 28.4368
35.0528 , 28.4239
35.0407 , 28.4094
35.0307 , 28.3935
35.0226 , 28.3764
35.0168 , 28.3585
35.0133 , 28.34
35.0121 , 28.3212
35.0133 , 28.3024
35.0168 , 28.2839
35.0226 , 28.266
35.0307 , 28.2489
35.0407 , 28.233
35.0528 , 28.2185
35.0665 , 28.2056
35.0817 , 28.1946
35.0982 , 28.1855
35.1157 , 28.1785
35.134 , 28.1739
35.1527 , 28.1715
35.1715 , 28.1715
35.1902 , 28.1739
35.2085 , 28.1785
35.226 , 28.1855
35.2425 , 28.1946
35.2577 , 28.2056
35.2714 , 28.2185
35.2835 , 28.233
35.2935 , 28.2489
35.3016 , 28.266
35.3074 , 28.2839
35.3109 , 28.3024
35.3121 , 28.3212
 1             7 
 1 
 -9999.0  ,   -9998.0
 50 
35.9781 , 28.0915
35.9746 , 28.11
35.9688 , 28.1279
35.9607 , 28.145
35.9507 , 28.1609
35.9386 , 28.1754
35.9249 , 28.1883
35.9097 , 28.1994
35.8932 , 28.2084
35.8757 , 28.2154
35.8574 , 28.22
35.8387 , 28.2224
35.8199 , 28.2224
35.8012 , 28.22
35.7829 , 28.2154
35.7654 , 28.2084
35.7489 , 28.1994
35.7337 , 28.1883
35.72 , 28.1754
35.7079 , 28.1609
35.6979 , 28.145
35.6898 , 28.1279
35.684 , 28.11
35.6805 , 28.0915
35.6793 , 28.0727
35.6805 , 28.0539
35.684 , 28.0354
35.6898 , 28.0175
35.6979 , 28.0004
35.7079 , 27.9845
35.72 , 27.97
35.7337 , 27.9571
35.7489 , 27.9461
35.7654 , 27.937
35.7829 , 27.93
35.8012 , 27.9254
35.8199 , 27.923
35.8387 , 27.923
35.8574 , 27.9254
35.8757 , 27.93
35.8932 , 27.937
35.9097 , 27.9461
35.9249 , 27.9571
35.9386 , 27.97
35.9507 , 27.9845
35.9607 , 28.0004
35.9688 , 28.0175
35.9746 , 28.0354
35.9781 , 28.0539
35.9793 , 28.0727
 1             8 
 1 
 -9999.0  ,   -9998.0
 16 
35. , 25.4535
35.0603 , 25.3837
35.1224 , 25.3009
35.1793 , 25.218
35.2362 , 25.1265
35.2776 , 25.0654
35.3138 , 25.
35.4586 , 25.
35.4172 , 25.0698
35.3552 , 25.157
35.3034 , 25.2398
35.2517 , 25.3227
35.1793 , 25.4099
35.1069 , 25.4884
35.0345 , 25.5799
35. , 25.6017
 1             9 
 3 
 -9998.0  ,   -9997.0
 -1151.5  ,    -736.5
  -539.2  ,    -526.5
 4 
35	29.53092
35.027 , 29.5292
35.0705 , 29.5292
35.1056 , 29.5319
 1             10 
 1 
 -9999.0  ,   -9998.0
 10 
35.6514 , 29.6381
35.5945 , 29.6991
35.5376 , 29.8081
35.491 , 29.8997
35.46 , 30.
35.31 , 30.
35.3669 , 29.9172
35.4083 , 29.8212
35.4238 , 29.7515
35.4445 , 29.5727
 1             11 
 1 
 -9999.0  ,   -9998.0
 16 
35.4379 , 30.
35.4793 , 29.9099
35.531 , 29.8227
35.5931 , 29.7224
35.6345 , 29.6134
35.6448 , 29.4869
35.6655 , 29.4041
35.6241 , 29.2471
35.5621 , 29.2645
35.531 , 29.3299
35.531 , 29.4128
35.5207 , 29.5392
35.4793 , 29.6657
35.4483 , 29.7747
35.3655 , 29.8706
35.2983 , 30.
 1             12 
 2 
 -9998.0  ,   -9997.0
   -736.5  ,   -549.5
 77 
35. , 29.4321
35.0119 , 29.4321
35.0243 , 29.4337
35.0365 , 29.4368
35.0482 , 29.4414
35.0592 , 29.4475
35.0693 , 29.4549
35.0785 , 29.4635
35.0865 , 29.4731
35.0932 , 29.4837
35.0986 , 29.4951
35.1025 , 29.507
35.1048 , 29.5194
35.1056 , 29.5319
35.1048 , 29.5444
35.1025 , 29.5568
35.0986 , 29.5687
35.0932 , 29.5801
35.0865 , 29.5907
35.0785 , 29.6004
35.07089      29.60606
35.06881      29.60283
35.06539      29.60192
35.04384      29.60736
35.03936      29.60689
35.03808      29.60414
35.04336      29.59083
35.04103      29.58395
35.0392       29.583
35.03394      29.58506
35.02725      29.58556
35.02528      29.58572
35.01872      29.58181
35.01742      29.57836
35.01822      29.57353
35.02056      29.5577
35.02217      29.55806
35.04267      29.56284
35.04306      29.56261
35.04531      29.56122
35.04578      29.55906
35.04611      29.55756
35.04481      29.55272
35.04278      29.54992
35.03933      29.54514
35.03378      29.54472
35.03331      29.5447
35.03303      29.54467
35.02419      29.54806
35.02172      29.549
35.01597      29.54553
35.00995      29.53817
35.00522      29.537
35.00289      29.53239
35            29.524
34.99817      29.52872
 34.99428      29.53211 
 34.99481      29.53092 
 34.99381      29.51011 
 34.99225      29.50253 
 34.97714      29.47378 
 34.97506      29.47011 
34.97642      29.46231
34.97947      29.46131
34.989        29.4582
34.99322      29.45522
34.99325      29.45042
34.97803      29.4537
34.97645      29.45403
34.97461      29.44945
34.97672      29.44683
34.97778      29.44553
34.98303      29.44486
34.98567      29.43983
34.9859  ,  29.434
34.9869 , 29.4337
35. , 29.4321
 1             13 
 3 
 -9998.0  ,   -9997.0
 -1151.5  ,    -549.5
  -539.2  ,    -526.5
 15 
35.1056 , 29.5319
35.1243 , 29.5362
35.205 , 29.5728
35.2856 , 29.6181
35.3374 , 29.6548
35.4036 , 29.6774
35.4905 , 29.7106
35.5525 , 29.7524
35.6188 , 29.7995
35.685 , 29.8571
35.7325 , 29.892
35.7801 , 29.9286
35.8298 , 29.9513
35.8774 , 29.9687
35.9146 , 30.
 1             14 
 1 
 -9999.0  ,   -9998.0
 16
35.2224 , 30.
35.2069 , 29.9176
35.1552 , 29.7986
35.1086 , 29.7159
35.0672 , 29.6383
35.0414 , 29.5762
35.0207 , 29.5504
35.0207 , 29.5193
35.0466 , 29.4831
35.1293 , 29.4728
35.1862 , 29.54
35.2069 , 29.6228
35.2586 , 29.7469
35.2897 , 29.84
35.3362 , 29.9486
35.3517 , 30.
 1             15 
 2 
 -9998.0  ,   -9997.0
  -870.5  ,    -549.5
 38 
40	29.1414
39.9241 , 29.1293
39.8259 , 29.1293
39.6759 , 29.1345
39.4845 , 29.1293
39.3086 , 29.1397
39.1379 , 29.1655
38.931 , 29.2328
38.7138 , 29.2741
38.5328 , 29.3466
38.3828 , 29.419
38.2483 , 29.5017
38.1448 , 29.5741
38.0931 , 29.6466
38.031 , 29.6672
37.9328 , 29.6672
37.8655 , 29.7086
37.8086 , 29.7397
37.7621 , 29.7345
37.7103 , 29.7086
37.6638 , 29.6879
37.5759 , 29.6879
37.5034 , 29.6672
37.4879 , 29.6259
37.4828 , 29.5535
37.4517 , 29.4914
37.3483 , 29.4655
37.2862 , 29.45
37.2241 , 29.4552
37.1983 , 29.5328
37.1828 , 29.6
37.131 , 29.6466
37.1 , 29.7086
37.0897 , 29.7707
37.0586 , 29.8535
37.0586 , 29.8535
37.069 , 29.9362
37.069 , 30.
 1             16 
 1 
 -9999.0  ,   -9998.0
 9
40. , 29.9869
39.9638 , 29.9655
39.8759 , 29.9138
39.8086 , 29.8569
39.7621 , 29.7897
39.7879 , 29.7379
39.8603 , 29.7069
39.9431 , 29.7276
40. , 29.7741
 1             17 
 1 
 -9999.0  ,   -9998.0
 59 
35.4242 , 29.7642
35.5367 , 29.6767
35.6492 , 29.5975
35.795 , 29.5017
35.9158 , 29.4225
36.1158 , 29.3725
36.2575 , 29.3392
36.4158 , 29.2725
36.5908 , 29.2142
36.67 , 29.1225
36.7617 , 29.0475
36.8492 , 28.9725
36.9825 , 28.8892
37.1158 , 28.7975
37.2325 , 28.7142
37.3492 , 28.635
37.4575 , 28.535
37.5825 , 28.4142
37.6992 , 28.31
37.8158 , 28.2142
37.9492 , 28.1267
38.0575 , 28.0558
38.2075 , 27.9517
38.3075 , 27.8683
38.42 , 27.7892
38.5367 , 27.7308
38.5992 , 27.6808
38.6075 , 27.61
38.57 , 27.5642
38.4575 , 27.5475
38.3367 , 27.6475
38.1908 , 27.7642
38.0783 , 27.86
37.9617 , 27.9308
37.8367 , 28.0225
37.6825 , 28.1433
37.5575 , 28.2642
37.47 , 28.3433
37.3825 , 28.4267
37.2658 , 28.5058
37.1533 , 28.5933
37.0158 , 28.7058
36.8742 , 28.785
36.7617 , 28.885
36.6575 , 28.9558
36.5742 , 29.0308
36.4867 , 29.1017
36.4867 , 29.1017
36.3908 , 29.1433
36.2492 , 29.1975
36.0992 , 29.2267
35.9658 , 29.2892
35.8075 , 29.3142
35.6575 , 29.3642
35.5367 , 29.4475
35.4492 , 29.5433
35.3492 , 29.635
35.3408 , 29.6933
35.3658 , 29.7642
 1             18 
 1 
 -9999.0  ,   -9998.0
 39 
38.3867 , 27.61
38.4158 , 27.5642
38.4117 , 27.4558
38.3742 , 27.3183
38.2992 , 27.2392
38.2283 , 27.1392
38.1492 , 27.0225
38.0408 , 26.8808
37.9242 , 26.7683
37.8492 , 26.6767
37.8158 , 26.6017
37.845 , 26.4892
37.9075 , 26.4017
37.9783 , 26.2433
38.0617 , 26.1225
38.0992 , 25.9892
38.1575 , 25.8517
38.2492 , 25.7475
38.3325 , 25.735
38.4075 , 25.7975
38.3742 , 25.935
38.2825 , 26.0267
38.2158 , 26.1892
38.1242 , 26.3017
38.0575 , 26.4725
37.995 , 26.585
38.0075 , 26.6142
38.045 , 26.6892
38.1575 , 26.8183
38.2867 , 26.9475
38.3492 , 27.0892
38.4325 , 27.1767
38.5158 , 27.2975
38.5658 , 27.4225
38.6075 , 27.5142
38.5908 , 27.6267
38.5658 , 27.7142
38.4242 , 27.7225
38.3867 , 27.685
 1             19 
 1 
 -9999.0  ,   -9998.0
 18
38.3867 , 25.9142
38.4408 , 25.81
38.5825 , 25.6225
38.6783 , 25.5017
38.795 , 25.3808
38.92 , 25.2683
39.0283 , 25.1475
39.1867 , 25.
38.8992 , 25.
38.77 , 25.185
38.6408 , 25.2933
38.5283 , 25.41
38.4075 , 25.5475
38.3158 , 25.6392
38.2492 , 25.7267
38.1825 , 25.8225
38.2117 , 25.9142
38.2992 , 25.9267
 1             20 
 2 
 -9998.0  ,   -9997.0
  -526.5  ,    -1.0
 31 
36.68486	25.89967
36.7 , 25.8742
36.8083 , 25.87
36.9625 , 25.8575
37.1208 , 25.8408
37.275 , 25.8367
37.4958 , 25.8325
37.7125 , 25.845
38.0042 , 25.945
38.175 , 26.0367
38.3167 , 26.1533
38.4875 , 26.2367
38.6333 , 26.3325
38.7417 , 26.4742
38.8125 , 26.6492
38.8542 , 26.7867
38.9 , 26.97
38.95 , 27.2117
38.9792 , 27.4533
38.9958 , 27.6992
38.9958 , 27.895
39.0167 , 28.0783
39.0375 , 28.2117
39.0958 , 28.3783
39.1125 , 28.6492
39.15 , 28.8783
39.1958 , 29.0367
39.2917 , 29.0867
39.4667 , 29.1117
39.6667 , 29.1283
40	29.1414
