 10 
 1             1 
 2 
 -9998.0  ,   -9997.0
  1999.0  ,    9990.0
 250 
-104.6873      30 
-104.6851      29.99622 
-104.6866      29.99115 
-104.6839      29.98545 
-104.6864      29.97982 
-104.6882      29.97553 
-104.6861      29.97394 
-104.6779      29.97519 
-104.6769      29.97313 
-104.6794      29.96576 
-104.6793      29.96025 
-104.6771      29.95637 
-104.6716      29.95598 
-104.6718      29.95276 
-104.676       29.95065 
-104.6785      29.92606 
-104.6725      29.91488 
-104.6648      29.90854 
-104.6628      29.90305 
-104.6557      29.90245 
-104.6541      29.90063 
-104.6537      29.89214 
-104.6449      29.88444 
-104.6379      29.87671 
-104.6297      29.87198 
-104.6275      29.86627 
-104.6265      29.85411 
-104.6236      29.8507 
-104.6188      29.84869 
-104.6192      29.84341 
-104.6154      29.83381 
-104.6148      29.83129 
-104.6085      29.83067 
-104.6061      29.82748 
-104.6041      29.81878 
-104.5988      29.81585 
-104.5958      29.81084 
-104.5858      29.8075 
-104.5752      29.78443 
-104.5661      29.77673 
-104.5618      29.77081 
-104.5609      29.76645 
-104.5653      29.75608 
-104.558       29.74703 
-104.5519      29.73946 
-104.5536      29.73444 
-104.5539      29.73347 
-104.547       29.72826 
-104.5466      29.71931 
-104.5404      29.71089 
-104.5413      29.70238 
-104.5397      29.6962 
-104.5304      29.68964 
-104.5293      29.68736 
-104.5308      29.68504 
-104.5395      29.68289 
-104.5408      29.68035 
-104.5351      29.67467 
-104.5327      29.66689 
-104.525       29.66743 
-104.5121      29.6469 
-104.5071      29.64305 
-104.5102      29.63934 
-104.5094      29.63852 
-104.5062      29.63525 
-104.5028      29.6346 
-104.4991      29.63647 
-104.493       29.63631 
-104.4808      29.62748 
-104.4734      29.62549 
-104.4705      29.62253 
-104.4686      29.61475 
-104.4648      29.61019 
-104.4606      29.61 
-104.4571      29.60728 
-104.4589      29.60222 
-104.4581      29.59993 
-104.4557      29.59926 
-104.4484      29.60163 
-104.4049      29.57336 
-104.3927      29.56613 
-104.3894      29.55522 
-104.3886      29.55262 
-104.3852      29.55059 
-104.3778      29.5502 
-104.3765      29.5486 
-104.3769      29.54011 
-104.3664      29.54066 
-104.3595      29.53545 
-104.3537      29.53573 
-104.3522      29.5385 
-104.3485      29.53716 
-104.3462      29.52592 
-104.337       29.52486 
-104.3317      29.5194 
-104.3178      29.52136 
-104.3145      29.52943 
-104.3074      29.52926 
-104.3036      29.52218 
-104.2939      29.52227 
-104.2897      29.52047 
-104.2844      29.51684 
-104.2788      29.51528 
-104.2767      29.51645 
-104.2604      29.51154 
-104.2532      29.5054 
-104.2451      29.50432 
-104.2382      29.49887 
-104.2321      29.49639 
-104.2278      29.49161 
-104.2264      29.47968 
-104.2091      29.48166 
-104.2067      29.47847 
-104.2061      29.47204 
-104.2106      29.45456 
-104.2085      29.4509 
-104.1941      29.44175 
-104.191       29.43979 
-104.1883      29.43339 
-104.1783      29.42474 
-104.1761      29.41535 
-104.1737      29.41123 
-104.1631      29.40213 
-104.1625      29.39525 
-104.1606      29.39251 
-104.1501      29.38983 
-104.1353      29.38054 
-104.1206      29.37813 
-104.1166      29.37104 
-104.1048      29.37089 
-104.0947      29.36109 
-104.0785      29.34216 
-104.069       29.34154 
-104.054       29.33361 
-104.0513      29.32789 
-104.0395      29.32085 
-103.9965      29.3014 
-103.9776      29.29465 
-103.9745      29.29351 
-103.9509      29.29642 
-103.9356      29.29147 
-103.9233      29.29315 
-103.9194      29.29065 
-103.9169      29.28401 
-103.9109      29.28358 
-103.9057      29.28568 
-103.897       29.28527 
-103.8889      29.27912 
-103.8852      29.27822 
-103.8771      29.28332 
-103.8737      29.28311 
-103.8666      29.27879 
-103.854       29.27909 
-103.8398      29.27688 
-103.8266      29.26846 
-103.8204      29.26826 
-103.8159      29.27173 
-103.8099      29.27084 
-103.8073      29.26902 
-103.8027      29.25802 
-103.7959      29.25737 
-103.7862      29.26224 
-103.7823      29.26089 
-103.7741      29.24761 
-103.7795      29.2384 
-103.7779      29.23267 
-103.7797      29.22416 
-103.7736      29.21776 
-103.7699      29.21847 
-103.7632      29.22884 
-103.7606      29.22931 
-103.7577      29.22772 
-103.7561      29.2252 
-103.7582      29.22036 
-103.7561      29.21785 
-103.7508      29.21719 
-103.7461      29.21836 
-103.7429      29.21562 
-103.7418      29.20575 
-103.7281      29.1948 
-103.7157      29.17855 
-103.7102      29.1834 
-103.705       29.18342 
-103.6968      29.17703 
-103.6893      29.1766 
-103.6599      29.16893 
-103.6551      29.16596 
-103.6501      29.15565 
-103.642       29.1589 
-103.6347      29.15778 
-103.6284      29.16171 
-103.6205      29.16105 
-103.6127      29.16223 
-103.6006      29.15195 
-103.5836      29.14811 
-103.5775      29.14882 
-103.5734      29.15136 
-103.5527      29.15373 
-103.5511      29.14386 
-103.5354      29.14116 
-103.5241      29.13339 
-103.5225      29.12835 
-103.5248      29.11961 
-103.5055      29.11692 
-103.5038      29.1167 
-103.502       29.11395 
-103.5038      29.10889 
-103.5022      29.10682 
-103.4938      29.10617 
-103.4907      29.10434 
-103.4862      29.09677 
-103.472       29.08166 
-103.4704      29.06788 
-103.4664      29.06537 
-103.4612      29.06584 
-103.4578      29.07022 
-103.4539      29.07069 
-103.4502      29.06909 
-103.4486      29.06221 
-103.4447      29.05854 
-103.4319      29.05398 
-103.4316      29.04411 
-103.4289      29.04136 
-103.4264      29.04118 
-103.4193      29.0407 
-103.4148      29.03727 
-103.4062      29.03775 
-103.3993      29.03088 
-103.3944      29.02997 
-103.3897      29.03319 
-103.3868      29.03182 
-103.3844      29.02264 
-103.3703      29.0213 
-103.3624      29.01764 
-103.358       29.01834 
-103.3546      29.02156 
-103.3507      29.02708 
-103.3479      29.04155 
-103.3447      29.04409 
-103.3408      29.04455 
-103.329       29.04021 
-103.3261      29.03586 
-103.3272      29.03323 
-103.3282      29.0308 
-103.3389      29.02573 
-103.34        29.02343 
-103.3379      29.01907 
-103.3337      29.01678 
-103.3255      29.01565 
-103.3086      29.02395 
 1             2 
 2 
 -9998.0  ,   -9997.0
  1999.0  ,    9990.0
 458 
-103.3086      29.02395 
-103.3054      29.02235 
-103.3046      29.01867 
-103.3075      29.01339 
-103.3138      29.01016 
-103.3151      29.00694 
-103.3109      29.00281 
-103.2939      29.00445 
-103.2884      29.00033 
-103.2839      28.99919 
-103.2834      28.99666 
-103.2824      28.9891 
-103.2784      28.98496 
-103.2755      28.98473 
-103.2711      28.98681 
-103.2669      28.99875 
-103.2628      28.9983 
-103.246       28.985 
-103.2415      28.98271 
-103.2329      28.99122 
-103.2293      28.99306 
-103.2212      28.98779 
-103.2149      28.99216 
-103.1961      28.99011 
-103.1738      28.9837 
-103.1668      28.98187 
-103.1571      28.97614 
-103.1495      28.97568 
-103.1443      28.97753 
-103.132       28.98718 
-103.1268      28.98718 
-103.1153      28.98764 
-103.1114      28.99155 
-103.1129      28.99981 
-103.1077      29.00831 
-103.0962      29.02003 
-103.0962      29.0237 
-103.1022      29.03358 
-103.103       29.03817 
-103.1008      29.0446 
-103.0968      29.05654 
-103.0915      29.06343 
-103.0894      29.06275 
-103.0868      29.05195 
-103.0839      29.05126 
-103.0824      29.05287 
-103.0855      29.06137 
-103.085       29.06435 
-103.0756      29.07584 
-103.0774      29.0825 
-103.0756      29.08686 
-103.0717      29.09076 
-103.0669      29.09099 
-103.0596      29.0887 
-103.0549      29.09421 
-103.0499      29.09559 
-103.0395      29.0926 
-103.034       29.09466 
-103.0282      29.1004 
-103.0298      29.10109 
-103.0308      29.10477 
-103.0306      29.11074 
-103.0175      29.11854 
-103.0138      29.12313 
-103.0149      29.12727 
-103.0138      29.13255 
-103.0083      29.13737 
-103.0062      29.1438 
-102.9981      29.14976 
-102.9942      29.15642 
-102.9918      29.17295 
-102.986       29.178 
-102.9782      29.18121 
-102.9698      29.18121 
-102.9578      29.175 
-102.9525      29.17385 
-102.9449      29.1766 
-102.9316      29.1883 
-102.9261      29.19013 
-102.9179      29.18782 
-102.9153      29.18966 
-102.9156      29.19379 
-102.9124      29.1993 
-102.9106      29.21284 
-102.908       29.21514 
-102.9048      29.21422 
-102.8954      29.20502 
-102.8912      29.20341 
-102.8865      29.20455 
-102.8726      29.21257 
-102.8652      29.21876 
-102.8637      29.22243 
-102.8712      29.23828 
-102.8752      29.24059 
-102.8842      29.2421 
-102.8849      29.24221 
-102.8873      29.24358 
-102.9006      29.25118 
-102.9037      29.25555 
-102.8969      29.26358 
-102.8961      29.26679 
-102.8992      29.27139 
-102.8977      29.27529 
-102.8858      29.28629 
-102.8853      29.29134 
-102.89        29.30237 
-102.884       29.30489 
-102.8813      29.32463 
-102.8782      29.33358 
-102.88        29.34185 
-102.8779      29.34713 
-102.8758      29.34805 
-102.8744      29.3478 
-102.8622      29.34573 
-102.8564      29.34618 
-102.8425      29.35489 
-102.8372      29.35603 
-102.8409      29.36384 
-102.8382      29.37256 
-102.8332      29.37439 
-102.8301      29.37737 
-102.8253      29.39068 
-102.8198      29.39503 
-102.8117      29.39571 
-102.8098      29.39937 
-102.8106      29.40121 
-102.8193      29.4049 
-102.8277      29.40629 
-102.8282      29.40859 
-102.8235      29.41639 
-102.8271      29.43086 
-102.8271      29.43775 
-102.8258      29.44257 
-102.8166      29.44668 
-102.8223      29.45289 
-102.8131      29.46596 
-102.8099      29.47813 
-102.8018      29.47995 
-102.7973      29.48338 
-102.7976      29.48568 
-102.8026      29.49028 
-102.801       29.49808 
-102.8025      29.51072 
-102.8017      29.52104 
-102.7941      29.52493 
-102.7878      29.53066 
-102.7877      29.53594 
-102.7859      29.53984 
-102.7791      29.53891 
-102.7688      29.54624 
-102.7746      29.55176 
-102.7719      29.55933 
-102.7687      29.57103 
-102.7653      29.57286 
-102.7601      29.57078 
-102.7577      29.57307 
-102.7627      29.58731 
-102.7626      29.59145 
-102.7603      29.5958 
-102.7571      29.59626 
-102.7453      29.59118 
-102.7385      29.59254 
-102.7339      29.61044 
-102.7373      29.6318 
-102.7325      29.63936 
-102.7254      29.63842 
-102.7218      29.64 
-102.7194      29.6492 
-102.7112      29.65423 
-102.7006      29.66912 
-102.6932      29.67048 
-102.688       29.67896 
-102.6953      29.68564 
-102.6966      29.68863 
-102.6932      29.69459 
-102.6866      29.70008 
-102.6847      29.70994 
-102.6857      29.71752 
-102.6814      29.72309 
-102.677       29.72828 
-102.6714      29.74181 
-102.6675      29.74433 
-102.6643      29.74386 
-102.6588      29.73719 
-102.6514      29.73395 
-102.6275      29.73434 
-102.6225      29.73593 
-102.6095      29.74461 
-102.6032      29.74597 
-102.5969      29.75169 
-102.5927      29.75236 
-102.5864      29.74844 
-102.5819      29.74819 
-102.5763      29.75231 
-102.5703      29.75343 
-102.5686      29.75645 
-102.5697      29.76422 
-102.5676      29.76926 
-102.5639      29.77154 
-102.5602      29.77107 
-102.555       29.76072 
-102.5497      29.75497 
-102.5477      29.74555 
-102.5429      29.74323 
-102.5273      29.75419 
-102.5141      29.76057 
-102.5059      29.76926 
-102.5128      29.77755 
-102.5114      29.78214 
-102.4943      29.78 
-102.4934      29.78032 
-102.4827      29.78432 
-102.4793      29.7827 
-102.4759      29.7735 
-102.4727      29.77302 
-102.4685      29.77462 
-102.4614      29.78193 
-102.4585      29.78146 
-102.4548      29.77502 
-102.4509      29.77248 
-102.4469      29.77567 
-102.4422      29.77657 
-102.4351      29.77355 
-102.4258      29.77535 
-102.4206      29.77303 
-102.4169      29.76681 
-102.4085      29.76723 
-102.4062      29.76217 
-102.3948      29.769 
-102.3924      29.76808 
-102.3901      29.76393 
-102.3848      29.76322 
-102.3806      29.76917 
-102.385       29.77998 
-102.3837      29.78387 
-102.3755      29.78934 
-102.3751      29.79226 
-102.3746      29.79645 
-102.3588      29.83379 
-102.3598      29.84206 
-102.3577      29.84733 
-102.3487      29.85164 
-102.345       29.86035 
-102.3389      29.8633 
-102.3338      29.86901 
-102.3309      29.86854 
-102.3307      29.86372 
-102.3284      29.86072 
-102.3233      29.8623 
-102.3204      29.86458 
-102.3222      29.8701 
-102.3196      29.87559 
-102.3143      29.87947 
-102.3087      29.87554 
-102.2998      29.87686 
-102.2895      29.87061 
-102.2851      29.87013 
-102.2772      29.86343 
-102.2749      29.863 
-102.2732      29.86272 
-102.2637      29.86656 
-102.259       29.86447 
-102.2569      29.86101 
-102.2583      29.85552 
-102.2551      29.85274 
-102.2512      29.85203 
-102.2475      29.8543 
-102.248       29.85936 
-102.2456      29.8637 
-102.2432      29.86461 
-102.2382      29.85999 
-102.2386      29.8476 
-102.2362      29.84643 
-102.2325      29.84894 
-102.2267      29.84798 
-102.2223      29.84107 
-102.2191      29.84059 
-102.2101      29.84352 
-102.202       29.84324 
-102.1944      29.83677 
-102.1907      29.83766 
-102.1867      29.84614 
-102.1803      29.84609 
-102.1756      29.84331 
-102.1746      29.84009 
-102.1749      29.83481 
-102.1786      29.82933 
-102.1755      29.82563 
-102.1676      29.82673 
-102.1629      29.82395 
-102.1574      29.81794 
-102.1548      29.8115 
-102.1469      29.8103 
-102.1367      29.80013 
-102.1257      29.79799 
-102.1217      29.80072 
-102.1172      29.8 
-102.112       29.79354 
-102.1031      29.79279 
-102.0946      29.78998 
-102.0867      29.79176 
-102.0772      29.79261 
-102.0699      29.78544 
-102.0475      29.78574 
-102.0359      29.78956 
-102.0346      29.79162 
-102.0356      29.79736 
-102.0332      29.80193 
-102.0079      29.79739 
-101.9976      29.80328 
-101.9928      29.80278 
-101.9887      29.7954 
-101.9853      29.79515 
-101.9831      29.79697 
-101.9814      29.81027 
-101.9782      29.81369 
-101.9738      29.8148 
-101.9654      29.80854 
-101.9641      29.80118 
-101.9616      29.79703 
-101.9568      29.79378 
-101.9524      29.79328 
-101.9465      29.79645 
-101.9394      29.79708 
-101.9336      29.79543 
-101.9303      29.79035 
-101.9309      29.7837 
-101.9291      29.77978 
-101.9267      29.77976 
-101.9097      29.79546 
-101.9005      29.79612 
-101.8981      29.79629 
-101.8763      29.79197 
-101.871       29.79353 
-101.8524      29.80462 
-101.8471      29.80297 
-101.8375      29.79164 
-101.8315      29.78768 
-101.8228      29.78692 
-101.8175      29.78825 
-101.8165      29.79168 
-101.824       29.80277 
-101.8202      29.80939 
-101.8141      29.80979 
-101.8078      29.80721 
-101.8026      29.80189 
-101.8105      29.78704 
-101.8079      29.78013 
-101.7969      29.77636 
-101.7855      29.77763 
-101.7823      29.78563 
-101.7799      29.78722 
-101.7746      29.78674 
-101.7715      29.78645 
-101.7584      29.77738 
-101.7513      29.77502 
-101.7439      29.77724 
-101.7389      29.77582 
-101.7361      29.77028 
-101.7322      29.76772 
-101.729       29.76792 
-101.7205      29.77381 
-101.7145      29.771 
-101.7115      29.76201 
-101.7081      29.75854 
-101.7023      29.7594 
-101.6938      29.76528 
-101.6882      29.76638 
-101.6794      29.7578 
-101.676       29.7573 
-101.6682      29.76641 
-101.6648      29.76638 
-101.6637      29.76751 
-101.66        29.76679 
-101.6502      29.75337 
-101.6471      29.75104 
-101.6436      29.75101 
-101.6314      29.758 
-101.629       29.76532 
-101.6139      29.76724 
-101.6052      29.7699 
-101.5894      29.76744 
-101.5765      29.76707 
-101.5709      29.77298 
-101.5719      29.77965 
-101.5686      29.7927 
-101.5655      29.79611 
-101.5635      29.79838 
-101.5532      29.79942 
-101.5467      29.80899 
-101.543       29.80987 
-101.5391      29.80776 
-101.5346      29.79141 
-101.5366      29.7593 
-101.5332      29.75605 
-101.5296      29.75624 
-101.5163      29.7616 
-101.5024      29.76075 
-101.4915      29.76638 
-101.4867      29.77099 
-101.4747      29.78271 
-101.4688      29.78586 
-101.4585      29.78712 
-101.4551      29.78662 
-101.4522      29.78406 
-101.4507      29.7783 
-101.4538      29.77054 
-101.4472      29.74842 
-101.4441      29.74655 
-101.4383      29.74694 
-101.4325      29.74963 
-101.4165      29.76322 
-101.4082      29.76748 
-101.4006      29.76785 
-101.3977      29.76579 
-101.397       29.76528 
-101.396       29.76159 
-101.3976      29.7584 
-101.4098      29.75235 
-101.4133      29.74894 
-101.4131      29.74366 
-101.41        29.74041 
-101.3951      29.73197 
-101.3946      29.72646 
-101.3977      29.71364 
-101.3962      29.70971 
-101.3693      29.69447 
-101.3689      29.68941 
-101.3727      29.68028 
-101.3717      29.67567 
-101.3628      29.66225 
-101.3619      29.64869 
-101.3596      29.64407 
-101.3541      29.64492 
-101.3462      29.65814 
-101.3134      29.65452 
-101.3061      29.65007 
-101.2989      29.63896 
-101.3043      29.62984 
-101.3133      29.60077 
-101.3062      29.57026 
-101.2912      29.56845 
-101.2807      29.57985 
-101.2812      29.60864 
-101.2755      29.61534 
-101.2668      29.62575 
-101.2536      29.62314 
-101.2462      29.61647 
-101.2475      29.59263 
-101.2431      29.5712 
-101.2567      29.54174 
-101.2539      29.52709 
-101.2533      29.52361 
-101.1902      29.52205 
-101.1716      29.50785 
-101.1711      29.47987 
-101.1521      29.47289 
-101.0708      29.44302 
 1             3 
 2 
 -9998.0  ,   -9997.0
  1999.0  ,    9990.0
 176 
-101.0708      29.44302 
-101.0566      29.44282 
-101.0377      29.41567 
-101.0345      29.4007 
-101.0286      29.39442 
-101.0281      29.39395 
-101.018       29.38714 
-101.0129      29.38064 
-101.0107      29.36843 
-101.0077      29.36334 
-101.003       29.35982 
-100.9824      29.35515 
-100.9702      29.34969 
-100.9611      29.34198 
-100.9436      29.34125 
-100.9379      29.33634 
-100.9367      29.32875 
-100.9337      29.32525 
-100.9264      29.32262 
-100.9175      29.32018 
-100.9066      29.31198 
-100.8942      29.30513 
-100.8853      29.30384 
-100.8802      29.29756 
-100.8745      29.27795 
-100.8702      29.27398 
-100.8652      29.27183 
-100.8527      29.2698 
-100.8405      29.26386 
-100.8327      29.25731 
-100.8249      29.25695 
-100.8176      29.2591 
-100.8167      29.25935 
-100.8128      29.25859 
-100.8123      29.25514 
-100.8164      29.25061 
-100.8138      29.24896 
-100.8044      29.24789 
-100.7987      29.24504 
-100.7925      29.23989 
-100.7912      29.23688 
-100.794       29.22752 
-100.7915      29.22311 
-100.7842      29.22345 
-100.7798      29.21947 
-100.774       29.20996 
-100.7739      29.20054 
-100.7716      29.19683 
-100.7662      29.19422 
-100.7632      29.18636 
-100.7638      29.18269 
-100.7705      29.17431 
-100.7719      29.17019 
-100.7692      29.1651 
-100.7624      29.16177 
-100.7612      29.15624 
-100.7568      29.15364 
-100.7482      29.15235 
-100.7409      29.14947 
-100.7368      29.14573 
-100.7368      29.14502 
-100.736       29.1379 
-100.7285      29.12974 
-100.713       29.12029 
-100.711       29.11842 
-100.6917      29.11327 
-100.6809      29.10711 
-100.6747      29.10241 
-100.6678      29.09173 
-100.6637      29.07742 
-100.6605      29.05669 
-100.6579      29.03436 
-100.6525      29.01659 
-100.6445      28.99899 
-100.635       28.97976 
-100.6334      28.96825 
-100.6376      28.94673 
-100.6367      28.94143 
-100.6248      28.92445 
-100.6231      28.9173 
-100.6163      28.90707 
-100.6121      28.90471 
-100.607       28.90215 
-100.5991      28.90082 
-100.5978      28.89474 
-100.5897      28.88764 
-100.5875      28.88094 
-100.5874      28.86882 
-100.5698      28.85188 
-100.5682      28.83216 
-100.5528      28.82797 
-100.5436      28.82388 
-100.5413      28.82051 
-100.5407      28.81505 
-100.5388      28.8122 
-100.5297      28.79851 
-100.5284      28.79364 
-100.5301      28.78125 
-100.5268      28.77271 
-100.5267      28.76302 
-100.5244      28.75904 
-100.5162      28.75588 
-100.5095      28.74667 
-100.5038      28.74173 
-100.5035      28.71354 
-100.5059      28.69793 
-100.5066      28.69264 
-100.5009      28.67237 
-100.4963      28.66415 
-100.4902      28.65861 
-100.4788      28.65686 
-100.4694      28.64545 
-100.4457      28.64116 
-100.4436      28.63764 
-100.445       28.61516 
-100.4416      28.6085 
-100.438       28.60646 
-100.4338      28.6041 
-100.4235      28.59461 
-100.3986      28.5868 
-100.3943      28.58168 
-100.3953      28.57471 
-100.4027      28.5601 
-100.4051      28.55083 
-100.4027      28.53992 
-100.3894      28.52494 
-100.3848      28.51438 
-100.3793      28.51278 
-100.3395      28.50115 
-100.3351      28.49875 
-100.3326      28.49443 
-100.3363      28.48635 
-100.3496      28.47922 
-100.3602      28.47902 
-100.3625      28.47518 
-100.3385      28.44643 
-100.3356      28.43887 
-100.3331      28.43275 
-100.3347      28.42191 
-100.3437      28.39492 
-100.3404      28.38999 
-100.331       28.37567 
-100.3147      28.35752 
-100.3089      28.34306 
-100.2954      28.32707 
-100.2859      28.31586 
-100.2822      28.30454 
-100.2872      28.27747 
-100.2727      28.26323 
-100.2672      28.25486 
-100.2667      28.2542 
-100.2475      28.23327 
-100.229       28.23186 
-100.2204      28.2312 
-100.2139      28.22837 
-100.2076      28.19914 
-100.2013      28.18932 
-100.1895      28.18638 
-100.1722      28.17867 
-100.1593      28.166 
-100.1524      28.1647 
-100.137       28.16518 
-100.1303      28.16323 
-100.1283      28.16268 
-100.1145      28.15464 
-100.0897      28.14871 
-100.0789      28.14112 
-100.0677      28.11839 
-100.0501      28.10445 
-100.0505      28.08855 
-100.0438      28.07716 
-100.0351      28.07582 
-100.0191      28.06734 
-100.0129      28.05518 
-100.01        28.03029 
-100           28.00937 
 1             4 
 2 
 -9998.0  ,   -9997.0
  1999.0  ,    9990.0
 48 
-103.3086      29.02395 
-103.379       28.91385 
-103.4493      28.8037 
-103.4527      28.79828 
-103.5167      28.69402 
-103.5181      28.693 
-103.5195      28.69194 
-103.5229      28.6832 
-103.5862      28.58215 
-103.6538      28.47393 
-103.673       28.44315 
-103.7422      28.33257 
-103.8112      28.22195 
-103.88        28.1113 
-103.9102      28.06267 
-103.95        28.00125 
-103.9843      27.94823 
-103.9671      27.88485 
-103.9338      27.76203 
-103.9301      27.74869 
-103.8954      27.62619 
-103.8763      27.55838 
-103.8741      27.54438 
-103.868       27.52879 
-103.8685      27.52074 
-103.864       27.51204 
-103.8633      27.50391 
-103.8632      27.5024 
-103.8541      27.46455 
-103.8483      27.44666 
-103.8327      27.38063 
-103.8217      27.33401 
-103.8175      27.32324 
-103.8126      27.29754 
-103.8003      27.25781 
-103.7627      27.13604 
-103.7292      27.02742 
-103.7205      27.01619 
-103.6894      26.90281 
-103.6859      26.89377 
-103.6852      26.89203 
-103.6844      26.87917 
-103.6755      26.8505 
-103.6558      26.77202 
-103.6552      26.77074 
-103.6526      26.76538 
-103.651       26.75091 
-103.6311      26.69168 
 1             5 
 2 
 -9998.0  ,   -9997.0
  1999.0  ,    9990.0
 64 
-103.6311      26.69168 
-103.6515      26.696 
-103.6602      26.69987 
-103.6976      26.7062 
-103.7409      26.71854 
-103.8332      26.73992 
-103.8358      26.74053 
-103.8648      26.74587 
-103.8728      26.74904 
-103.941       26.76445 
-103.9701      26.76866 
-103.9874      26.77118 
-104.1262      26.74979 
-104.1498      26.74614 
-104.1585      26.7433 
-104.1687      26.7424 
-104.1729      26.74204 
-104.2337      26.73187 
-104.2529      26.73123 
-104.2863      26.69146 
-104.357       26.59919 
-104.3746      26.57618 
-104.3776      26.56995 
-104.3899      26.55581 
-104.434       26.49374 
-104.4816      26.43587 
-104.4942      26.41696 
-104.515       26.39187 
-104.5202      26.38085 
-104.525       26.37751 
-104.535       26.36385 
-104.5506      26.36368 
-104.5673      26.35453 
-104.5714      26.3538 
-104.5841      26.35595 
-104.6066      26.35431 
-104.6244      26.35089 
-104.6341      26.35307 
-104.6425      26.36204 
-104.6543      26.37464 
-104.6949      26.42309 
-104.6986      26.42925 
-104.7051      26.43422 
-104.7377      26.47587 
-104.7418      26.48109 
-104.7534      26.486 
-104.77        26.48532 
-104.7818      26.49206 
-104.7972      26.5068 
-104.8077      26.51057 
-104.8213      26.51246 
-104.8481      26.52703 
-104.8566      26.52944 
-104.8586      26.52879 
-104.8693      26.52537 
-104.8944      26.51262 
-104.9089      26.51174 
-104.9359      26.51664 
-104.9442      26.51262 
-104.9658      26.4921 
-104.9758      26.49379 
-104.982       26.4971 
-104.9905      26.50162 
-105           26.50169 
 1             6 
 2 
 -9998.0  ,   -9997.0
  1999.0  ,    9990.0
 128 
-103.6311      26.69168 
-103.6096      26.66816 
-103.5587      26.62059 
-103.5497      26.61373 
-103.535       26.5996 
-103.5096      26.57506 
-103.5042      26.57209 
-103.5001      26.56567 
-103.4862      26.55492 
-103.4841      26.54928 
-103.476       26.54508 
-103.4619      26.5341 
-103.4257      26.49586 
-103.3631      26.4395 
-103.3408      26.41119 
-103.3252      26.39755 
-103.3075      26.37254 
-103.3029      26.3721 
-103.296       26.35833 
-103.2765      26.32989 
-103.2637      26.30809 
-103.2627      26.29822 
-103.2685      26.27455 
-103.2759      26.26627 
-103.2779      26.26247 
-103.3249      26.17265 
-103.3301      26.15569 
-103.3493      26.12096 
-103.3478      26.11477 
-103.351       26.10397 
-103.3618      26.00397 
-103.3639      25.98497 
-103.3628      25.97441 
-103.3724      25.94292 
-103.3724      25.92774 
-103.3606      25.91017 
-103.3587      25.90401 
-103.346       25.88544 
-103.3341      25.86798 
-103.3311      25.83979 
-103.3213      25.81516 
-103.3192      25.80107 
-103.3231      25.78872 
-103.325       25.76456 
-103.3259      25.75436 
-103.3374      25.71291 
-103.3732      25.67313 
-103.3741      25.65727 
-103.379       25.65311 
-103.378       25.65104 
-103.3803      25.64645 
-103.3836      25.64506 
-103.3912      25.64688 
-103.4016      25.64387 
-103.4036      25.64042 
-103.4003      25.63459 
-103.4         25.634 
-103.4018      25.63101 
-103.4203      25.62591 
-103.422       25.62361 
-103.4206      25.61705 
-103.4323      25.60131 
-103.4333      25.59052 
-103.4366      25.58753 
-103.4407      25.58705 
-103.4462      25.58337 
-103.4487      25.57624 
-103.4497      25.56545 
-103.4527      25.56085 
-103.4628      25.55324 
-103.4777      25.54562 
-103.4736      25.53439 
-103.4541      25.51422 
-103.3864      25.45179 
-103.3429      25.41162 
-103.3331      25.38876 
-103.335       25.37554 
-103.3372      25.37196 
-103.346       25.37493 
-103.3519      25.38066 
-103.3572      25.39006 
-103.3618      25.39257 
-103.3734      25.39185 
-103.3894      25.39756 
-103.3992      25.39868 
-103.4114      25.39819 
-103.4248      25.39173 
-103.4311      25.38804 
-103.4432      25.38502 
-103.45        25.38178 
-103.4546      25.37695 
-103.4608      25.365 
-103.4666      25.35235 
-103.4774      25.33694 
-103.4784      25.3312 
-103.4774      25.32569 
-103.4909      25.30315 
-103.4972      25.28844 
-103.5009      25.27672 
-103.4989      25.27122 
-103.4953      25.26618 
-103.4809      25.25472 
-103.4702      25.24629 
-103.4596      25.23576 
-103.4413      25.21148 
-103.4342      25.20485 
-103.4124      25.19068 
-103.4023      25.18083 
-103.3952      25.17167 
-103.3902      25.16126 
-103.3899      25.16066 
-103.3716      25.13821 
-103.364       25.11941 
-103.3562      25.11254 
-103.3344      25.10295 
-103.3235      25.09647 
-103.2924      25.07797 
-103.2889      25.07595 
-103.2801      25.06609 
-103.267       25.06244 
-103.2624      25.0574 
-103.2611      25.05098 
-103.2654      25.03973 
-103.2672      25.02756 
-103.2666      25.01723 
-103.257       25.00972 
-103.2502      25.0044 
-103.2477      25 
 1             7 
 2 
 -9998.0  ,   -9997.0
  1999.0  ,    9990.0
 2 
-102.6985      25 
-102.6556      25.06283 
 1             8 
 2 
 -9998.0  ,   -9997.0
  1999.0  ,    9990.0
 4 
-102.6177      25 
-102.6197      25.0039 
-102.63        25.02849 
-102.6556      25.06283 
 1             9 
 2 
 -9998.0  ,   -9997.0
  1999.0  ,    9990.0
 15 
-101.8272      25 
-101.8272      25 
-101.8446      25.02885 
-101.8628      25.03446 
-101.9429      25.05907 
-101.9939      25.07559 
-102.0726      25.10102 
-102.2035      25.14263 
-102.2353      25.15271 
-102.3316      25.13977 
-102.4689      25.12206 
-102.6063      25.10421 
-102.6485      25.09869 
-102.6523      25.09117 
-102.6556      25.06283 
 1             10 
 2 
 -9998.0  ,   -9997.0
  1999.0  ,    9990.0
 215 
-100           27.63038 
-100.0314      27.65892 
-100.1185      27.73779 
-100.1226      27.73995 
-100.128       27.74719 
-100.1303      27.7492 
-100.1887      27.80109 
-100.1997      27.79488 
-100.2358      27.76874 
-100.2833      27.73419 
-100.3519      27.68489 
-100.3623      27.63787 
-100.3803      27.5563 
-100.3896      27.52385 
-100.3919      27.51435 
-100.4216      27.39279 
-100.4236      27.39218 
-100.4467      27.38523 
-100.4728      27.37163 
-100.5016      27.38199 
-100.5319      27.37547 
-100.6501      27.34995 
-100.6664      27.33972 
-100.6808      27.33072 
-100.7006      27.30516 
-100.7261      27.27599 
-100.7612      27.2472 
-100.8165      27.20195 
-100.8223      27.19285 
-100.8262      27.15178 
-100.8261      27.14411 
-100.8254      27.11547 
-100.8278      27.0838 
-100.8266      27.06976 
-100.8148      27.06613 
-100.8095      27.06121 
-100.7977      27.03827 
-100.7931      27.03567 
-100.7909      27.03892 
-100.7881      27.04317 
-100.7815      27.04812 
-100.7712      27.05093 
-100.7625      27.05102 
-100.7544      27.04445 
-100.7514      27.03842 
-100.7584      27.02406 
-100.7591      27.01603 
-100.7547      27.01481 
-100.744       27.02566 
-100.736       27.02874 
-100.7203      27.03008 
-100.7187      27.03258 
-100.7186      27.03787 
-100.722       27.04475 
-100.725       27.05084 
-100.7357      27.06619 
-100.731       27.06841 
-100.7267      27.06788 
-100.7165      27.0615 
-100.6946      27.05331 
-100.6927      27.05879 
-100.7042      27.07278 
-100.693       27.08269 
-100.6917      27.09646 
-100.6859      27.10027 
-100.6839      27.09771 
-100.6814      27.09445 
-100.6764      27.07781 
-100.6727      27.07154 
-100.6459      27.07246 
-100.6124      27.06428 
-100.5668      27.05063 
-100.553       27.04647 
-100.5352      27.03878 
-100.5334      26.99562 
-100.5371      26.97062 
-100.5355      26.94347 
-100.5326      26.89258 
-100.5486      26.8635 
-100.5575      26.83064 
-100.5586      26.82155 
-100.5636      26.78305 
-100.5732      26.76487 
-100.5835      26.75862 
-100.6004      26.73322 
-100.6209      26.71388 
-100.6233      26.71159 
-100.6362      26.68245 
-100.6632      26.65904 
-100.686       26.64198 
-100.7055      26.6377 
-100.7114      26.65006 
-100.7516      26.73471 
-100.7815      26.71338 
-100.7868      26.70957 
-100.8861      26.62894 
-100.9904      26.54412 
-101.0096      26.52844 
-101.053       26.49693 
-101.0964      26.4614 
-101.2003      26.37641 
-101.1348      26.29594 
-101.1187      26.27375 
-101.1022      26.25112 
-101.0513      26.17472 
-101.0413      26.17016 
-100.9982      26.15049 
-100.9796      26.13588 
-100.9557      26.09245 
-100.9446      26.08591 
-100.9171      26.06971 
-100.9099      26.06308 
-100.9096      26.00039 
-100.8863      25.98749 
-100.8466      25.96552 
-100.825       25.9639 
-100.8035      25.95313 
-100.8024      25.93352 
-100.8143      25.91803 
-100.8156      25.91423 
-100.8555      25.79461 
-100.8548      25.79346 
-100.7857      25.68379 
-100.7617      25.64565 
-100.7195      25.59147 
-100.7059      25.58123 
-100.6982      25.57546 
-100.6537      25.56952 
-100.621       25.5481 
-100.5823      25.52924 
-100.5683      25.52241 
-100.5626      25.51579 
-100.5643      25.50537 
-100.5687      25.50131 
-100.5828      25.4982 
-100.6644      25.49449 
-100.6653      25.49445 
-100.6724      25.4898 
-100.677       25.48243 
-100.6733      25.47483 
-100.6671      25.47085 
-100.6443      25.46572 
-100.6257      25.46347 
-100.6087      25.45826 
-100.5999      25.45352 
-100.5747      25.43423 
-100.5698      25.43044 
-100.5568      25.4224 
-100.541       25.41636 
-100.5005      25.40458 
-100.4694      25.3932 
-100.457       25.38377 
-100.4553      25.37715 
-100.4549      25.37547 
-100.4569      25.36724 
-100.4719      25.36018 
-100.4743      25.35448 
-100.4732      25.34804 
-100.4667      25.34446 
-100.4551      25.34355 
-100.418       25.35179 
-100.4059      25.35178 
-100.3838      25.34262 
-100.3807      25.34231 
-100.3586      25.34005 
-100.3416      25.34063 
-100.3202      25.33836 
-100.3031      25.33412 
-100.2893      25.31845 
-100.2779      25.31109 
-100.2544      25.3052 
-100.2198      25.29651 
-100.2069      25.2894 
-100.1983      25.27739 
-100.204       25.26939 
-100.2081      25.2676 
-100.2178      25.26654 
-100.2425      25.26765 
-100.2576      25.26482 
-100.2618      25.25951 
-100.264       25.25684 
-100.2628      25.24684 
-100.2434      25.22589 
-100.2395      25.21958 
-100.2397      25.2121 
-100.2439      25.20781 
-100.2563      25.20556 
-100.2903      25.21432 
-100.3137      25.21331 
-100.3206      25.21302 
-100.3261      25.21001 
-100.3344      25.20892 
-100.3503      25.2036 
-100.3635      25.19574 
-100.3751      25.1972 
-100.3957      25.19695 
-100.4434      25.21607 
-100.4528      25.21981 
-100.5488      25.25266 
-100.5748      25.25117 
-100.5907      25.25025 
-100.6251      25.24147 
-100.6973      25.23579 
-100.7108      25.23041 
-100.7139      25.2292 
-100.7264      25.22066 
-100.7473      25.20291 
-100.7771      25.18342 
-100.8083      25.16769 
-100.8211      25.15513 
-100.8271      25.14927 
-100.866       25.03646 
-100.8684      25.02957 
-100.84        25.00858 
-100.8264      25 
