 2 
 1             1 
 2 
 -9998.0  ,   -9997.0
  1999.0  ,    9990.0
 31 
-13.16859      27.66702 
-13.02688      27.6673 
-12.88504      27.66775 
-12.74321      27.66805 
-12.60137      27.66821 
-12.49972      27.66823 
-12.45953      27.66841 
-12.3177       27.66895 
-12.17586      27.66934 
-12.03402      27.66958 
-11.89218      27.66968 
-11.78432      27.66965 
-11.75035      27.6691 
-11.60854      27.6667 
-11.5459       27.66559 
-11.46672      27.66636 
-11.32489      27.66761 
-11.30659      27.66777 
-11.18306      27.66681 
-11.06733      27.66582 
-11.04123      27.66599 
-10.8994       27.6668 
-10.82801      27.66716 
-10.75757      27.66638 
-10.70839      27.66582 
-10.61574      27.66615 
-10.47391      27.66652 
-10.33207      27.66675 
-10.19024      27.66684 
-10.0484       27.66677 
-10            27.6667 
 1             2 
 2 
 -9998.0  ,   -9997.0
  1999.0  ,    9990.0
 34 
-10            25.99848 
-10.02862      25.99867 
-10.16831      25.99944 
-10.21793      25.99968 
-10.308        25.99914 
-10.37406      25.9987 
-10.44769      25.99907 
-10.58738      25.99967 
-10.68621      26 
-10.72707      25.99962 
-10.84129      25.99847 
-10.86675      25.99851 
-11.00644      25.99865 
-11.14613      25.99864 
-11.28582      25.99848 
-11.30483      25.99845 
-11.42551      25.99855 
-11.5652       25.99853 
-11.70489      25.99836 
-11.84458      25.99805 
-11.91863      25.99783 
-11.98426      25.99846 
-12.00389      25.99864 
-12.00482      25.89017 
-12.00505      25.86315 
-12.00381      25.76397 
-12.00337      25.72924 
-12.00365      25.63778 
-12.00404      25.51159 
-12.00443      25.38541 
-12.00482      25.25925 
-12.0052       25.13309 
-12.00559      25.00695 
-12.00561      25 
