 8 
 1             1 
1
 -9999.0   ,   9990.0 
 46 
 20            31.47628 
 20.00683      31.47572 
 20.01372      31.46972 
 20.01717      31.46247 
 20.01797      31.4547 
 20.01325      31.43695 
 20.014        31.43075 
 20.02339      31.41472 
 20.03186      31.39361 
 20.04714      31.37145 
 20.05128      31.36545 
 20.05681      31.36033 
 20.07617      31.34842 
 20.097        31.32511 
 20.12806      31.27589 
 20.12997      31.26992 
 20.13581      31.25178 
 20.14761      31.24175 
 20.15044      31.23725 
 20.16461      31.19608 
 20.16803      31.18197 
 20.17395      31.17203 
 20.17672      31.15295 
 20.17706      31.15078 
 20.17261      31.12383 
 20.17153      31.1002 
 20.16653      31.07395 
 20.15997      31.05406 
 20.14942      31.03006 
 20.14436      31.01858 
 20.13481      31.00208 
 20.12783      30.9792 
 20.11594      30.96033 
 20.10645      30.95025 
 20.10442      30.94664 
 20.09739      30.9342 
 20.09056      30.91578 
 20.08958      30.91314 
 20.07358      30.89003 
 20.06814      30.87064 
 20.05689      30.84975 
 20.05586      30.84783 
 20.03706      30.82236 
 20.02258      30.80539 
 20.00689      30.78697 
 20            30.77986 
 1             2 
1
 -9999.0   ,   9990.0 
 199 
 25            31.959 
 24.99114      31.96164 
 24.98261      31.96675 
 24.96247      31.96786 
 24.95367      31.97275 
 24.9477       31.96914 
 24.94153      31.96942 
 24.93594      31.97428 
 24.93217      31.97456 
 24.92786      31.97253 
 24.91792      31.97261 
 24.90422      31.97503 
 24.89486      31.97925 
 24.88061      31.97753 
 24.87606      31.97917 
 24.87314      31.98242 
 24.86697      31.98469 
 24.86431      31.9857 
 24.84256      31.98681 
 24.83211      31.99169 
 24.82133      31.99275 
 24.81239      32 
 24.81031      32.00522 
 24.80514      32.00694 
 24.8025       32.0082 
 24.78236      32.01275 
 24.77347      32.02031 
 24.76678      32.02214 
 24.73642      32.02667 
 24.72575      32.02689 
 24.69561      32.02753 
 24.67764      32.02475 
 24.6677       32.02725 
 24.64331      32.01897 
 24.62803      32.01139 
 24.612        32.00514 
 24.60995      32 
 24.59908      31.99556 
 24.58945      31.99347 
 24.56192      31.98756 
 24.5522       31.98167 
 24.54708      31.98056 
 24.53017      31.98114 
 24.524        31.98575 
 24.52014      31.98656 
 24.51839      31.98695 
 24.51142      31.99133 
 24.50525      31.99228 
 24.46033      31.9905 
 24.44989      31.99558 
 24.44481      31.99539 
 24.43886      31.99245 
 24.42758      31.99458 
 24.42672      31.98794 
 24.42456      31.98706 
 24.42111      31.99303 
 24.41519      31.991 
 24.41172      31.99467 
 24.4077       31.99583 
 24.39158      31.99397 
 24.38511      31.99322 
 24.38136      31.99806 
 24.37706      31.99783 
 24.36653      31.99172 
 24.36145      31.99334 
 24.35881      32 
 24.35828      32 
 24.34356      32 
 24.33431      31.99325 
 24.33025      31.99189 
 24.32114      31.99422 
 24.28914      31.99395 
 24.28975      32 
 24.28103      32.01039 
 24.2767       32.01311 
 24.27081      32.01306 
 24.26675      32.01192 
 24.25847      32.00958 
 24.23245      32.00967 
 24.207        32.00289 
 24.20031      32.00261 
 24.18172      32.00914 
 24.16025      32.01039 
 24.12275      32.01578 
 24.12208      32.01586 
 24.10406      32.02078 
 24.08578      32.02225 
 24.07286      32.02561 
 24.06045      32.03195 
 24.02958      32.05505 
 24.02122      32.05914 
 23.99322      32.06556 
 23.99125      32.06622 
 23.9792       32.07025 
 23.97378      32.07433 
 23.97353      32.07511 
 23.97295      32.07686 
 23.97586      32.08122 
 23.99003      32.0807 
 23.996        32.08047 
 23.99922      32.07892 
 24.00681      32.07528 
 24.01219      32.07509 
 24.01539      32.07672 
 24.0132       32.0815 
 24.019        32.08956 
 24.01684      32.09253 
 24.00575      32.09908 
 23.96606      32.11156 
 23.94883      32.11698 
 23.94347      32.11622 
 23.93442      32.1102 
 23.93331      32.11272 
 23.93511      32.11778 
 23.93372      32.12142 
 23.92886      32.12436 
 23.87344      32.12778 
 23.86186      32.13111 
 23.84695      32.14106 
 23.84106      32.13975 
 23.84075      32.13928 
 23.8307       32.15053 
 23.79344      32.1605 
 23.78614      32.16478 
 23.78014      32.16908 
 23.7672       32.17239 
 23.71733      32.18083 
 23.68311      32.18414 
 23.66933      32.18836 
 23.65833      32.18709 
 23.64739      32.18081 
 23.61189      32.18042 
 23.58931      32.18017 
 23.57725      32.17797 
 23.56864      32.17833 
 23.55509      32.18367 
 23.54439      32.18011 
 23.5382       32.18186 
 23.5347       32.18161 
 23.52689      32.18106 
 23.51703      32.17681 
 23.51003      32.17606 
 23.50083      32.18005 
 23.47961      32.17797 
 23.47342      32.17859 
 23.46714      32.18378 
 23.45539      32.17975 
 23.43389      32.17878 
 23.42686      32.18075 
 23.39781      32.1955 
 23.38503      32.20245 
 23.37139      32.21233 
 23.36464      32.21317 
 23.35311      32.21119 
 23.34745      32.21181 
 23.33064      32.21889 
 23.32039      32.22014 
 23.31475      32.21914 
 23.31131      32.21703 
 23.3095       32.2122 
 23.31206      32.20606 
 23.32197      32.19359 
 23.32442      32.17828 
 23.32517      32.17661 
 23.3292       32.16736 
 23.33278      32.16375 
 23.33072      32.15889 
 23.32558      32.16045 
 23.32392      32.16295 
 23.30622      32.18767 
 23.29781      32.2045 
 23.29347      32.20694 
 23.28647      32.20709 
 23.27495      32.20417 
 23.26031      32.21017 
 23.24297      32.22822 
 23.2315       32.24678 
 23.22934      32.25025 
 23.22733      32.25642 
 23.22717      32.26442 
 23.22272      32.271 
 23.21722      32.27642 
 23.21345      32.27728 
 23.21042      32.28 
 23.21089      32.28297 
 23.20511      32.28953 
 23.19994      32.29106 
 23.19311      32.296 
 23.1755       32.30147 
 23.17022      32.30872 
 23.16422      32.31253 
 23.15375      32.311 
 23.14697      32.31205 
 23.11095      32.32203 
 23.10244      32.32786 
 23.0952       32.33697 
 23.0937       32.33886 
 23.09164      32.34145 
 23.08675      32.35603 
 1             3 
1
 -9999.0   ,   9990.0 
 35 
 25            34.93458 
 24.96995      34.93528 
 24.96633      34.93253 
 24.96439      34.9275 
 24.95856      34.92772 
 24.95047      34.93508 
 24.93881      34.93553 
 24.93759      34.93511 
 24.92322      34.93028 
 24.9185       34.93005 
 24.90986      34.9335 
 24.90153      34.93372 
 24.89458      34.93211 
 24.88428      34.93694 
 24.84506      34.94245 
 24.83225      34.94289 
 24.81584      34.94084 
 24.79583      34.92911 
 24.79369      34.92928 
 24.78611      34.92981 
 24.77886      34.92706 
 24.77608      34.92772 
 24.7747       34.93117 
 24.76247      34.92842 
 24.75942      34.92611 
 24.74467      34.92678 
 24.73856      34.92517 
 24.73464      34.92678 
 24.73325      34.92997 
 24.73575      34.93664 
 24.74825      34.94375 
 24.75322      34.95522 
 24.75178      34.96214 
 24.75042      34.96878 
  24.75567	34.97611 
 1             4 
1
 -9999.0   ,   9990.0 
 10 
 24.01009      34.92628 
 24.01283      34.92928 
 24.00717      34.93889 
 23.99681      34.94478 
 23.99292      34.94475 
 23.99128      34.94153 
 23.99494      34.93764 
 24.00334      34.93289 
 24.00758      34.92695 
 24.01009      34.92628 
 1             5 
1
 -9999.0   ,   9990.0 
 31 
 24.12669      34.80964 
 24.13053      34.81539 
 24.13747      34.81614 
 24.13856      34.8175 
 24.13378      34.82275 
 24.12542      34.82661 
 24.12036      34.83186 
 24.11611      34.83986 
 24.11717      34.84581 
 24.12675      34.85872 
 24.12389      34.86628 
 24.12111      34.86856 
 24.11472      34.86759 
 24.11242      34.87514 
 24.10933      34.87672 
 24.09908      34.87436 
 24.08989      34.87753 
 24.07239      34.87558 
 24.07156      34.87344 
 24.06914      34.86706 
 24.06444      34.86497 
 24.04747      34.86486 
 24.04445      34.86323 
 24.05681      34.85092 
 24.06047      34.84522 
 24.07781      34.83617 
 24.08425      34.83 
 24.09958      34.82459 
 24.10714      34.82192 
 24.11972      34.81236 
 24.12669      34.80964 
 1             6 
1
 -9999.0   ,   9990.0 
 9 
 23.288        32.22497 
 23.29256      32.2255 
 23.29411      32.22872 
 23.29078      32.23439 
 23.28395      32.23934 
 23.28131      32.23656 
 23.28628      32.22997 
 23.28578      32.22744 
 23.288        32.22497 
 1             7 
1
 -9999.0   ,   9990.0 
 318 
 23.08675      32.35603 
 23.08739      32.36314 
 23.09595      32.37717 
 23.09753      32.37978 
 23.10742      32.39642 
 23.10786      32.40056 
 23.1017       32.41145 
 23.09372      32.41753 
 23.09311      32.4205 
 23.09958      32.42128 
 23.10114      32.42406 
 23.09778      32.42994 
 23.09956      32.43389 
 23.10683      32.43445 
 23.1107       32.43106 
 23.11628      32.422 
 23.13114      32.40961 
 23.13139      32.40939 
 23.13136      32.40922 
 23.13092      32.40708 
 23.12822      32.40636 
 23.11578      32.4087 
 23.11422      32.40592 
 23.11572      32.40456 
 23.12686      32.39444 
 23.13175      32.39336 
 23.13578      32.39411 
 23.1397       32.39945 
 23.14236      32.41322 
 23.1402       32.42386 
 23.14069      32.42878 
 23.14578      32.4307 
 23.15047      32.43853 
 23.15214      32.44819 
 23.15642      32.45009 
 23.15981      32.45539 
 23.15589      32.462 
 23.15492      32.46975 
 23.14864      32.47289 
 23.14275      32.48356 
 23.13297      32.48547 
 23.12986      32.49275 
 23.12417      32.49917 
 23.10797      32.51739 
 23.10845      32.52106 
 23.10147      32.5308 
 23.1022       32.53425 
 23.10725      32.53847 
 23.10795      32.54328 
 23.09864      32.57247 
 23.10014      32.57892 
 23.10303      32.58261 
 23.11031      32.58342 
 23.12547      32.60634 
 23.12589      32.60909 
 23.12714      32.61736 
 23.12092      32.62895 
 23.11103      32.63567 
 23.10453      32.63672 
 23.09903      32.64006 
 23.08764      32.64217 
 23.08186      32.64645 
 23.06539      32.64506 
 23.05934      32.64953 
 23.03319      32.65736 
 23.02022      32.65692 
 23.00728      32.65442 
 22.98959      32.65986 
22.9776 , 32.6605
 22.96625      32.662 
 22.96136      32.66353 
 22.95172      32.66978 
 22.93517      32.6725 
 22.9287       32.67264 
 22.92406      32.67275 
 22.91661      32.67814 
 22.91009      32.67917 
 22.90242      32.68339 
 22.89184      32.68481 
 22.87892      32.69192 
 22.86725      32.69311 
 22.84856      32.70492 
 22.80372      32.722 
 22.79539      32.72281 
 22.79367      32.72297 
 22.75881      32.73081 
 22.71184      32.74575 
 22.68397      32.75256 
 22.68178      32.75308 
 22.68161      32.75311 
 22.6742       32.75492 
 22.66314      32.75923 
 22.66306      32.75925 
 22.66297      32.75928 
 22.66081      32.76181 
 22.65828      32.76475 
 22.65739      32.76581 
 22.65497      32.76903 
 22.65267      32.77208 
 22.65231      32.77258 
 22.64653      32.7757 
 22.6455       32.77575 
 22.63725      32.77611 
 22.63217      32.77633 
 22.63197      32.77633 
 22.63147      32.77631 
 22.63145      32.77631 
 22.62339      32.77589 
 22.62225      32.77583 
 22.62139      32.77578 
 22.62106      32.77578 
 22.60322      32.77486 
 22.58447      32.78547 
 22.57         32.79 
 22.56433      32.79861 
 22.55744      32.80189 
 22.53278      32.80278 
 22.52645      32.80564 
 22.5102       32.80531 
 22.50169      32.80881 
 22.49053      32.80995 
 22.47092      32.82236 
 22.45347      32.83417 
 22.44414      32.83856 
 22.43883      32.84303 
 22.43486      32.84958 
 22.42128      32.84997 
 22.39483      32.86364 
 22.38992      32.86397 
 22.37647      32.86897 
 22.34528      32.86897 
 22.3237       32.87422 
 22.31556      32.87428 
 22.31158      32.87122 
 22.28145      32.87147 
 22.24861      32.87208 
 22.21131      32.87583 
 22.1987       32.87989 
 22.18903      32.88539 
 22.18258      32.89167 
 22.17703      32.903 
 22.17686      32.90828 
 22.1822       32.91939 
 22.18075      32.92211 
 22.16606      32.93072 
 22.14939      32.93375 
 22.13131      32.93059 
 22.11506      32.92975 
 22.10867      32.92569 
 22.09953      32.92317 
 22.09803      32.922 
 22.09214      32.91728 
 22.08845      32.9142 
 22.07158      32.90714 
 22.04922      32.90247 
 22.01536      32.9005 
 21.98792      32.90167 
 21.95975      32.90003 
 21.9395       32.89678 
 21.9282       32.8942 
 21.92003      32.89467 
 21.90986      32.89831 
 21.89689      32.89683 
 21.88808      32.90028 
 21.83445      32.90484 
 21.82514      32.90642 
21.8112 , 32.9098
 21.80011      32.91494 
 21.75425      32.92909 
 21.74267      32.93358 
 21.70797      32.93858 
 21.70147      32.93795 
 21.67147      32.92795 
 21.6412       32.92436 
 21.63642      32.92172 
 21.63139      32.92522 
 21.62859      32.92386 
 21.62792      32.92353 
 21.62733      32.9227 
 21.62459      32.91886 
 21.62125      32.9172 
 21.61872      32.91594 
 21.61492      32.91053 
 21.61411      32.90939 
 21.6137       32.90922 
 21.60503      32.90569 
 21.58986      32.8915 
 21.57853      32.88545 
 21.57181      32.88183 
 21.56108      32.87211 
 21.55331      32.86939 
 21.54447      32.85994 
 21.53667      32.85836 
 21.52619      32.84911 
 21.5255       32.84889 
 21.51845      32.84659 
 21.51397      32.84325 
 21.50833      32.83553 
 21.48845      32.82439 
 21.48253      32.81711 
 21.47067      32.81539 
 21.46395      32.80739 
 21.45784      32.80425 
 21.44845      32.80211 
 21.44056      32.79639 
 21.42681      32.79461 
 21.40447      32.78409 
 21.39525      32.78425 
 21.3857       32.77984 
 21.37622      32.77911 
 21.36772      32.77517 
 21.35928      32.77583 
 21.35314      32.77428 
 21.34414      32.77539 
 21.33208      32.77181 
 21.31769      32.77228 
 21.24911      32.76692 
 21.23256      32.76686 
 21.22681      32.76853 
 21.19731      32.76736 
 21.18417      32.77039 
 21.15606      32.76878 
 21.11025      32.7687 
 21.10167      32.76634 
 21.07981      32.76447 
 21.0625       32.75772 
 21.04314      32.74859 
 21.03214      32.74639 
 21.01183      32.73494 
 20.99697      32.73397 
 20.96272      32.71908 
 20.94981      32.71773 
 20.94347      32.71406 
 20.93831      32.70861 
 20.92478      32.69714 
 20.90708      32.68806 
 20.90006      32.68208 
 20.86025      32.66581 
 20.84544      32.65886 
 20.81086      32.6462 
 20.78872      32.63967 
 20.77828      32.6322 
 20.76214      32.62497 
 20.75128      32.62045 
 20.72431      32.61353 
 20.69919      32.60183 
 20.68611      32.59839 
20.6549 , 32.5846
 20.63978      32.57858 
 20.6275       32.57247 
 20.61397      32.56569 
 20.5757       32.55258 
 20.56258      32.545 
 20.54472      32.52989 
 20.52361      32.52036 
 20.51133      32.51256 
 20.49803      32.49853 
20.4814 , 32.4871
 20.47692      32.4842 
 20.46006      32.47519 
 20.40611      32.43975 
 20.39008      32.43203 
 20.37336      32.4215 
 20.34386      32.39734 
 20.33517      32.3902 
 20.32706      32.3807 
 20.291        32.34992 
 20.27617      32.33534 
 20.26117      32.32856 
 20.23806      32.31028 
 20.21781      32.29425 
 20.18483      32.26378 
 20.16381      32.24436 
 20.15281      32.22944 
 20.15872      32.22009 
 20.15589      32.21789 
 20.15103      32.21814 
 20.14464      32.22178 
 20.12847      32.203 
 20.12239      32.19656 
 20.11433      32.19164 
 20.10053      32.18808 
 20.09847      32.177 
 20.09586      32.17139 
 20.09056      32.16544 
 20.08839      32.15972 
 20.08636      32.15436 
 20.08447      32.14936 
 20.07978      32.14228 
 20.05783      32.12095 
 20.05611      32.11928 
 20.06031      32.11542 
 20.06039      32.11533 
 20.06047      32.11503 
 20.06139      32.11172 
 20.06522      32.11094 
 20.06606      32.11172 
 20.06625      32.11192 
 20.06828      32.11384 
 20.07161      32.1117 
 20.07289      32.10831 
 20.07008      32.10397 
 20.0697       32.10336 
 20.0657       32.10272 
 20.06072      32.10481 
 20.0555       32.11147 
 20.05178      32.11039 
 20.04889      32.10478 
 20.04845      32.09889 
 20.04814      32.09489 
 20.04503      32.08595 
 20.04239      32.07836 
 20.03461      32.06406 
 20.01156      32.03875 
 20.00853      32.03542 
 20.00231      32.02861 
 20.00156      32.02781 
 20            32.02661 
 1             8 
1
 -9999.0   ,   9990.0 
 6 
  24.75567	34.97611 
 24.75206      34.983 
 24.75314      34.98667 
 24.7507       34.98984 
 24.74783      34.99353 
 24.74992      35 
