 20 
 1             1 
1
 -9999.0   ,   9990.0 
 2 
 11.45108      33.1935 
 11.45264      33.19264 
 1             2 
1
 -9999.0   ,   9990.0 
 25 
 11.16878      33.24881 
 11.17528      33.23869 
 11.17581      33.22909 
 11.17606      33.22473 
 11.18445      33.2105 
 11.19122      33.20567 
 11.19803      33.20495 
 11.20403      33.20861 
 11.21056      33.2072 
 11.22228      33.20753 
 11.22497      33.20761 
 11.23883      33.20506 
 11.27722      33.20445 
 11.30247      33.19656 
 11.30447      33.19614 
 11.36445      33.18322 
 11.37397      33.18342 
 11.37803      33.18156 
 11.38836      33.18128 
 11.39272      33.18331 
 11.39711      33.18789 
 11.40256      33.18808 
 11.41231      33.18184 
 11.42236      33.17859 
 11.44495      33.17892 
 1             3 
1
 -9999.0   ,   9990.0 
 5 
 11.13053      33.29883 
 11.12969      33.29242 
 11.13186      33.28622 
 11.14081      33.27889 
 11.15031      33.26556 
 1             4 
1
 -9999.0   ,   9990.0 
 31 
 11.14092      33.31783 
 11.14636      33.31645 
 11.154        33.321 
 11.16764      33.3205 
 11.18669      33.31264 
 11.20736      33.30664 
 11.21525      33.30247 
 11.23867      33.2985 
 11.27872      33.28103 
 11.28897      33.27656 
 11.29578      33.27675 
 11.29797      33.27973 
 11.29636      33.2827 
 11.28547      33.28961 
 11.26292      33.29794 
 11.24822      33.30647 
 11.23517      33.30975 
 11.2292       33.31411 
 11.21928      33.317 
 11.20686      33.32061 
 11.18736      33.32986 
 11.17967      33.33353 
 11.17819      33.33695 
 11.17397      33.34659 
 11.16667      33.35692 
 11.15006      33.36934 
 11.13944      33.37053 
 11.12769      33.36206 
 11.12692      33.36181 
 11.12114      33.35981 
 11.10478      33.36144 
 1             5 
1
 -9999.0   ,   9990.0 
 6 
 11.13672      33.38153 
 11.14139      33.38678 
 11.13975      33.39158 
 11.12181      33.40906 
 11.12069      33.40422 
 11.13672      33.38153 
 1             6 
1
 -9999.0   ,   9990.0 
 10 
 10.80667      33.51822 
 10.81106      33.51248 
 10.81175      33.50772 
 10.80667      33.50164 
 10.80294      33.503 
 10.80464      33.50808 
 10.80328      33.51383 
 10.80125      33.51653 
 10.80158      33.51889 
 10.80667      33.51822 
 1             7 
1
 -9999.0   ,   9990.0 
 130 
 11.10808      33.36853 
 11.11733      33.366 
 11.11778      33.36622 
 11.12361      33.36917 
 11.12717      33.37331 
 11.12775      33.38178 
 11.12314      33.393 
 11.11361      33.40747 
 11.11067      33.42397 
 11.1025       33.43361 
 11.10075      33.43956 
 11.10033      33.44095 
 11.10247      33.44717 
 11.1115       33.47331 
 11.11572      33.48559 
 11.12639      33.497 
 11.12406      33.53847 
 11.117        33.55728 
 11.10747      33.57517 
 11.09483      33.5897 
 11.08728      33.59836 
 11.07392      33.6087 
 11.06708      33.61698 
 11.05261      33.62708 
 11.03839      33.62711 
 11.0157       33.64042 
 10.99983      33.64022 
 10.9952       33.6455 
 10.99053      33.64506 
 10.99         33.64092 
 10.99436      33.63497 
 10.99136      33.63139 
 10.97411      33.63086 
 10.95661      33.63639 
 10.95622      33.63639 
 10.95197      33.63639 
 10.94758      33.63397 
 10.94156      33.63067 
 10.92325      33.62428 
 10.91531      33.61786 
 10.91311      33.60939 
 10.91475      33.60619 
 10.92269      33.60572 
 10.93336      33.59744 
 10.93581      33.59128 
 10.94264      33.58508 
 10.94739      33.57611 
 10.94811      33.57478 
 10.9492       33.56675 
 10.94672      33.55828 
 10.93089      33.53653 
 10.9235       33.53309 
 10.89783      33.52625 
 10.88717      33.52486 
 10.87789      33.51983 
 10.85194      33.51458 
 10.84122      33.50655 
 10.83939      33.5052 
 10.83175      33.50381 
 10.82108      33.49669 
 10.81506      33.49681 
 10.79267      33.48617 
 10.7925       33.48609 
 10.78209      33.48067 
 10.76614      33.48022 
 10.76608      33.48022 
 10.75695      33.47997 
 10.75259      33.48042 
 10.74028      33.48934 
 10.73128      33.49231 
 10.7135       33.49506 
 10.70092      33.50169 
 10.699        33.50764 
 10.70145      33.51658 
 10.6997       33.52236 
 10.69583      33.52786 
 10.69439      33.52992 
 10.69006      33.53611 
 10.68689      33.54061 
 10.68442      33.54681 
 10.68375      33.55383 
 10.68358      33.55572 
 10.686        33.56331 
 10.69036      33.56742 
 10.70075      33.57156 
 10.70867      33.57845 
 10.71959      33.58303 
 10.72395      33.58922 
 10.728        33.60228 
 10.73319      33.60986 
 10.73536      33.61992 
 10.7345       33.62511 
 10.73342      33.63164 
 10.73119      33.64489 
 10.73828      33.65681 
 10.74561      33.68522 
 10.74586      33.69189 
 10.74422      33.69761 
 10.73653      33.70678 
 10.72528      33.71317 
 10.71678      33.7157 
 10.70447      33.71431 
 10.69311      33.70933 
 10.68228      33.70458 
 10.67822      33.70281 
 10.65908      33.69111 
 10.6542       33.68559 
 10.64408      33.68122 
 10.61864      33.67408 
 10.614        33.67431 
 10.59514      33.66556 
 10.57764      33.66117 
 10.57136      33.6575 
 10.57006      33.65508 
 10.56839      33.652 
 10.56861      33.64823 
 10.56867      33.64695 
 10.57361      33.64306 
 10.58075      33.64169 
 10.59086      33.64286 
 10.59195      33.64103 
 10.57914      33.63436 
 10.57803      33.63803 
 10.56681      33.63983 
 10.5635       33.64189 
 10.56519      33.65328 
 10.56589      33.65794 
 10.54758      33.65447 
 10.52678      33.65395 
 10.50195      33.64242 
 1             8 
1
 -9999.0   ,   9990.0 
 7 
 10.86828      33.5982 
 10.87239      33.60209 
 10.87403      33.60645 
 10.87236      33.60942 
 10.86936      33.60942 
 10.86692      33.60758 
 10.86828      33.5982 
 1             9 
1
 -9999.0   ,   9990.0 
 19 
 10.49267      33.63806 
 10.488        33.64103 
 10.48656      33.64722 
 10.48331      33.64903 
 10.47731      33.64808 
 10.47186      33.64006 
 10.46178      33.63545 
 10.45325      33.63556 
 10.45047      33.63031 
 10.44825      33.63025 
 10.44753      33.63525 
 10.45272      33.64092 
 10.46119      33.63911 
 10.46583      33.64072 
 10.47156      33.64625 
 10.47317      33.65128 
 10.48467      33.6527 
 10.48272      33.6575 
 10.47914      33.65933 
 1             10 
1
 -9999.0   ,   9990.0 
 5 
 10.77383      33.69495 
 10.77892      33.69359 
 10.78095      33.68747 
 10.77756      33.68578 
 10.77383      33.69495 
 1             11 
1
 -9999.0   ,   9990.0 
 101 
 10.91914      33.68683 
 10.91928      33.68694 
 10.93119      33.69667 
 10.93125      33.69669 
 10.93886      33.69942 
 10.95008      33.72139 
 10.95583      33.72803 
 10.96294      33.731 
 10.96653      33.72733 
 10.97008      33.71978 
 10.96786      33.70258 
 10.96972      33.69353 
 10.97086      33.68792 
 10.97581      33.69272 
 10.97636      33.7145 
 10.98075      33.73258 
 10.98733      33.74425 
 10.99419      33.75067 
 10.997        33.75167 
 10.99753      33.75186 
 11.02572      33.76183 
 11.02836      33.76453 
 11.04025      33.7767 
 11.05617      33.78356 
 11.06603      33.78261 
 11.06767      33.78444 
 11.06797      33.79178 
 11.06606      33.79453 
 11.05975      33.79728 
 11.057        33.80119 
 11.05947      33.80347 
 11.0655       33.7982 
 11.06853      33.79772 
 11.07156      33.80139 
 11.06519      33.81244 
 11.06308      33.81608 
 11.06803      33.825 
 11.06503      33.8305 
 11.05761      33.83372 
 11.04881      33.83397 
 11.02306      33.83472 
 10.98278      33.85953 
 10.97045      33.8687 
 10.95014      33.8905 
 10.94192      33.896 
 10.93967      33.89622 
 10.93286      33.89692 
 10.93342      33.89189 
 10.93533      33.885 
 10.93261      33.87753 
 10.91475      33.8825 
 10.88211      33.88253 
 10.8662       33.8862 
 10.83269      33.89836 
 10.81869      33.90178 
 10.79372      33.90408 
 10.78331      33.90042 
 10.76081      33.8965 
 10.75361      33.8935 
 10.74764      33.891 
 10.7452       33.88709 
 10.74822      33.86945 
 10.74661      33.86464 
 10.7447       33.85731 
 10.74803      33.83853 
 10.74667      33.83186 
 10.74811      33.80047 
 10.74567      33.79222 
 10.738        33.78078 
 10.73228      33.77503 
 10.73256      33.77297 
 10.73256      33.76267 
 10.72983      33.75511 
 10.73753      33.74364 
 10.74278      33.72717 
 10.74853      33.72372 
 10.75786      33.71045 
 10.76417      33.70678 
 10.76964      33.707 
 10.77511      33.71045 
 10.78881      33.70703 
 10.78881      33.71756 
 10.79208      33.72856 
 10.79825      33.73128 
 10.80356      33.73361 
 10.81286      33.74025 
 10.81808      33.74186 
 10.8282       33.74117 
 10.83478      33.73911 
 10.87233      33.70061 
 10.87808      33.69189 
 10.88192      33.68525 
 10.87864      33.67861 
 10.87206      33.66989 
 10.87181      33.66347 
 10.88167      33.64081 
 10.88714      33.63781 
 10.89258      33.66919 
 10.89586      33.67378 
 10.90572      33.68203 
 10.91914      33.68683 
 1             12 
1
 -9999.0   ,   9990.0 
 30 
 11.02192      34.63833 
 11.03161      34.63725 
 11.03769      34.63403 
 11.04986      34.62186 
 11.05181      34.623 
 11.05264      34.62806 
 11.05653      34.63011 
 11.06206      34.63009 
 11.08425      34.64906 
 11.10728      34.6637 
 11.12031      34.66572 
 11.1217       34.66686 
 11.12189      34.66958 
 11.12228      34.67464 
 11.11369      34.67672 
 11.09817      34.67722 
 11.09264      34.68022 
 11.07539      34.68 
 11.06159      34.67983 
 11.05272      34.67642 
 11.04581      34.68009 
 10.99675      34.67789 
 10.98956      34.67514 
 10.9875       34.6732 
 10.97431      34.66072 
 10.97856      34.65903 
 10.99506      34.65244 
 11.00753      34.64303 
 11.01695      34.63889 
 11.02192      34.63833 
 1             13 
1
 -9999.0   ,   9990.0 
 11 
 11.31161      34.754 
 11.31411      34.75492 
 11.32         34.76267 
 11.32914      34.76495 
 11.34081      34.76489 
 11.34247      34.76672 
 11.34028      34.76925 
 11.32114      34.76956 
 11.3125       34.76522 
 11.30917      34.76045 
 11.31161      34.754 
 1             14 
1
 -9999.0   ,   9990.0 
 8 
 11.30881      34.77195 
 11.29981      34.77811 
 11.29845      34.78247 
 11.29539      34.78181 
 11.29511      34.77953 
 11.29925      34.77492 
 11.3075       34.77053 
 11.30881      34.77195 
 1             15 
1
 -9999.0   ,   9990.0 
 8 
 11.22361      34.80361 
 11.21864      34.80731 
 11.22031      34.80958 
 11.22558      34.81003 
 11.23056      34.8052 
 11.23414      34.80128 
 11.23247      34.80014 
 11.22361      34.80361 
 1             16 
1
 -9999.0   ,   9990.0 
 10 
 11.31781      34.82528 
 11.32278      34.82158 
 11.32972      34.82108 
 11.33639      34.82289 
 11.32114      34.82892 
 11.31314      34.83675 
 11.30814      34.83517 
 11.30981      34.83128 
 11.31169      34.82689 
 11.31781      34.82528 
 1             17 
1
 -9999.0   ,   9990.0 
 101 
 11.17139      34.73992 
 11.17042      34.74214 
 11.16878      34.74717 
 11.16894      34.74756 
 11.17044      34.75083 
 11.17681      34.74898 
 11.17769      34.76595 
 11.17383      34.77009 
 11.17606      34.77145 
 11.18408      34.76845 
 11.18545      34.75997 
 11.18822      34.75653 
 11.20511      34.75142 
 11.21953      34.75228 
 11.22728      34.74836 
 11.2295       34.74972 
 11.22786      34.75317 
 11.22622      34.75686 
 11.23289      34.75958 
 11.23042      34.76623 
 11.23239      34.77744 
 11.22758      34.78203 
 11.223        34.78642 
 11.22106      34.7885 
 11.22136      34.79239 
 11.23078      34.79144 
 11.23222      34.79284 
 11.24664      34.80353 
 11.245        34.80972 
 11.24392      34.81478 
 11.24978      34.82142 
 11.24672      34.82417 
 11.24592      34.82784 
 11.25064      34.83194 
 11.25039      34.83675 
 11.25733      34.83422 
 11.26536      34.83097 
 11.27225      34.82108 
 11.27381      34.81786 
 11.275        34.81536 
 11.2775       34.81214 
 11.28028      34.81236 
 11.2825       34.81442 
 11.28253      34.82036 
 11.27617      34.82336 
 11.27839      34.8275 
 11.28256      34.82656 
 11.2917       34.82056 
 11.30195      34.82053 
 11.32133      34.81103 
 11.31995      34.80831 
 11.31328      34.80856 
 11.30692      34.81295 
 11.30192      34.81272 
 11.29442      34.80886 
 11.29495      34.80406 
 11.29244      34.80314 
 11.29103      34.80039 
 11.29256      34.79764 
 11.29239      34.79214 
 11.29403      34.79006 
 11.28986      34.78711 
 11.28458      34.78597 
 11.28072      34.78875 
 11.28014      34.78072 
 11.2812       34.77431 
 11.29503      34.76575 
 11.3025       34.75864 
 11.30578      34.75128 
 11.30575      34.74442 
 11.30381      34.74167 
 11.2905       34.74172 
 11.28411      34.73992 
 11.27614      34.73492 
 11.2677       34.72897 
 11.25689      34.72925 
 11.25603      34.7235 
 11.25297      34.72122 
 11.213        34.70945 
 11.20081      34.70742 
 11.17914      34.69808 
 11.17542      34.69378 
 11.17442      34.69261 
 11.16886      34.68942 
 11.15889      34.68692 
 11.14917      34.68075 
 11.13861      34.67803 
 11.13253      34.67394 
 11.13039      34.67422 
 11.12919      34.67439 
 11.12811      34.68631 
 11.13589      34.69592 
 11.13675      34.70258 
 11.13981      34.70875 
 11.14703      34.71103 
 11.15369      34.71628 
 11.16011      34.72772 
 11.17067      34.7372 
 11.17206      34.73845 
 11.1715       34.73967 
 11.17139      34.73992 
 1             18 
1
 -9999.0   ,   9990.0 
 224 
 10.972        35 
 10.95719      34.99167 
 10.93844      34.97781 
 10.93128      34.9725 
 10.92658      34.96164 
 10.92622      34.93961 
 10.92814      34.93145 
 10.92622      34.923 
 10.92883      34.90742 
 10.92433      34.88853 
 10.91531      34.8775 
 10.89636      34.86292 
 10.89133      34.85606 
 10.8872       34.84547 
 10.87139      34.83359 
 10.86811      34.82845 
 10.86775      34.822 
 10.87122      34.81814 
 10.87178      34.8172 
 10.87608      34.80983 
 10.87522      34.8047 
 10.87142      34.8027 
 10.8572       34.80197 
 10.84106      34.79767 
 10.83497      34.79297 
 10.82528      34.7855 
 10.81783      34.77706 
 10.80969      34.77475 
 10.79808      34.76545 
 10.77297      34.7497 
 10.77472      34.74553 
 10.78375      34.73984 
 10.7862       34.73425 
 10.78567      34.72967 
 10.78394      34.73297 
 10.77856      34.73525 
 10.77475      34.73509 
 10.77578      34.73139 
 10.77333      34.73117 
 10.76928      34.73078 
 10.76472      34.73034 
 10.76211      34.73008 
 10.76058      34.72817 
 10.75745      34.72417 
 10.75714      34.72325 
 10.75506      34.71717 
 10.75414      34.71345 
 10.75411      34.71333 
 10.75314      34.70939 
 10.75119      34.70389 
 10.75372      34.69447 
 10.75345      34.68692 
 10.73686      34.66675 
 10.73164      34.65689 
 10.72583      34.65114 
 10.72028      34.6507 
 10.71994      34.65067 
 10.71167      34.65031 
 10.7095       34.65022 
 10.70642      34.65003 
 10.702        34.64975 
 10.69203      34.6495 
 10.68483      34.65133 
 10.66603      34.64397 
 10.66389      34.64364 
 10.65884      34.64281 
 10.64942      34.63661 
 10.64281      34.62539 
 10.63703      34.62056 
 10.63258      34.61917 
 10.62958      34.60978 
 10.62269      34.60014 
 10.60642      34.58567 
 10.60231      34.57581 
 10.60294      34.55106 
 10.60075      34.54622 
 10.59331      34.54164 
 10.56792      34.52945 
 10.56295      34.52942 
 10.56319      34.53264 
 10.55931      34.5347 
 10.55214      34.53375 
 10.53281      34.52636 
 10.53086      34.53028 
 10.51094      34.52931 
 10.5002       34.52378 
 10.49986      34.52367 
 10.47175      34.51428 
 10.46486      34.51197 
 10.43839      34.49539 
 10.43322      34.48553 
 10.40356      34.45286 
 10.39886      34.44717 
 10.39869      34.44697 
 10.39794      34.44606 
 10.39586      34.4435 
 10.39314      34.44022 
 10.3852       34.43103 
 10.37392      34.42456 
 10.36839      34.42408 
 10.35978      34.43253 
 10.3537       34.4325 
 10.34931      34.42906 
 10.34603      34.42056 
 10.34106      34.42261 
 10.3375       34.418 
 10.34         34.4155 
 10.34414      34.41506 
 10.34783      34.41758 
 10.35183      34.42034 
 10.35625      34.42336 
 10.359        34.42292 
 10.36039      34.42131 
 10.35825      34.41214 
 10.35331      34.40775 
 10.33733      34.4015 
 10.331        34.39942 
 10.32547      34.401 
 10.32214      34.40306 
 10.30942      34.40575 
 10.30414      34.40983 
 10.29806      34.40936 
 10.29258      34.40567 
 10.28375      34.40381 
 10.28128      34.40172 
 10.28167      34.38911 
 10.27811      34.38175 
 10.27567      34.37739 
 10.27211      34.37509 
 10.26025      34.37275 
 10.256        34.37264 
 10.24839      34.37245 
 10.24317      34.37036 
 10.22864      34.35861 
 10.22039      34.35306 
 10.21461      34.35167 
 10.21083      34.35828 
 10.20653      34.35942 
 10.19822      34.36258 
 10.18108      34.33611 
 10.17778      34.33681 
 10.17394      34.33172 
 10.16042      34.33303 
 10.13597      34.32211 
 10.12769      34.3207 
 10.11264      34.30936 
 10.10608      34.30222 
 10.09417      34.28267 
 10.08653      34.27506 
 10.07733      34.25536 
 10.06925      34.23806 
 10.05214      34.21595 
 10.04694      34.21134 
 10.04594      34.20284 
 10.042        34.18539 
 10.03819      34.17964 
 10.02414      34.18022 
 10.02089      34.17722 
 10.02092      34.17242 
 10.02761      34.16514 
 10.03025      34.15209 
 10.03289      34.13514 
 10.03036      34.12731 
 10.02917      34.12367 
 10.029        34.11564 
 10.03292      34.1097 
 10.03578      34.0985 
 10.03625      34.08109 
 10.04056      34.06347 
 10.03869      34.05703 
 10.03897      34.04803 
 10.04781      34.028 
 10.04878      34.01517 
 10.04686      34.01356 
 10.03972      34.0135 
 10.03686      34.01239 
 10.03125      34.01025 
 10.01311      34.00942 
 10.01314      34.00683 
 10.01672      34.00464 
 10.04883      34.01081 
 10.05414      34.00261 
 10.05994      33.99828 
 10.06581      33.98869 
 10.07406      33.96195 
 10.08169      33.95111 
 10.10528      33.9177 
 10.11883      33.90517 
 10.13028      33.88667 
 10.16375      33.8557 
 10.16903      33.84908 
 10.18539      33.83061 
 10.1857       33.82581 
 10.18381      33.82189 
 10.18519      33.81983 
 10.18764      33.82192 
 10.19122      33.82217 
 10.19483      33.81714 
 10.20058      33.81581 
 10.20747      33.81125 
 10.2202       33.7985 
 10.22708      33.79395 
 10.24031      33.7885 
 10.24664      33.78259 
 10.25381      33.77942 
 10.25492      33.77759 
 10.25114      33.76956 
 10.26153      33.77258 
 10.27194      33.77056 
 10.275        33.76736 
 10.27669      33.75936 
 10.28608      33.74933 
 10.28447      33.74589 
 10.29406      33.74569 
 10.30156      33.7405 
 10.3227       33.72589 
 10.33567      33.71356 
 10.38622      33.68536 
 10.42161      33.67128 
 10.423        33.66831 
 10.42731      33.66903 
 10.43586      33.66995 
 10.44245      33.66745 
 10.47147      33.6625 
 1             19 
1
 -9999.0   ,   9990.0 
 260 
 11.56606      33.169 
 11.57817      33.1602 
 11.59267      33.14964 
 11.61203      33.12409 
 11.61608      33.12108 
 11.62611      33.11711 
 11.63806      33.11589 
 11.63964      33.11039 
 11.64478      33.10667 
 11.65806      33.10131 
 11.68108      33.09611 
 11.69511      33.09617 
 11.70067      33.0962 
 11.76628      33.08261 
 11.78503      33.08109 
 11.80372      33.0775 
 11.80972      33.07792 
 11.80572      33.08664 
 11.7895       33.09319 
 11.78614      33.09403 
 11.76781      33.09864 
 11.75756      33.1065 
 11.73672      33.11378 
 11.72722      33.11522 
 11.71931      33.11231 
 11.71414      33.11281 
 11.70553      33.12089 
 11.69658      33.12486 
 11.6977       33.12736 
 11.69095      33.13039 
 11.69206      33.13292 
 11.69747      33.13308 
 11.70911      33.12636 
 11.72256      33.12261 
 11.75572      33.11339 
 11.77631      33.10589 
 11.7855       33.10011 
 11.81253      33.0882 
 11.85942      33.07256 
 11.89158      33.06183 
 11.97514      33.0127 
 11.98639      33.00694 
 11.99295      33.00358 
 11.99864      33.00217 
 12.004        32.99731 
 12.03875      32.97883 
 12.05322      32.96542 
 12.068        32.95495 
 12.08336      32.94661 
 12.08522      32.94558 
 12.09245      32.94325 
 12.09478      32.9425 
 12.10061      32.94061 
 12.10814      32.93617 
 12.12414      32.93078 
 12.12622      32.92897 
 12.12584      32.92183 
 12.13686      32.9157 
 12.18806      32.89336 
 12.19589      32.89211 
 12.21003      32.87753 
 12.21753      32.87261 
 12.22836      32.87111 
 12.23861      32.86778 
 12.25928      32.85653 
 12.29781      32.84278 
 12.31339      32.83547 
 12.38064      32.82289 
 12.4112       32.82042 
 12.43639      32.82075 
 12.44306      32.8202 
 12.45531      32.81911 
 12.46367      32.81603 
 12.47258      32.81567 
 12.48469      32.81183 
 12.5225       32.80625 
 12.54947      32.79989 
 12.56947      32.79822 
 12.58892      32.79825 
 12.60875      32.79831 
 12.62411      32.79508 
 12.64036      32.79395 
 12.64061      32.79392 
 12.65361      32.79484 
 12.67961      32.79397 
 12.68739      32.79133 
 12.72456      32.79417 
 12.73264      32.79289 
 12.73667      32.79284 
 12.75892      32.79267 
 12.77631      32.79558 
 12.80422      32.79625 
 12.83358      32.80192 
 12.86672      32.8057 
 12.88356      32.81047 
 12.891        32.81259 
 12.90425      32.81214 
 12.93986      32.81697 
 12.95825      32.82467 
 12.9645       32.82728 
 12.98078      32.82881 
 12.99861      32.83672 
 13.01356      32.83872 
 13.02436      32.8447 
 13.03803      32.85225 
 13.04589      32.85231 
 13.05925      32.85617 
 13.07653      32.86386 
 13.0915       32.86609 
 13.10711      32.87197 
 13.12167      32.87947 
 13.13011      32.88067 
 13.13972      32.88484 
 13.1462       32.88356 
 13.15683      32.88656 
 13.16069      32.88914 
 13.16258      32.89042 
 13.16347      32.891 
 13.16792      32.89603 
 13.17383      32.9027 
 13.17986      32.90578 
 13.18422      32.90592 
 13.19108      32.89958 
 13.20058      32.90028 
 13.21119      32.90422 
 13.22614      32.9045 
 13.23731      32.90956 
 13.24511      32.91025 
 13.27717      32.91314 
 13.29125      32.91217 
 13.30578      32.90864 
 13.32081      32.90306 
 13.333        32.90256 
 13.33889      32.90036 
 13.35945      32.89853 
 13.36795      32.90133 
 13.37767      32.89997 
 13.38961      32.90039 
 13.39075      32.89989 
 13.39578      32.89772 
 13.40044      32.89075 
 13.42983      32.86789 
 13.45739      32.85603 
 13.48858      32.84822 
 13.50681      32.83267 
 13.51125      32.83103 
 13.54645      32.818 
 13.58833      32.79797 
 13.59614      32.79711 
 13.6007       32.79495 
 13.60792      32.79247 
 13.63975      32.7885 
 13.66067      32.79028 
 13.68256      32.7895 
 13.70747      32.79233 
 13.70894      32.7925 
 13.71803      32.79369 
 13.72936      32.79519 
 13.73897      32.79106 
 13.74417      32.79278 
 13.75308      32.79231 
 13.76056      32.79717 
 13.78914      32.80103 
 13.8005       32.80028 
 13.80906      32.79731 
 13.81322      32.79214 
 13.829        32.78945 
 13.82908      32.78945 
 13.85158      32.78245 
 13.8565       32.783 
 13.86997      32.78103 
 13.87692      32.78225 
 13.88142      32.78303 
 13.89217      32.78114 
 13.90925      32.78136 
 13.92422      32.77639 
 13.941        32.77572 
 13.94236      32.77567 
 13.9485       32.77367 
 13.969        32.75686 
 13.98311      32.75006 
 13.99461      32.74653 
 14.00997      32.73761 
 14.03561      32.72878 
 14.07772      32.72558 
 14.08161      32.72408 
 14.09442      32.72289 
 14.10458      32.71986 
 14.12409      32.72044 
 14.13206      32.71653 
 14.15056      32.719 
 14.17681      32.71203 
 14.18903      32.71353 
 14.20367      32.70689 
 14.21419      32.69994 
 14.21925      32.69775 
 14.23839      32.69556 
 14.24308      32.69153 
 14.24311      32.68559 
 14.24533      32.68025 
 14.25842      32.66886 
 14.26739      32.66331 
 14.27431      32.66092 
 14.2775       32.65981 
 14.28264      32.653 
 14.29269      32.64745 
 14.30575      32.64292 
 14.32731      32.63447 
 14.33986      32.62447 
 14.37         32.59514 
 14.37939      32.58706 
 14.38492      32.5845 
 14.42656      32.56519 
 14.43375      32.56067 
 14.4342       32.56039 
 14.43825      32.55547 
 14.43836      32.55533 
 14.44703      32.54486 
 14.45464      32.53294 
 14.45506      32.5325 
 14.45517      32.53239 
 14.46006      32.52725 
 14.46106      32.52689 
 14.49328      32.51497 
 14.50172      32.51014 
 14.51242      32.50795 
 14.54289      32.50697 
 14.5482       32.50497 
 14.58739      32.49955 
 14.60625      32.49917 
 14.61775      32.49675 
 14.62728      32.49253 
 14.6437       32.49106 
 14.65514      32.48795 
 14.66411      32.48306 
 14.68186      32.46964 
 14.68572      32.46764 
 14.70717      32.45664 
 14.70914      32.45592 
 14.71936      32.45211 
 14.73758      32.44875 
 14.73842      32.44858 
 14.73917      32.44845 
 14.76231      32.44147 
 14.76233      32.44147 
 14.78697      32.44078 
 14.796        32.44053 
 14.81147      32.44253 
 14.8275       32.44189 
 14.85267      32.44086 
 14.86992      32.44619 
 14.89597      32.44325 
 14.89917      32.44289 
 14.91831      32.4422 
 14.93131      32.43783 
 14.95408      32.4345 
 14.96972      32.42497 
 14.9702       32.4247 
 14.97086      32.42428 
 15            32.42225 
 1             20 
1
 -9999.0   ,   9990.0 
 19 
 11.56606      33.169 
 11.55908      33.1675 
 11.54358      33.16784 
 11.52322      33.17092 
 11.50503      33.17584 
 11.42808      33.21078 
 11.42636      33.21156 
 11.41281      33.21964 
 11.36645      33.25261 
 11.345        33.26531 
 11.33658      33.26695 
 11.33275      33.2665 
 11.33303      33.26445 
 11.34906      33.25867 
 11.35819      33.25206 
 11.41086      33.21392 
 11.42581      33.20744 
 11.43197      33.20406 
 11.45108      33.1935 
