 12 
 1             1 
1
 -9999.0   ,   9990.0 
 25 
 35.11547      33.09017 
 35.11442      33.07775 
 35.11211      33.06892 
 35.11022      33.06178 
 35.10789      33.05278 
 35.10195      33.03008 
 35.09175      32.99686 
 35.08272      32.96742 
 35.08097      32.96172 
 35.07475      32.92067 
 35.07567      32.91842 
 35.07606      32.91828 
 35.07873      32.91736 
 35.08628      32.91831 
 35.08978      32.90959 
 35.09028      32.90833 
 35.0877       32.89192 
 35.08756      32.89106 
 35.08198      32.87136 
 35.07417      32.85589 
 35.07319      32.85394 
 35.07081      32.84919 
 35.06059      32.83556 
 35.0525       32.82842 
 35.03803      32.81833 
 1             2 
1
 -9999.0   ,   9990.0 
 16 
 35.60539      33.96233 
 35.60453      33.96106 
 35.59917      33.95322 
 35.59672      33.94375 
 35.59231      33.92664 
 35.59128      33.92433 
 35.5895       33.92039 
 35.58753      33.91594 
 35.57986      33.90817 
 35.5737       33.90561 
 35.5615       33.90053 
 35.55575      33.90011 
 35.54608      33.90425 
 35.54009      33.90681 
 35.52897      33.90347 
 35.5257       33.90247 
 1             3 
1
 -9999.0   ,   9990.0 
 25 
 35.5257       33.90247 
 35.51706      33.90475 
 35.48414      33.90425 
 35.48272      33.90422 
 35.47731      33.9027 
 35.47392      33.89869 
 35.47333      33.89292 
 35.47661      33.88659 
 35.48795      33.87889 
 35.49114      33.87439 
 35.49117      33.87289 
 35.4912       33.86659 
 35.49395      33.85886 
 35.49403      33.85864 
 35.4932       33.85336 
 35.49078      33.83767 
 35.49242      33.82556 
 35.49008      33.80895 
 35.48517      33.79572 
 35.47317      33.77428 
 35.45319      33.74753 
 35.4517       33.73806 
 35.45195      33.73533 
 35.45267      33.72822 
 35.44842      33.71431 
 1             4 
1
 -9999.0   ,   9990.0 
 15 
 35.89825      35 
 35.89711      34.99942 
 35.8918       34.99672 
 35.89064      34.99536 
 35.88781      34.99203 
 35.88289      34.96781 
 35.88622      34.94584 
 35.88458      34.93778 
 35.88809      34.92639 
 35.88639      34.91992 
 35.88036      34.90964 
 35.88894      34.88561 
 35.89317      34.87378 
 35.89567      34.86678 
 35.90464      34.84164 
 1             5 
1
 -9999.0   ,   9990.0 
 37 
 35.98031      34.64498 
 35.99         34.61489 
 35.99075      34.61147 
 35.99733      34.58133 
 35.9982       34.56553 
 35.99739      34.54945 
 35.99417      34.53925 
 35.98656      34.52806 
 35.98156      34.52431 
 35.98117      34.524 
 35.97094      34.52308 
 35.96367      34.51783 
 35.95786      34.51725 
 35.94514      34.50247 
 35.93811      34.49747 
 35.93128      34.48789 
 35.92375      34.48219 
 35.90608      34.47372 
 35.87945      34.46845 
 35.85725      34.46228 
 35.84219      34.45809 
 35.83433      34.46108 
 35.83178      34.45883 
 35.82925      34.45659 
 35.81892      34.45908 
 35.81628      34.45556 
 35.81667      34.4545 
 35.82925      34.42078 
 35.82728      34.41453 
 35.82328      34.41097 
 35.81561      34.40872 
 35.80189      34.39872 
 35.78942      34.39267 
 35.78392      34.39067 
 35.77089      34.38597 
 35.75217      34.38408 
 35.74647      34.38098 
 1             6 
1
 -9999.0   ,   9990.0 
  71 
 35.74647      34.38098 
 35.74109      34.3705 
 35.73381      34.36592 
 35.73284      34.36247 
 35.73506      34.35542 
 35.73311      34.34822 
 35.73506      34.34117 
 35.72911      34.33136 
 35.72803      34.32353 
 35.72367      34.31586 
 35.72286      34.31445 
 35.72017      34.31256 
 35.71442      34.3117 
 35.71367      34.3122 
 35.70592      34.3172 
 35.70231      34.31722 
 35.699        34.31725 
 35.69506      34.31944 
 35.68925      34.31905 
 35.68586      34.31458 
 35.68525      34.30861 
 35.67981      34.30686 
 35.67772      34.30359 
 35.67506      34.29434 
 35.66439      34.28556 
 35.66139      34.27744 
 35.66431      34.27059 
 35.66536      34.26814 
 35.65944      34.25764 
 35.66609      34.25003 
 35.66575      34.24472 
 35.65578      34.21786 
 35.65481      34.21528 
 35.64444      34.20581 
 35.64025      34.19331 
 35.64167      34.186 
 35.6395       34.17675 
 35.63909      34.17492 
 35.63964      34.17095 
 35.64025      34.16644 
 35.63972      34.16447 
 35.63664      34.1535 
 35.63859      34.14642 
 35.63961      34.14544 
 35.64633      34.13906 
 35.64695      34.13106 
 35.64784      34.12847 
 35.65039      34.12106 
 35.65672      34.11411 
 35.65936      34.10317 
 35.6592       34.10142 
 35.65797      34.09006 
 35.64964      34.07167 
 35.64858      34.06339 
 35.64239      34.06047 
 35.63875      34.04797 
 35.63353      34.04094 
 35.63353      34.0345 
 35.63131      34.02803 
 35.63361      34.01892 
 35.64661      34.01078 
 35.6485       34.00464 
 35.64742      34.00039 
 35.64661      33.99722 
 35.64406      33.99255 
 35.63739      33.98734 
 35.61953      33.98683 
 35.61447      33.97545 
 35.60872      33.97114 
 35.60623      33.96925 
 35.60539      33.96233 
 1             7 
1
 -9999.0   ,   9990.0 
 7 
 35.03803      32.81833 
 35.03414      32.81564 
 35.02636      32.81356 
 35.02009      32.81425 
 35.01564      32.81686 
 35.00903      32.82445 
 35            32.83159 
 1             8 
1
 -9999.0   ,   9990.0 
 14 
 35.19036      33.17197 
 35.18064      33.16984 
 35.17486      33.16575 
 35.15992      33.14095 
 35.15017      33.12825 
 35.14425      33.12645 
 35.135        33.12042 
 35.12447      33.11892 
 35.11892      33.11553 
 35.1162       33.10947 
 35.11484      33.10142 
 35.11428      33.09817 
 35.11531      33.09125 
 35.11547      33.09017 
 1             9 
1
 -9999.0   ,   9990.0 
 21 
 35.26289      33.38281 
 35.25131      33.34142 
 35.24878      33.33236 
 35.22925      33.30536 
 35.22469      33.29492 
 35.22011      33.28444 
 35.21995      33.28431 
 35.21117      33.2775 
 35.20192      33.27675 
 35.19883      33.27275 
 35.20167      33.27031 
 35.21553      33.26547 
 35.21825      33.25958 
 35.21925      33.24931 
 35.21781      33.23367 
 35.21136      33.20706 
 35.20709      33.19959 
 35.20461      33.19156 
 35.20258      33.185 
 35.19725      33.17634 
 35.19036      33.17197 
 1             10 
1
 -9999.0   ,   9990.0 
 10 
 35.33286      33.48597 
 35.32683      33.48006 
 35.30897      33.46986 
 35.29984      33.46636 
 35.29292      33.45628 
 35.28631      33.45103 
 35.27931      33.4347 
 35.27395      33.4222 
 35.2715       33.41347 
 35.26289      33.38281 
 1             11
1
 -9999.0   ,   9990.0 
 9 
 35.90464      34.84164 
 35.9345       34.78706 
 35.93911      34.77522 
 35.93895      34.75756 
 35.93925      34.75495 
 35.94095      34.74086 
 35.94719      34.72264 
 35.96064      34.69658 
 35.98031      34.64498 
 1             12 
1
 -9999.0   ,   9990.0 
 35 
 35.44842      33.71431 
 35.44736      33.71086 
 35.44183      33.70542 
 35.4297       33.70092 
 35.42525      33.69619 
 35.42278      33.68969 
 35.42367      33.6635 
 35.42372      33.66173 
 35.42189      33.65997 
 35.42114      33.65925 
 35.41978      33.65794 
 35.41817      33.65728 
 35.40658      33.6525 
 35.40672      33.63711 
 35.40672      33.63645 
 35.40658      33.63575 
 35.40497      33.628 
 35.40392      33.62286 
 35.40267      33.61681 
 35.40086      33.614 
 35.40033      33.61373 
 35.39658      33.61181 
 35.39414      33.59792 
 35.3935       33.59428 
 35.39078      33.58667 
 35.38936      33.5827 
 35.38867      33.5815 
 35.38478      33.57475 
 35.37811      33.57064 
 35.371        33.53967 
 35.35811      33.51497 
 35.35542      33.51264 
 35.34653      33.50497 
 35.34367      33.501 
 35.33286      33.48597 
