 49 
 1             1 
1
 1000.0   ,   9990.0 
 23 
 48.27003      30 
 48.26345      30.00581 
 48.22878      30.02597 
 48.20984      30.03297 
 48.17925      30.03725 
 48.17186      30.03775 
 48.17056      30.03661 
 48.16423      30.03892 
 48.1505       30.03809 
 48.14717      30.03834 
 48.09461      30.04245 
 48.08828      30.04134 
 48.07639      30.03633 
 48.0492       30.03025 
 48.0307       30.01906 
 48.02206      30.00717 
 48.01903      30.00303 
 47.99978      30.00128 
 47.99306      30.00361 
 47.9845       30.00661 
 47.98003      30.01075 
 47.97614      30.02936 
 47.96409      30.05236 
 1             2 
1
 1000.0   ,   9990.0 
 13 
 48.15036      30 
 48.15428      30.00131 
 48.15859      30.00181 
 48.15906      30.00186 
 48.16258      30.00608 
 48.16303      30.0072 
 48.16006      30.0095 
 48.15634      30.00861 
 48.15481      30.00475 
 48.09975      30.01395 
 48.07706      30.01175 
 48.05489      30.0045 
 48.04911      30 
 1             3 
1
 1000.0   ,   9990.0 
 5 
 48.66986      30 
 48.67161      30.00642 
 48.67481      30.01031 
 48.68378      30.01161 
 48.68725      30.01478 
 1             4 
1
 1000.0   ,   9990.0 
 3 
 47.95825      30 
 47.95945      30.00508 
 47.95709      30.0117 
 1             5 
1
 1000.0   ,   9990.0 
 23 
 49.57217      30 
 49.58283      30.00386 
 49.59503      30.01017 
 49.59881      30.01211 
 49.64633      30.04286 
 49.67728      30.05939 
 49.68903      30.06722 
 49.70261      30.073 
 49.70284      30.07314 
 49.71483      30.0807 
 49.73495      30.09339 
 49.75548      30.10384 
 49.82467      30.14428 
 49.83428      30.15195 
 49.84806      30.16295 
 49.86297      30.16914 
 49.87642      30.18017 
 49.90525      30.19484 
 49.93511      30.20694 
 49.95964      30.21145 
 49.97836      30.21492 
 49.99898      30.21456 
 50            30.21425 
 1             6 
1
 1000.0   ,   9990.0 
 254 
 49.55481      30 
 49.52489      30.03664 
 49.51678      30.04019 
 49.51261      30.04392 
 49.5075       30.05272 
 49.50631      30.05942 
 49.50881      30.06625 
 49.51467      30.06895 
 49.51584      30.07511 
 49.51353      30.11931 
 49.51348      30.12039 
 49.5107       30.12708 
 49.50375      30.13731 
 49.48489      30.14539 
 49.46925      30.15661 
 49.4577       30.16114 
 49.44689      30.16245 
 49.43683      30.16144 
 49.43206      30.15967 
 49.42281      30.15934 
 49.41428      30.15461 
 49.39192      30.1532 
 49.39075      30.15311 
 49.38778      30.14878 
 49.38059      30.14453 
 49.37878      30.14753 
 49.38261      30.15506 
 49.38081      30.15831 
 49.37189      30.16256 
 49.36584      30.16356 
 49.3597       30.1595 
 49.35592      30.15425 
 49.35197      30.15478 
 49.34811      30.16081 
 49.34492      30.1597 
 49.34275      30.15603 
 49.33259      30.14792 
 49.3252       30.1487 
 49.30986      30.14683 
 49.30672      30.14986 
 49.29925      30.14422 
 49.29787      30.13986 
 49.2937       30.13986 
 49.27886      30.13989 
 49.26745      30.13589 
 49.24736      30.13567 
 49.24909      30.14417 
 49.25312      30.14917 
 49.25106      30.15264 
 49.25064      30.15928 
 49.25525      30.16706 
 49.25486      30.17556 
 49.25964      30.17664 
 49.25528      30.18633 
 49.2562       30.19389 
 49.252        30.19533 
 49.2502       30.19789 
 49.2545       30.20286 
 49.24675      30.20509 
 49.24528      30.2055 
 49.23667      30.21206 
 49.23595      30.21711 
 49.23125      30.22039 
 49.23475      30.22447 
 49.24164      30.226 
 49.24117      30.22922 
 49.24395      30.23792 
 49.2427       30.24345 
 49.24359      30.24895 
 49.24159      30.25561 
 49.2382       30.25864 
 49.23686      30.25797 
 49.23239      30.26009 
 49.22578      30.25881 
 49.22386      30.25539 
 49.22039      30.25381 
 49.2187       30.24672 
 49.22231      30.23934 
 49.22172      30.23703 
 49.21853      30.23431 
 49.21361      30.2252 
 49.20536      30.22117 
 49.20228      30.22411 
 49.20236      30.2272 
 49.19886      30.23 
 49.19945      30.23995 
 49.19625      30.23825 
 49.19267      30.23808 
 49.19112      30.238 
 49.18756      30.23942 
 49.18606      30.24356 
 49.18331      30.24428 
 49.18211      30.24325 
 49.18436      30.23739 
 49.19442      30.22492 
 49.19714      30.21781 
 49.19461      30.20867 
 49.18986      30.20825 
 49.18381      30.21064 
 49.15933      30.2355 
 49.13392      30.25047 
 49.12789      30.25197 
 49.1155       30.25506 
 49.10864      30.25536 
 49.09397      30.2652 
 49.05297      30.28264 
 49.03847      30.28556 
 49.01956      30.29356 
 49.00886      30.30539 
 49.01117      30.31211 
 49.01381      30.31981 
 49.01445      30.32783 
 49.01089      30.33706 
 48.98753      30.35267 
 48.95353      30.36131 
 48.9485       30.36045 
 48.94673      30.36825 
 48.94383      30.36967 
 48.93961      30.36881 
 48.92662      30.38775 
 48.927        30.39058 
 48.92778      30.39647 
 48.94709      30.39581 
 48.95242      30.39828 
 48.96459      30.39861 
 48.97384      30.396 
 49.00378      30.38028 
 49.0125       30.37997 
 49.02709      30.38164 
 49.03189      30.38389 
 49.03725      30.38911 
 49.04336      30.39133 
 49.04964      30.38553 
 49.05092      30.38264 
 49.05372      30.37631 
 49.06134      30.37186 
 49.06078      30.37008 
 49.05672      30.35756 
 49.05711      30.35467 
 49.05984      30.35475 
 49.06473      30.36292 
 49.06817      30.36067 
 49.06775      30.35061 
 49.06397      30.34672 
 49.06475      30.3442 
 49.07262      30.34553 
 49.07459      30.33978 
 49.07706      30.33975 
 49.07875      30.3415 
 49.07797      30.34472 
 49.07236      30.35342 
 49.07361      30.35517 
 49.07692      30.35547 
 49.08295      30.34575 
 49.09117      30.34314 
 49.09534      30.338 
 49.10206      30.32972 
 49.10425      30.3365 
 49.09731      30.34089 
 49.09817      30.34303 
 49.11114      30.35217 
 49.12328      30.35486 
 49.12986      30.35247 
 49.14175      30.3512 
 49.14472      30.35597 
 49.1492       30.35522 
 49.14853      30.3635 
 49.14622      30.36745 
 49.14703      30.36867 
 49.14864      30.37109 
 49.15898      30.37233 
 49.16373      30.37092 
 49.16617      30.37456 
 49.16881      30.37497 
 49.17222      30.3722 
 49.17136      30.36828 
 49.17264      30.36553 
 49.17686      30.36364 
 49.1912       30.35061 
 49.19856      30.34709 
 49.2002       30.35003 
 49.19053      30.35795 
 49.19478      30.35997 
 49.20531      30.35686 
 49.2092       30.35153 
 49.20914      30.34808 
 49.20645      30.34467 
 49.21386      30.34389 
 49.21697      30.33995 
 49.2202       30.34583 
 49.22586      30.35064 
 49.22759      30.35867 
 49.23292      30.36225 
 49.22767      30.36461 
 49.22017      30.37528 
 49.22047      30.37917 
 49.22581      30.38992 
 49.22706      30.39097 
 49.23447      30.38909 
 49.23734      30.38725 
 49.2397       30.38256 
 49.24259      30.38253 
 49.24431      30.38536 
 49.24353      30.38786 
 49.237        30.39192 
 49.22417      30.39475 
 49.221        30.39683 
 49.22028      30.40008 
 49.22428      30.40208 
 49.23583      30.39667 
 49.24058      30.39614 
 49.24434      30.39794 
 49.24828      30.3972 
 49.24945      30.39817 
 49.25042      30.399 
 49.25156      30.40314 
 49.26239      30.40183 
 49.26372      30.40367 
 49.26389      30.414 
 49.2605       30.41703 
 49.26159      30.41861 
 49.27645      30.4232 
 49.27192      30.42467 
 49.2595       30.42272 
 49.25753      30.42739 
 49.27836      30.43711 
 49.285        30.43772 
 49.28345      30.44383 
 49.29053      30.44589 
 49.29336      30.4437 
 49.29753      30.4447 
 49.29717      30.44722 
 49.28945      30.455 
 49.28659      30.4587 
 49.28678      30.46275 
 49.2837       30.45528 
 49.28036      30.45392 
 49.27625      30.45503 
 49.27503      30.4572 
 49.27045      30.45511 
 49.27364      30.44864 
 49.27106      30.44367 
 49.26689      30.44228 
 49.26364      30.44414 
 49.26197      30.44345 
 49.26231      30.43986 
 49.26014      30.43486 
 49.24731      30.43328 
 49.24283      30.43728 
 49.24375      30.44156 
 49.23425      30.4417 
 49.23847      30.44736 
 49.24681      30.45047 
 49.24636      30.45192 
 1             7 
1
 1000.0   ,   9990.0 
 230 
 49.24636      30.45192 
 49.23953      30.45811 
 49.24039      30.46022 
 49.25284      30.4622 
 49.25122      30.46506 
 49.24089      30.46522 
 49.24011      30.46808 
 49.2452       30.47411 
 49.24567      30.47731 
 49.23786      30.47886 
 49.22956      30.47756 
 49.21903      30.48025 
 49.21398      30.48006 
 49.21403      30.48308 
 49.21942      30.48408 
 49.2247       30.49525 
 49.22411      30.49689 
 49.2175       30.5 
 49.22139      30.5045 
 49.22809      30.508 
 49.22814      30.5105 
 49.22608      30.51197 
 49.21167      30.50642 
 49.21017      30.50039 
 49.20945      30.49853 
 49.20798      30.4947 
 49.20464      30.49259 
 49.20175      30.49264 
 49.19706      30.49581 
 49.1947       30.49739 
 49.1947       30.49742 
 49.18828      30.50178 
 49.18859      30.49675 
 49.19267      30.49347 
 49.19506      30.48842 
 49.19375      30.48486 
 49.19125      30.48383 
 49.18561      30.4877 
 49.18431      30.48858 
 49.18261      30.48645 
 49.18489      30.47606 
 49.18539      30.4757 
 49.18856      30.4735 
 49.18809      30.47064 
 49.18556      30.46745 
 49.17673      30.46275 
 49.17636      30.46256 
 49.17383      30.45903 
 49.16742      30.4695 
 49.17459      30.47797 
 49.17409      30.49011 
 49.17372      30.49803 
 49.16428      30.50031 
 49.16147      30.50536 
 49.15939      30.50539 
 49.1502       30.49945 
 49.14517      30.50169 
 49.14364      30.50239 
 49.14186      30.49525 
 49.13814      30.49531 
 49.1357       30.4975 
 49.13295      30.50539 
 49.12967      30.50689 
 49.12425      30.50481 
 49.12136      30.50519 
 49.11817      30.51206 
 49.10673      30.51667 
 49.10414      30.5177 
 49.10259      30.51833 
 49.1042       30.51364 
 49.10456      30.51258 
 49.10675      30.51158 
 49.11028      30.51 
 49.11189      30.50711 
 49.10845      30.49967 
 49.1105       30.49961 
 49.11295      30.49672 
 49.10984      30.49647 
 49.10922      30.49642 
 49.10678      30.49761 
 49.10442      30.49875 
 49.10389      30.499 
 49.10336      30.50283 
 49.09786      30.50875 
 49.09581      30.5095 
 49.09495      30.507 
 49.09037      30.50561 
 49.08747      30.50639 
 49.08664      30.50731 
 49.08261      30.51181 
 49.08092      30.50933 
 49.08328      30.50214 
 49.08634      30.50045 
 49.08859      30.4992 
 49.09153      30.50095 
 49.09484      30.50092 
 49.1005       30.49439 
 49.1045       30.4925 
 49.10678      30.49142 
 49.10747      30.49108 
 49.10678      30.49075 
 49.10453      30.48972 
 49.09995      30.48761 
 49.09909      30.48547 
 49.10436      30.48003 
 49.1047       30.47911 
 49.10556      30.47678 
 49.10475      30.47572 
 49.10342      30.47394 
 49.10014      30.47436 
 49.08603      30.48392 
 49.08503      30.48458 
 49.08425      30.48817 
 49.08584      30.48853 
 49.09086      30.48972 
 49.09122      30.48981 
 49.08806      30.49169 
 49.08595      30.49122 
 49.08348      30.4907 
 49.08167      30.48917 
 49.08011      30.48786 
 49.07923      30.48358 
 49.08023      30.48103 
 49.0812       30.47856 
 49.08714      30.47683 
 49.089        30.47631 
 49.09678      30.4712 
 49.10361      30.46353 
 49.10309      30.46 
 49.08906      30.46458 
 49.08859      30.46475 
 49.08478      30.46447 
 49.08278      30.46433 
 49.07772      30.46397 
 49.0765       30.46456 
 49.07325      30.46608 
 49.06995      30.47895 
 49.06867      30.48392 
 49.06822      30.48564 
 49.07128      30.49503 
 49.07033      30.50331 
 49.06742      30.50472 
 49.06222      30.51097 
 49.0595       30.50709 
 49.04787      30.50792 
 49.015        30.50597 
 48.99486      30.50664 
 48.98714      30.50306 
 48.98212      30.50289 
 48.97992      30.49878 
 48.9735       30.49286 
 48.96131      30.49278 
 48.95517      30.48892 
 48.95167      30.48575 
 48.94614      30.48833 
 48.93295      30.491 
 48.92658      30.49083 
 48.91461      30.48589 
 48.91089      30.48617 
 48.90617      30.48942 
 48.90203      30.4975 
 48.89912      30.49661 
 48.89772      30.49181 
 48.89978      30.4872 
 48.90634      30.48117 
 48.91214      30.48042 
 48.92306      30.48353 
 48.9347       30.48364 
 48.94842      30.47981 
 48.9525       30.466 
 48.95484      30.46322 
 48.96142      30.46017 
 48.97172      30.4587 
 48.99264      30.45847 
 49.00567      30.46339 
 49.02625      30.45603 
 49.02964      30.45325 
 49.0327       30.44472 
 49.03106      30.44106 
 49.02717      30.43883 
 49.02145      30.44139 
 49.0195       30.44786 
 49.01703      30.44969 
 49.00822      30.44086 
 49.00406      30.4402 
 48.99731      30.4417 
 48.99378      30.44247 
 48.99128      30.44072 
 48.99245      30.43678 
 48.99078      30.43536 
 48.98045      30.4355 
 48.97911      30.4312 
 48.98781      30.43145 
 48.99023      30.4282 
 48.98978      30.42533 
 48.99428      30.42386 
 48.99653      30.43386 
 48.99861      30.43597 
 49.01931      30.43714 
 49.02456      30.42992 
 49.03153      30.42695 
 49.0252       30.41989 
 49.02473      30.41667 
 49.02775      30.41195 
 49.01945      30.404 
 49.01439      30.40131 
 49.0115       30.40133 
 49.01042      30.40133 
 49.00598      30.40553 
 48.97536      30.41206 
 48.94656      30.41603 
 48.94097      30.41378 
 48.93356      30.41478 
 48.92906      30.41297 
 48.91195      30.39939 
 48.90839      30.39161 
 48.90383      30.38706 
 48.90459      30.38339 
 48.90164      30.38089 
 48.89147      30.37967 
 48.88         30.36434 
 48.8762       30.35497 
 48.87406      30.35247 
 48.86928      30.35206 
 48.86756      30.34014 
 48.87034      30.32931 
 48.87292      30.32514 
 48.88164      30.32414 
 48.87498      30.32031 
 48.86731      30.31922 
 1             8 
1
 1000.0   ,   9990.0 
 8 
 49.24636      30.45192 
 49.2382       30.45614 
 49.23406      30.45539 
 49.23336      30.45264 
 49.23495      30.45208 
 49.23361      30.448 
 49.23709      30.44767 
 49.24636      30.45192 
 1             9 
1
 1000.0   ,   9990.0 
 13 
 49.20539      30.21964 
 49.20042      30.21042 
 49.20022      30.21006 
 49.20022      30.21003 
 49.20045      30.20967 
 49.20334      30.20497 
 49.20759      30.20606 
 49.21078      30.20989 
 49.21081      30.20992 
 49.21089      30.21556 
 49.21089      30.21636 
 49.21086      30.21639 
 49.20539      30.21964 
 1             10 
1
 1000.0   ,   9990.0 
 7 
 49.12789      30.50011 
 49.12173      30.50306 
 49.11836      30.50022 
 49.11833      30.49456 
 49.12611      30.49406 
 49.12862      30.49545 
 49.12789      30.50011 
 1             11 
1
 1000.0   ,   9990.0 
 12 
 48.99414      30.48756 
 49.00445      30.48564 
 49.00798      30.49956 
 49.00511      30.50103 
 48.99103      30.49978 
 48.98645      30.49697 
 48.98139      30.49131 
 48.97828      30.47917 
 48.97992      30.47736 
 48.98903      30.4787 
 48.99206      30.48653 
 48.99414      30.48756 
 1             12 
1
 1000.0   ,   9990.0 
 11 
 48.95514      30.47947 
 48.95436      30.48306 
 48.95689      30.48589 
 48.96773      30.49075 
 48.97558      30.49103 
 48.97678      30.4885 
 48.97461      30.48209 
 48.96881      30.48145 
 48.96545      30.47683 
 48.96042      30.47367 
 48.95514      30.47947 
 1             13 
1
 1000.0   ,   9990.0 
 14 
 49.15731      30.49875 
 49.15414      30.49697 
 49.14395      30.47708 
 49.14422      30.47345 
 49.14797      30.46792 
 49.15008      30.46758 
 49.15117      30.47 
 49.1502       30.47367 
 49.15306      30.47786 
 49.15145      30.48428 
 49.15639      30.48722 
 49.15931      30.49206 
 49.15939      30.49781 
 49.15731      30.49875 
 1             14 
1
 1000.0   ,   9990.0 
 25 
 49.04787      30.48909 
 49.05208      30.49147 
 49.05828      30.49103 
 49.062        30.49242 
 49.06283      30.49881 
 49.0552       30.50208 
 49.01623      30.5 
 49.01136      30.49597 
 49.0127       30.4927 
 49.01047      30.48397 
 49.01023      30.46678 
 49.01498      30.46442 
 49.02792      30.46245 
 49.03053      30.45967 
 49.03642      30.46372 
 49.03756      30.46711 
 49.03945      30.47259 
 49.04233      30.47584 
 49.04306      30.46686 
 49.0637       30.46458 
 49.06534      30.468 
 49.06059      30.48872 
 49.05695      30.48711 
 49.04995      30.48756 
 49.04787      30.48909 
 1             15 
1
 1000.0   ,   9990.0 
 10 
 48.99356      30.47792 
 48.98642      30.4712 
 48.988        30.46725 
 48.99331      30.46395 
 48.99914      30.46567 
 49.005        30.47061 
 49.00395      30.48064 
 48.99653      30.48217 
 48.99361      30.48078 
 48.99356      30.47792 
 1             16 
1
 1000.0   ,   9990.0 
 9 
 48.97306      30.46386 
 48.97553      30.46311 
 48.98342      30.46517 
 48.98022      30.47236 
 48.97242      30.47389 
 48.96956      30.47714 
 48.95992      30.46903 
 48.96522      30.46503 
 48.97306      30.46386 
 1             17 
1
 1000.0   ,   9990.0 
 10 
 49.21695      30.46239 
 49.21347      30.46425 
 49.21108      30.46795 
 49.21186      30.47186 
 49.21858      30.4745 
 49.22031      30.47328 
 49.21845      30.46753 
 49.21981      30.466 
 49.21906      30.46328 
 49.21695      30.46239 
 1             18 
1
 1000.0   ,   9990.0 
 22 
 49.10858      30.48461 
 49.1165       30.48881 
 49.11867      30.49309 
 49.12239      30.49375 
 49.13887      30.48995 
 49.14045      30.48706 
 49.13995      30.4817 
 49.13742      30.47886 
 49.1292       30.4822 
 49.134        30.47353 
 49.13309      30.46853 
 49.13059      30.46678 
 49.12603      30.46719 
 49.12364      30.47189 
 49.122        30.47192 
 49.11992      30.47086 
 49.12108      30.46692 
 49.11314      30.46236 
 49.10986      30.4642 
 49.10911      30.46781 
 49.11139      30.47992 
 49.10858      30.48461 
 1             19 
1
 1000.0   ,   9990.0 
 15 
 49.19167      30.46236 
 49.17945      30.45658 
 49.17706      30.45434 
 49.17864      30.45109 
 49.182        30.4507 
 49.18234      30.45067 
 49.18242      30.45389 
 49.1845       30.45564 
 49.18692      30.45167 
 49.18981      30.45092 
 49.19559      30.4512 
 49.19934      30.45328 
 49.19984      30.45722 
 49.19742      30.46011 
 49.19167      30.46236 
 1             20 
1
 1000.0   ,   9990.0 
 10 
 49.042        30.45975 
 49.03867      30.45764 
 49.03739      30.45481 
 49.03808      30.44833 
 49.045        30.44217 
 49.0487       30.4407 
 49.05533      30.44131 
 49.05925      30.45344 
 49.05767      30.45775 
 49.042        30.45975 
 1             21 
1
 1000.0   ,   9990.0 
 9 
 49.06553      30.45836 
 49.06131      30.45233 
 49.05817      30.43914 
 49.05939      30.43734 
 49.06475      30.43689 
 49.07186      30.44253 
 49.07417      30.45608 
 49.07195      30.45792 
 49.06553      30.45836 
 1             22 
1
 1000.0   ,   9990.0 
 26 
 49.18973      30.44778 
 49.18109      30.44656 
 49.18059      30.44533 
 49.18464      30.44134 
 49.19195      30.43336 
 49.19984      30.43611 
 49.20528      30.43975 
 49.20734      30.4385 
 49.20772      30.43706 
 49.20128      30.43181 
 49.19314      30.43084 
 49.19058      30.42764 
 49.19348      30.42689 
 49.20506      30.42817 
 49.20922      30.43025 
 49.21297      30.4302 
 49.21309      30.4302 
 49.215        30.43017 
 49.21711      30.43192 
 49.21978      30.44156 
 49.21781      30.44586 
 49.21759      30.45697 
 49.20481      30.45859 
 49.20053      30.45114 
 49.1972       30.44867 
 49.18973      30.44778 
 1             23 
1
 1000.0   ,   9990.0 
 12 
 49.04967      30.42564 
 49.05428      30.42881 
 49.05225      30.43133 
 49.04161      30.43683 
 49.04         30.439 
 49.03464      30.44017 
 49.03167      30.43589 
 49.03161      30.43267 
 49.03572      30.43192 
 49.0422       30.42359 
 49.04592      30.42356 
 49.04967      30.42564 
 1             24 
1
 1000.0   ,   9990.0 
 10 
 49.23323      30.43453 
 49.24884      30.42608 
 49.24948      30.42275 
 49.23789      30.422 
 49.2362       30.42417 
 49.24111      30.42531 
 49.24081      30.42684 
 49.23103      30.42939 
 49.23009      30.43397 
 49.23323      30.43453 
 1             25 
1
 1000.0   ,   9990.0 
 10 
 49.22375      30.42978 
 49.22025      30.42734 
 49.21786      30.42564 
 49.21606      30.42439 
 49.22292      30.41908 
 49.22834      30.42095 
 49.23061      30.42364 
 49.22261      30.43636 
 49.22164      30.43472 
 49.22375      30.42978 
 1             26 
1
 1000.0   ,   9990.0 
 22 
 49.08739      30.43872 
 49.07859      30.43381 
 49.07631      30.43356 
 49.07534      30.43345 
 49.0735       30.43325 
 49.0677       30.43331 
 49.06539      30.42706 
 49.0697       30.42386 
 49.07114      30.42258 
 49.07472      30.42 
 49.08267      30.41864 
 49.09509      30.42225 
 49.106        30.424 
 49.1155       30.42764 
 49.11995      30.43197 
 49.12147      30.437 
 49.11867      30.44206 
 49.11647      30.44147 
 49.10992      30.44028 
 49.10689      30.44 
 49.09756      30.43919 
 49.08739      30.43872 
 1             27 
1
 1000.0   ,   9990.0 
 7 
 49.1137       30.40153 
 49.11209      30.40406 
 49.0945       30.41503 
 49.08667      30.41083 
 49.09067      30.40756 
 49.09845      30.40353 
 49.1137       30.40153 
 1             28 
1
 1000.0   ,   9990.0 
 10 
 49.06092      30.40653 
 49.05595      30.40622 
 49.04928      30.40275 
 49.04631      30.39778 
 49.05364      30.39231 
 49.06608      30.395 
 49.06903      30.39856 
 49.06989      30.40103 
 49.06789      30.40428 
 49.06092      30.40653 
 1             29 
1
 1000.0   ,   9990.0 
 8 
 49.06964      30.38672 
 49.06183      30.38933 
 49.05689      30.38903 
 49.05642      30.3862 
 49.05961      30.38078 
 49.06248      30.37895 
 49.07         30.38314 
 49.06964      30.38672 
 1             30 
1
 1000.0   ,   9990.0 
 14 
 49.09781      30.39172 
 49.0777       30.39878 
 49.07311      30.39597 
 49.07384      30.38989 
 49.079        30.37908 
 49.08042      30.37928 
 49.08853      30.38039 
 49.10245      30.37447 
 49.10823      30.37367 
 49.11661      30.38145 
 49.12328      30.38442 
 49.12745      30.38631 
 49.12667      30.38881 
 49.123        30.391 
 1             31 
1
 1000.0   ,   9990.0 
 2 
 49.123        30.391 
 49.09781      30.39172 
 1             32 
1
 1000.0   ,   9990.0 
 12 
 49.07156      30.37811 
 49.06781      30.376 
 49.06692      30.37317 
 49.06939      30.37067 
 49.07017      30.36989 
 49.08328      30.364 
 49.08534      30.36434 
 49.08337      30.36864 
 49.07967      30.36942 
 49.077        30.37358 
 49.07645      30.37447 
 49.07156      30.37811 
 1             33 
1
 1000.0   ,   9990.0 
 8 
 49.13395      30.35722 
 49.13853      30.35931 
 49.14106      30.3625 
 49.14109      30.36428 
 49.13784      30.36683 
 49.13328      30.36617 
 49.13156      30.36333 
 49.13395      30.35722 
 1             34 
1
 1000.0   ,   9990.0 
 8 
 49.0815       30.35892 
 49.07672      30.36475 
 49.07495      30.36386 
 49.07423      30.36264 
 49.08006      30.35558 
 49.08386      30.35403 
 49.086        30.35581 
 49.0815       30.35892 
 1             35 
1
 1000.0   ,   9990.0 
 16 
 49.10414      30.35261 
 49.09748      30.34947 
 49.09292      30.34989 
 49.09011      30.35389 
 49.09098      30.35603 
 49.09636      30.35703 
 49.09806      30.35878 
 49.097        30.36917 
 49.10278      30.37017 
 49.1085       30.36653 
 49.11656      30.37714 
 49.12361      30.3792 
 49.12792      30.36697 
 49.12609      30.35734 
 49.11286      30.35645 
 49.10414      30.35261 
 1             36 
1
 1000.0   ,   9990.0 
 12 
 48.93342      30.31928 
 48.93584      30.3227 
 48.93095      30.33397 
 48.93133      30.34203 
 48.93545      30.3537 
 48.93759      30.35503 
 48.93575      30.35803 
 48.91986      30.35567 
 48.91822      30.35203 
 48.92481      30.32922 
 48.92972      30.32092 
 48.93342      30.31928 
 1             37 
1
 1000.0   ,   9990.0 
 8 
 49.03956      30.24692 
 49.04067      30.24314 
 49.04725      30.23447 
 49.05158      30.23372 
 49.05281      30.23578 
 49.04617      30.24067 
 49.04389      30.24517 
 49.03956      30.24692 
 1             38 
1
 1000.0   ,   9990.0 
 13 
 49.15797      30.13386 
 49.162        30.13828 
 49.17195      30.14259 
 49.18022      30.14247 
 49.19567      30.1457 
 49.21195      30.15025 
 49.21595      30.15259 
 49.2167       30.15086 
 49.21509      30.14884 
 49.19642      30.14328 
 49.1877       30.141 
 49.17584      30.14014 
 49.15797      30.13386 
 1             39 
1
 1000.0   ,   9990.0 
 19 
 48.85956      30.3115 
 48.86606      30.30364 
 48.87634      30.27897 
 48.89542      30.26111 
 48.90592      30.25433 
 48.91173      30.25359 
 48.91648      30.25514 
 48.93156      30.2357 
 48.93309      30.22925 
 48.92906      30.22447 
 48.93061      30.21559 
 48.93078      30.21458 
 48.93567      30.20511 
 48.944        30.19517 
 48.94811      30.18594 
 48.94956      30.17489 
 48.94164      30.13342 
 48.93756      30.12497 
 48.92658      30.11222 
 1             40 
1
 1000.0   ,   9990.0 
 12 
 49.10372      30.10272 
 49.10128      30.09864 
 49.1015       30.09839 
 49.104        30.09553 
 49.10831      30.09445 
 49.11464      30.09572 
 49.11867      30.10047 
 49.11875      30.10425 
 49.11678      30.10531 
 49.11314      30.10056 
 49.10967      30.10436 
 49.10372      30.10272 
 1             41 
1
 1000.0   ,   9990.0 
 13 
 47.95709      30.0117 
 47.9537       30.01933 
 47.95295      30.02875 
 47.94742      30.03964 
 47.9315       30.05906 
 47.93225      30.06058 
 47.93414      30.06444 
 47.95109      30.04906 
 47.95423      30.05083 
 47.954        30.05111 
 47.94909      30.05761 
 47.95014      30.0612 
 47.95248      30.05967 
 1             42 
1
 1000.0   ,   9990.0 
 12 
 48.89511      30.02114 
 48.89903      30.01833 
 48.90772      30.01803 
 48.91408      30.01956 
 48.92181      30.02478 
 48.92345      30.02936 
 48.92195      30.03647 
 48.93534      30.07286 
 48.93622      30.08158 
 48.933        30.0977 
 48.93017      30.10231 
 48.92439      30.1065 
 1             43 
1
 1000.0   ,   9990.0 
 10 
 48.72928      30.04342 
 48.71331      30.03478 
 48.70933      30.03436 
 48.70903      30.02861 
 48.70525      30.02267 
 48.70603      30.02014 
 48.70256      30.01742 
 48.70031      30.01681 
 48.69756      30.01608 
 48.69442      30.01842 
 1             44 
1
 1000.0   ,   9990.0 
 11 
 47.97028      30.01125 
 47.97187      30.01353 
 47.96873      30.02136 
 47.96903      30.03236 
 47.96511      30.04019 
 47.95956      30.04022 
 47.95875      30.02897 
 47.96112      30.02667 
 47.96056      30.02322 
 47.96556      30.0147 
 47.97028      30.01125 
 1             45 
1
 1000.0   ,   9990.0 
 12 
 48.73125      30.04156 
 48.73489      30.03114 
 48.73828      30.02767 
 48.75664      30.01947 
 48.76773      30.01867 
 48.79334      30.02233 
 48.81839      30.02189 
 48.82839      30.01972 
 48.84025      30.02053 
 48.86148      30.01478 
 48.88336      30.00886 
 48.89034      30.01936 
 1             46 
1
 -1200.0   ,   0000.0 
 30 
 48.9000 , 30.0000
 48.9240 , 30.0043
 48.9627 , 30.0126
 48.9942 , 30.0251
 49.0329 , 30.0251
 49.0741 , 30.0272
 49.1176 , 30.0334
 49.1684 , 30.0355
 49.2144 , 30.0355
 49.2677 , 30.0397
 49.3161 , 30.0397
 49.3645 , 30.0418
 49.4032 , 30.0397
 49.4419 , 30.0376
 49.4758 , 30.0355
 49.5218 , 30.0355
 49.5702 , 30.0230
 49.6113 , 30.0147
 49.6500 , 30.0147
 49.6767 , 30.0189
 49.7178 , 30.0376
 49.7493 , 30.0480
 49.7832 , 30.0563
 49.8195 , 30.0668
 49.8582 , 30.0668
 49.8896 , 30.0626
 49.9187 , 30.0563
 49.9526 , 30.0543
 49.9889 , 30.0480
 50.0000 , 30.0450
 1             47 
1
 0000.0   ,   1000.0 
 78
 47.9550 , 30.0000
 47.9370 , 30.0267
 47.9216 , 30.0533
 47.9087 , 30.0777
 47.8958 , 30.0998
 47.8881 , 30.1309
 47.8958 , 30.1575
 47.9036 , 30.1663
 47.9267 , 30.1885
 47.9602 , 30.2085
 47.9833 , 30.2262
 48.0039 , 30.2373
 48.0271 , 30.2550
 48.0503 , 30.2728
 48.0786 , 30.2927
 48.1146 , 30.3171
 48.1249 , 30.3260
 48.1455 , 30.3437  
 48.1738 , 30.3637
 48.2101 , 30.3688
 48.2464 , 30.4000
 48.2827 , 30.4313
 48.3166 , 30.4563
 48.3384 , 30.4813
 48.3650 , 30.5229
 48.3964 , 30.5667
 48.4255 , 30.6000
 48.4642 , 30.6333
 48.5053 , 30.6708
 48.5416 , 30.6916
 48.5900 , 30.7125
 48.6312 , 30.7291
 48.6772 , 30.7374
 48.7207 , 30.7499
 48.7643 , 30.7604
 48.8103 , 30.7604
 48.8442 , 30.7583
 48.8829 , 30.7562
 48.9192 , 30.7520
 48.9531 , 30.7416
 48.9773 , 30.7374
 48.9966 , 30.7354
 49.0232 , 30.7312
 49.0547 , 30.7270
 49.0837 , 30.7250
 49.1176 , 30.7229
 49.1588 , 30.7166
 49.2047 , 30.7041
 49.2410 , 30.6937
 49.2749 , 30.6875
 49.3112 , 30.6812
 49.3354 , 30.6729
 49.3621 , 30.6604
 49.3887 , 30.6458
 49.4250 , 30.6187
 49.4492 , 30.5937
 49.4758 , 30.5708
 49.5024 , 30.5500
 49.5290 , 30.5312
 49.5532 , 30.5167
 49.5823 , 30.4958
 49.6065 , 30.4813
 49.6258 , 30.4625
 49.6476 , 30.4458
 49.6694 , 30.4292
 49.6984 , 30.4063
 49.7299 , 30.3875
 49.7493 , 30.3709
 49.7735 , 30.3542
 49.7928 , 30.3375
 49.8243 , 30.3188
 49.8485 , 30.3042
 49.8703 , 30.2917
 49.9017 , 30.2792
 49.9332 , 30.2646
 49.9647 , 30.2584
 49.9889 , 30.2521
 50.0000 , 30.2480
 1             48 
1
 -9999.0   ,   -1200.0 
123
 48.7207 , 30.7499
48.699 , 30.7645
48.6348 , 30.775
48.5728 , 30.7733
48.5107 , 30.7698
48.4548 , 30.7628
48.3948 , 30.7558
48.3203 , 30.7454
48.2541 , 30.7349
48.1838 , 30.7349
48.099 , 30.7314
48.0369 , 30.7331
47.9852 , 30.7366
47.9410,30.7400
47.8565,30.7400
47.7931,30.7598
47.7614,30.7598
47.7191,30.7598
47.6769,30.7895
47.6452,30.8191
47.6240,30.8488
47.5818,30.8586
47.5395,30.8784
47.5078,30.8982
47.4655,30.9179
47.4339,30.9179
47.4022,30.9179
47.3599,30.9179
47.3493,30.8784
47.3282,30.8586
47.3176,30.8191
47.2859,30.8488
47.2331,30.8784
47.2120,30.8784
47.1486,30.8883
47.0852,30.9081
47.0429,30.9476
47.0324,30.9871
46.9901,30.9970
46.9795,31.0464
47.0007,31.0761
46.9584,31.0959
46.9056,31.1156
46.8950,31.1552
46.8633,31.1453
46.8633,31.1947
46.8316,31.1947
46.7894,31.1947
46.7682,31.1650
46.7471,31.1255
46.7471,31.0662
46.7471,31.0168
46.7999,30.9970
46.8211,30.9674
46.8316,30.9278
46.7894,30.9179
46.7471,30.9377
46.7048,30.9278
46.6837,30.9575
46.6626,30.9871
46.6415,31.0168
46.6203,31.0563
 46.6034 , 31.0334
46.5992,31.0168
46.5992,30.9772
46.6309,30.9179
46.6837,30.8784
46.7365,30.8586
46.6732,30.8488
46.5886,30.8488
46.5358,30.8883
46.4724,30.8883
46.4196,30.8586
46.4724,30.8290
46.5464,30.8092
46.6098,30.7993
46.6626,30.7993
46.7154,30.7895
46.7577,30.7796
46.7682,30.7499
46.7048,30.7499
46.6520,30.7302
46.5992,30.7104
46.6098,30.6807
46.6626,30.6807
46.7154,30.6610
46.7577,30.6412
46.7894,30.6313
46.7577,30.5918
46.6943,30.5819
46.6520,30.5621
46.6098,30.5621
46.5992,30.5325
46.6309,30.5127
46.6837,30.5127
46.7471,30.5424
46.7894,30.5424
46.8633,30.5522
46.9162,30.5424
46.9584,30.5424
47.0112,30.5424
47.0641,30.5522
47.1169,30.5621
47.1697,30.5424
47.2014,30.5028
47.2437,30.4633
47.2859,30.4633
47.3388,30.4633
47.3705,30.4336
47.4022,30.4336
47.4339,30.4040
47.4867,30.3743
47.5289,30.3348
47.5606,30.2953
47.6029,30.2656
47.6346,30.2557
47.6769,30.2459
47.7086,30.2162
47.7402,30.1865
47.7931,30.1371
47.8353,30.1075
47.8670,30.0482
47.8900,30.0000
 1             49 
1
 -9999.0   ,   -1200.0
45
 48.7207 , 30.7499
 48.7643 , 30.7604
 48.8103 , 30.7604
 48.8442 , 30.7583
 48.8829 , 30.7562
 48.9192 , 30.7520
 48.9531 , 30.7416
 48.9773 , 30.7374
 48.9966 , 30.7354
 49.0232 , 30.7312
 49.0547 , 30.7270
 49.0837 , 30.7250
 49.1176 , 30.7229
 49.1588 , 30.7166
 49.2047 , 30.7041
 49.2410 , 30.6937
 49.2749 , 30.6875
 49.3112 , 30.6812
 49.3354 , 30.6729
 49.3621 , 30.6604
 49.3887 , 30.6458
 49.4250 , 30.6187
 49.4492 , 30.5937
 49.4758 , 30.5708
 49.5024 , 30.5500
 49.5290 , 30.5312
 49.5532 , 30.5167
 49.5823 , 30.4958
 49.6065 , 30.4813
 49.6258 , 30.4625
 49.6476 , 30.4458
 49.6694 , 30.4292
 49.6984 , 30.4063
 49.7299 , 30.3875
 49.7493 , 30.3709
 49.7735 , 30.3542
 49.7928 , 30.3375
 49.8243 , 30.3188
 49.8485 , 30.3042
 49.8703 , 30.2917
 49.9017 , 30.2792
 49.9332 , 30.2646
 49.9647 , 30.2584
 49.9889 , 30.2521
 50.0000 , 30.2480
