 3 
 1             1 
1
 -9999.0   ,   9990.0 
 110 
-120           34.45891 
-120.0023      34.46114 
-120.0099      34.46438 
-120.0176      34.46486 
-120.0227      34.46105 
-120.0257      34.46027 
-120.0356      34.46528 
-120.0401      34.46607 
-120.0582      34.46419 
-120.0652      34.46652 
-120.0678      34.46852 
-120.0699      34.4657 
-120.0736      34.46262 
-120.0869      34.46225 
-120.105       34.46633 
-120.1183      34.47283 
-120.1397      34.47636 
-120.1516      34.47648 
-120.1582      34.474 
-120.1667      34.4726 
-120.2137      34.474 
-120.2379      34.47077 
-120.2522      34.46966 
-120.2681      34.47126 
-120.2777      34.47028 
-120.2911      34.47356 
-120.298       34.47335 
-120.3045      34.46995 
-120.3173      34.46657 
-120.3272      34.4649 
-120.3359      34.46258 
-120.3442      34.4614 
-120.3522      34.46093 
-120.366       34.46143 
-120.3924      34.45764 
-120.4046      34.45842 
-120.4169      34.45597 
-120.4261      34.45225 
-120.4353      34.45311 
-120.4419      34.45313 
-120.4512      34.45009 
-120.4556      34.44444 
-120.4601      34.44637 
-120.4636      34.45085 
-120.4703      34.45133 
-120.4735      34.45536 
-120.4786      34.47448 
-120.4826      34.48239 
-120.4898      34.48813 
-120.4942      34.49442 
-120.4994      34.4993 
-120.5027      34.50953 
-120.5066      34.51606 
-120.5163      34.52792 
-120.5246      34.53385 
-120.545       34.54353 
-120.5548      34.54483 
-120.5646      34.54887 
-120.5845      34.55971 
-120.6075      34.55943 
-120.6129      34.55581 
-120.617       34.55544 
-120.6237      34.55729 
-120.6315      34.563 
-120.6398      34.56411 
-120.6416      34.56589 
-120.6415      34.56934 
-120.6437      34.57477 
-120.6524      34.57816 
-120.6488      34.58218 
-120.6483      34.58863 
-120.6446      34.59334 
-120.6441      34.60575 
-120.64        34.61162 
-120.6258      34.64238 
-120.6223      34.64456 
-120.6217      34.65009 
-120.6154      34.66337 
-120.6094      34.68607 
-120.6035      34.69704 
-120.6049      34.70251 
-120.6033      34.70876 
-120.6115      34.72273 
-120.6147      34.72607 
-120.6173      34.7347 
-120.6291      34.74212 
-120.6324      34.74844 
-120.633       34.75462 
-120.6388      34.75994 
-120.626       34.79158 
-120.6231      34.80085 
-120.6182      34.81409 
-120.6126      34.83976 
-120.613       34.8588 
-120.6158      34.86628 
-120.6231      34.8727 
-120.6306      34.87728 
-120.6389      34.88367 
-120.6406      34.88981 
-120.6468      34.90109 
-120.6569      34.90442 
-120.6663      34.90297 
-120.6716      34.90394 
-120.6734      34.90595 
-120.6663      34.92433 
-120.6677      34.93093 
-120.6636      34.93795 
-120.6589      34.95509 
-120.6531      34.97204 
-120.6437      35 
 1             2 
1
 -9999.0   ,   9990.0 
 54 
-120.3641      34.01721 
-120.3748      34.02192 
-120.3836      34.02831 
-120.3939      34.02983 
-120.4042      34.0341 
-120.4109      34.03573 
-120.4166      34.0344 
-120.4247      34.03048 
-120.4288      34.03058 
-120.4397      34.03483 
-120.4436      34.03494 
-120.4485      34.03341 
-120.4507      34.03426 
-120.4466      34.04104 
-120.4415      34.04189 
-120.4381      34.04154 
-120.4317      34.05023 
-120.4285      34.05285 
-120.4244      34.05321 
-120.4223      34.05603 
-120.4171      34.05665 
-120.4153      34.05854 
-120.403       34.05502 
-120.3945      34.05505 
-120.3851      34.05947 
-120.3709      34.06863 
-120.3665      34.07449 
-120.3692      34.07969 
-120.3654      34.0805 
-120.3585      34.07245 
-120.3574      34.06789 
-120.3551      34.06543 
-120.3609      34.06067 
-120.3616      34.0579 
-120.3586      34.05271 
-120.3508      34.0495 
-120.3417      34.05001 
-120.3339      34.053 
-120.3297      34.05198 
-120.313       34.04125 
-120.3096      34.03263 
-120.3062      34.02975 
-120.2975      34.02679 
-120.2966      34.02498 
-120.3042      34.02361 
-120.3094      34.02345 
-120.3156      34.02074 
-120.322       34.02101 
-120.3331      34.02457 
-120.3375      34.02421 
-120.3437      34.02172 
-120.3507      34.02266 
-120.3576      34.01791 
-120.3641      34.01721 
 1             3 
1
 -9999.0   ,   9990.0 
 79 
-120           33.98331 
-120.0078      33.98235 
-120.0134      33.98541 
-120.0282      33.99073 
-120.0372      33.99622 
-120.044       34.00062 
-120.0472      34.0042 
-120.0501      34.01444 
-120.0521      34.01669 
-120.0444      34.0286 
-120.0448      34.03937 
-120.0569      34.03972 
-120.0594      34.03896 
-120.0678      34.03093 
-120.0725      34.03034 
-120.0775      34.02607 
-120.0904      34.0241 
-120.1041      34.02348 
-120.1121      34.02463 
-120.1187      34.02444 
-120.1248      34.02633 
-120.1303      34.02686 
-120.1373      34.02965 
-120.1469      34.02777 
-120.1524      34.02256 
-120.1547      34.01882 
-120.1623      34.01631 
-120.1703      34.01058 
-120.176       34.00881 
-120.1862      34.00989 
-120.1934      34.00968 
-120.1954      34.00572 
-120.2009      34.00647 
-120.2051      34.00841 
-120.2103      34.00826 
-120.2188      34.01215 
-120.2254      34.01287 
-120.2388      34.01179 
-120.2414      34.00804 
-120.2456      34.00929 
-120.2493      34.00574 
-120.2444      34.00175 
-120.2402      34.00073 
-120.237       33.996 
-120.2267      33.99173 
-120.218       33.98303 
-120.2122      33.97563 
-120.2077      33.97254 
-120.2043      33.96393 
-120.1982      33.95745 
-120.1969      33.95313 
-120.1905      33.95079 
-120.1805      33.93503 
-120.1795      33.93092 
-120.1799      33.92861 
-120.1776      33.92708 
-120.1732      33.92674 
-120.1683      33.92046 
-120.1622      33.91949 
-120.1532      33.91539 
-120.1451      33.91149 
-120.1374      33.90437 
-120.1319      33.90361 
-120.1218      33.89839 
-120.1152      33.89835 
-120.1103      33.90055 
-120.1041      33.90784 
-120.0968      33.91058 
-120.0806      33.91218 
-120.0719      33.91449 
-120.0558      33.9154 
-120.0501      33.91785 
-120.0462      33.92232 
-120.0405      33.92431 
-120.0365      33.92787 
-120.0292      33.93036 
-120.0233      33.93397 
-120.0159      33.94059 
-120           33.94465 
