 78 
 1             1 
1
 -9999.0   ,   9990.0 
 2 
-80            32.62343 
-80            32.62237 
 1             2 
1
 -9999.0   ,   9990.0 
 4 
-76.72468      35 
-76.72595      34.99918 
-76.73772      34.99775 
-76.7586       34.98773 
 1             3 
1
 -9999.0   ,   9990.0 
 8 
-76.28043      35 
-76.2808       34.99854 
-76.27788      34.99297 
-76.27773      34.98815 
-76.27971      34.98749 
-76.28211      34.99144 
-76.29314      34.9967 
-76.29623      35 
 1             4 
1
 -9999.0   ,   9990.0 
 5 
-76.5458       35 
-76.57045      34.99743 
-76.5784       34.99159 
-76.58515      34.98986 
-76.58831      34.98578 
 1             5 
1
 -9999.0   ,   9990.0 
 7 
-76.15195      34.9825 
-76.14771      34.98402 
-76.1317       34.99701 
-76.13472      34.99868 
-76.14526      34.99178 
-76.15255      34.98381 
-76.15195      34.9825 
 1             6 
1
 -9999.0   ,   9990.0 
 11 
-76.25938      35 
-76.25736      34.99763 
-76.25096      34.99705 
-76.25016      34.99543 
-76.25222      34.9918 
-76.25096      34.98718 
-76.25699      34.98086 
-76.25965      34.98574 
-76.2592       34.99216 
-76.2627       34.99636 
-76.26204      35 
 1             7 
1
 -9999.0   ,   9990.0 
 9 
-76.77209      34.98356 
-76.7784       34.97585 
-76.80506      34.96958 
-76.81051      34.96231 
-76.81958      34.96887 
-76.82986      34.97154 
-76.84276      34.98229 
-76.86048      34.98988 
-76.87092      34.99806 
 1             8 
1
 -9999.0   ,   9990.0 
 12 
-76.6035       34.9812 
-76.6268       34.988 
-76.63713      34.98794 
-76.64593      34.98165 
-76.65317      34.98245 
-76.66075      34.98119 
-76.6661       34.97898 
-76.67662      34.97019 
-76.67942      34.96977 
-76.68117      34.96658 
-76.67966      34.95899 
-76.67775      34.95735 
 1             9 
1
 -9999.0   ,   9990.0 
 15 
-76.49941      35 
-76.4885       34.97953 
-76.49092      34.97222 
-76.49961      34.95951 
-76.5047       34.95707 
-76.50543      34.96145 
-76.49606      34.97851 
-76.49713      34.98105 
-76.50183      34.9832 
-76.5141       34.98341 
-76.51345      34.98452 
-76.5103       34.99 
-76.51301      34.99349 
-76.51966      34.99567 
-76.51938      35 
 1             10 
1
 -9999.0   ,   9990.0 
 7 
-76.90058      34.95347 
-76.90021      34.95691 
-76.9404       34.97191 
-76.95136      34.98261 
-76.96628      34.99084 
-76.97509      34.99762 
-76.97743      35 
 1             11 
1
 -9999.0   ,   9990.0 
 6 
-76.8962       34.94859 
-76.89145      34.94852 
-76.88648      34.94593 
-76.87445      34.9476 
-76.86805      34.94659 
-76.86255      34.94284 
 1             12 
1
 -9999.0   ,   9990.0 
 16 
-76.2125       34.93524 
-76.19033      34.94881 
-76.17263      34.96293 
-76.16053      34.97555 
-76.1649       34.97908 
-76.16883      34.97847 
-76.17771      34.97038 
-76.18038      34.96515 
-76.19465      34.95418 
-76.20053      34.9536 
-76.20283      34.95112 
-76.20381      34.94609 
-76.20804      34.94456 
-76.21068      34.94002 
-76.21501      34.9377 
-76.2125       34.93524 
 1             13 
1
 -9999.0   ,   9990.0 
 65 
-76.34461      35 
-76.32342      34.97155 
-76.32136      34.96508 
-76.32319      34.95937 
-76.32401      34.95978 
-76.32953      34.96248 
-76.3349       34.97015 
-76.33741      34.97043 
-76.34005      34.96611 
-76.3517       34.96908 
-76.3649       34.97598 
-76.36772      34.97488 
-76.36985      34.96849 
-76.37459      34.9688 
-76.38092      34.97213 
-76.38603      34.97934 
-76.38845      34.97296 
-76.38713      34.96972 
-76.37701      34.9615 
-76.37576      34.95597 
-76.37668      34.953 
-76.38222      34.95448 
-76.38686      34.95823 
-76.39025      34.95715 
-76.39323      34.9494 
-76.39197      34.94673 
-76.3906       34.94384 
-76.38516      34.938 
-76.38718      34.93574 
-76.39778      34.93639 
-76.40535      34.93446 
-76.40728      34.93541 
-76.40319      34.94245 
-76.40895      34.94669 
-76.40829      34.96114 
-76.41369      34.95733 
-76.42031      34.94941 
-76.42681      34.94632 
-76.44386      34.94547 
-76.44956      34.94097 
-76.44997      34.9357 
-76.44438      34.92481 
-76.44626      34.91704 
-76.44847      34.91776 
-76.45323      34.92795 
-76.46523      34.93918 
-76.46573      34.94148 
-76.45938      34.95033 
-76.46261      34.95452 
-76.46844      34.95577 
-76.47086      34.95948 
-76.46855      34.96266 
-76.46094      34.96551 
-76.45341      34.96492 
-76.44871      34.963 
-76.44201      34.96334 
-76.43746      34.96671 
-76.43388      34.9756 
-76.42792      34.9794 
-76.43387      34.99787 
-76.43928      34.99504 
-76.44066      34.99432 
-76.44343      34.99528 
-76.44584      34.99923 
-76.44546      35 
 1             14 
1
 -9999.0   ,   9990.0 
 13 
-76.761        34.91522 
-76.75806      34.92229 
-76.74716      34.92281 
-76.74066      34.92685 
-76.73773      34.92038 
-76.73548      34.92103 
-76.73228      34.92719 
-76.7246       34.93373 
-76.71733      34.94762 
-76.70938      34.95347 
-76.70264      34.95521 
-76.69065      34.95456 
-76.68706      34.9529 
 1             15 
1
 -9999.0   ,   9990.0 
 5 
-76.854        34.93744 
-76.8352       34.94246 
-76.82768      34.9419 
-76.79058      34.92782 
-76.76716      34.91393 
 1             16 
1
 -9999.0   ,   9990.0 
 8 
-76.25075      34.90429 
-76.24551      34.91199 
-76.23871      34.91577 
-76.2201       34.93309 
-76.2185       34.93007 
-76.22573      34.92103 
-76.2474       34.90468 
-76.25075      34.90429 
 1             17 
1
 -9999.0   ,   9990.0 
 8 
-76.2522       34.90247 
-76.27275      34.88588 
-76.27867      34.883 
-76.28143      34.8842 
-76.28195      34.88582 
-76.26428      34.89926 
-76.2544       34.90344 
-76.2522       34.90247 
 1             18 
1
 -9999.0   ,   9990.0 
 117 
-76.583        34.72741 
-76.58113      34.72439 
-76.57644      34.72225 
-76.56393      34.72159 
-76.56195      34.72293 
-76.56063      34.73163 
-76.55786      34.7309 
-76.54971      34.7225 
-76.53275      34.72199 
-76.53131      34.72426 
-76.53392      34.73119 
-76.53356      34.73462 
-76.52831      34.73316 
-76.52413      34.72184 
-76.52195      34.71997 
-76.51722      34.71966 
-76.51351      34.7235 
-76.5125       34.7306 
-76.51839      34.75159 
-76.52521      34.75721 
-76.52544      34.75952 
-76.50872      34.75969 
-76.50478      34.76146 
-76.50611      34.76447 
-76.51625      34.7713 
-76.51396      34.7731 
-76.50813      34.77231 
-76.50473      34.77478 
-76.51718      34.79014 
-76.50525      34.78764 
-76.49161      34.79866 
-76.48807      34.80641 
-76.48326      34.80977 
-76.47775      34.7959 
-76.47833      34.79497 
-76.48006      34.79226 
-76.4888       34.78897 
-76.48691      34.78572 
-76.4878       34.78413 
-76.49585      34.78473 
-76.49791      34.7804 
-76.4964       34.77395 
-76.4916       34.76583 
-76.48786      34.77036 
-76.48496      34.76365 
-76.48157      34.76543 
-76.46366      34.79129 
-76.45541      34.80906 
-76.45583      34.81435 
-76.4652       34.82477 
-76.46965      34.82974 
-76.46218      34.82823 
-76.45701      34.82286 
-76.44987      34.81883 
-76.44625      34.819 
-76.44031      34.82211 
-76.43591      34.83053 
-76.43221      34.83391 
-76.42886      34.83385 
-76.42562      34.82966 
-76.42121      34.82797 
-76.41746      34.8325 
-76.42143      34.84107 
-76.41821      34.84721 
-76.41576      34.86599 
-76.41251      34.87328 
-76.41326      34.87674 
-76.4068       34.88925 
-76.40386      34.88438 
-76.39836      34.8813 
-76.39758      34.87898 
-76.40431      34.86694 
-76.40386      34.86279 
-76.399        34.85697 
-76.39091      34.8566 
-76.3854       34.86522 
-76.37461      34.8726 
-76.37095      34.87391 
-76.35645      34.87388 
-76.34428      34.88055 
-76.32827      34.89495 
-76.31959      34.90673 
-76.34745      34.90862 
-76.34823      34.91024 
-76.34065      34.92227 
-76.34311      34.92438 
-76.3469       34.92477 
-76.35118      34.92522 
-76.36273      34.92106 
-76.3646       34.92454 
-76.36391      34.92912 
-76.36133      34.9316 
-76.34491      34.93015 
-76.3392       34.93464 
-76.33473      34.93479 
-76.32515      34.92841 
-76.31186      34.92426 
-76.30462      34.92367 
-76.30095      34.92544 
-76.2989       34.92885 
-76.30123      34.93532 
-76.29895      34.93734 
-76.28808      34.93668 
-76.28406      34.94074 
-76.28482      34.94351 
-76.2928       34.94779 
-76.29605      34.95129 
-76.29507      34.95407 
-76.29486      34.95471 
-76.29129      34.95189 
-76.28405      34.9513 
-76.28288      34.95357 
-76.28385      34.95887 
-76.29613      34.96897 
-76.30378      34.98565 
-76.31303      34.99455 
-76.31488      35 
 1             19 
1
 -9999.0   ,   9990.0 
 5 
-76.62551      34.71845 
-76.62237      34.7099 
-76.62491      34.70857 
-76.65486      34.71295 
-76.67451      34.71761 
 1             20 
1
 -9999.0   ,   9990.0 
 8 
-76.53101      34.70221 
-76.52455      34.70463 
-76.5245       34.70646 
-76.53554      34.71032 
-76.55055      34.71103 
-76.5504       34.70552 
-76.54766      34.70387 
-76.53101      34.70221 
 1             21 
1
 -9999.0   ,   9990.0 
 15 
-76.53065      34.68269 
-76.52745      34.68884 
-76.52876      34.69138 
-76.55968      34.70177 
-76.56461      34.70506 
-76.56668      34.71199 
-76.57718      34.71468 
-76.58749      34.71416 
-76.59171      34.71217 
-76.59098      34.70779 
-76.58615      34.70014 
-76.57792      34.69495 
-76.55163      34.68924 
-76.53898      34.68529 
-76.53065      34.68269 
 1             22 
1
 -9999.0   ,   9990.0 
 6 
-77.03205      34.6751 
-77.01938      34.68321 
-77.02241      34.6844 
-77.03673      34.67746 
-77.03595      34.67515 
-77.03205      34.6751 
 1             23 
1
 -9999.0   ,   9990.0 
 21 
-76.53551      34.63112 
-76.53187      34.63243 
-76.53041      34.63539 
-76.5328       34.64002 
-76.54207      34.64753 
-76.56738      34.65873 
-76.57663      34.66761 
-76.58033      34.66423 
-76.59765      34.67231 
-76.60905      34.67273 
-76.62908      34.68453 
-76.64215      34.68496 
-76.65028      34.68697 
-76.6521       34.68742 
-76.65518      34.68655 
-76.6558       34.68449 
-76.65031      34.68073 
-76.5995       34.66477 
-76.5662       34.64999 
-76.54918      34.64076 
-76.53551      34.63112 
 1             24 
1
 -9999.0   ,   9990.0 
 12 
-77.15934      34.6298 
-77.15003      34.63841 
-77.14556      34.63974 
-77.13666      34.63918 
-77.12938      34.64277 
-77.12387      34.63972 
-77.11936      34.64334 
-77.11753      34.63666 
-77.1237       34.63306 
-77.14036      34.63417 
-77.15574      34.62907 
-77.15934      34.6298 
 1             25 
1
 -9999.0   ,   9990.0 
 7 
-77.16133      34.62684 
-77.16465      34.62825 
-77.16763      34.62779 
-77.17475      34.62309 
-77.17421      34.62101 
-77.17116      34.62029 
-77.16133      34.62684 
 1             26 
1
 -9999.0   ,   9990.0 
 70 
-76.31697      34.85892 
-76.31063      34.86661 
-76.29325      34.88052 
-76.28936      34.87976 
-76.31396      34.85703 
-76.3928       34.78431 
-76.41119      34.75992 
-76.41501      34.75485 
-76.44014      34.73027 
-76.47736      34.6889 
-76.50072      34.65781 
-76.50698      34.64946 
-76.53655      34.59991 
-76.54014      34.58918 
-76.54321      34.58854 
-76.55786      34.60325 
-76.56115      34.61708 
-76.55999      34.6189 
-76.55748      34.61908 
-76.5549       34.61101 
-76.55331      34.60981 
-76.55271      34.60936 
-76.54393      34.60486 
-76.53947      34.60547 
-76.53633      34.60932 
-76.53378      34.62236 
-76.51654      34.64526 
-76.51152      34.65711 
-76.50331      34.66363 
-76.50191      34.67486 
-76.49233      34.67975 
-76.49031      34.6827 
-76.49105      34.68638 
-76.48876      34.6891 
-76.48348      34.68878 
-76.482        34.69243 
-76.48635      34.69686 
-76.48556      34.69827 
-76.48459      34.70005 
-76.4794       34.69652 
-76.4766       34.69716 
-76.47367      34.70284 
-76.47232      34.71224 
-76.46215      34.71872 
-76.45925      34.72349 
-76.45281      34.72452 
-76.4477       34.72857 
-76.44363      34.7464 
-76.44162      34.74843 
-76.4344       34.74762 
-76.43213      34.74942 
-76.44036      34.75484 
-76.4411       34.75876 
-76.43623      34.76372 
-76.43148      34.76433 
-76.4264       34.75598 
-76.42363      34.75546 
-76.4161       34.76256 
-76.40878      34.76944 
-76.40502      34.77511 
-76.4043       34.7813 
-76.40605      34.78937 
-76.40486      34.7921 
-76.39801      34.78739 
-76.37542      34.80994 
-76.36432      34.81869 
-76.35881      34.82663 
-76.34767      34.83676 
-76.3283       34.85075 
-76.31697      34.85892 
 1             27 
1
 -9999.0   ,   9990.0 
 123 
-77.6425       34.36435 
-77.64751      34.35806 
-77.64668      34.35571 
-77.63973      34.35864 
-77.63563      34.36105 
-77.63165      34.3634 
-77.61325      34.38151 
-77.5886       34.39728 
-77.56458      34.41384 
-77.48023      34.46329 
-77.45956      34.47539 
-77.40206      34.50217 
-77.3588       34.51966 
-77.3482       34.52603 
-77.34676      34.52689 
-77.34105      34.53831 
-77.33712      34.54034 
-77.33525      34.53573 
-77.33051      34.5366 
-77.29864      34.55211 
-77.25432      34.58103 
-77.23498      34.59184 
-77.23173      34.59346 
-77.20475      34.6069 
-77.18238      34.61491 
-77.18086      34.6227 
-77.17675      34.62587 
-77.16565      34.63164 
-77.15277      34.64051 
-77.1139       34.65406 
-77.10225      34.66861 
-77.09794      34.6603 
-77.1021       34.64474 
-77.10105      34.64197 
-77.0806       34.65022 
-77.06531      34.65474 
-77.05152      34.65882 
-77.01496      34.66663 
-76.98874      34.67065 
-76.96926      34.67132 
-76.93715      34.67824 
-76.91616      34.6799 
-76.87501      34.68314 
-76.82865      34.69282 
-76.77458      34.69686 
-76.76515      34.6964 
-76.69343      34.69288 
-76.68281      34.69501 
-76.68611      34.69713 
-76.69083      34.69743 
-76.6968       34.70464 
-76.70613      34.71052 
-76.70851      34.70344 
-76.71103      34.70233 
-76.72685      34.70395 
-76.73802      34.70353 
-76.73994      34.70346 
-76.74424      34.71041 
-76.75391      34.71331 
-76.76198      34.71366 
-76.76466      34.70521 
-76.76971      34.70344 
-76.83036      34.70363 
-76.83595      34.70256 
-76.85031      34.69473 
-76.86093      34.69212 
-76.87334      34.69181 
-76.87846      34.69168 
-76.89105      34.68772 
-76.95882      34.67922 
-76.97223      34.67595 
-76.98666      34.67751 
-76.99955      34.67332 
-77.01761      34.67355 
-77.02175      34.67521 
-77.0224       34.67503 
-77.04383      34.66928 
-77.05385      34.66872 
-77.0601       34.67729 
-77.05342      34.67744 
-77.05191      34.68408 
-77.04798      34.68609 
-77.04653      34.68906 
-77.04402      34.68949 
-77.0408       34.68325 
-77.03804      34.68184 
-77.03442      34.68225 
-77.03045      34.68656 
-77.02404      34.68694 
-77.02122      34.68897 
-77.01835      34.69444 
-77.01278      34.69438 
-77.01058      34.69251 
-77.00501      34.6929 
-76.99572      34.69921 
-76.98201      34.70339 
-76.98055      34.70479 
-76.97635      34.70883 
-76.96049      34.70862 
-76.94698      34.71625 
-76.94774      34.72016 
-76.95545      34.72463 
-76.95232      34.72849 
-76.94247      34.7194 
-76.92996      34.71901 
-76.90866      34.72699 
-76.90993      34.73251 
-76.90438      34.73221 
-76.89723      34.72729 
-76.8889       34.72649 
-76.87528      34.72718 
-76.8499       34.72847 
-76.8218       34.7283 
-76.80876      34.72536 
-76.77481      34.72533 
-76.75736      34.72117 
-76.72371      34.7187 
-76.70624      34.71741 
-76.69905      34.71547 
-76.68951      34.7066 
-76.68616      34.70677 
-76.68296      34.71315 
-76.68368      34.71845 
 1             28 
1
 -9999.0   ,   9990.0 
 4 
-77.6592       34.34861 
-77.65218      34.36057 
-77.64857      34.361 
-77.64456      34.36708 
 1             29 
1
 -9999.0   ,   9990.0 
 2 
-77.68235      34.33622 
-77.68667      34.33116 
 1             30 
1
 -9999.0   ,   9990.0 
 4 
-77.68832      34.32786 
-77.68616      34.32752 
-77.68746      34.32203 
-77.71648      34.2979 
 1             31 
1
 -9999.0   ,   9990.0 
 7 
-77.8212       34.18794 
-77.8117       34.19936 
-77.81335      34.20143 
-77.82581      34.19806 
-77.82419      34.19346 
-77.82531      34.1914 
-77.8212       34.18794 
 1             32 
1
 -9999.0   ,   9990.0 
 48 
-77.72321      34.28991 
-77.77148      34.24616 
-77.77476      34.24939 
-77.77976      34.24759 
-77.78363      34.24922 
-77.78585      34.24809 
-77.78146      34.24347 
-77.77703      34.24367 
-77.77653      34.23839 
-77.79877      34.20316 
-77.81105      34.19021 
-77.81153      34.19195 
-77.80199      34.20389 
-77.79607      34.21739 
-77.79883      34.21787 
-77.80665      34.20988 
-77.80913      34.20921 
-77.81463      34.21314 
-77.81708      34.21775 
-77.82468      34.21134 
-77.83231      34.21155 
-77.84056      34.21654 
-77.84616      34.21546 
-77.84011      34.21147 
-77.83711      34.20666 
-77.83441      34.20593 
-77.83548      34.20284 
-77.83224      34.20381 
-77.8302       34.20379 
-77.82911      34.20083 
-77.8364       34.18848 
-77.83338      34.1864 
-77.83181      34.18321 
-77.82646      34.18659 
-77.82573      34.18221 
-77.82916      34.17957 
-77.83021      34.1762 
-77.83158      34.17607 
-77.83223      34.17805 
-77.83528      34.17821 
-77.83598      34.17569 
-77.83816      34.17472 
-77.84558      34.18083 
-77.84655      34.18478 
-77.85141      34.18848 
-77.85613      34.18993 
-77.86121      34.19081 
-77.86595      34.19057 
 1             33 
1
 -9999.0   ,   9990.0 
 8 
-77.94719      34.11333 
-77.94581      34.11424 
-77.94633      34.11906 
-77.95126      34.12436 
-77.95403      34.12392 
-77.95488      34.12048 
-77.95298      34.1168 
-77.94719      34.11333 
 1             34 
1
 -9999.0   ,   9990.0 
 6 
-77.94629      34.08372 
-77.94351      34.08577 
-77.94183      34.09058 
-77.94565      34.0968 
-77.94761      34.0929 
-77.94629      34.08372 
 1             35 
1
 -9999.0   ,   9990.0 
 5 
-77.95085      33.93847 
-77.9431       33.94372 
-77.94718      33.94879 
-77.95379      33.95065 
-77.95085      33.93847 
 1             36 
1
 -9999.0   ,   9990.0 
 79 
-77.95594      34.1696 
-77.9502       34.16085 
-77.94588      34.14454 
-77.93712      34.13233 
-77.93415      34.12267 
-77.93042      34.10246 
-77.93271      34.09054 
-77.92894      34.07652 
-77.93093      34.06804 
-77.92523      34.05493 
-77.92641      34.05124 
-77.92861      34.04439 
-77.92485      34.03037 
-77.9244       34.01568 
-77.92755      33.99941 
-77.92573      33.98264 
-77.92826      33.97554 
-77.93906      33.96825 
-77.94408      33.95978 
-77.9378       33.95057 
-77.93816      33.93841 
-77.93568      33.9384 
-77.93242      33.94058 
-77.93125      33.94137 
-77.92624      33.94822 
-77.91026      33.98555 
-77.90733      34.01078 
-77.88745      34.06001 
-77.8768       34.07189 
-77.84476      34.14378 
-77.83556      34.1552 
-77.83132      34.16642 
-77.82206      34.17151 
-77.81908      34.17632 
-77.81942      34.17735 
-77.82325      34.17555 
-77.82538      34.17439 
-77.83752      34.16733 
-77.83975      34.17004 
-77.84056      34.16147 
-77.84838      34.14776 
-77.84913      34.15115 
-77.84939      34.15344 
-77.8516       34.15437 
-77.85415      34.14589 
-77.86303      34.14044 
-77.86526      34.13793 
-77.865        34.1354 
-77.85696      34.13926 
-77.85337      34.13901 
-77.85505      34.13557 
-77.86228      34.13011 
-77.86365      34.12933 
-77.86452      34.12751 
-77.85994      34.12803 
-77.85955      34.12573 
-77.86235      34.1223 
-77.86406      34.11428 
-77.87103      34.10491 
-77.86885      34.10122 
-77.87108      34.09871 
-77.87363      34.08954 
-77.87919      34.08499 
-77.8798       34.07833 
-77.88648      34.06942 
-77.89118      34.06944 
-77.89575      34.04881 
-77.89826      34.04378 
-77.90103      34.04333 
-77.9004       34.0532 
-77.89221      34.0784 
-77.88986      34.09767 
-77.88346      34.10612 
-77.88645      34.1121 
-77.87839      34.11849 
-77.87431      34.13031 
-77.87048      34.1414 
-77.86291      34.15558 
-77.8551       34.16426 
 1             37 
1
 -9999.0   ,   9990.0 
 14 
-77.967        33.91147 
-77.95566      33.91624 
-77.95238      33.91324 
-77.94591      33.93386 
-77.947        33.9357 
-77.94893      33.93503 
-77.95369      33.92288 
-77.95703      33.91946 
-77.95921      33.92176 
-77.96556      33.92111 
-77.9675       33.9179 
-77.97025      33.91837 
-77.97192      33.91654 
-77.967        33.91147 
 1             38 
1
 -9999.0   ,   9990.0 
 8 
-77.98768      33.9072 
-77.9766       33.91748 
-77.97521      33.92 
-77.97656      33.92299 
-77.98455      33.92257 
-77.99122      33.91433 
-77.9882       33.91295 
-77.98768      33.9072 
 1             39 
1
 -9999.0   ,   9990.0 
 7 
-78.37418      33.90392 
-78.36867      33.90254 
-78.32376      33.9073 
-78.28298      33.9086 
-78.25046      33.91221 
-78.24606      33.91427 
-78.23999      33.91379 
 1             40 
1
 -9999.0   ,   9990.0 
 52 
-77.97253      34.16761 
-77.97396      34.16211 
-77.97125      34.15291 
-77.95358      34.10808 
-77.95371      34.08835 
-77.94756      34.05733 
-77.95205      34.04841 
-77.95181      34.04532 
-77.95103      34.03509 
-77.95413      34.02478 
-77.96225      34.00783 
-77.96425      33.99545 
-77.96299      33.97686 
-77.9655       33.97365 
-77.97847      33.97027 
-77.99636      33.93228 
-77.9969       33.93111 
-78.0019       33.92471 
-78.02261      33.91631 
-78.03066      33.90739 
-78.03395      33.90947 
-78.04051      33.91821 
-78.05083      33.92502 
-78.05268      33.92503 
-78.05269      33.92289 
-78.04301      33.9157 
-78.03666      33.90746 
-78.03619      33.90305 
-78.05373      33.9185 
-78.07108      33.92201 
-78.08678      33.92252 
-78.08791      33.91679 
-78.08681      33.9138 
-78.08351      33.91402 
-78.0802       33.91699 
-78.0634       33.91739 
-78.05815      33.91622 
-78.04335      33.90331 
-78.03346      33.89914 
-78.02272      33.89726 
-78.01806      33.89426 
-78.01753      33.89127 
-78.01891      33.8899 
-78.03405      33.89042 
-78.05249      33.89394 
-78.06596      33.89835 
-78.07238      33.89948 
-78.12981      33.90959 
-78.14386      33.91124 
-78.1783       33.9118 
-78.20116      33.9098 
-78.20776      33.91371 
 1             41 
1
 -9999.0   ,   9990.0 
 10 
-77.97076      33.88212 
-77.9691       33.8844 
-77.97341      33.89773 
-77.9792       33.89684 
-77.98252      33.89479 
-77.99078      33.89597 
-77.99161      33.89369 
-77.98835      33.88908 
-77.97545      33.88214 
-77.97076      33.88212 
 1             42 
1
 -9999.0   ,   9990.0 
 6 
-78.48033      33.87631 
-78.46646      33.87852 
-78.44718      33.8831 
-78.43231      33.88837 
-78.38935      33.89706 
-78.38492      33.9021 
 1             43 
1
 -9999.0   ,   9990.0 
 19 
-78.49183      33.87554 
-78.50996      33.86935 
-78.52043      33.86866 
-78.52209      33.87417 
-78.5254       33.87646 
-78.52759      33.876 
-78.52649      33.87118 
-78.5353       33.86659 
-78.5342       33.8643 
-78.52676      33.86384 
-78.52593      33.86155 
-78.52814      33.85856 
-78.53171      33.85673 
-78.54135      33.8565 
-78.54521      33.85856 
-78.54631      33.86292 
-78.54823      33.86406 
-78.55594      33.85947 
-78.55696      33.85927 
 1             44 
1
 -9999.0   ,   9990.0 
 3 
-78.55696      33.85927 
-78.56172      33.85832 
-78.5631       33.85626 
 1             45 
1
 -9999.0   ,   9990.0 
 22 
-77.96716      33.84309 
-77.96178      33.86601 
-77.95561      33.88273 
-77.95381      33.90636 
-77.95489      33.9082 
-77.9571       33.90753 
-77.95961      33.90272 
-77.95971      33.8878 
-77.96505      33.87108 
-77.98495      33.88257 
-77.98483      33.87782 
-77.98759      33.87715 
-77.99251      33.88153 
-77.99167      33.88565 
-77.99661      33.88774 
-78.00135      33.8811 
-78.00795      33.87953 
-78.01407      33.86923 
-78.013        33.86418 
-78.00423      33.85588 
-77.9839       33.85051 
-77.96716      33.84309 
 1             46 
1
 -9999.0   ,   9990.0 
 6 
-79.17376      33.33996 
-79.16918      33.34893 
-79.17058      33.35236 
-79.1744       33.35005 
-79.17653      33.3443 
-79.17376      33.33996 
 1             47 
1
 -9999.0   ,   9990.0 
 5 
-79.27695      33.29741 
-79.26995      33.29472 
-79.26718      33.29215 
-79.2672       33.29624 
-79.27378      33.30167 
 1             48 
1
 -9999.0   ,   9990.0 
 7 
-79.2156       33.28801 
-79.21511      33.28435 
-79.21348      33.28368 
-79.21139      33.28627 
-79.2114       33.28871 
-79.21383      33.28965 
-79.2156       33.28801 
 1             49 
1
 -9999.0   ,   9990.0 
 12 
-79.24019      33.27601 
-79.23391      33.27674 
-79.22411      33.28185 
-79.2236       33.2846 
-79.2292       33.30017 
-79.23331      33.30106 
-79.23603      33.29898 
-79.2411       33.28518 
-79.24356      33.28379 
-79.25315      33.28763 
-79.25422      33.28533 
-79.24019      33.27601 
 1             50 
1
 -9999.0   ,   9990.0 
 9 
-79.28141      33.28406 
-79.28305      33.28336 
-79.28188      33.27887 
-79.27551      33.27236 
-79.25373      33.26318 
-79.25357      33.26536 
-79.25667      33.26835 
-79.27082      33.27511 
-79.28141      33.28406 
 1             51 
1
 -9999.0   ,   9990.0 
 65 
-79.27026      33.30404 
-79.26093      33.30066 
-79.25436      33.30001 
-79.24482      33.30374 
-79.21776      33.30483 
-79.20324      33.30148 
-79.19884      33.29875 
-79.1969       33.29463 
-79.19713      33.29027 
-79.20382      33.27417 
-79.19821      33.25815 
-79.19976      33.24736 
-79.19422      33.23913 
-79.18304      33.20892 
-79.17946      33.20619 
-79.17815      33.21239 
-79.18291      33.25755 
-79.18032      33.275 
-79.1744       33.29603 
-79.16784      33.31934 
-79.1687       33.32347 
-79.17389      33.32298 
-79.17555      33.32458 
-79.17368      33.33124 
-79.17481      33.3356 
-79.17839      33.33764 
-79.18522      33.33691 
-79.19445      33.32883 
-79.19638      33.33042 
-79.19016      33.33917 
-79.18171      33.34221 
-79.17851      33.35163 
-79.17088      33.35603 
-79.16732      33.35514 
-79.16317      33.34989 
-79.1607       33.34921 
-79.1577       33.34923 
-79.15471      33.35291 
-79.15446      33.3562 
-79.153        33.37609 
-79.14764      33.39103 
-79.09912      33.47204 
-79.09843      33.4732 
-79.07612      33.49556 
-79.0543       33.50943 
-79.04393      33.51774 
-79.02923      33.53295 
-79.01703      33.55526 
-79.00578      33.56905 
-78.98001      33.60062 
-78.93251      33.64875 
-78.91117      33.66705 
-78.86906      33.70312 
-78.80852      33.74987 
-78.80291      33.755 
-78.79619      33.76114 
-78.77863      33.7722 
-78.74265      33.78857 
-78.69815      33.81252 
-78.67423      33.81947 
-78.61647      33.83626 
-78.60356      33.84131 
-78.57245      33.85006 
-78.56392      33.85121 
-78.56337      33.85442 
 1             52 
1
 -9999.0   ,   9990.0 
 25 
-79.2881       33.2835 
-79.27786      33.26957 
-79.26766      33.26093 
-79.2641       33.2598 
-79.25096      33.25736 
-79.21503      33.2436 
-79.20923      33.23629 
-79.20362      33.22004 
-79.2073       33.20281 
-79.20533      33.19617 
-79.20011      33.1923 
-79.19843      33.18818 
-79.20459      33.17484 
-79.20131      33.17463 
-79.19736      33.17743 
-79.19317      33.18042 
-79.18915      33.18893 
-79.18946      33.19374 
-79.18756      33.19421 
-79.18507      33.19056 
-79.1842       33.1846 
-79.18793      33.17425 
-79.22508      33.14581 
-79.23725      33.13221 
-79.24105      33.13057 
 1             53 
1
 -9999.0   ,   9990.0 
 3 
-79.24813      33.12916 
-79.25211      33.11812 
-79.2791       33.11565 
 1             54 
1
 -9999.0   ,   9990.0 
 7 
-79.39805      33.06594 
-79.40231      33.0815 
-79.40506      33.084 
-79.40775      33.08008 
-79.40495      33.07414 
-79.40431      33.06612 
-79.39805      33.06594 
 1             55 
1
 -9999.0   ,   9990.0 
 7 
-79.41855      33.06511 
-79.41308      33.0665 
-79.41117      33.07058 
-79.41183      33.07221 
-79.41925      33.07054 
-79.42084      33.06917 
-79.41855      33.06511 
 1             56 
1
 -9999.0   ,   9990.0 
 8 
-79.41266      33.05266 
-79.40846      33.05078 
-79.40396      33.05108 
-79.403        33.05163 
-79.40332      33.05407 
-79.40753      33.05594 
-79.4114       33.05538 
-79.41266      33.05266 
 1             57 
1
 -9999.0   ,   9990.0 
 10 
-79.38366      33.04724 
-79.37876      33.04796 
-79.3769       33.05073 
-79.3819       33.06078 
-79.38547      33.06305 
-79.39389      33.06024 
-79.40181      33.06132 
-79.40288      33.05925 
-79.39297      33.05084 
-79.38366      33.04724 
 1             58 
1
 -9999.0   ,   9990.0 
 2 
-79.52383      33.03004 
-79.51378      33.03242 
 1             59 
1
 -9999.0   ,   9990.0 
 12 
-79.3976       33.02626 
-79.39161      33.02699 
-79.3862       33.03048 
-79.3819       33.03602 
-79.38085      33.03946 
-79.38224      33.0422 
-79.39128      33.04558 
-79.40217      33.0448 
-79.40819      33.04659 
-79.4131       33.04632 
-79.40116      33.02761 
-79.3976       33.02626 
 1             60 
1
 -9999.0   ,   9990.0 
 8 
-79.37877      33.02411 
-79.37416      33.02506 
-79.37037      33.02853 
-79.37014      33.03243 
-79.37266      33.03861 
-79.37511      33.03836 
-79.38153      33.02615 
-79.37877      33.02411 
 1             61 
1
 -9999.0   ,   9990.0 
 10 
-79.37643      33.00899 
-79.37483      33.01175 
-79.3768       33.01724 
-79.38255      33.02064 
-79.39781      33.0203 
-79.40574      33.02299 
-79.40625      33.01908 
-79.40373      33.01429 
-79.39416      33.01138 
-79.37643      33.00899 
 1             62 
1
 -9999.0   ,   9990.0 
 4 
-79.48948      33.00717 
-79.49559      33.01629 
-79.50825      33.02627 
-79.5091       33.02925 
 1             63 
1
 -9999.0   ,   9990.0 
 21 
-79.37091      33.00284 
-79.3652       33.00357 
-79.35663      33.01785 
-79.34336      33.05075 
-79.34103      33.0643 
-79.34245      33.0691 
-79.34623      33.06518 
-79.35453      33.05044 
-79.35916      33.05063 
-79.36436      33.05312 
-79.3668       33.05012 
-79.35768      33.03803 
-79.35775      33.03441 
-79.35785      33.02977 
-79.35889      33.02495 
-79.36078      33.02333 
-79.36786      33.02305 
-79.36863      33.01845 
-79.36584      33.01205 
-79.37311      33.00443 
-79.37091      33.00284 
 1             64 
1
 -9999.0   ,   9990.0 
 47 
-79.28619      33.1156 
-79.28946      33.11489 
-79.31083      33.09685 
-79.33281      33.08569 
-79.35102      33.08005 
-79.3586       33.07472 
-79.36758      33.07259 
-79.37678      33.06633 
-79.38962      33.06899 
-79.39456      33.07216 
-79.40018      33.08634 
-79.40044      33.0888 
-79.40079      33.09207 
-79.40513      33.0902 
-79.40995      33.08468 
-79.42185      33.07309 
-79.42221      33.08157 
-79.43356      33.07277 
-79.42805      33.06708 
-79.4302       33.06385 
-79.44325      33.06077 
-79.45001      33.05681 
-79.4527       33.05335 
-79.44968      33.05222 
-79.4383       33.05668 
-79.42985      33.05743 
-79.43116      33.05329 
-79.4265       33.05012 
-79.42368      33.04326 
-79.41433      33.03508 
-79.41594      33.03323 
-79.42546      33.03063 
-79.42678      33.02787 
-79.42485      33.0249 
-79.42085      33.02606 
-79.41343      33.0282 
-79.41178      33.02661 
-79.41283      33.02293 
-79.41054      33.01355 
-79.41295      33.0094 
-79.45347      33.00288 
-79.49145      32.98995 
-79.49988      32.98827 
-79.50236      32.99054 
-79.50156      32.99284 
-79.49485      33.00047 
-79.4859       33.00284 
 1             65 
1
 -9999.0   ,   9990.0 
 8 
-79.64457      32.93056 
-79.64265      32.92874 
-79.64183      32.92806 
-79.63803      32.92969 
-79.63861      32.93244 
-79.6427       32.93448 
-79.64433      32.93424 
-79.64457      32.93056 
 1             66 
1
 -9999.0   ,   9990.0 
 11 
-79.6342       32.91227 
-79.62639      32.91808 
-79.61259      32.92372 
-79.61073      32.92695 
-79.61214      32.93083 
-79.62446      32.93622 
-79.62825      32.9348 
-79.63655      32.92394 
-79.64112      32.92069 
-79.63775      32.91247 
-79.6342       32.91227 
 1             67 
1
 -9999.0   ,   9990.0 
 20 
-79.64698      32.87315 
-79.63568      32.88221 
-79.62218      32.88922 
-79.57913      32.90454 
-79.56553      32.92645 
-79.56665      32.92851 
-79.58325      32.92881 
-79.5941       32.92481 
-79.60388      32.92403 
-79.60465      32.92334 
-79.61356      32.91545 
-79.62469      32.91305 
-79.63167      32.90656 
-79.64803      32.90823 
-79.65208      32.90636 
-79.65529      32.90266 
-79.65435      32.89395 
-79.65718      32.88269 
-79.65053      32.87381 
-79.64698      32.87315 
 1             68 
1
 -9999.0   ,   9990.0 
 9 
-79.76158      32.84585 
-79.76181      32.84263 
-79.75825      32.84036 
-79.75556      32.84222 
-79.75233      32.84592 
-79.75317      32.84775 
-79.754        32.84936 
-79.75535      32.84865 
-79.76158      32.84585 
 1             69 
1
 -9999.0   ,   9990.0 
 7 
-79.75003      32.83379 
-79.74678      32.83452 
-79.74223      32.8403 
-79.74694      32.84552 
-79.74911      32.84573 
-79.75115      32.8363 
-79.75003      32.83379 
 1             70 
1
 -9999.0   ,   9990.0 
 9 
-79.76903      32.83109 
-79.76332      32.8316 
-79.75954      32.83347 
-79.759        32.83416 
-79.75848      32.83623 
-79.76175      32.8362 
-79.77016      32.83476 
-79.77096      32.83314 
-79.76903      32.83109 
 1             71 
1
 -9999.0   ,   9990.0 
 12 
-79.7399       32.82881 
-79.73555      32.82792 
-79.73363      32.82794 
-79.73365      32.82977 
-79.73368      32.83276 
-79.73696      32.83434 
-79.73835      32.83547 
-79.74242      32.83544 
-79.74348      32.83291 
-79.74264      32.83062 
-79.74263      32.82947 
-79.7399       32.82881 
 1             72 
1
 -9999.0   ,   9990.0 
 10 
-79.71944      32.82472 
-79.70628      32.83609 
-79.70423      32.84345 
-79.70591      32.84756 
-79.71028      32.84935 
-79.72301      32.84623 
-79.7284       32.84205 
-79.73075      32.83629 
-79.72406      32.82512 
-79.71944      32.82472 
 1             73 
1
 -9999.0   ,   9990.0 
 8 
-79.79166      32.81207 
-79.78872      32.81577 
-79.78956      32.81806 
-79.79066      32.81874 
-79.79308      32.81619 
-79.7944       32.81366 
-79.79357      32.81229 
-79.79166      32.81207 
 1             74 
1
 -9999.0   ,   9990.0 
 7 
-79.78431      32.81076 
-79.78483      32.80869 
-79.78373      32.80755 
-79.78076      32.80895 
-79.78022      32.81033 
-79.7816       32.81147 
-79.78431      32.81076 
 1             75 
1
 -9999.0   ,   9990.0 
 8 
-79.89322      32.77649 
-79.89291      32.77374 
-79.88828      32.7731 
-79.88502      32.77267 
-79.8834       32.77406 
-79.8837       32.7759 
-79.88726      32.77839 
-79.89322      32.77649 
 1             76 
1
 -9999.0   ,   9990.0 
 109 
-79.9052       32.78156 
-79.89873      32.78485 
-79.88679      32.78568 
-79.88105      32.78392 
-79.86567      32.77401 
-79.85638      32.77113 
-79.85088      32.76753 
-79.85381      32.76383 
-79.86446      32.76645 
-79.86715      32.76528 
-79.86685      32.76344 
-79.85312      32.75466 
-79.84496      32.75361 
-79.83069      32.7618 
-79.79881      32.77294 
-79.76355      32.79351 
-79.7563       32.79559 
-79.73864      32.80066 
-79.73244      32.80371 
-79.72493      32.81044 
-79.72096      32.81736 
-79.7218       32.81896 
-79.74251      32.82287 
-79.75294      32.82872 
-79.75703      32.83005 
-79.76674      32.8249 
-79.77655      32.82571 
-79.7849       32.82103 
-79.78188      32.81946 
-79.77726      32.81974 
-79.77638      32.81562 
-79.7696       32.81523 
-79.77465      32.8083 
-79.77241      32.80511 
-79.78025      32.80113 
-79.78761      32.8038 
-79.79476      32.80876 
-79.7959       32.81219 
-79.79708      32.81791 
-79.79471      32.82276 
-79.78048      32.83415 
-79.77303      32.84432 
-79.76819      32.84804 
-79.76358      32.84833 
-79.76041      32.85547 
-79.74907      32.86041 
-79.7413       32.86829 
-79.7378       32.86947 
-79.73288      32.86838 
-79.72736      32.86316 
-79.7295       32.86016 
-79.7264       32.854 
-79.71714      32.85295 
-79.70755      32.86566 
-79.70634      32.87668 
-79.6902       32.88923 
-79.68771      32.88697 
-79.68768      32.88421 
-79.68196      32.88404 
-79.68165      32.88107 
-79.68405      32.87829 
-79.69413      32.87887 
-79.70116      32.87582 
-79.70371      32.86479 
-79.70771      32.85924 
-79.70792      32.85488 
-79.69997      32.8506 
-79.69932      32.8497 
-79.69719      32.84673 
-79.69285      32.84747 
-79.68236      32.85514 
-79.66504      32.86128 
-79.65808      32.868 
-79.6565       32.87283 
-79.65902      32.87762 
-79.66783      32.88487 
-79.6704       32.89379 
-79.67623      32.90061 
-79.67381      32.90408 
-79.66804      32.89955 
-79.66271      32.88814 
-79.66081      32.88884 
-79.65963      32.9017 
-79.66075      32.90826 
-79.6629       32.92116 
-79.66541      32.92481 
-79.66228      32.9347 
-79.65339      32.94144 
-79.64886      32.9479 
-79.64863      32.95112 
-79.63862      32.9558 
-79.63291      32.95632 
-79.63125      32.95427 
-79.63851      32.94732 
-79.64086      32.9411 
-79.63918      32.93768 
-79.63455      32.93681 
-79.62888      32.94122 
-79.61936      32.94108 
-79.6141       32.95443 
-79.60953      32.95884 
-79.60641      32.97056 
-79.60136      32.97956 
-79.58176      33.00038 
-79.57941      33.00218 
-79.57016      33.00921 
-79.54906      33.02133 
-79.53767      33.02487 
-79.53389      33.02811 
 1             77 
1
 -9999.0   ,   9990.0 
 24 
-80            32.63954 
-79.98984      32.63993 
-79.97718      32.64468 
-79.97981      32.64075 
-79.97573      32.63942 
-79.96896      32.64043 
-79.93725      32.65756 
-79.91086      32.66935 
-79.89664      32.67847 
-79.89111      32.68548 
-79.8908       32.68588 
-79.89746      32.69405 
-79.88488      32.70521 
-79.87905      32.71354 
-79.87485      32.7223 
-79.874        32.73538 
-79.87671      32.73604 
-79.88528      32.72883 
-79.89533      32.72917 
-79.89442      32.73904 
-79.90093      32.75455 
-79.92507      32.75181 
-79.92804      32.75147 
-79.93734      32.75525 
 1             78 
1
 -9999.0   ,   9990.0 
 2 
-80            32.62343 
-80            32.62237 
