 11 
 1             1 
1
 -9999.0   ,   9990.0 
 139 
 140.9691     -38.06164 
 140.9361     -38.0567 
 140.9193     -38.05728 
 140.8969     -38.05061 
 140.8859     -38.05106 
 140.8723     -38.05486 
 140.8445     -38.04622 
 140.8437     -38.04617 
 140.8343     -38.04553 
 140.8319     -38.04536 
 140.8265     -38.04625 
 140.8254     -38.04642 
 140.8159     -38.04794 
 140.8094     -38.0495 
 140.8044     -38.05256 
 140.7873     -38.04967 
 140.7761     -38.05081 
 140.7691     -38.05628 
 140.7672     -38.06122 
 140.7638     -38.0612 
 140.7523     -38.06006 
 140.7454     -38.063 
 140.7413     -38.06256 
 140.7354     -38.059 
 140.7216     -38.05731 
 140.7176     -38.05525 
 140.7061     -38.05617 
 140.6919     -38.06022 
 140.6842     -38.06128 
 140.6596     -38.06467 
 140.6427     -38.05189 
 140.6392     -38.04567 
 140.6253     -38.04281 
 140.6229     -38.04547 
 140.6176     -38.04395 
 140.6159     -38.03853 
 140.6043     -38.03256 
 140.59       -38.02881 
 140.5831     -38.02945 
 140.5803     -38.03306 
 140.5756     -38.03331 
 140.567      -38.02486 
 140.5678     -38.01706 
 140.5678     -38.01692 
 140.5678     -38.01689 
 140.5679     -38.01586 
 140.566      -38.01472 
 140.5596     -38.01083 
 140.55       -38.01047 
 140.5375     -38.00683 
 140.5323     -38.00272 
 140.5268     -37.99828 
 140.5148     -37.99461 
 140.5136     -37.99375 
 140.5133     -37.99358 
 140.508      -37.98995 
 140.5079     -37.98975 
 140.4921     -37.97133 
 140.4832     -37.96336 
 140.4708     -37.95783 
 140.4654     -37.95545 
 140.4555     -37.9452 
 140.4416     -37.93889 
 140.4213     -37.93317 
 140.4165     -37.93458 
 140.4168     -37.93114 
 140.4155     -37.92983 
 140.4149     -37.92917 
 140.4131     -37.929 
 140.4087     -37.92861 
 140.4055     -37.92634 
 140.3969     -37.92031 
 140.3964     -37.92067 
 140.392      -37.92359 
 140.3908     -37.917 
 140.3876     -37.91694 
 140.3875     -37.91167 
 140.3821     -37.90417 
 140.3713     -37.90225 
 140.3688     -37.89481 
 140.3649     -37.88931 
 140.3579     -37.88028 
 140.3574     -37.87433 
 140.3574     -37.87431 
 140.3453     -37.84931 
 140.3285     -37.82361 
 140.3241     -37.82272 
 140.3226     -37.80925 
 140.3154     -37.80047 
 140.3142     -37.79364 
 140.3082     -37.78761 
 140.3069     -37.78625 
 140.2868     -37.74994 
 140.2797     -37.74092 
 140.2739     -37.72792 
 140.256      -37.70597 
 140.232      -37.67786 
 140.2292     -37.67461 
 140.1714     -37.61858 
 140.1458     -37.60278 
 140.1395     -37.5967 
 140.1343     -37.59631 
 140.1301     -37.59125 
 140.1296     -37.59106 
 140.1238     -37.58861 
 140.1216     -37.59033 
 140.1118     -37.58628 
 140.1122     -37.58211 
 140.1096     -37.58203 
 140.108      -37.57272 
 140.1092     -37.57058 
 140.1164     -37.57317 
 140.1207     -37.57064 
 140.1225     -37.56789 
 140.1253     -37.56347 
 140.1272     -37.55489 
 140.1261     -37.5487 
 140.126      -37.54828 
 140.12       -37.53925 
 140.1174     -37.53545 
 140.1124     -37.53025 
 140.1096     -37.52744 
 140.1053     -37.523 
 140.0693     -37.50272 
 140.0587     -37.48975 
 140.0431     -37.47933 
 140.0418     -37.47894 
 140.0414     -37.47886 
 140.0345     -37.47683 
 140.0284     -37.47645 
 140.0284     -37.47645 
 140.0206     -37.47597 
 140.0161     -37.47692 
 140.0097     -37.48622 
 140.0096     -37.49264 
 140.0069     -37.49395 
 140.0011     -37.48908 
 140.001      -37.48897 
 140          -37.48897 
 1             2 
1
 -9999.0   ,   9990.0 
 62 
 143.8804     -40 
 143.8882     -39.99789 
 143.8858     -39.98361 
 143.875      -39.97042 
 143.8682     -39.96581 
 143.8663     -39.95772 
 143.8407     -39.93825 
 143.8386     -39.93336 
 143.8451     -39.92972 
 143.8415     -39.92569 
 143.835      -39.92453 
 143.8336     -39.91875 
 143.8373     -39.91111 
 143.8359     -39.90511 
 143.8373     -39.90172 
 143.8415     -39.89936 
 143.8423     -39.89892 
 143.8451     -39.89078 
 143.8418     -39.88633 
 143.8437     -39.87997 
 143.8595     -39.85903 
 143.8539     -39.85381 
 143.8623     -39.84792 
 143.8665     -39.83639 
 143.8662     -39.83181 
 143.8624     -39.82594 
 143.8598     -39.81647 
 143.8616     -39.80578 
 143.8599     -39.79931 
 143.8603     -39.798 
 143.8628     -39.78978 
 143.8564     -39.77833 
 143.8502     -39.77284 
 143.848      -39.7572 
 143.8515     -39.75228 
 143.8498     -39.73711 
 143.8458     -39.73375 
 143.8434     -39.71992 
 143.8458     -39.7145 
 143.8513     -39.71264 
 143.8613     -39.71211 
 143.8665     -39.71022 
 143.8725     -39.7045 
 143.8878     -39.70048 
 143.8969     -39.69669 
 143.9159     -39.68228 
 143.9264     -39.66914 
 143.9314     -39.65992 
 143.9329     -39.64983 
 143.9339     -39.64353 
 143.9322     -39.63203 
 143.926      -39.615 
 143.9241     -39.60972 
 143.9244     -39.60764 
 143.9261     -39.59822 
 143.9263     -39.59722 
 143.9297     -39.59506 
 143.9327     -39.596 
 143.9346     -39.59661 
 143.9356     -39.595 
 143.9435     -39.5825 
 143.9488     -39.58131 
 1             3 
1
 -9999.0   ,   9990.0 
 54 
 143.9488     -39.58131 
 143.9505     -39.58244 
 143.9566     -39.58669 
 143.9599     -39.58903 
 143.9726     -39.59386 
 143.9796     -39.60097 
 143.9972     -39.60342 
 144.0009     -39.60103 
 144.0058     -39.60372 
 144.0138     -39.61317 
 144.0233     -39.61878 
 144.0469     -39.62489 
 144.0517     -39.62781 
 144.0578     -39.63425 
 144.0648     -39.64178 
 144.0815     -39.65564 
 144.1068     -39.66889 
 144.1092     -39.67309 
 144.1093     -39.68111 
 144.1055     -39.70136 
 144.102      -39.71061 
 144.0991     -39.73525 
 144.0994     -39.74167 
 144.1015     -39.78089 
 144.1048     -39.79017 
 144.1149     -39.80517 
 144.1138     -39.81053 
 144.1129     -39.81495 
 144.1067     -39.81975 
 144.1071     -39.82253 
 144.1118     -39.82267 
 144.1133     -39.82272 
 144.1152     -39.81639 
 144.1172     -39.81531 
 144.1192     -39.81422 
 144.1248     -39.82039 
 144.126      -39.82548 
 144.1185     -39.85197 
 144.108      -39.86397 
 144.1055     -39.87053 
 144.1059     -39.88956 
 144.1089     -39.90981 
 144.1113     -39.9147 
 144.1327     -39.92573 
 144.1386     -39.93075 
 144.1382     -39.9385 
 144.1329     -39.95756 
 144.1299     -39.96272 
 144.1333     -39.97175 
 144.133      -39.97747 
 144.1312     -39.98267 
 144.1261     -39.98867 
 144.128      -39.99561 
 144.1167     -40 
 1             4 
1
 -9999.0   ,   9990.0 
 10 
 143.8238     -39.67775 
 143.8261     -39.67303 
 143.83       -39.67181 
 143.8356     -39.6727 
 143.8371     -39.67183 
 143.8364     -39.66975 
 143.8268     -39.66686 
 143.8203     -39.67167 
 143.8176     -39.67636 
 143.8238     -39.67775 
 1             5 
1
 -9999.0   ,   9990.0 
 73 
 145          -38.48575 
 144.9918     -38.48594 
 144.9837     -38.48984 
 144.9778     -38.49081 
 144.9554     -38.49064 
 144.942      -38.49689 
 144.9294     -38.49814 
 144.9108     -38.49617 
 144.9074     -38.49567 
 144.9014     -38.49894 
 144.8947     -38.49967 
 144.8878     -38.49581 
 144.8867     -38.48797 
 144.8894     -38.48072 
 144.8805     -38.47311 
 144.8731     -38.46145 
 144.8378     -38.43083 
 144.8186     -38.4195 
 144.8165     -38.41781 
 144.7698     -38.37956 
 144.7641     -38.378 
 144.7492     -38.36631 
 144.7227     -38.34947 
 144.6997     -38.33822 
 144.6963     -38.33608 
 144.6777     -38.32425 
 144.6707     -38.32311 
 144.6536     -38.31045 
 144.6538     -38.30722 
 144.6603     -38.3102 
 144.6661     -38.31083 
 144.6822     -38.30995 
 144.6918     -38.3155 
 144.7018     -38.31742 
 144.7075     -38.32067 
 144.7095     -38.32178 
 144.7211     -38.32306 
 144.7344     -38.32686 
 144.7345     -38.32689 
 144.7369     -38.32822 
 144.7394     -38.32956 
 144.7433     -38.33522 
 144.7483     -38.34242 
 144.7483     -38.34245 
 144.7526     -38.34556 
 144.7603     -38.34739 
 144.7651     -38.3512 
 144.7662     -38.35742 
 144.771      -38.36033 
 144.7795     -38.36103 
 144.7939     -38.36511 
 144.8214     -38.37283 
 144.8347     -38.37392 
 144.8443     -38.37281 
 144.8817     -38.36497 
 144.9083     -38.35564 
 144.9295     -38.3503 
 144.9597     -38.33833 
 144.9676     -38.33453 
 144.9676     -38.3345 
 144.9808     -38.32814 
 144.986      -38.32383 
 144.9866     -38.32333 
 144.9866     -38.32331 
 144.9908     -38.31995 
 144.9933     -38.31589 
 144.9934     -38.31361 
 144.9935     -38.30995 
 144.984      -38.30211 
 144.985      -38.29886 
 144.9854     -38.29778 
 144.9868     -38.29589 
 145          -38.27811 
 1             6 
1
 -9999.0   ,   9990.0 
 12 
 141.9921     -38.41717 
 141.993      -38.42117 
 141.9957     -38.424 
 142.0008     -38.42222 
 142.0113     -38.4157 
 142.0127     -38.41353 
 142.0124     -38.41292 
 142.0108     -38.41261 
 142.0064     -38.41256 
 142.001      -38.41336 
 141.9956     -38.41522 
 141.9921     -38.41717 
 1             7 
1
 -9999.0   ,   9990.0 
 342 
 143.5132     -38.85947 
 143.5439     -38.85658 
 143.5556     -38.85681 
 143.5592     -38.85489 
 143.5631     -38.84886 
 143.5679     -38.84378 
 143.5809     -38.83647 
 143.586      -38.82544 
 143.6124     -38.8015 
 143.6231     -38.79503 
 143.6338     -38.79247 
 143.649      -38.79261 
 143.6676     -38.7805 
 143.6674     -38.7752 
 143.6703     -38.76959 
 143.6729     -38.76556 
 143.6804     -38.76378 
 143.6728     -38.75386 
 143.6768     -38.74622 
 143.6846     -38.73803 
 143.6926     -38.73653 
 143.7067     -38.73017 
 143.7195     -38.72747 
 143.7363     -38.71972 
 143.7378     -38.719 
 143.753      -38.71497 
 143.7613     -38.70797 
 143.7728     -38.70725 
 143.7839     -38.70195 
 143.8166     -38.694 
 143.8347     -38.694 
 143.8395     -38.69233 
 143.846      -38.68067 
 143.8491     -38.67847 
 143.8636     -38.67534 
 143.8676     -38.67183 
 143.8658     -38.6665 
 143.865      -38.66531 
 143.8695     -38.65883 
 143.8941     -38.6437 
 143.8948     -38.63683 
 143.9087     -38.62886 
 143.9176     -38.61589 
 143.9238     -38.5962 
 143.9291     -38.59064 
 143.953      -38.58006 
 143.9602     -38.57711 
 143.9728     -38.56678 
 143.977      -38.56511 
 143.9791     -38.55853 
 143.9875     -38.55425 
 143.9886     -38.55131 
 143.9807     -38.54508 
 143.9798     -38.53723 
 143.9811     -38.53453 
 144.0086     -38.50206 
 144.0344     -38.48533 
 144.0371     -38.47878 
 144.0398     -38.47633 
 144.0496     -38.47347 
 144.0932     -38.47114 
 144.1067     -38.46908 
 144.1148     -38.46089 
 144.1194     -38.45006 
 144.124      -38.44792 
 144.1314     -38.43856 
 144.1773     -38.43214 
 144.1818     -38.42931 
 144.1794     -38.42394 
 144.1829     -38.41925 
 144.1913     -38.41428 
 144.1939     -38.41256 
 144.1962     -38.411 
 144.2131     -38.40473 
 144.2423     -38.39792 
 144.2513     -38.398 
 144.2547     -38.39559 
 144.2538     -38.38958 
 144.2578     -38.38606 
 144.2652     -38.38381 
 144.2704     -38.37917 
 144.2806     -38.37444 
 144.2866     -38.36617 
 144.2942     -38.35978 
 144.3016     -38.35636 
 144.3087     -38.34947 
 144.3093     -38.34884 
 144.31       -38.34884 
 144.3148     -38.34878 
 144.3175     -38.34728 
 144.3212     -38.34442 
 144.3253     -38.34364 
 144.3256     -38.33745 
 144.3288     -38.33183 
 144.334      -38.32834 
 144.3657     -38.3177 
 144.3683     -38.31642 
 144.3767     -38.31233 
 144.3789     -38.30919 
 144.3811     -38.30628 
 144.3888     -38.30264 
 144.4087     -38.2962 
 144.4285     -38.28758 
 144.4328     -38.28575 
 144.4342     -38.28589 
 144.453      -38.28778 
 144.4553     -38.28831 
 144.4781     -38.29336 
 144.4841     -38.29472 
 144.4855     -38.29503 
 144.4948     -38.29419 
 144.4979     -38.29589 
 144.5        -38.29503 
 144.4994     -38.294 
 144.4933     -38.2845 
 144.4959     -38.27839 
 144.4997     -38.2762 
 144.5061     -38.27245 
 144.5092     -38.27447 
 144.5008     -38.27925 
 144.4989     -38.28286 
 144.4999     -38.28586 
 144.5019     -38.28639 
 144.5122     -38.27939 
 144.5208     -38.276 
 144.5236     -38.27617 
 144.5338     -38.27686 
 144.5659     -38.27995 
 144.5806     -38.28294 
 144.6017     -38.29228 
 144.6096     -38.29578 
 144.6171     -38.29622 
 144.6151     -38.28931 
 144.6196     -38.28164 
 144.6252     -38.27931 
 144.6449     -38.27878 
 144.6451     -38.27878 
 144.659      -38.27842 
 144.6604     -38.27839 
 144.6616     -38.27836 
 144.663      -38.27472 
 144.6684     -38.26939 
 144.6675     -38.26814 
 144.6671     -38.26753 
 144.6576     -38.26722 
 144.6575     -38.26722 
 144.6396     -38.27103 
 144.6327     -38.26922 
 144.6258     -38.26097 
 144.6269     -38.25733 
 144.6308     -38.25539 
 144.6596     -38.22534 
 144.6662     -38.21475 
 144.6732     -38.21292 
 144.6829     -38.20403 
 144.6935     -38.20183 
 144.7037     -38.20698 
 144.7056     -38.21117 
 144.7036     -38.21544 
 144.6963     -38.22164 
 144.6989     -38.22311 
 144.7033     -38.22072 
 144.708      -38.21467 
 144.7169     -38.18875 
 144.7205     -38.17836 
 144.719      -38.16761 
 144.719      -38.16742 
 144.7181     -38.16134 
 144.7206     -38.1527 
 144.7196     -38.14922 
 144.7124     -38.14178 
 144.7049     -38.13408 
 144.6839     -38.11992 
 144.6836     -38.11989 
 144.6709     -38.11786 
 144.6703     -38.11778 
 144.6678     -38.11736 
 144.6503     -38.11728 
 144.6463     -38.11586 
 144.6424     -38.1145 
 144.6348     -38.11386 
 144.63       -38.11345 
 144.6215     -38.11984 
 144.6156     -38.12217 
 144.6089     -38.12884 
 144.6022     -38.13 
 144.5929     -38.13475 
 144.581      -38.14483 
 144.5779     -38.14745 
 144.5763     -38.14889 
 144.5579     -38.16114 
 144.5512     -38.16225 
 144.5473     -38.16289 
 144.531      -38.16556 
 144.504      -38.16586 
 144.4833     -38.16839 
 144.4735     -38.16784 
 144.4523     -38.16211 
 144.44       -38.15253 
 144.432      -38.14448 
 144.4254     -38.13142 
 144.4231     -38.13225 
 144.4177     -38.14514 
 144.4191     -38.14725 
 144.4187     -38.14914 
 144.4175     -38.15523 
 144.4147     -38.15906 
 144.4068     -38.159 
 144.3996     -38.15809 
 144.3951     -38.15542 
 144.3912     -38.1535 
 144.3821     -38.14903 
 144.3718     -38.15142 
 144.3716     -38.15136 
 144.3641     -38.15003 
 144.3581     -38.14708 
 144.3544     -38.13547 
 144.3606     -38.11733 
 144.3652     -38.11314 
 144.3627     -38.11053 
 144.372      -38.10442 
 144.3772     -38.10414 
 144.3805     -38.09644 
 144.3788     -38.09111 
 144.3835     -38.08944 
 144.3863     -38.08461 
 144.387      -38.08336 
 144.3921     -38.08008 
 144.4002     -38.07864 
 144.405      -38.07778 
 144.4078     -38.06914 
 144.4131     -38.06175 
 144.4163     -38.06139 
 144.4177     -38.06833 
 144.4146     -38.07764 
 144.4115     -38.08072 
 144.406      -38.08147 
 144.4041     -38.0837 
 144.4094     -38.0887 
 144.4221     -38.09003 
 144.4365     -38.09095 
 144.4393     -38.09358 
 144.4415     -38.0957 
 144.4553     -38.08675 
 144.4569     -38.0827 
 144.4619     -38.08239 
 144.4668     -38.08736 
 144.47       -38.08747 
 144.4743     -38.0837 
 144.4821     -38.0835 
 144.4965     -38.09245 
 144.5038     -38.09522 
 144.5087     -38.09033 
 144.5189     -38.06197 
 144.5181     -38.06036 
 144.5152     -38.06028 
 144.5111     -38.06586 
 144.509      -38.06236 
 144.5124     -38.05328 
 144.5229     -38.04628 
 144.5267     -38.0455 
 144.5293     -38.04995 
 144.5334     -38.05053 
 144.5454     -38.04289 
 144.5558     -38.04231 
 144.5675     -38.028 
 144.5762     -38.02323 
 144.5842     -38.01386 
 144.5892     -38.01195 
 144.6099     -38.00433 
 144.6209     -38.00378 
 144.6326     -38.00667 
 144.6413     -38.0067 
 144.6481     -38.00461 
 144.6777     -37.98536 
 144.6839     -37.97614 
 144.6912     -37.98186 
 144.6958     -37.98178 
 144.7046     -37.97333 
 144.7074     -37.97022 
 144.7175     -37.96064 
 144.7198     -37.95844 
 144.7381     -37.9457 
 144.7582     -37.94242 
 144.7731     -37.93278 
 144.7941     -37.92972 
 144.7985     -37.92734 
 144.7999     -37.9102 
 144.8054     -37.89864 
 144.8127     -37.88397 
 144.821      -37.87939 
 144.8251     -37.87872 
 144.8411     -37.87608 
 144.8456     -37.8737 
 144.8475     -37.8715 
 144.8508     -37.86789 
 144.8574     -37.86809 
 144.8625     -37.86617 
 144.8692     -37.86361 
 144.8715     -37.86414 
 144.8775     -37.87119 
 144.8825     -37.87042 
 144.9002     -37.87461 
 144.9083     -37.87439 
 144.9124     -37.87222 
 144.9132     -37.86897 
 144.9132     -37.86895 
 144.9135     -37.86744 
 144.9128     -37.867 
 144.9059     -37.86264 
 144.8971     -37.85389 
 144.902      -37.85256 
 144.9032     -37.85222 
 144.9        -37.83122 
 144.9077     -37.81681 
 144.9283     -37.81581 
 144.9319     -37.812 
 144.9384     -37.81656 
 144.9418     -37.81642 
 144.9466     -37.82433 
 144.9239     -37.82325 
 144.9152     -37.82659 
 144.9088     -37.83017 
 144.9081     -37.84709 
 144.9172     -37.84369 
 144.9223     -37.84442 
 144.9296     -37.84542 
 144.9446     -37.85045 
 144.9577     -37.85608 
 144.97       -37.86469 
 144.9741     -37.87078 
 144.9766     -37.88553 
 144.9835     -37.89306 
 144.9856     -37.89861 
 144.984      -37.90639 
 144.9864     -37.91884 
 144.9854     -37.92706 
 144.9965     -37.94134 
 144.9986     -37.94394 
 144.9964     -37.94756 
 144.9968     -37.951 
 145          -37.95373 
 1             8 
1
 -9999.0   ,   9990.0 
 146 
 142.2436     -38.39314 
 142.2435     -38.38945 
 142.2434     -38.3812 
 142.2465     -38.37723 
 142.2508     -38.37169 
 142.2605     -38.36692 
 142.2713     -38.36378 
 142.2857     -38.3652 
 142.2918     -38.36161 
 142.3015     -38.36139 
 142.306      -38.35933 
 142.3181     -38.36109 
 142.3247     -38.35911 
 142.3338     -38.35864 
 142.335      -38.35722 
 142.3369     -38.35514 
 142.3405     -38.35417 
 142.3626     -38.35067 
 142.3728     -38.35069 
 142.3862     -38.35414 
 142.4031     -38.36208 
 142.4376     -38.38214 
 142.4506     -38.39217 
 142.4543     -38.39303 
 142.4585     -38.39831 
 142.471      -38.40233 
 142.4757     -38.40211 
 142.4796     -38.39703 
 142.4798     -38.39695 
 142.4838     -38.39517 
 142.5007     -38.39989 
 142.51       -38.40422 
 142.5113     -38.40545 
 142.5134     -38.40558 
 142.527      -38.40642 
 142.5491     -38.41781 
 142.5543     -38.41806 
 142.5811     -38.4377 
 142.6081     -38.45022 
 142.6419     -38.47042 
 142.6577     -38.48517 
 142.6652     -38.48667 
 142.6719     -38.48995 
 142.6782     -38.49645 
 142.683      -38.49781 
 142.6935     -38.50655 
 142.6999     -38.50986 
 142.7154     -38.52572 
 142.7372     -38.53383 
 142.759      -38.55247 
 142.7702     -38.56197 
 142.792      -38.57536 
 142.8205     -38.58033 
 142.8288     -38.59014 
 142.8359     -38.58886 
 142.8411     -38.58978 
 142.8585     -38.59997 
 142.8619     -38.60517 
 142.8711     -38.61086 
 142.877      -38.61067 
 142.8807     -38.60831 
 142.8821     -38.60567 
 142.8837     -38.60294 
 142.8783     -38.5972 
 142.877      -38.59072 
 142.8698     -38.58075 
 142.8723     -38.57811 
 142.8766     -38.57992 
 142.882      -38.58956 
 142.8929     -38.59625 
 142.8956     -38.60003 
 142.8927     -38.60403 
 142.8888     -38.60547 
 142.8873     -38.60703 
 142.8846     -38.60986 
 142.8871     -38.61295 
 142.907      -38.61156 
 142.9147     -38.61856 
 142.9277     -38.62442 
 142.9345     -38.62333 
 142.9358     -38.62156 
 142.9413     -38.61953 
 142.9451     -38.61809 
 142.946      -38.61825 
 142.9708     -38.62267 
 142.9773     -38.62525 
 142.9815     -38.62361 
 142.9894     -38.6235 
 142.9933     -38.62253 
 143.0224     -38.62792 
 143.0295     -38.63192 
 143.0412     -38.63517 
 143.0447     -38.63945 
 143.0548     -38.64564 
 143.0568     -38.65075 
 143.0711     -38.65095 
 143.0803     -38.65639 
 143.0952     -38.66139 
 143.1199     -38.68059 
 143.122      -38.6815 
 143.1352     -38.6872 
 143.1435     -38.6942 
 143.1502     -38.70319 
 143.1596     -38.71073 
 143.1737     -38.72256 
 143.1804     -38.73981 
 143.1848     -38.74345 
 143.1883     -38.74472 
 143.1936     -38.74381 
 143.2017     -38.74959 
 143.2181     -38.76136 
 143.2314     -38.76445 
 143.2473     -38.77178 
 143.2619     -38.7717 
 143.272      -38.76503 
 143.2941     -38.75884 
 143.3039     -38.75306 
 143.3109     -38.75289 
 143.3169     -38.75564 
 143.3368     -38.76014 
 143.3444     -38.75839 
 143.3528     -38.75644 
 143.3618     -38.7575 
 143.3995     -38.77556 
 143.4018     -38.78092 
 143.4069     -38.78367 
 143.4181     -38.7832 
 143.4244     -38.78506 
 143.4419     -38.79817 
 143.4546     -38.80553 
 143.4617     -38.80561 
 143.4697     -38.80364 
 143.4758     -38.79997 
 143.4769     -38.79681 
 143.4769     -38.78719 
 143.4814     -38.79056 
 143.482      -38.79472 
 143.4806     -38.79933 
 143.4798     -38.80175 
 143.4755     -38.80525 
 143.4628     -38.81114 
 143.4723     -38.81864 
 143.486      -38.83661 
 143.5002     -38.85209 
 143.5083     -38.85836 
 143.5132     -38.85947 
 1             9 
1
 -9999.0   ,   9990.0 
 8 
 142.2436     -38.39314 
 142.242      -38.39858 
 142.2433     -38.40047 
 142.2467     -38.40067 
 142.2574     -38.39156 
 142.2543     -38.39025 
 142.2496     -38.39069 
 142.2436     -38.39314 
 1             10 
1
 -9999.0   ,   9990.0 
 138 
 142.2436     -38.39314 
 142.2384     -38.39586 
 142.2219     -38.39367 
 142.2159     -38.39589 
 142.2053     -38.39467 
 142.1903     -38.39594 
 142.1874     -38.39517 
 142.1831     -38.394 
 142.177      -38.39483 
 142.158      -38.39134 
 142.1425     -38.39258 
 142.1397     -38.38695 
 142.1346     -38.38233 
 142.1068     -38.37239 
 142.0963     -38.36611 
 142.0729     -38.35664 
 142.0508     -38.34242 
 142.0388     -38.33581 
 142.0202     -38.32084 
 142.0055     -38.31295 
 141.9827     -38.30278 
 141.9421     -38.28459 
 141.9103     -38.27464 
 141.8999     -38.27361 
 141.8821     -38.26786 
 141.8584     -38.26497 
 141.8488     -38.26217 
 141.8415     -38.26292 
 141.8343     -38.26114 
 141.833      -38.26314 
 141.8136     -38.26186 
 141.7875     -38.25725 
 141.7606     -38.25509 
 141.7235     -38.25675 
 141.7053     -38.25895 
 141.6803     -38.26792 
 141.6657     -38.27539 
 141.656      -38.28333 
 141.6503     -38.28486 
 141.6376     -38.29358 
 141.622      -38.29936 
 141.6015     -38.31317 
 141.5986     -38.31942 
 141.6021     -38.32553 
 141.6064     -38.3332 
 141.6068     -38.33814 
 141.6077     -38.35164 
 141.6119     -38.35278 
 141.6154     -38.35344 
 141.6167     -38.35428 
 141.6217     -38.35769 
 141.6316     -38.37478 
 141.6404     -38.38009 
 141.641      -38.38403 
 141.6478     -38.39267 
 141.6464     -38.39442 
 141.6343     -38.39353 
 141.6295     -38.39464 
 141.6274     -38.39889 
 141.6277     -38.40511 
 141.6234     -38.40739 
 141.6189     -38.40531 
 141.6157     -38.39892 
 141.6095     -38.3942 
 141.5907     -38.3918 
 141.5732     -38.3915 
 141.572      -38.39333 
 141.5655     -38.40278 
 141.5588     -38.40631 
 141.5552     -38.41414 
 141.5555     -38.42311 
 141.5467     -38.43044 
 141.5419     -38.42889 
 141.5362     -38.42708 
 141.5282     -38.42181 
 141.524      -38.41675 
 141.5234     -38.411 
 141.5286     -38.40484 
 141.5214     -38.39364 
 141.5132     -38.38583 
 141.5093     -38.38217 
 141.4892     -38.37439 
 141.4692     -38.36667 
 141.4602     -38.36317 
 141.4578     -38.36225 
 141.4445     -38.36081 
 141.4322     -38.36242 
 141.4081     -38.37 
 141.4068     -38.37453 
 141.4129     -38.38794 
 141.4137     -38.39467 
 141.4083     -38.39942 
 141.4049     -38.39919 
 141.3953     -38.38856 
 141.3831     -38.38678 
 141.3743     -38.3855 
 141.37       -38.3825 
 141.3694     -38.38083 
 141.3683     -38.37758 
 141.3735     -38.35928 
 141.3774     -38.35814 
 141.3854     -38.35056 
 141.3924     -38.34706 
 141.3934     -38.34556 
 141.3976     -38.33861 
 141.3974     -38.33125 
 141.3754     -38.29783 
 141.3751     -38.29748 
 141.3641     -38.28397 
 141.3597     -38.27856 
 141.3471     -38.26656 
 141.335      -38.25923 
 141.3229     -38.24517 
 141.3068     -38.23092 
 141.2642     -38.19742 
 141.2558     -38.19228 
 141.2414     -38.18345 
 141.2308     -38.17525 
 141.1633     -38.13839 
 141.1556     -38.13419 
 141.1421     -38.12681 
 141.129      -38.12095 
 141.1257     -38.12003 
 141.1142     -38.11675 
 141.1086     -38.11514 
 141.1051     -38.11367 
 141.0949     -38.10928 
 141.0796     -38.09939 
 141.0605     -38.09147 
 141.0597     -38.09111 
 141.0142     -38.07222 
 141.0035     -38.06881 
 141          -38.06844 
 140.9909     -38.06503 
 140.9876     -38.06086 
 140.9829     -38.063 
 140.9774     -38.06289 
 140.9691     -38.06164 
 1             11 
1
 -9999.0   ,   9990.0 
 14 
 144.6693     -38.26256 
 144.6627     -38.25661 
 144.6763     -38.24464 
 144.6813     -38.24342 
 144.6824     -38.24484 
 144.6826     -38.25356 
 144.6876     -38.25211 
 144.6919     -38.2472 
 144.6984     -38.24722 
 144.7006     -38.24722 
 144.7042     -38.25078 
 144.6798     -38.26067 
 144.6758     -38.26228 
 144.6693     -38.26256 
