 49 
 1             1 
1
 -9999.0   ,   9990.0 
 51 
 145          -38.27811 
 145.0018     -38.27578 
 145.0138     -38.27178 
 145.0171     -38.26889 
 145.0263     -38.25906 
 145.0289     -38.25339 
 145.0295     -38.24564 
 145.0295     -38.24561 
 145.0295     -38.24539 
 145.0251     -38.2345 
 145.0297     -38.22889 
 145.0316     -38.21795 
 145.0438     -38.21736 
 145.0573     -38.20903 
 145.0669     -38.20103 
 145.0739     -38.18795 
 145.0752     -38.186 
 145.0869     -38.16928 
 145.0896     -38.1675 
 145.098      -38.16706 
 145.102      -38.16167 
 145.1148     -38.15489 
 145.1175     -38.152 
 145.119      -38.14797 
 145.1194     -38.14683 
 145.1202     -38.14461 
 145.123      -38.13709 
 145.1231     -38.13678 
 145.1231     -38.13659 
 145.1252     -38.12081 
 145.1196     -38.07753 
 145.1156     -38.06205 
 145.1127     -38.05559 
 145.1079     -38.04489 
 145.1004     -38.03231 
 145.0868     -38.01725 
 145.0869     -38.01542 
 145.0843     -38.01489 
 145.0719     -38.00103 
 145.0708     -38.00011 
 145.0624     -37.99342 
 145.0567     -37.9912 
 145.0503     -37.99172 
 145.0473     -37.99372 
 145.0366     -38.00072 
 145.032      -37.9997 
 145.0239     -37.99211 
 145.0149     -37.97995 
 145.0118     -37.97297 
 145.0102     -37.96239 
 145          -37.95373 
 1             2 
1
 -9999.0   ,   9990.0 
 580 
 145          -38.48575 
 145.0058     -38.48564 
 145.0126     -38.48217 
 145.027      -38.48555 
 145.0316     -38.48842 
 145.0343     -38.4862 
 145.0287     -38.48078 
 145.0277     -38.47617 
 145.0306     -38.46586 
 145.0333     -38.45639 
 145.0476     -38.43639 
 145.0541     -38.43197 
 145.0588     -38.43186 
 145.0678     -38.42686 
 145.0783     -38.42578 
 145.0759     -38.42159 
 145.0787     -38.41706 
 145.0877     -38.41111 
 145.0961     -38.40539 
 145.1124     -38.40356 
 145.1203     -38.3962 
 145.1336     -38.39289 
 145.1449     -38.39528 
 145.1662     -38.39972 
 145.1784     -38.39892 
 145.2028     -38.40736 
 145.2251     -38.40978 
 145.2326     -38.41111 
 145.2351     -38.40889 
 145.2269     -38.40133 
 145.2213     -38.40256 
 145.2186     -38.39836 
 145.2187     -38.3885 
 145.2143     -38.38403 
 145.2033     -38.38306 
 145.188      -38.37922 
 145.1852     -38.37731 
 145.1862     -38.37558 
 145.1864     -38.37528 
 145.1944     -38.3742 
 145.1947     -38.37072 
 145.1948     -38.36931 
 145.1951     -38.36934 
 145.1977     -38.36961 
 145.2035     -38.37711 
 145.2087     -38.37795 
 145.2135     -38.38128 
 145.2181     -38.38186 
 145.2223     -38.37922 
 145.2222     -38.37578 
 145.2157     -38.37078 
 145.2139     -38.36592 
 145.2194     -38.35117 
 145.2167     -38.34767 
 145.21       -38.34703 
 145.1987     -38.33961 
 145.198      -38.33772 
 145.1966     -38.33361 
 145.189      -38.32814 
 145.1982     -38.31692 
 145.1986     -38.31325 
 145.1936     -38.30281 
 145.1945     -38.30131 
 145.1957     -38.29945 
 145.1999     -38.29748 
 145.2061     -38.30222 
 145.209      -38.3085 
 145.2186     -38.30967 
 145.221      -38.3127 
 145.224      -38.31072 
 145.2232     -38.30406 
 145.2275     -38.30347 
 145.229      -38.29642 
 145.228      -38.29364 
 145.2233     -38.29261 
 145.2209     -38.28842 
 145.2245     -38.27911 
 145.2281     -38.27508 
 145.2413     -38.26695 
 145.2423     -38.26192 
 145.251      -38.25022 
 145.2575     -38.2465 
 145.2503     -38.23739 
 145.2486     -38.23642 
 145.2518     -38.22939 
 145.2558     -38.22561 
 145.2604     -38.22458 
 145.2824     -38.22606 
 145.2888     -38.22094 
 145.2887     -38.22042 
 145.288      -38.21267 
 145.2956     -38.21586 
 145.3032     -38.2165 
 145.306      -38.21864 
 145.3118     -38.21834 
 145.3155     -38.21981 
 145.3145     -38.2237 
 145.307      -38.22831 
 145.3087     -38.23017 
 145.3241     -38.22964 
 145.3269     -38.23203 
 145.3265     -38.23522 
 145.3224     -38.23581 
 145.3232     -38.23858 
 145.3337     -38.23722 
 145.3388     -38.23347 
 145.346      -38.22011 
 145.3559     -38.21947 
 145.3612     -38.22395 
 145.3679     -38.22389 
 145.374      -38.21717 
 145.3763     -38.21675 
 145.3794     -38.21983 
 145.3803     -38.22489 
 145.3849     -38.22731 
 145.4111     -38.23161 
 145.4167     -38.23131 
 145.4243     -38.22117 
 145.4362     -38.22125 
 145.4543     -38.22144 
 145.4611     -38.23125 
 145.4815     -38.23656 
 145.4896     -38.23811 
 145.4902     -38.24411 
 145.4933     -38.24809 
 145.4993     -38.28031 
 145.5026     -38.2845 
 145.5137     -38.2912 
 145.5188     -38.29475 
 145.5224     -38.30081 
 145.5179     -38.34242 
 145.521      -38.34361 
 145.5255     -38.34031 
 145.5316     -38.33975 
 145.5514     -38.34733 
 145.5539     -38.35106 
 145.5556     -38.35889 
 145.5487     -38.38072 
 145.544      -38.38744 
 145.5299     -38.40778 
 145.5224     -38.41583 
 145.5156     -38.41753 
 145.5001     -38.41831 
 145.4914     -38.41717 
 145.4813     -38.40959 
 145.4623     -38.41097 
 145.4563     -38.41472 
 145.4525     -38.41509 
 145.45       -38.41353 
 145.4463     -38.41125 
 145.4294     -38.41153 
 145.4175     -38.40894 
 145.4177     -38.41217 
 145.4183     -38.41256 
 145.4305     -38.42095 
 145.4351     -38.42886 
 145.4358     -38.43439 
 145.4291     -38.44842 
 145.4302     -38.459 
 145.4281     -38.4665 
 145.4194     -38.4727 
 145.4331     -38.48014 
 145.4338     -38.49231 
 145.4324     -38.49756 
 145.4291     -38.50686 
 145.4251     -38.51203 
 145.4185     -38.51298 
 145.4155     -38.51339 
 145.3989     -38.51878 
 145.3951     -38.52 
 145.3742     -38.52089 
 145.368      -38.52114 
 145.3673     -38.52181 
 145.3646     -38.5245 
 145.3692     -38.52644 
 145.3757     -38.53808 
 145.377      -38.53795 
 145.4012     -38.53528 
 145.4058     -38.53675 
 145.421      -38.53645 
 145.4419     -38.53925 
 145.4558     -38.54783 
 145.4754     -38.55428 
 145.4845     -38.55953 
 145.5099     -38.58192 
 145.516      -38.58206 
 145.5184     -38.58831 
 145.5389     -38.60897 
 145.5462     -38.61853 
 145.5664     -38.65519 
 145.5791     -38.65778 
 145.5895     -38.66834 
 145.6056     -38.67742 
 145.6093     -38.67717 
 145.6433     -38.67486 
 145.656      -38.67881 
 145.6656     -38.67283 
 145.6709     -38.67228 
 145.6964     -38.65178 
 145.7141     -38.64781 
 145.7308     -38.63833 
 145.739      -38.63575 
 145.7498     -38.63572 
 145.7741     -38.63561 
 145.7845     -38.63859 
 145.797      -38.63953 
 145.8117     -38.64672 
 145.8221     -38.6472 
 145.8236     -38.64722 
 145.8248     -38.6555 
 145.8367     -38.67292 
 145.8401     -38.68559 
 145.8449     -38.68867 
 145.8483     -38.69378 
 145.8482     -38.69678 
 145.8456     -38.69647 
 145.8409     -38.69592 
 145.8292     -38.68925 
 145.819      -38.68653 
 145.809      -38.68172 
 145.8074     -38.67664 
 145.8023     -38.6722 
 145.8027     -38.67089 
 145.8046     -38.6647 
 145.8015     -38.66231 
 145.7858     -38.65992 
 145.7705     -38.65523 
 145.7666     -38.65011 
 145.7522     -38.64981 
 145.7425     -38.64683 
 145.7366     -38.64761 
 145.7436     -38.65556 
 145.756      -38.65881 
 145.766      -38.66683 
 145.7803     -38.67492 
 145.793      -38.68694 
 145.8089     -38.70189 
 145.8232     -38.71822 
 145.838      -38.72978 
 145.8808     -38.79153 
 145.8818     -38.793 
 145.887      -38.81053 
 145.9028     -38.83695 
 145.9016     -38.84678 
 145.9046     -38.85439 
 145.9131     -38.86236 
 145.9211     -38.87811 
 145.9154     -38.89172 
 145.9167     -38.89542 
 145.9157     -38.89953 
 145.9222     -38.90759 
 145.9241     -38.91 
 145.9322     -38.90603 
 145.94       -38.89842 
 145.9532     -38.89778 
 145.9646     -38.90028 
 145.9838     -38.89633 
 145.9916     -38.89006 
 146.0053     -38.88256 
 146.0078     -38.87803 
 146.005      -38.87317 
 146.0047     -38.86445 
 146.0001     -38.86022 
 145.9995     -38.85425 
 146.003      -38.84447 
 146.0077     -38.83711 
 146.0131     -38.82864 
 146.0186     -38.82395 
 146.047      -38.81397 
 146.061      -38.81333 
 146.0762     -38.81569 
 146.1271     -38.83406 
 146.1455     -38.84517 
 146.146      -38.84559 
 146.1681     -38.863 
 146.181      -38.86142 
 146.1803     -38.85545 
 146.16       -38.84842 
 146.1544     -38.83961 
 146.1575     -38.83442 
 146.158      -38.82708 
 146.1617     -38.82234 
 146.1589     -38.81794 
 146.1604     -38.81567 
 146.1645     -38.81575 
 146.1703     -38.81931 
 146.1722     -38.82278 
 146.1751     -38.84178 
 146.176      -38.84436 
 146.1778     -38.85058 
 146.1839     -38.85298 
 146.1884     -38.85947 
 146.1855     -38.86767 
 146.1868     -38.8725 
 146.1998     -38.88456 
 146.2293     -38.91197 
 146.2445     -38.93264 
 146.2525     -38.94945 
 146.2625     -38.97053 
 146.2684     -38.97842 
 146.264      -38.9907 
 146.2547     -38.99764 
 146.2663     -39.00195 
 146.2702     -38.99883 
 146.278      -39.00147 
 146.2909     -39.01431 
 146.2931     -39.02006 
 146.2876     -39.02614 
 146.2883     -39.03211 
 146.297      -39.02631 
 146.3041     -39.02772 
 146.3084     -39.02858 
 146.3103     -39.03272 
 146.3056     -39.04111 
 146.3068     -39.04297 
 146.3106     -39.04233 
 146.316      -39.03808 
 146.3216     -39.03889 
 146.3252     -39.04467 
 146.3217     -39.05375 
 146.3234     -39.05722 
 146.3311     -39.05531 
 146.3354     -39.05881 
 146.3376     -39.06411 
 146.3431     -39.0672 
 146.3429     -39.07498 
 146.3401     -39.08064 
 146.3265     -39.082 
 146.3229     -39.0847 
 146.3213     -39.09131 
 146.3255     -39.09756 
 146.3332     -39.105 
 146.3415     -39.11317 
 146.3451     -39.12378 
 146.3505     -39.12911 
 146.3758     -39.13894 
 146.3817     -39.13789 
 146.3865     -39.13272 
 146.3955     -39.13744 
 146.4008     -39.13822 
 146.4136     -39.13155 
 146.4192     -39.1305 
 146.425      -39.13358 
 146.4267     -39.13292 
 146.4252     -39.12442 
 146.4303     -39.119 
 146.4308     -39.11375 
 146.4347     -39.11017 
 146.4364     -39.10742 
 146.4442     -39.09497 
 146.4431     -39.09242 
 146.4331     -39.09111 
 146.4297     -39.08809 
 146.4292     -39.08489 
 146.4333     -39.07372 
 146.4387     -39.069 
 146.4455     -39.06683 
 146.4521     -39.06053 
 146.4593     -39.05834 
 146.4653     -39.06417 
 146.4813     -39.06947 
 146.4846     -39.06425 
 146.4838     -39.06081 
 146.476      -39.05656 
 146.4788     -39.05086 
 146.4771     -39.04878 
 146.4682     -39.0427 
 146.4671     -39.04284 
 146.4652     -39.04311 
 146.4641     -39.04081 
 146.4656     -39.03853 
 146.4698     -39.037 
 146.472      -39.03108 
 146.4767     -39.03047 
 146.4733     -39.02697 
 146.4517     -39.02364 
 146.4511     -39.02228 
 146.4476     -39.02245 
 146.4439     -39.01758 
 146.4455     -39.0112 
 146.4475     -39.0007 
 146.4466     -38.99381 
 146.4432     -38.98895 
 146.439      -38.98064 
 146.44       -38.97469 
 146.4531     -38.94673 
 146.4612     -38.93725 
 146.4698     -38.92228 
 146.4737     -38.91936 
 146.4809     -38.92178 
 146.4901     -38.91939 
 146.4928     -38.91622 
 146.4869     -38.89575 
 146.4819     -38.88606 
 146.4718     -38.87856 
 146.4692     -38.865 
 146.4759     -38.84497 
 146.4712     -38.83642 
 146.4699     -38.81881 
 146.4699     -38.81739 
 146.4791     -38.80058 
 146.4786     -38.79553 
 146.4649     -38.78228 
 146.4609     -38.78128 
 146.4413     -38.78256 
 146.4371     -38.78595 
 146.4338     -38.79756 
 146.4243     -38.80336 
 146.4218     -38.80881 
 146.4193     -38.84225 
 146.4192     -38.84358 
 146.4161     -38.85017 
 146.4131     -38.85242 
 146.3929     -38.85322 
 146.3788     -38.86284 
 146.3552     -38.87023 
 146.3393     -38.88369 
 146.3316     -38.89845 
 146.32       -38.9065 
 146.3112     -38.90542 
 146.3074     -38.90672 
 146.2977     -38.90678 
 146.2928     -38.90236 
 146.2914     -38.89269 
 146.2922     -38.88356 
 146.2961     -38.87997 
 146.2959     -38.87745 
 146.2874     -38.86675 
 146.2767     -38.86109 
 146.2663     -38.82792 
 146.2704     -38.81745 
 146.2699     -38.81194 
 146.2671     -38.80731 
 146.2625     -38.80653 
 146.2486     -38.81086 
 146.2381     -38.81045 
 146.234      -38.80856 
 146.2312     -38.80553 
 146.2274     -38.78575 
 146.221      -38.7767 
 146.2072     -38.76775 
 146.203      -38.75897 
 146.1993     -38.75661 
 146.1937     -38.74781 
 146.1862     -38.75614 
 146.1841     -38.75542 
 146.1883     -38.74175 
 146.193      -38.73084 
 146.1951     -38.7295 
 146.1981     -38.73153 
 146.1986     -38.73186 
 146.2018     -38.73995 
 146.2078     -38.74508 
 146.2118     -38.74058 
 146.2123     -38.73189 
 146.2047     -38.7297 
 146.2037     -38.72806 
 146.2049     -38.72581 
 146.211      -38.72522 
 146.2143     -38.72345 
 146.2216     -38.71122 
 146.2276     -38.70811 
 146.2327     -38.70203 
 146.2288     -38.69806 
 146.2217     -38.70022 
 146.2176     -38.69967 
 146.2136     -38.69617 
 146.216      -38.69461 
 146.2274     -38.69572 
 146.2306     -38.69328 
 146.2284     -38.68911 
 146.2387     -38.68814 
 146.2434     -38.68603 
 146.2469     -38.68761 
 146.2449     -38.69444 
 146.2469     -38.69769 
 146.2568     -38.69856 
 146.271      -38.69195 
 146.2798     -38.69025 
 146.2858     -38.6945 
 146.2928     -38.69622 
 146.2987     -38.69586 
 146.3124     -38.69245 
 146.3326     -38.69164 
 146.3391     -38.68947 
 146.3427     -38.68517 
 146.3438     -38.6765 
 146.3474     -38.67517 
 146.3594     -38.68545 
 146.371      -38.68656 
 146.3754     -38.68803 
 146.3771     -38.69056 
 146.3799     -38.70322 
 146.3861     -38.71064 
 146.387      -38.72211 
 146.4004     -38.72347 
 146.4093     -38.72089 
 146.4198     -38.71028 
 146.428      -38.70586 
 146.4328     -38.70136 
 146.4367     -38.70028 
 146.4389     -38.70048 
 146.465      -38.70278 
 146.4784     -38.70025 
 146.4835     -38.69736 
 146.4853     -38.69372 
 146.4888     -38.69309 
 146.4949     -38.68586 
 146.5004     -38.68825 
 146.5054     -38.68419 
 146.5086     -38.68561 
 146.5094     -38.68792 
 146.5049     -38.69267 
 146.5145     -38.69578 
 146.5227     -38.695 
 146.5298     -38.68825 
 146.5518     -38.68675 
 146.5583     -38.68434 
 146.5625     -38.67914 
 146.5672     -38.67944 
 146.5741     -38.68297 
 146.576      -38.68806 
 146.5789     -38.689 
 146.5837     -38.68403 
 146.5852     -38.68633 
 146.5859     -38.6875 
 146.5821     -38.69134 
 146.5823     -38.69364 
 146.5858     -38.69553 
 146.5953     -38.68856 
 146.5975     -38.68014 
 146.6021     -38.68203 
 146.6017     -38.68661 
 146.6075     -38.68806 
 146.6141     -38.68289 
 146.6341     -38.67472 
 146.6469     -38.66736 
 146.6561     -38.6642 
 146.6604     -38.66275 
 146.6541     -38.65831 
 146.6505     -38.64747 
 146.6444     -38.64714 
 146.6375     -38.64386 
 146.6402     -38.64067 
 146.644      -38.64147 
 146.6553     -38.64389 
 146.6605     -38.64717 
 146.6707     -38.65831 
 146.6721     -38.66223 
 146.6699     -38.6677 
 146.6637     -38.67081 
 146.6547     -38.66975 
 146.6554     -38.67458 
 146.6832     -38.672 
 146.6952     -38.6745 
 146.6963     -38.67472 
 146.6978     -38.67153 
 146.7064     -38.66731 
 146.712      -38.66761 
 146.7186     -38.65992 
 146.7185     -38.65189 
 146.7243     -38.65128 
 146.7251     -38.65497 
 146.7253     -38.65634 
 146.7346     -38.66106 
 146.7474     -38.6642 
 146.7509     -38.66334 
 146.7533     -38.65856 
 146.7578     -38.65542 
 146.7587     -38.65622 
 146.7652     -38.66217 
 146.7775     -38.66256 
 146.7846     -38.65875 
 146.7849     -38.65489 
 146.7811     -38.65689 
 146.7745     -38.65197 
 146.7898     -38.64486 
 146.7896     -38.64234 
 146.7861     -38.63909 
 146.7871     -38.63453 
 1             3 
1
 -9999.0   ,   9990.0 
 31 
 148.0032     -39.7775 
 148.008      -39.78036 
 148.0254     -39.79392 
 148.0451     -39.81825 
 148.0573     -39.82858 
 148.0711     -39.83845 
 148.1151     -39.87814 
 148.1249     -39.89053 
 148.1272     -39.89672 
 148.1171     -39.89692 
 148.1216     -39.90081 
 148.1296     -39.90036 
 148.1361     -39.90358 
 148.1423     -39.91206 
 148.1592     -39.92309 
 148.1692     -39.93044 
 148.1793     -39.94075 
 148.1799     -39.94486 
 148.1802     -39.9515 
 148.1822     -39.95195 
 148.1876     -39.94853 
 148.2009     -39.94947 
 148.2119     -39.94722 
 148.2549     -39.96492 
 148.2736     -39.96769 
 148.284      -39.96381 
 148.2945     -39.96453 
 148.2944     -39.9732 
 148.2849     -39.99264 
 148.2851     -39.99367 
 148.2793     -40 
 1             4 
1
 -9999.0   ,   9990.0 
 89 
 148.0032     -39.7775 
 147.9909     -39.77025 
 147.9836     -39.76197 
 147.963      -39.73811 
 147.9594     -39.73831 
 147.9597     -39.74289 
 147.9668     -39.74817 
 147.9726     -39.76078 
 147.9797     -39.7615 
 147.9844     -39.77181 
 147.9897     -39.77642 
 147.9852     -39.77753 
 147.9805     -39.77547 
 147.977      -39.76767 
 147.9711     -39.76445 
 147.9713     -39.77497 
 147.969      -39.77472 
 147.9643     -39.76561 
 147.9599     -39.75686 
 147.9611     -39.75114 
 147.9555     -39.74722 
 147.9559     -39.73372 
 147.9606     -39.72917 
 147.9595     -39.72759 
 147.9521     -39.72778 
 147.9441     -39.72156 
 147.9397     -39.722 
 147.9355     -39.72633 
 147.9328     -39.73614 
 147.9289     -39.73911 
 147.9197     -39.73975 
 147.9159     -39.74523 
 147.8957     -39.75314 
 147.8831     -39.76475 
 147.874      -39.76014 
 147.8669     -39.75047 
 147.8619     -39.74931 
 147.8584     -39.75181 
 147.8501     -39.75247 
 147.8477     -39.75542 
 147.8527     -39.76344 
 147.86       -39.76739 
 147.8662     -39.77472 
 147.8668     -39.77817 
 147.8647     -39.78089 
 147.8682     -39.78595 
 147.8583     -39.79917 
 147.8491     -39.8037 
 147.8422     -39.80914 
 147.841      -39.81347 
 147.8463     -39.81878 
 147.8465     -39.82517 
 147.8452     -39.82775 
 147.8408     -39.83636 
 147.8296     -39.83425 
 147.8257     -39.83492 
 147.823      -39.83786 
 147.8147     -39.83575 
 147.8032     -39.83936 
 147.7992     -39.8462 
 147.7894     -39.85256 
 147.7799     -39.85272 
 147.7757     -39.855 
 147.7691     -39.86547 
 147.7548     -39.87134 
 147.7498     -39.8752 
 147.7544     -39.87958 
 147.7561     -39.88894 
 147.7677     -39.89086 
 147.7696     -39.89222 
 147.7774     -39.89778 
 147.7937     -39.90175 
 147.7993     -39.90681 
 147.8013     -39.91345 
 147.8055     -39.91575 
 147.8108     -39.91578 
 147.824      -39.90625 
 147.8338     -39.90309 
 147.8525     -39.89747 
 147.8608     -39.89842 
 147.8714     -39.90739 
 147.88       -39.91178 
 147.8871     -39.91867 
 147.8924     -39.92775 
 147.8947     -39.93153 
 147.9084     -39.97044 
 147.9026     -39.98347 
 147.904      -39.99147 
 147.8932     -40 
 1             5 
1
 -9999.0   ,   9990.0 
 13 
 148.3298     -39.95748 
 148.3417     -39.9545 
 148.3488     -39.95567 
 148.3533     -39.95042 
 148.3408     -39.93256 
 148.3366     -39.92981 
 148.3322     -39.92959 
 148.3328     -39.93461 
 148.3295     -39.94261 
 148.3224     -39.94511 
 148.3215     -39.94808 
 148.3245     -39.95678 
 148.3298     -39.95748 
 1             6 
1
 -9999.0   ,   9990.0 
 19 
 147.893      -39.70622 
 147.9022     -39.70558 
 147.9099     -39.70083 
 147.9132     -39.70061 
 147.9188     -39.70519 
 147.9262     -39.70386 
 147.9333     -39.70528 
 147.9484     -39.70122 
 147.9455     -39.69847 
 147.9351     -39.69409 
 147.9284     -39.68856 
 147.9165     -39.69261 
 147.9094     -39.69236 
 147.9012     -39.68317 
 147.8955     -39.68659 
 147.8876     -39.687 
 147.8889     -39.70417 
 147.8915     -39.70545 
 147.893      -39.70622 
 1             7 
1
 -9999.0   ,   9990.0 
 7 
 147.6766     -39.69222 
 147.6822     -39.69158 
 147.6867     -39.6882 
 147.6837     -39.68542 
 147.6745     -39.68628 
 147.6707     -39.689 
 147.6766     -39.69222 
 1             8 
1
 -9999.0   ,   9990.0 
 17 
 148.0031     -39.6392 
 148.0014     -39.64014 
 147.9949     -39.64742 
 147.9866     -39.64695 
 147.9834     -39.63936 
 147.9807     -39.6405 
 147.9772     -39.64392 
 147.9836     -39.64875 
 147.9836     -39.65128 
 147.9815     -39.65492 
 147.9667     -39.65853 
 147.9649     -39.66378 
 147.9664     -39.66583 
 147.9702     -39.66653 
 147.985      -39.66225 
 147.9924     -39.66319 
 148.0035     -39.65686 
 1             9 
1
 -9999.0   ,   9990.0 
 6 
 148.0035     -39.65686 
 148.0147     -39.65047 
 148.0165     -39.64819 
 148.0118     -39.64131 
 148.0064     -39.639 
 148.0031     -39.6392 
 1             10 
1
 -9999.0   ,   9990.0 
 31 
 147.3295     -39.50881 
 147.3322     -39.50542 
 147.3329     -39.49695 
 147.3353     -39.494 
 147.3418     -39.49383 
 147.3518     -39.50009 
 147.3548     -39.49439 
 147.3552     -39.48914 
 147.3597     -39.4837 
 147.3492     -39.47511 
 147.3521     -39.47286 
 147.3625     -39.47159 
 147.364      -39.46978 
 147.3632     -39.46792 
 147.3523     -39.46325 
 147.3435     -39.46295 
 147.3406     -39.45286 
 147.3356     -39.45486 
 147.329      -39.46189 
 147.3254     -39.46208 
 147.324      -39.4582 
 147.321      -39.45997 
 147.3202     -39.46045 
 147.3126     -39.47297 
 147.3123     -39.47731 
 147.3055     -39.47725 
 147.3095     -39.48711 
 147.3154     -39.48603 
 147.3181     -39.5 
 147.3233     -39.5067 
 147.3295     -39.50881 
 1             11 
1
 -9999.0   ,   9990.0 
 14 
 147.2667     -39.48555 
 147.272      -39.48517 
 147.2792     -39.4795 
 147.2836     -39.47886 
 147.2889     -39.48303 
 147.2936     -39.48103 
 147.2991     -39.47306 
 147.2965     -39.46961 
 147.2923     -39.46842 
 147.2858     -39.47203 
 147.2817     -39.47106 
 147.2752     -39.47353 
 147.262      -39.48186 
 147.2667     -39.48555 
 1             12 
1
 -9999.0   ,   9990.0 
 9 
 146.6432     -39.4835 
 146.6486     -39.48222 
 146.6531     -39.47703 
 146.6603     -39.47347 
 146.6621     -39.46983 
 146.6604     -39.46728 
 146.6533     -39.46925 
 146.6422     -39.47572 
 146.6432     -39.4835 
 1             13 
1
 -9999.0   ,   9990.0 
 13 
 147.3007     -39.46597 
 147.3016     -39.45981 
 147.3078     -39.4592 
 147.3038     -39.45183 
 147.306      -39.44361 
 147.2915     -39.44256 
 147.2879     -39.44917 
 147.2785     -39.44792 
 147.2776     -39.44975 
 147.2831     -39.45256 
 147.2915     -39.46317 
 147.2971     -39.46595 
 147.3007     -39.46597 
 1             14 
1
 -9999.0   ,   9990.0 
 14 
 146.3849     -39.2315 
 146.381      -39.23428 
 146.3818     -39.24 
 146.3836     -39.2412 
 146.3902     -39.24136 
 146.3923     -39.23986 
 146.3934     -39.23811 
 146.3942     -39.23683 
 146.3938     -39.23509 
 146.3938     -39.23206 
 146.393      -39.23145 
 146.3908     -39.23119 
 146.3885     -39.23142 
 146.3849     -39.2315 
 1             15 
1
 -9999.0   ,   9990.0 
 11 
 146.9814     -39.239 
 146.9899     -39.23681 
 146.9965     -39.22933 
 146.9919     -39.22423 
 146.9941     -39.21992 
 146.9854     -39.21339 
 146.9818     -39.21359 
 146.9823     -39.22183 
 146.9789     -39.22889 
 146.9779     -39.2362 
 146.9814     -39.239 
 1             16 
1
 -9999.0   ,   9990.0 
 6 
 146.3282     -39.14936 
 146.3312     -39.14711 
 146.3179     -39.13978 
 146.3172     -39.14206 
 146.3238     -39.1488 
 146.3282     -39.14936 
 1             17 
1
 -9999.0   ,   9990.0 
 12 
 146.2376     -39.10084 
 146.2409     -39.09884 
 146.2431     -39.09358 
 146.2417     -39.09036 
 146.2374     -39.08753 
 146.233      -39.08814 
 146.2287     -39.07503 
 146.227      -39.07406 
 146.2251     -39.07678 
 146.2285     -39.09059 
 146.234      -39.09342 
 146.2376     -39.10084 
 1             18 
1
 -9999.0   ,   9990.0 
 7 
 146.2455     -39.03228 
 146.2482     -39.02775 
 146.244      -39.02056 
 146.2401     -39.02486 
 146.2438     -39.02833 
 146.2429     -39.03131 
 146.2455     -39.03228 
 1             19 
1
 -9999.0   ,   9990.0 
 8 
 146.2965     -38.84744 
 146.2993     -38.84911 
 146.3009     -38.85508 
 146.2988     -38.85917 
 146.2908     -38.86109 
 146.2893     -38.85214 
 146.2914     -38.84806 
 146.2965     -38.84744 
 1             20 
1
 -9999.0   ,   9990.0 
 15 
 146.6355     -38.76589 
 146.6425     -38.76531 
 146.6558     -38.76139 
 146.6688     -38.754 
 146.671      -38.74786 
 146.6699     -38.74486 
 146.6629     -38.74431 
 146.6663     -38.74917 
 146.6621     -38.75414 
 146.658      -38.75456 
 146.6485     -38.76036 
 146.6347     -38.762 
 146.6254     -38.75886 
 146.6248     -38.76139 
 146.6355     -38.76589 
 1             21 
1
 -9999.0   ,   9990.0 
 77 
 146.5259     -38.73103 
 146.5338     -38.72953 
 146.5379     -38.72936 
 146.5405     -38.72894 
 146.5411     -38.73034 
 146.5416     -38.73286 
 146.5353     -38.741 
 146.5291     -38.7407 
 146.5185     -38.74534 
 146.5126     -38.75058 
 146.5104     -38.75361 
 146.5118     -38.75509 
 146.5199     -38.75795 
 146.5181     -38.75997 
 146.5137     -38.76128 
 146.505      -38.75997 
 146.493      -38.75822 
 146.4921     -38.76003 
 146.4981     -38.76745 
 146.503      -38.76775 
 146.5038     -38.76719 
 146.5063     -38.76553 
 146.5118     -38.76675 
 146.5158     -38.76481 
 146.5233     -38.7612 
 146.5309     -38.76014 
 146.5454     -38.75811 
 146.5514     -38.75386 
 146.559      -38.74848 
 146.5821     -38.73784 
 146.587      -38.7402 
 146.5892     -38.74614 
 146.5895     -38.74689 
 146.5926     -38.74809 
 146.5983     -38.74495 
 146.6032     -38.74756 
 146.6046     -38.75056 
 146.6139     -38.75206 
 146.6233     -38.75128 
 146.6312     -38.7495 
 146.6415     -38.7472 
 146.6429     -38.74906 
 146.6373     -38.75334 
 146.6308     -38.75553 
 146.6109     -38.75636 
 146.6014     -38.75945 
 146.5991     -38.76083 
 146.5842     -38.76972 
 146.5673     -38.78272 
 146.5572     -38.78831 
 146.5448     -38.79109 
 146.5373     -38.78936 
 146.5266     -38.78186 
 146.5038     -38.77817 
 146.5016     -38.77781 
 146.4935     -38.77425 
 146.4855     -38.76769 
 146.473      -38.75122 
 146.4668     -38.74314 
 146.466      -38.73922 
 146.47       -38.73242 
 146.4829     -38.72894 
 146.4952     -38.73031 
 146.5035     -38.72403 
 146.507      -38.72475 
 146.5049     -38.72794 
 146.5057     -38.72978 
 146.511      -38.73056 
 146.5135     -38.73356 
 146.503      -38.73597 
 146.5012     -38.73636 
 146.4979     -38.73972 
 146.4978     -38.7427 
 146.501      -38.74506 
 146.5075     -38.73875 
 146.521      -38.73689 
 146.5259     -38.73103 
 1             22 
1
 -9999.0   ,   9990.0 
 9 
 146.6412     -38.72528 
 146.6487     -38.72353 
 146.6581     -38.72339 
 146.667      -38.72078 
 146.6707     -38.72153 
 146.6654     -38.72511 
 146.6545     -38.72839 
 146.6483     -38.72875 
 146.6412     -38.72528 
 1             23 
1
 -9999.0   ,   9990.0 
 17 
 146.4485     -38.72817 
 146.4409     -38.72783 
 146.4447     -38.7185 
 146.4479     -38.71511 
 146.4533     -38.71314 
 146.4591     -38.71483 
 146.4617     -38.71328 
 146.4751     -38.71647 
 146.4816     -38.71497 
 146.4885     -38.716 
 146.4985     -38.71386 
 146.5025     -38.7185 
 146.4924     -38.72545 
 146.4832     -38.72025 
 146.4665     -38.72067 
 146.4632     -38.72453 
 146.4485     -38.72817 
 1             24 
1
 -9999.0   ,   9990.0 
 23 
 146.635      -38.72467 
 146.6453     -38.72322 
 146.6565     -38.71703 
 146.6594     -38.71542 
 146.6709     -38.71489 
 146.6759     -38.71289 
 146.678      -38.71064 
 146.6766     -38.70628 
 146.6609     -38.70419 
 146.6441     -38.70945 
 146.6374     -38.70844 
 146.6248     -38.70964 
 146.6214     -38.70775 
 146.6238     -38.70367 
 146.6187     -38.69853 
 146.6102     -38.69886 
 146.6049     -38.70131 
 146.5915     -38.71119 
 146.5923     -38.71464 
 146.6111     -38.7227 
 146.6257     -38.72225 
 146.6298     -38.72436 
 146.635      -38.72467 
 1             25 
1
 -9999.0   ,   9990.0 
 9 
 146.5597     -38.70864 
 146.5592     -38.7067 
 146.5542     -38.70486 
 146.5526     -38.69136 
 146.5447     -38.69147 
 146.5417     -38.6937 
 146.5421     -38.69989 
 146.5525     -38.70694 
 146.5597     -38.70864 
 1             26 
1
 -9999.0   ,   9990.0 
 2 
 146.7384     -38.699 
 146.7431     -38.69897 
 1             27 
1
 -9999.0   ,   9990.0 
 21 
 146.7058     -38.695 
 146.7114     -38.69233 
 146.7254     -38.68017 
 146.7318     -38.67981 
 146.736      -38.67642 
 146.7375     -38.67231 
 146.7365     -38.66725 
 146.7325     -38.66378 
 146.7293     -38.66328 
 146.7236     -38.66822 
 146.7241     -38.67397 
 146.7226     -38.67578 
 146.7158     -38.67706 
 146.7158     -38.68095 
 146.7128     -38.68319 
 146.7098     -38.68384 
 146.7069     -38.68242 
 146.7022     -38.68694 
 146.6991     -38.69217 
 146.7006     -38.69447 
 146.7058     -38.695 
 1             28 
1
 -9999.0   ,   9990.0 
 12 
 146.8103     -38.67719 
 146.8093     -38.67697 
 146.7979     -38.6775 
 146.7623     -38.68733 
 146.7582     -38.68934 
 146.7564     -38.69206 
 146.7587     -38.69344 
 146.7657     -38.69242 
 146.7875     -38.68422 
 146.8171     -38.6812 
 146.8183     -38.67892 
 146.8103     -38.67719 
 1             29 
1
 -9999.0   ,   9990.0 
 13 
 146.6764     -38.68931 
 146.6837     -38.68872 
 146.6863     -38.68122 
 146.684      -38.67614 
 146.6811     -38.67634 
 146.6804     -38.68319 
 146.6771     -38.68361 
 146.6754     -38.68267 
 146.676      -38.68014 
 146.6723     -38.67939 
 146.6707     -38.68395 
 146.6727     -38.68742 
 146.6764     -38.68931 
 1             30 
1
 -9999.0   ,   9990.0 
 17 
 146.8521     -38.66609 
 146.8447     -38.67239 
 146.8385     -38.67623 
 146.8356     -38.67639 
 146.8338     -38.67408 
 146.8369     -38.66817 
 146.8424     -38.66422 
 146.847      -38.66097 
 146.847      -38.65778 
 146.8398     -38.65745 
 146.8366     -38.65534 
 146.8551     -38.64872 
 146.8658     -38.64039 
 146.8722     -38.64022 
 146.8739     -38.64414 
 146.8662     -38.64931 
 146.8521     -38.66609 
 1             31 
1
 -9999.0   ,   9990.0 
 13 
 146.8141     -38.66878 
 146.8191     -38.66817 
 146.8271     -38.66278 
 146.8283     -38.66095 
 146.8272     -38.65889 
 146.8094     -38.65886 
 146.8056     -38.65584 
 146.8001     -38.656 
 146.793      -38.65981 
 146.7893     -38.66753 
 146.7937     -38.66784 
 146.8002     -38.66539 
 146.8141     -38.66878 
 1             32 
1
 -9999.0   ,   9990.0 
 2 
 146.7871     -38.63453 
 146.7909     -38.63481 
 1             33 
1
 -9999.0   ,   9990.0 
 91 
 145.1595     -38.51553 
 145.1494     -38.5187 
 145.1351     -38.51967 
 145.1247     -38.51778 
 145.1232     -38.51564 
 145.1206     -38.51195 
 145.1228     -38.50764 
 145.1418     -38.50655 
 145.1475     -38.50281 
 145.15       -38.49992 
 145.1511     -38.49306 
 145.1557     -38.48792 
 145.1553     -38.48356 
 145.1585     -38.477 
 145.1636     -38.47111 
 145.1668     -38.46758 
 145.1936     -38.45936 
 145.1971     -38.45731 
 145.2001     -38.45547 
 145.2032     -38.45367 
 145.2193     -38.45086 
 145.2321     -38.45167 
 145.2427     -38.44897 
 145.2543     -38.45111 
 145.2968     -38.4515 
 145.2973     -38.45358 
 145.2884     -38.45681 
 145.2883     -38.45839 
 145.311      -38.45967 
 145.3123     -38.4645 
 145.3107     -38.46723 
 145.3048     -38.46845 
 145.3029     -38.47144 
 145.2983     -38.47883 
 145.2929     -38.48281 
 145.2924     -38.48714 
 145.2941     -38.48925 
 145.2987     -38.48984 
 145.3064     -38.48614 
 145.3081     -38.49511 
 145.3065     -38.4985 
 145.3007     -38.49928 
 145.2981     -38.50311 
 145.2995     -38.50567 
 145.3064     -38.50858 
 145.3238     -38.5095 
 145.3318     -38.50717 
 145.3376     -38.50711 
 145.3433     -38.51092 
 145.348      -38.51147 
 145.3507     -38.50858 
 145.3588     -38.51039 
 145.3629     -38.51703 
 145.3632     -38.51736 
 145.361      -38.51892 
 145.359      -38.52047 
 145.351      -38.52228 
 145.3489     -38.52275 
 145.345      -38.52631 
 145.3417     -38.53723 
 145.3427     -38.54092 
 145.3463     -38.54397 
 145.3541     -38.54603 
 145.3568     -38.55136 
 145.3625     -38.55425 
 145.3632     -38.55861 
 145.3607     -38.56428 
 145.355      -38.56711 
 145.3517     -38.56358 
 145.3471     -38.56256 
 145.3454     -38.56092 
 145.3485     -38.55595 
 145.3463     -38.55178 
 145.3147     -38.52461 
 145.304      -38.51925 
 145.2945     -38.51447 
 145.2769     -38.51011 
 145.2718     -38.50542 
 145.2688     -38.50717 
 145.2506     -38.50533 
 145.2461     -38.50636 
 145.2366     -38.51228 
 145.2277     -38.52284 
 145.2214     -38.52559 
 145.2193     -38.5265 
 145.2144     -38.52661 
 145.1979     -38.517 
 145.1872     -38.51464 
 145.1658     -38.51447 
 145.1624     -38.51445 
 145.1595     -38.51553 
 1             34 
1
 -9999.0   ,   9990.0 
 73 
 145.3515     -38.42267 
 145.348      -38.42256 
 145.3427     -38.41625 
 145.3364     -38.41425 
 145.3219     -38.41433 
 145.3106     -38.40464 
 145.2916     -38.39889 
 145.2785     -38.39992 
 145.2812     -38.40542 
 145.2815     -38.40597 
 145.2801     -38.40914 
 145.2719     -38.41053 
 145.2711     -38.40408 
 145.2756     -38.39895 
 145.2782     -38.39281 
 145.277      -38.38844 
 145.2715     -38.38692 
 145.2771     -38.37836 
 145.2732     -38.36542 
 145.2804     -38.34234 
 145.2836     -38.3322 
 145.2873     -38.32039 
 145.2886     -38.30261 
 145.2892     -38.295 
 145.2932     -38.28892 
 145.2968     -38.28673 
 145.3035     -38.28575 
 145.3135     -38.29194 
 145.3194     -38.29289 
 145.3241     -38.29361 
 145.3313     -38.297 
 145.3367     -38.30583 
 145.3416     -38.30992 
 145.3432     -38.31128 
 145.3494     -38.31272 
 145.3708     -38.31772 
 145.379      -38.31792 
 145.3948     -38.31292 
 145.4066     -38.30919 
 145.4136     -38.30847 
 145.416      -38.30892 
 145.4255     -38.31083 
 145.4433     -38.30997 
 145.4476     -38.30975 
 145.4546     -38.31086 
 145.4582     -38.3137 
 145.4705     -38.3325 
 145.4725     -38.33558 
 145.4779     -38.3387 
 145.48       -38.339 
 145.4877     -38.34009 
 145.4996     -38.35045 
 145.502      -38.35439 
 145.501      -38.35872 
 145.4892     -38.36211 
 145.4767     -38.3687 
 145.4655     -38.37014 
 145.4517     -38.37189 
 145.4422     -38.37311 
 145.4128     -38.37378 
 145.4066     -38.37545 
 145.4012     -38.38172 
 145.3944     -38.38453 
 145.3904     -38.38856 
 145.3945     -38.39531 
 145.3938     -38.39872 
 145.3873     -38.402 
 145.385      -38.40883 
 145.3817     -38.41058 
 145.3756     -38.41042 
 145.3734     -38.40717 
 145.3616     -38.41009 
 145.3515     -38.42267 
 1             35 
1
 -9999.0   ,   9990.0 
 14 
 145.3008     -38.25197 
 145.3048     -38.24681 
 145.3075     -38.23908 
 145.3059     -38.23561 
 145.301      -38.23364 
 145.3004     -38.22722 
 145.3019     -38.22473 
 145.2997     -38.22261 
 145.2932     -38.22497 
 145.291      -38.22995 
 145.2831     -38.23022 
 145.2803     -38.24367 
 145.2936     -38.25111 
 145.3008     -38.25197 
 1             36 
1
 -9999.0   ,   9990.0 
 12 
 147.7274     -37.92989 
 147.7277     -37.926 
 147.7377     -37.90956 
 147.7484     -37.90481 
 147.7571     -37.90372 
 147.7638     -37.901 
 147.7708     -37.89533 
 147.7757     -37.8942 
 147.7771     -37.89878 
 147.775      -37.90497 
 147.7674     -37.91295 
 147.7274     -37.92989 
 1             37 
1
 -9999.0   ,   9990.0 
 9 
 149.9206     -37.56661 
 149.9195     -37.55608 
 149.9142     -37.54881 
 149.9101     -37.54656 
 149.9106     -37.55436 
 149.9075     -37.56081 
 149.9102     -37.56489 
 149.9163     -37.56689 
 149.9206     -37.56661 
 1             38 
1
 -9999.0   ,   9990.0 
 27 
 146.7871     -38.63453 
 146.7801     -38.63328 
 146.7773     -38.63028 
 146.7794     -38.628 
 146.782      -38.62689 
 146.7881     -38.62928 
 146.7916     -38.62839 
 146.7896     -38.62561 
 146.7926     -38.62406 
 146.7999     -38.62531 
 146.8002     -38.62142 
 146.8044     -38.61689 
 146.8138     -38.61289 
 146.8235     -38.60959 
 146.836      -38.61364 
 146.8418     -38.61373 
 146.8446     -38.60667 
 146.8761     -38.608 
 146.8808     -38.60645 
 146.8857     -38.60789 
 146.8888     -38.61411 
 146.897      -38.61122 
 146.9062     -38.60403 
 146.9159     -38.60139 
 146.9224     -38.59736 
 146.9259     -38.59694 
 146.93       -38.59906 
 1             39 
1
 -9999.0   ,   9990.0 
 2 
 146.93       -38.59906 
 146.9382     -38.59206 
 1             40 
1
 -9999.0   ,   9990.0 
 572 
 146.9382     -38.59206 
 146.9377     -38.59022 
 146.943      -38.58914 
 146.9483     -38.58414 
 146.9753     -38.55906 
 147.0307     -38.51367 
 147.0396     -38.50211 
 147.0544     -38.49011 
 147.0675     -38.47733 
 147.0763     -38.46861 
 147.1156     -38.43973 
 147.1301     -38.42808 
 147.1595     -38.40447 
 147.1825     -38.39006 
 147.2027     -38.374 
 147.2104     -38.36995 
 147.2195     -38.36247 
 147.2193     -38.3602 
 147.2219     -38.36067 
 147.2319     -38.35183 
 147.2543     -38.334 
 147.3685     -38.24597 
 147.4199     -38.20628 
 147.4691     -38.16408 
 147.4689     -38.162 
 147.4721     -38.16203 
 147.5139     -38.1335 
 147.551      -38.10514 
 147.5886     -38.07986 
 147.6039     -38.06956 
 147.6404     -38.04278 
 147.6814     -38.01944 
 147.7062     -38.00195 
 147.7108     -37.99939 
 147.7434     -37.98134 
 147.7802     -37.96664 
 147.8099     -37.951 
 147.8215     -37.94761 
 147.8482     -37.93675 
 147.8682     -37.92861 
 147.8862     -37.92275 
 147.8922     -37.92231 
 147.9169     -37.91028 
 147.9371     -37.90534 
 147.9398     -37.89939 
 147.9285     -37.89956 
 147.9042     -37.90608 
 147.8883     -37.90469 
 147.8661     -37.9027 
 147.8556     -37.91045 
 147.8328     -37.90322 
 147.8279     -37.90411 
 147.8174     -37.91758 
 147.8257     -37.9252 
 147.8222     -37.92953 
 147.8118     -37.93633 
 147.7973     -37.93969 
 147.7739     -37.9382 
 147.7726     -37.9387 
 147.7631     -37.94247 
 147.7608     -37.94819 
 147.7639     -37.95442 
 147.7682     -37.9565 
 147.7737     -37.95675 
 147.7985     -37.94717 
 147.8088     -37.94158 
 147.8427     -37.93009 
 147.8512     -37.92664 
 147.8894     -37.91106 
 147.8949     -37.91064 
 147.8978     -37.91272 
 147.8963     -37.91453 
 147.8784     -37.91903 
 147.8198     -37.94394 
 147.8024     -37.94911 
 147.7759     -37.96181 
 147.758      -37.96834 
 147.7513     -37.96786 
 147.7441     -37.96392 
 147.7366     -37.96342 
 147.7354     -37.97006 
 147.7368     -37.97761 
 147.7228     -37.98761 
 147.7088     -37.99578 
 147.6935     -38.00164 
 147.678      -38.01253 
 147.6647     -38.01292 
 147.6606     -38.01425 
 147.6513     -38.02292 
 147.637      -38.02967 
 147.6303     -38.03003 
 147.6194     -38.03436 
 147.6183     -38.0325 
 147.6215     -38.03028 
 147.634      -38.02714 
 147.6385     -38.02442 
 147.6461     -38.01667 
 147.6933     -37.98467 
 147.7123     -37.96853 
 147.712      -37.96556 
 147.7068     -37.96139 
 147.6964     -37.96017 
 147.6765     -37.96497 
 147.6695     -37.96667 
 147.6596     -37.97072 
 147.6552     -37.97709 
 147.6463     -37.9995 
 147.6352     -38.00745 
 147.6155     -38.01578 
 147.6113     -38.02125 
 147.6092     -38.02881 
 147.5786     -38.05356 
 147.5761     -38.05467 
 147.5701     -38.05739 
 147.5367     -38.06217 
 147.5307     -38.06236 
 147.5258     -38.05911 
 147.5223     -38.05864 
 147.5153     -38.06133 
 147.5012     -38.07656 
 147.4966     -38.07906 
 147.4885     -38.07992 
 147.4809     -38.07756 
 147.4705     -38.07861 
 147.4603     -38.08359 
 147.4542     -38.08467 
 147.4514     -38.08097 
 147.4514     -38.078 
 147.4593     -38.07164 
 147.4618     -38.05931 
 147.4588     -38.04414 
 147.4632     -38.04075 
 147.4594     -38.03706 
 147.4505     -38.03331 
 147.454      -38.03058 
 147.4699     -38.03506 
 147.4719     -38.03417 
 147.4827     -38.03267 
 147.4903     -38.02789 
 147.5064     -38.01175 
 147.5148     -38.00703 
 147.5215     -38.00753 
 147.5214     -38.01142 
 147.5103     -38.01867 
 147.5094     -38.02186 
 147.514      -38.02739 
 147.5244     -38.03183 
 147.5388     -38.03264 
 147.5478     -38.03111 
 147.5551     -38.02725 
 147.5567     -38.02467 
 147.5601     -38.01928 
 147.5892     -38.01034 
 147.5959     -38.00578 
 147.5983     -37.99756 
 147.6044     -37.99233 
 147.628      -37.98058 
 147.6376     -37.97194 
 147.6647     -37.95356 
 147.6772     -37.94903 
 147.7033     -37.93961 
 147.7094     -37.93575 
 147.7103     -37.92978 
 147.7049     -37.92747 
 147.6864     -37.92575 
 147.6829     -37.92389 
 147.6876     -37.92047 
 147.7124     -37.92156 
 147.7266     -37.92003 
 147.7284     -37.91111 
 147.727      -37.9065 
 147.7224     -37.90031 
 147.7085     -37.90064 
 147.6993     -37.90083 
 147.6913     -37.89872 
 147.6893     -37.89689 
 147.6882     -37.88839 
 147.6914     -37.88475 
 147.7004     -37.88 
 147.7323     -37.86714 
 147.7372     -37.86281 
 147.7367     -37.86097 
 147.7315     -37.8607 
 147.7161     -37.86886 
 147.6891     -37.87947 
 147.6804     -37.88561 
 147.6775     -37.88353 
 147.6729     -37.88372 
 147.6648     -37.88136 
 147.6606     -37.87669 
 147.6577     -37.87353 
 147.6523     -37.865 
 147.6503     -37.85789 
 147.651      -37.84714 
 147.6687     -37.84381 
 147.6648     -37.85272 
 147.6654     -37.85661 
 147.6691     -37.86214 
 147.674      -37.86469 
 147.6838     -37.86431 
 147.6884     -37.86158 
 147.6957     -37.85292 
 147.6998     -37.85133 
 147.7093     -37.85072 
 147.7172     -37.84503 
 147.723      -37.84483 
 147.7333     -37.84811 
 147.7604     -37.85836 
 147.778      -37.85617 
 147.7853     -37.853 
 147.7922     -37.85211 
 147.7982     -37.85742 
 147.8014     -37.85767 
 147.8118     -37.8582 
 147.8149     -37.86072 
 147.8184     -37.8667 
 147.8203     -37.88506 
 147.8234     -37.88942 
 147.8422     -37.88997 
 147.8537     -37.89531 
 147.8613     -37.8887 
 147.8673     -37.88575 
 147.874      -37.88578 
 147.882      -37.89178 
 147.8875     -37.89158 
 147.9162     -37.88094 
 147.9167     -37.88042 
 147.9235     -37.87295 
 147.9264     -37.87275 
 147.9301     -37.87847 
 147.9439     -37.87831 
 147.9603     -37.8757 
 147.9648     -37.87497 
 147.9685     -37.87589 
 147.9682     -37.88003 
 147.9681     -37.88011 
 147.9557     -37.89234 
 147.9638     -37.89214 
 147.9728     -37.88853 
 147.9749     -37.88853 
 147.9763     -37.88853 
 147.9771     -37.89106 
 147.9638     -37.89789 
 147.9586     -37.89831 
 147.9528     -37.90242 
 147.9586     -37.90336 
 147.9696     -37.89897 
 147.9763     -37.89631 
 147.9797     -37.89498 
 147.9901     -37.88789 
 148.0029     -37.88178 
 148.0107     -37.88089 
 148.0156     -37.87839 
 148.0327     -37.87522 
 148.0416     -37.87184 
 148.0793     -37.866 
 148.0853     -37.8635 
 148.0882     -37.86031 
 148.0882     -37.85664 
 148.0856     -37.85342 
 148.0787     -37.8527 
 148.0785     -37.84009 
 148.0762     -37.83506 
 148.0707     -37.8332 
 148.0716     -37.83067 
 148.069      -37.82494 
 148.0661     -37.824 
 148.0691     -37.81989 
 148.0722     -37.82058 
 148.0837     -37.82911 
 148.0886     -37.82936 
 148.093      -37.82503 
 148.097      -37.82617 
 148.0985     -37.82803 
 148.0964     -37.83236 
 148.088      -37.83922 
 148.0889     -37.84242 
 148.0935     -37.8445 
 148.099      -37.84269 
 148.1022     -37.8365 
 148.1095     -37.82919 
 148.1164     -37.82853 
 148.123      -37.82489 
 148.1356     -37.79397 
 148.1453     -37.80111 
 148.1439     -37.8057 
 148.143      -37.81139 
 148.1375     -37.81164 
 148.1332     -37.81575 
 148.1331     -37.82169 
 148.1285     -37.82995 
 148.1276     -37.83497 
 148.1178     -37.84297 
 148.1142     -37.8487 
 148.1151     -37.85145 
 148.1206     -37.85192 
 148.1301     -37.84781 
 148.1446     -37.84511 
 148.1616     -37.8392 
 148.2061     -37.83045 
 148.2157     -37.82856 
 148.2347     -37.82539 
 148.2394     -37.82447 
 148.2734     -37.81742 
 148.3707     -37.80861 
 148.381      -37.80756 
 148.4363     -37.80614 
 148.4836     -37.80247 
 148.494      -37.80339 
 148.5004     -37.80406 
 148.5208     -37.80614 
 148.533      -37.80497 
 148.5347     -37.80314 
 148.5327     -37.80017 
 148.5197     -37.79811 
 148.5148     -37.79217 
 148.5125     -37.78436 
 148.5179     -37.77167 
 148.5174     -37.76758 
 148.5203     -37.76331 
 148.5288     -37.75872 
 148.5292     -37.76164 
 148.5286     -37.765 
 148.5281     -37.76859 
 148.5293     -37.77192 
 148.5301     -37.77406 
 148.5207     -37.77797 
 148.52       -37.78389 
 148.5252     -37.79009 
 148.5445     -37.79856 
 148.5523     -37.79878 
 148.5532     -37.80359 
 148.559      -37.80475 
 148.5743     -37.80497 
 148.6095     -37.80011 
 148.6164     -37.80125 
 148.6242     -37.80697 
 148.6427     -37.80328 
 148.7004     -37.80045 
 148.7015     -37.80067 
 148.7186     -37.80431 
 148.7299     -37.81253 
 148.7428     -37.80653 
 148.7497     -37.79783 
 148.7601     -37.79458 
 148.7794     -37.79133 
 148.8033     -37.78761 
 148.8417     -37.78589 
 148.8452     -37.78428 
 148.8501     -37.78517 
 148.8709     -37.78533 
 148.8833     -37.78989 
 148.8905     -37.78895 
 148.904      -37.78386 
 148.9217     -37.78058 
 148.9355     -37.78008 
 148.9421     -37.78211 
 148.9577     -37.78228 
 148.9744     -37.78061 
 149.0049     -37.7805 
 149.0108     -37.78047 
 149.0102     -37.77772 
 148.9978     -37.77478 
 148.9871     -37.77781 
 148.977      -37.77694 
 148.9712     -37.77489 
 148.9505     -37.7782 
 148.9464     -37.77478 
 148.9521     -37.76878 
 148.9527     -37.76442 
 148.9654     -37.75981 
 148.972      -37.76 
 148.9757     -37.75058 
 148.9823     -37.74711 
 148.9877     -37.74458 
 148.9924     -37.74595 
 148.995      -37.75006 
 148.993      -37.75442 
 148.9942     -37.756 
 149.0011     -37.75736 
 149.006      -37.761 
 149.0135     -37.75984 
 149.0159     -37.76347 
 149.0139     -37.76647 
 149.0107     -37.76647 
 149.0058     -37.77039 
 149.007      -37.77269 
 149.0174     -37.77586 
 149.0229     -37.77536 
 149.0252     -37.78064 
 149.0575     -37.77842 
 149.0754     -37.77833 
 149.0936     -37.77825 
 149.1176     -37.77973 
 149.123      -37.77717 
 149.1334     -37.77803 
 149.1383     -37.77642 
 149.1357     -37.77367 
 149.1238     -37.76939 
 149.1229     -37.75953 
 149.115      -37.75659 
 149.1136     -37.75361 
 149.1158     -37.74764 
 149.1204     -37.74236 
 149.1377     -37.74067 
 149.135      -37.73289 
 149.1381     -37.72667 
 149.142      -37.74039 
 149.142      -37.76859 
 149.1466     -37.77475 
 149.1516     -37.77747 
 149.1767     -37.77864 
 149.1871     -37.77911 
 149.2018     -37.77675 
 149.2506     -37.78172 
 149.261      -37.78439 
 149.268      -37.78847 
 149.27       -37.79214 
 149.2698     -37.799 
 149.2727     -37.80128 
 149.2761     -37.80147 
 149.2799     -37.80169 
 149.2968     -37.78692 
 149.3092     -37.78111 
 149.3213     -37.78103 
 149.3244     -37.77595 
 149.3357     -37.77886 
 149.3599     -37.77661 
 149.3873     -37.77825 
 149.3942     -37.77567 
 149.4094     -37.77517 
 149.4211     -37.77478 
 149.4271     -37.77681 
 149.4338     -37.77583 
 149.4467     -37.77092 
 149.4631     -37.77078 
 149.4718     -37.77278 
 149.49       -37.77308 
 149.4951     -37.77075 
 149.4978     -37.7547 
 149.5061     -37.74844 
 149.5        -37.74711 
 149.4986     -37.74461 
 149.4999     -37.74092 
 149.4949     -37.7302 
 149.5        -37.72442 
 149.502      -37.72803 
 149.5056     -37.73447 
 149.5075     -37.74247 
 149.5185     -37.74628 
 149.5261     -37.73795 
 149.5471     -37.72953 
 149.5784     -37.72397 
 149.5885     -37.72503 
 149.5983     -37.72311 
 149.6049     -37.71778 
 149.6082     -37.71156 
 149.6207     -37.69836 
 149.6279     -37.69692 
 149.6328     -37.69322 
 149.6356     -37.69222 
 149.6416     -37.69014 
 149.6615     -37.68789 
 149.6747     -37.68411 
 149.6806     -37.67856 
 149.6876     -37.66472 
 149.7112     -37.64339 
 149.7173     -37.63142 
 149.7221     -37.61542 
 149.7228     -37.61325 
 149.7312     -37.59872 
 149.7538     -37.57786 
 149.7667     -37.572 
 149.7694     -37.56372 
 149.7635     -37.55978 
 149.754      -37.55356 
 149.7556     -37.55189 
 149.7597     -37.54753 
 149.7587     -37.54297 
 149.7524     -37.54189 
 149.7469     -37.53897 
 149.7433     -37.53167 
 149.729      -37.51967 
 149.725      -37.52222 
 149.7149     -37.5245 
 149.7069     -37.52631 
 149.7003     -37.52614 
 149.6971     -37.52411 
 149.6968     -37.52206 
 149.6991     -37.52111 
 149.7158     -37.51981 
 149.7203     -37.51608 
 149.7197     -37.51381 
 149.7067     -37.50911 
 149.6963     -37.509 
 149.6962     -37.50256 
 149.7011     -37.50275 
 149.7048     -37.5002 
 149.7039     -37.49675 
 149.7001     -37.49289 
 149.684      -37.49628 
 149.6797     -37.49447 
 149.6776     -37.49198 
 149.6802     -37.48736 
 149.689      -37.48453 
 149.6893     -37.48178 
 149.6811     -37.47681 
 149.6744     -37.46978 
 149.6749     -37.46678 
 149.6812     -37.46145 
 149.6901     -37.45975 
 149.6918     -37.46136 
 149.6859     -37.466 
 149.6871     -37.47056 
 149.6963     -37.47161 
 149.6989     -37.4755 
 149.6976     -37.48514 
 149.72       -37.49936 
 149.7289     -37.49903 
 149.7296     -37.49861 
 149.7426     -37.49064 
 149.7481     -37.4915 
 149.7519     -37.49422 
 149.7526     -37.50178 
 149.7406     -37.509 
 149.7373     -37.51911 
 149.7411     -37.52136 
 149.7466     -37.52222 
 149.7497     -37.52059 
 149.7539     -37.51389 
 149.7571     -37.51386 
 149.7638     -37.51909 
 149.7724     -37.51783 
 149.7775     -37.51411 
 149.78       -37.5095 
 149.7743     -37.49397 
 149.7748     -37.49053 
 149.7803     -37.49139 
 149.7837     -37.49458 
 149.7873     -37.49797 
 149.7965     -37.49534 
 149.8047     -37.48836 
 149.8112     -37.48533 
 149.815      -37.48917 
 149.8137     -37.49286 
 149.8079     -37.49636 
 149.8038     -37.50214 
 149.8047     -37.50511 
 149.8024     -37.50881 
 149.7935     -37.50845 
 149.7927     -37.5105 
 149.7985     -37.51525 
 149.79       -37.52131 
 149.7926     -37.5252 
 149.8008     -37.52831 
 149.8014     -37.53356 
 149.7952     -37.54053 
 149.7793     -37.54872 
 149.7779     -37.55289 
 149.7797     -37.55606 
 149.7994     -37.54736 
 149.8114     -37.54469 
 149.848      -37.54431 
 149.8732     -37.53989 
 149.9017     -37.54 
 149.9091     -37.53878 
 149.9232     -37.527 
 149.9267     -37.52414 
 149.9415     -37.518 
 149.9639     -37.51428 
 149.969      -37.51192 
 149.978      -37.50533 
 1             41 
1
 -9999.0   ,   9990.0 
 31 
 150          -37.24611 
 149.999      -37.24584 
 149.998      -37.24545 
 149.9901     -37.24228 
 149.9832     -37.2435 
 149.9696     -37.25261 
 149.9581     -37.26239 
 149.9433     -37.2825 
 149.9506     -37.29 
 149.9496     -37.29847 
 149.9676     -37.31064 
 149.9702     -37.31617 
 149.9748     -37.32592 
 149.9735     -37.33122 
 149.969      -37.33447 
 149.9617     -37.34372 
 149.9518     -37.37 
 149.9574     -37.38736 
 149.9554     -37.40411 
 149.9585     -37.41692 
 149.9629     -37.42259 
 149.9669     -37.4347 
 149.9759     -37.44239 
 149.9801     -37.45128 
 149.9766     -37.45864 
 149.9764     -37.46531 
 149.9789     -37.4765 
 149.9764     -37.49189 
 149.98       -37.50033 
 149.9798     -37.504 
 149.978      -37.50533 
 1             42 
1
 -9999.0   ,   9990.0 
 2 
 146.93       -38.59906 
 146.9196     -38.60647 
 1             43 
1
 -9999.0   ,   9990.0 
 8 
 146.9196     -38.60647 
 146.9061     -38.61089 
 146.8975     -38.61856 
 146.8889     -38.62281 
 146.885      -38.62986 
 146.8866     -38.63356 
 146.9074     -38.61961 
 146.9207     -38.60833 
 1             44 
1
 -9999.0   ,   9990.0 
 2 
 146.9207     -38.60833 
 146.9196     -38.60647 
 1             45 
1
 -9999.0   ,   9990.0 
 154 
 150          -37.14711 
 149.998      -37.14578 
 149.9933     -37.14269 
 149.9863     -37.138 
 149.9748     -37.12436 
 149.9609     -37.114 
 149.9567     -37.10625 
 149.9498     -37.10542 
 149.9344     -37.10444 
 149.9288     -37.113 
 149.9196     -37.11267 
 149.912      -37.11872 
 149.9037     -37.11675 
 149.8955     -37.12258 
 149.8855     -37.12431 
 149.8841     -37.12808 
 149.8814     -37.13489 
 149.8793     -37.12714 
 149.8787     -37.12483 
 149.8894     -37.11692 
 149.8965     -37.11408 
 149.8974     -37.10078 
 149.888      -37.10386 
 149.8806     -37.10464 
 149.8751     -37.10147 
 149.8713     -37.09511 
 149.8729     -37.09417 
 149.8753     -37.08244 
 149.8793     -37.08011 
 149.8907     -37.08045 
 149.9003     -37.07275 
 149.9049     -37.07225 
 149.9083     -37.07358 
 149.9119     -37.07858 
 149.9164     -37.079 
 149.917      -37.07578 
 149.9128     -37.06917 
 149.9146     -37.05975 
 149.9202     -37.05142 
 149.9285     -37.0502 
 149.934      -37.05425 
 149.9383     -37.05489 
 149.9436     -37.05022 
 149.9407     -37.03023 
 149.9403     -37.02756 
 149.9413     -37.01631 
 149.94       -37.01267 
 149.9297     -37.00775 
 149.9275     -37.00045 
 149.9323     -36.96553 
 149.9415     -36.95556 
 149.9418     -36.95325 
 149.9366     -36.95125 
 149.9263     -36.95114 
 149.9195     -36.95489 
 149.9141     -36.95589 
 149.9107     -36.95867 
 149.898      -36.96225 
 149.8959     -36.96431 
 149.8954     -36.96481 
 149.9026     -36.96795 
 149.9136     -36.97606 
 149.9117     -36.98022 
 149.9086     -36.98161 
 149.8966     -36.98175 
 149.8926     -36.97883 
 149.8854     -36.97961 
 149.8831     -36.97664 
 149.8872     -36.96628 
 149.8865     -36.96286 
 149.8873     -36.96078 
 149.8964     -36.95836 
 149.9023     -36.95258 
 149.9106     -36.95147 
 149.9117     -36.95131 
 149.9137     -36.949 
 149.9131     -36.94625 
 149.9046     -36.93764 
 149.9031     -36.92022 
 149.905      -36.91195 
 149.9117     -36.90453 
 149.9122     -36.89995 
 149.9064     -36.90197 
 149.8986     -36.90469 
 149.8969     -36.90631 
 149.8959     -36.91528 
 149.892      -36.91945 
 149.8889     -36.91947 
 149.889      -36.9087 
 149.8795     -36.90811 
 149.8768     -36.90036 
 149.8772     -36.88867 
 149.8826     -36.8895 
 149.8965     -36.89853 
 149.9045     -36.89819 
 149.9057     -36.89734 
 149.9126     -36.89258 
 149.9139     -36.89247 
 149.9175     -36.89208 
 149.9283     -36.90456 
 149.9346     -36.90611 
 149.9368     -36.90422 
 149.9296     -36.89972 
 149.9298     -36.89631 
 149.9357     -36.88981 
 149.9325     -36.88572 
 149.9312     -36.87769 
 149.9332     -36.86759 
 149.9383     -36.86111 
 149.9491     -36.86097 
 149.9502     -36.85959 
 149.939      -36.85147 
 149.9352     -36.83661 
 149.939      -36.82417 
 149.9441     -36.81059 
 149.9516     -36.79925 
 149.9575     -36.79484 
 149.9657     -36.79175 
 149.9801     -36.76931 
 149.9852     -36.75481 
 149.9856     -36.74356 
 149.9927     -36.72972 
 149.9915     -36.72697 
 149.9832     -36.72661 
 149.9818     -36.72503 
 149.9804     -36.71153 
 149.9775     -36.712 
 149.9769     -36.7135 
 149.9754     -36.71708 
 149.9696     -36.71439 
 149.9672     -36.70939 
 149.9641     -36.70783 
 149.953      -36.70956 
 149.9507     -36.70753 
 149.9639     -36.70048 
 149.9696     -36.6995 
 149.9745     -36.70106 
 149.976      -36.70031 
 149.9793     -36.6987 
 149.9879     -36.70133 
 149.9938     -36.69692 
 149.9933     -36.69186 
 149.987      -36.68714 
 149.9726     -36.67814 
 149.9728     -36.67631 
 149.9765     -36.67603 
 149.9831     -36.67822 
 149.987      -36.67175 
 149.9915     -36.67147 
 149.993      -36.67305 
 149.9869     -36.68161 
 149.9903     -36.68497 
 149.998      -36.68472 
 150          -36.68467 
 1             46 
1
 -9999.0   ,   9990.0 
 3 
 150          -36.64525 
 149.9985     -36.64136 
 150          -36.64078 
 1             47 
1
 -9999.0   ,   9990.0 
 4 
 146.7384     -38.699 
 146.7496     -38.69286 
 146.7501     -38.69722 
 146.7431     -38.69897 
 1             48 
1
 -9999.0   ,   9990.0 
 12 
 146.7384     -38.699 
 146.7317     -38.69903 
 146.7146     -38.70545 
 146.6908     -38.7232 
 146.6878     -38.72794 
 146.6724     -38.73828 
 146.6773     -38.73856 
 146.685      -38.73503 
 146.7008     -38.72378 
 146.7023     -38.72106 
 146.7192     -38.70803 
 146.7431     -38.69897 
 1             49 
1
 -9999.0   ,   9990.0 
 24 
 146.7909     -38.63481 
 146.7959     -38.64542 
 146.8013     -38.64836 
 146.8218     -38.65103 
 146.8265     -38.64925 
 146.8331     -38.64269 
 146.8384     -38.64003 
 146.8428     -38.63933 
 146.8477     -38.63853 
 146.8548     -38.63292 
 146.8745     -38.62836 
 146.8791     -38.61995 
 146.8782     -38.61672 
 146.8456     -38.61378 
 146.845      -38.61458 
 146.8435     -38.61672 
 146.8336     -38.61636 
 146.828      -38.61995 
 146.8254     -38.61533 
 146.8205     -38.61597 
 146.8055     -38.62264 
 146.8017     -38.63358 
 146.7953     -38.63281 
 146.7909     -38.63481 
