 15 
 1             1 
1
 -9999.0   ,   9990.0 
 103 
-66            48.16012 
-66.00745      48.15573 
-66.01078      48.14662 
-66.01795      48.14097 
-66.02758      48.13861 
-66.03221      48.13446 
-66.04123      48.11886 
-66.05157      48.1057 
-66.06131      48.09875 
-66.08845      48.08917 
-66.10125      48.08464 
-66.12578      48.07971 
-66.12864      48.08224 
-66.10903      48.08673 
-66.10685      48.08845 
-66.10753      48.09115 
-66.11141      48.09209 
-66.12832      48.09069 
-66.12673      48.0862 
-66.12931      48.08491 
-66.13305      48.08745 
-66.13557      48.09669 
-66.14181      48.10024 
-66.16921      48.10603 
-66.19391      48.10395 
-66.19863      48.10071 
-66.20773      48.09974 
-66.22076      48.09465 
-66.22789      48.09425 
-66.2321       48.09515 
-66.24288      48.10187 
-66.25537      48.1007 
-66.26326      48.09819 
-66.27201      48.1025 
-66.28798      48.10433 
-66.29549      48.10688 
-66.30651      48.10488 
-66.3073       48.103 
-66.29905      48.09202 
-66.27886      48.08654 
-66.273        48.08618 
-66.27797      48.07422 
-66.27822      48.06551 
-66.28301      48.0602 
-66.29         48.0614 
-66.2984       48.05771 
-66.30191      48.05843 
-66.30456      48.06583 
-66.31816      48.06779 
-66.33428      48.07626 
-66.34037      48.08117 
-66.34845      48.09605 
-66.35515      48.10024 
-66.37445      48.10393 
-66.39108      48.10049 
-66.40128      48.1026 
-66.41327      48.10282 
-66.43204      48.11294 
-66.44135      48.11606 
-66.44736      48.11502 
-66.45404      48.11119 
-66.46219      48.10292 
-66.46666      48.10311 
-66.47081      48.10608 
-66.47126      48.10949 
-66.46566      48.11371 
-66.46655      48.11526 
-66.47068      48.11548 
-66.47798      48.11368 
-66.48648      48.10562 
-66.49865      48.10192 
-66.53015      48.07646 
-66.54628      48.06932 
-66.55116      48.0649 
-66.54872      48.06428 
-66.5409       48.0623 
-66.53743      48.05931 
-66.53966      48.05298 
-66.55465      48.04751 
-66.57913      48.04674 
-66.58188      48.04428 
-66.58075      48.03839 
-66.60838      48.03558 
-66.6126       48.03396 
-66.6224       48.04069 
-66.62877      48.04237 
-66.65089      48.04172 
-66.65335      48.03973 
-66.6569       48.02555 
-66.66261      48.02245 
-66.67564      48.02028 
-66.68148      48.01053 
-66.6902       48.0068 
-66.71131      48.0039 
-66.71565      48.00569 
-66.7219       48.0115 
-66.72573      48.01195 
-66.74025      48.00327 
-66.75163      48.00417 
-66.76037      48.00317 
-66.77237      48 
-66.77698      47.99514 
-66.77941      47.99441 
 1             2 
1
 -9999.0   ,   9990.0 
 4 
-66.19694      48.00001 
-66.18715      47.99378 
-66.18131      47.99479 
-66.18661      48 
 1             3 
1
 -9999.0   ,   9990.0 
 7 
-66.71021      48.00001 
-66.71851      47.99319 
-66.73527      47.99143 
-66.74716      47.9832 
-66.75505      47.98197 
-66.77739      47.98465 
-66.7847       47.98643 
 1             4 
1
 -9999.0   ,   9990.0 
 8 
-66.17195      48 
-66.14841      47.9856 
-66.14306      47.97702 
-66.13728      47.97689 
-66.12103      47.982 
-66.11988      47.98448 
-66.14039      47.99615 
-66.14938      48 
 1             5 
1
 -9999.0   ,   9990.0 
 65 
-66            47.92067 
-66.0106       47.9271 
-66.01636      47.92747 
-66.023        47.9242 
-66.03495      47.92334 
-66.04747      47.92433 
-66.05819      47.92732 
-66.08146      47.92444 
-66.09085      47.92694 
-66.1072       47.93989 
-66.11194      47.95347 
-66.11608      47.9522 
-66.13414      47.9517 
-66.13853      47.95911 
-66.16224      47.96787 
-66.17081      47.96557 
-66.18373      47.96699 
-66.1863       47.96979 
-66.19775      47.97233 
-66.21043      47.97056 
-66.23371      47.97473 
-66.23416      47.97908 
-66.25186      47.97901 
-66.26031      47.98742 
-66.26897      47.99126 
-66.27441      47.99138 
-66.27553      47.98935 
-66.27328      47.98656 
-66.29081      47.98306 
-66.28834      47.98483 
-66.28268      47.98928 
-66.28585      47.99437 
-66.29092      47.99494 
-66.30535      47.99205 
-66.3134       47.99496 
-66.32066      48 
-66.3541       48.00504 
-66.36108      48.01151 
-66.36791      48.0221 
-66.3731       48.03829 
-66.37065      48.04576 
-66.36235      48.04761 
-66.35501      48.0517 
-66.35432      48.05426 
-66.36619      48.05884 
-66.36908      48.06532 
-66.37978      48.06355 
-66.38368      48.05942 
-66.40417      48.0619 
-66.4169       48.06001 
-66.42195      48.05986 
-66.44038      48.05932 
-66.4493       48.05696 
-66.46813      48.05723 
-66.47345      48.056 
-66.48884      48.04593 
-66.49301      48.04133 
-66.50951      48.03692 
-66.52603      48.03021 
-66.54225      48.02122 
-66.55642      48.01992 
-66.56896      48.01413 
-66.57971      48.0128 
-66.58566      48.01103 
-66.62303      48 
 1             6 
1
 -9999.0   ,   9990.0 
 24 
-66.0606       45.26335 
-66.05665      45.2644 
-66.05448      45.2687 
-66.05601      45.27698 
-66.05216      45.28261 
-66.04774      45.28021 
-66.04588      45.27192 
-66.05385      45.2554 
-66.04965      45.25507 
-66.0428       45.2649 
-66.04056      45.26812 
-66.0319       45.27272 
-66.02813      45.26346 
-66.01895      45.2527 
-66.01         45.24995 
-66.00698      45.24552 
-66.01003      45.24285 
-66.00578      45.23702 
-66.00851      45.23434 
-66.01641      45.23202 
-66.01711      45.22471 
-66.01452      45.21824 
-66.00525      45.21571 
-66            45.21226 
 1             7 
1
 -9999.0   ,   9990.0 
 41 
-66.24531      45.14895 
-66.24323      45.14524 
-66.2325       45.14613 
-66.22841      45.14352 
-66.2258       45.14414 
-66.20571      45.1581 
-66.19204      45.1596 
-66.1541       45.18091 
-66.15227      45.18521 
-66.15398      45.19007 
-66.16579      45.18714 
-66.16693      45.1906 
-66.16312      45.19555 
-66.16365      45.19786 
-66.16967      45.20075 
-66.1717       45.20583 
-66.17021      45.20981 
-66.16873      45.21377 
-66.16089      45.21496 
-66.15795      45.22222 
-66.15335      45.22348 
-66.14495      45.22305 
-66.14025      45.21973 
-66.14831      45.21351 
-66.14915      45.20964 
-66.14487      45.20427 
-66.14158      45.20534 
-66.13865      45.21237 
-66.1331       45.21315 
-66.13234      45.21542 
-66.13541      45.21893 
-66.12835      45.22425 
-66.1063       45.22418 
-66.10426      45.22619 
-66.10765      45.23635 
-66.10456      45.24016 
-66.08609      45.24612 
-66.08467      45.24597 
-66.07157      45.24462 
-66.06686      45.24817 
-66.06626      45.26006 
 1             8 
1
 -9999.0   ,   9990.0 
 8 
-67.03886      45.09876 
-67.03706      45.10445 
-67.03947      45.10998 
-67.0521       45.11958 
-67.05358      45.1141 
-67.05099      45.10376 
-67.04338      45.09906 
-67.03886      45.09876 
 1             9 
1
 -9999.0   ,   9990.0 
 9 
-67.04903      45.05474 
-67.04666      45.05813 
-67.05296      45.06282 
-67.05478      45.06674 
-67.06318      45.06687 
-67.06841      45.06513 
-67.05758      45.06015 
-67.05257      45.05525 
-67.04903      45.05474 
 1             10 
1
 -9999.0   ,   9990.0 
 104 
-66.81661      45.06843 
-66.82344      45.06342 
-66.82701      45.06326 
-66.82961      45.07155 
-66.83308      45.0739 
-66.83006      45.08077 
-66.83224      45.08411 
-66.83835      45.08018 
-66.84082      45.0745 
-66.84411      45.07295 
-66.85097      45.08038 
-66.85446      45.08017 
-66.85377      45.06512 
-66.86304      45.05888 
-66.8694       45.06196 
-66.87337      45.05036 
-66.88848      45.04376 
-66.89486      45.0457 
-66.89675      45.05649 
-66.89925      45.05883 
-66.90505      45.05916 
-66.91053      45.05971 
-66.91656      45.06257 
-66.91763      45.06923 
-66.92143      45.07158 
-66.91973      45.08323 
-66.92648      45.09365 
-66.92105      45.10157 
-66.91742      45.11249 
-66.91213      45.11561 
-66.90426      45.10951 
-66.90282      45.10445 
-66.89378      45.10406 
-66.87994      45.11114 
-66.88056      45.11396 
-66.87525      45.11973 
-66.86695      45.11988 
-66.86238      45.11914 
-66.85129      45.11956 
-66.84706      45.12144 
-66.85527      45.12356 
-66.86491      45.12441 
-66.86941      45.12711 
-66.87216      45.12749 
-66.87452      45.12623 
-66.88029      45.12048 
-66.88706      45.1202 
-66.89038      45.11796 
-66.89982      45.11608 
-66.90438      45.12462 
-66.89933      45.13026 
-66.91053      45.13252 
-66.91796      45.13402 
-66.92142      45.13706 
-66.92623      45.13851 
-66.93214      45.14526 
-66.9418       45.1468 
-66.94486      45.15166 
-66.95478      45.15526 
-66.95758      45.15875 
-66.96018      45.1771 
-66.96329      45.18105 
-66.96654      45.18065 
-66.96926      45.17725 
-66.97373      45.15971 
-66.97104      45.15302 
-66.9721       45.15075 
-66.9782       45.15177 
-66.98388      45.16902 
-66.98641      45.17011 
-66.98836      45.16704 
-66.9857       45.15052 
-66.98745      45.1469 
-66.99457      45.14655 
-67.00383      45.15037 
-67.00665      45.14974 
-67.00795      45.14483 
-67.01036      45.14865 
-67.01683      45.1586 
-67.02475      45.16377 
-67.03983      45.16814 
-67.0409       45.16518 
-67.03667      45.15595 
-67.04028      45.15418 
-67.04833      45.15568 
-67.0497       45.15342 
-67.04504      45.14739 
-67.03733      45.14566 
-67.0355       45.1422 
-67.03859      45.12691 
-67.04781      45.13187 
-67.05106      45.13146 
-67.05711      45.12446 
-67.06738      45.12692 
-67.06816      45.12304 
-67.06485      45.11521 
-67.06865      45.10771 
-67.05886      45.10092 
-67.04065      45.07383 
-67.04332      45.07113 
-67.05263      45.07311 
-67.06923      45.07979 
-67.07568      45.08013 
-67.08808      45.07689 
 1             11 
1
 -9999.0   ,   9990.0 
 157 
-66.8115       45.06291 
-66.81513      45.06098 
-66.82194      45.05149 
-66.81747      45.05003 
-66.8027       45.05964 
-66.7965       45.06006 
-66.79744      45.0557 
-66.80255      45.05416 
-66.81347      45.04446 
-66.81193      45.04238 
-66.80708      45.04251 
-66.7788       45.05572 
-66.77528      45.05451 
-66.78155      45.04975 
-66.78792      45.04491 
-66.78544      45.04211 
-66.78125      45.04226 
-66.76866      45.05004 
-66.75473      45.05092 
-66.74063      45.05661 
-66.73856      45.06 
-66.73905      45.06414 
-66.74473      45.06768 
-66.74645      45.07366 
-66.74464      45.07867 
-66.73506      45.07551 
-66.73123      45.08253 
-66.72175      45.08533 
-66.71825      45.08388 
-66.72509      45.07394 
-66.72398      45.06934 
-66.7192       45.06742 
-66.72494      45.06111 
-66.72428      45.0582 
-66.72411      45.05744 
-66.70672      45.06397 
-66.70065      45.07072 
-66.69368      45.06716 
-66.69041      45.06778 
-66.68758      45.0739 
-66.67437      45.07296 
-66.66222      45.07776 
-66.65356      45.07598 
-66.6515       45.07892 
-66.65448      45.08539 
-66.6483       45.09465 
-66.64503      45.09551 
-66.64135      45.09062 
-66.6387       45.09195 
-66.63883      45.09699 
-66.63418      45.09987 
-66.63255      45.09205 
-66.62539      45.09305 
-66.62148      45.10213 
-66.61162      45.10583 
-66.61613      45.11439 
-66.61185      45.11637 
-66.60658      45.11053 
-66.60241      45.10152 
-66.59796      45.0996 
-66.58828      45.09917 
-66.58563      45.10851 
-66.5799       45.11434 
-66.58076      45.11688 
-66.58496      45.11742 
-66.59186      45.11436 
-66.59636      45.11514 
-66.59721      45.11813 
-66.59551      45.12039 
-66.589        45.12116 
-66.57247      45.12976 
-66.55665      45.12898 
-66.54378      45.13489 
-66.53951      45.13618 
-66.53308      45.13536 
-66.5318       45.11954 
-66.52766      45.11785 
-66.52338      45.11936 
-66.52123      45.12458 
-66.5243       45.13632 
-66.51498      45.14254 
-66.50132      45.14385 
-66.49287      45.15238 
-66.48963      45.15254 
-66.48725      45.14745 
-66.48868      45.14427 
-66.50458      45.1279 
-66.50303      45.12626 
-66.48424      45.12678 
-66.47956      45.13057 
-66.47403      45.13092 
-66.46668      45.13625 
-66.46653      45.13236 
-66.46221      45.12746 
-66.46425      45.12623 
-66.46553      45.12546 
-66.47788      45.1239 
-66.48186      45.1217 
-66.48551      45.11215 
-66.48333      45.10226 
-66.47431      45.08627 
-66.47619      45.0799 
-66.47308      45.0693 
-66.46767      45.06735 
-66.467        45.06047 
-66.46418      45.05835 
-66.4591       45.06373 
-66.45608      45.07374 
-66.44726      45.07585 
-66.44361      45.07829 
-66.43133      45.07779 
-66.42323      45.08346 
-66.41833      45.0869 
-66.42273      45.08974 
-66.42478      45.09459 
-66.43626      45.09851 
-66.43035      45.10067 
-66.42196      45.10003 
-66.4157       45.09509 
-66.41278      45.09548 
-66.41148      45.10301 
-66.39391      45.10514 
-66.38742      45.11301 
-66.38422      45.11225 
-66.3822       45.10671 
-66.37998      45.10575 
-66.37215      45.10718 
-66.37339      45.11568 
-66.3794       45.11578 
-66.38205      45.11813 
-66.37741      45.11867 
-66.36885      45.12359 
-66.36623      45.11666 
-66.35509      45.11874 
-66.35416      45.11891 
-66.35473      45.12053 
-66.35856      45.12176 
-66.35551      45.12467 
-66.35593      45.12994 
-66.3519       45.13329 
-66.34739      45.13273 
-66.34185      45.12665 
-66.33483      45.1242 
-66.32963      45.12454 
-66.3207       45.13602 
-66.31634      45.13226 
-66.31248      45.13171 
-66.29941      45.13416 
-66.30165      45.142 
-66.29763      45.14511 
-66.2927       45.13951 
-66.28667      45.13685 
-66.28146      45.13742 
-66.27046      45.14449 
-66.26526      45.14483 
-66.2534       45.14226 
-66.25733      45.14831 
 1             12 
1
 -9999.0   ,   9990.0 
 12 
-66.93712      45.03843 
-66.93168      45.03696 
-66.92506      45.0412 
-66.91695      45.04243 
-66.92063      45.04821 
-66.9264       45.04969 
-66.92942      45.05547 
-66.93458      45.05579 
-66.93695      45.05263 
-66.93521      45.04687 
-66.93901      45.03984 
-66.93712      45.03843 
 1             13 
1
 -9999.0   ,   9990.0 
 15 
-66.84375      45.0679 
-66.8464       45.06932 
-66.84842      45.06717 
-66.85843      45.04956 
-66.85973      45.0463 
-66.8579       45.04379 
-66.86159      45.03866 
-66.85945      45.03423 
-66.85598      45.03416 
-66.8479       45.04277 
-66.83918      45.04752 
-66.8379       45.05051 
-66.84033      45.05713 
-66.8393       45.06314 
-66.84375      45.0679 
 1             14 
1
 -9999.0   ,   9990.0 
 10 
-67.06823      45 
-67.08718      45.03384 
-67.09389      45.03646 
-67.10875      45.03647 
-67.10343      45.0412 
-67.10301      45.04417 
-67.11131      45.0578 
-67.11128      45.05864 
-67.11118      45.06192 
-67.10811      45.06691 
 1             15 
1
 -9999.0   ,   9990.0 
 13 
-66.99818      45 
-66.98984      45.00797 
-66.97846      45.01007 
-66.97084      45.01589 
-66.95804      45.02185 
-66.95626      45.02663 
-66.95231      45.02885 
-66.94497      45.02621 
-66.94194      45.01081 
-66.94338      45.00672 
-66.9505       45.00638 
-66.95224      45.00252 
-66.95144      45 
