 8
1
1
 -2400.1  ,  -1800
(Rakhigarhi)
354
 1
  7
1
76.11417  ,  29.29306
2
2
 -1200.1  ,  -300.0
Asandivat
468
 1
  7
 -300.0  ,  9999.0
Assandh
468
 1
  7
1
76.72	29.51
3
1
 -900.1  ,  9999.0
Hastinapura
471
 1
  7
1
78.02	29.17
4
3
 -950.1  ,  1192.0
Indraprastha
472
 1
  7
 1192.0  ,  1927.0
Delhi
472
 1
  7
 1927.0  ,  9999.0
New Delhi
472
 1
  7
1
77.24416667	28.60944444
5
1
 -1050.1  ,  1100.0
Ahichchhatra
473
 1
  7
1
79.136	28.371
6
2
 -1025.1  ,  1192.0
Kampilya
474
 1
  7
 1192.0  ,  9999.0
Kampil
474
 1
  7
1
79.2800	27.6200
7
1
 -925.1  ,  9999.0
Mathura
477
 1
  7
1
77.67361111	27.4925
8
2
 -950.1  ,  1192.0
Viratnagar
478
 1
  7
 1192.0  ,  9999.0
Bairat
478
 1
  7
1
76.181591	27.433189
