 8 
 1             1 
 2 
 -9998.0  ,   -9997.0
  1999.0  ,    9990.0
 2 
 20           -22.0549 
 20           -22.00178 
 1             2 
 2 
 -9998.0  ,   -9997.0
  1999.0  ,    9990.0
 27 
 20           -24.4169 
 20           -24.3336 
 20           -24.2503 
 20           -24.167 
 20           -24.0837 
 20           -24 
 20           -23.9171 
 20           -23.8338 
 20           -23.7505 
 20           -23.6672 
 20           -23.5839 
 20           -23.5006 
 20           -23.4173 
 20           -23.334 
 20           -23.2507 
 20           -23.1674 
 20           -23.0841 
 20           -23.0008 
 20           -22.9175 
 20           -22.8342 
 20           -22.7509 
 20           -22.6676 
 20           -22.5843 
 20           -22.501 
 20           -22.4177 
 20           -22.3344 
 20           -22.2511 
 1             3 
 2 
 -9998.0  ,   -9997.0
  1999.0  ,    9990.0
 4 
 20           -22.00178 
 21.00174     -22.00384 
 20.99695     -20.9578 
 20.99727     -20 
 1             4 
 2 
 -9998.0  ,   -9997.0
  1999.0  ,    9990.0
 2 
 20           -22.0549 
 20           -22.00178 
 1             5 
 2 
 -9998.0  ,   -9997.0
  1999.0  ,    9990.0
 27 
 20           -24.4169 
 20           -24.3336 
 20           -24.2503 
 20           -24.167 
 20           -24.0837 
 20           -24 
 20           -23.9171 
 20           -23.8338 
 20           -23.7505 
 20           -23.6672 
 20           -23.5839 
 20           -23.5006 
 20           -23.4173 
 20           -23.334 
 20           -23.2507 
 20           -23.1674 
 20           -23.0841 
 20           -23.0008 
 20           -22.9175 
 20           -22.8342 
 20           -22.7509 
 20           -22.6676 
 20           -22.5843 
 20           -22.501 
 20           -22.4177 
 20           -22.3344 
 20           -22.2511 
 1             6 
 2 
 -9998.0  ,   -9997.0
  1999.0  ,    9990.0
 4 
 20.00024     -24.75299 
 20.00024     -24.7501 
 20.00002     -24.6668 
 20           -24.65826 
 1             7 
 2 
 -9998.0  ,   -9997.0
  1999.0  ,    9990.0
 5 
 20.00024     -24.75299 
 20.00017     -24.8334 
 20.00008     -24.87904 
 20.00006     -24.9167 
 20.00002     -25 
 1             8 
 2 
 -9998.0  ,   -9997.0
  1999.0  ,    9990.0
 41 
 20.33291     -25 
 20.32025     -24.98893 
 20.298       -24.98044 
 20.29088     -24.97409 
 20.28439     -24.95802 
 20.28258     -24.95353 
 20.27262     -24.94079 
 20.26693     -24.92778 
 20.26261     -24.92392 
 20.2452      -24.91905 
 20.24367     -24.91746 
 20.23888     -24.91681 
 20.2306      -24.91826 
 20.22329     -24.9165 
 20.2177      -24.91151 
 20.21179     -24.90056 
 20.2075      -24.89876 
 20.20096     -24.89859 
 20.19597     -24.90185 
 20.18703     -24.91156 
 20.18646     -24.91152 
 20.1835      -24.91136 
 20.16931     -24.90094 
 20.15783     -24.88568 
 20.15076     -24.88276 
 20.12789     -24.88319 
 20.10001     -24.86142 
 20.09157     -24.84773 
 20.08885     -24.83688 
 20.08738     -24.83103 
 20.0851      -24.82876 
 20.08298     -24.82866 
 20.068       -24.82798 
 20.06136     -24.8168 
 20.05248     -24.80839 
 20.04268     -24.80801 
 20.0358      -24.79844 
 20.03143     -24.78816 
 20.02584     -24.78109 
 20.0147      -24.77224 
 20.00024     -24.75299 
