 9 
 1             1 
1
 -9999.0   ,   9990.0 
 8 
-38.16765     -53.99552 
-38.17616     -53.99864 
-38.176       -54.00072 
-38.16145     -53.99942 
-38.15556     -53.99529 
-38.15618     -53.9939 
-38.16026     -53.99557 
-38.16765     -53.99552 
 1             2 
1
 -9999.0   ,   9990.0 
 13 
-38.19801     -53.99856 
-38.1907      -53.99993 
-38.19059     -54.00136 
-38.19022     -54.00613 
-38.19788     -54.01203 
-38.21653     -54.01179 
-38.22488     -54.0133 
-38.23861     -54.01072 
-38.24066     -54.00812 
-38.23374     -54.0054 
-38.2293      -54.00053 
-38.20443     -53.99735 
-38.19801     -53.99856 
 1             3 
1
 -9999.0   ,   9990.0 
 17 
-38.04912     -54.00792 
-38.02321     -54.00588 
-38.01216     -54.00079 
-38.01011     -53.99605 
-38.01267     -53.99459 
-38.04519     -53.99662 
-38.0525      -53.99589 
-38.0603      -53.99973 
-38.07407     -54.00106 
-38.08052     -54.00677 
-38.08038     -54.00907 
-38.07284     -54.01141 
-38.07762     -54.01604 
-38.07605     -54.01954 
-38.06973     -54.01862 
-38.05699     -54.00878 
-38.04912     -54.00792 
 1             4 
1
 -9999.0   ,   9990.0 
 6 
-37.3331      -54.01163 
-37.33604     -54.0184 
-37.34059     -54.02147 
-37.33283     -54.02606 
-37.31766     -54.01736 
-37.3331      -54.01163 
 1             5 
1
 -9999.0   ,   9990.0 
 7 
-37.25403     -54.0149 
-37.25813     -54.0173 
-37.26266     -54.02472 
-37.26094     -54.02729 
-37.25429     -54.0268 
-37.25141     -54.02505 
-37.25403     -54.0149 
 1             6 
1
 -9999.0   ,   9990.0 
 6 
-37.73346     -54.13349 
-37.74215     -54.13457 
-37.75493     -54.13345 
-37.76009     -54.13832 
-37.73828     -54.13882 
-37.73346     -54.13349 
 1             7 
1
 -9999.0   ,   9990.0 
 27 
-37.0203      -54.50021 
-37.02334     -54.50356 
-37.03348     -54.50238 
-37.03713     -54.50365 
-37.05283     -54.51261 
-37.05927     -54.51426 
-37.06754     -54.51427 
-37.08462     -54.51127 
-37.08725     -54.50982 
-37.07417     -54.50881 
-37.06397     -54.4997 
-37.08779     -54.49744 
-37.09312     -54.49523 
-37.09851     -54.48913 
-37.11418     -54.48824 
-37.119       -54.48467 
-37.11334     -54.4736 
-37.1028      -54.47459 
-37.09544     -54.47278 
-37.08352     -54.46986 
-37.07572     -54.47076 
-37.06185     -54.47893 
-37.05235     -54.47827 
-37.04328     -54.48287 
-37.03487     -54.49066 
-37.02163     -54.4972 
-37.0203      -54.50021 
 1             8 
1
 -9999.0   ,   9990.0 
 15 
-35.78431     -54.8213 
-35.78827     -54.82101 
-35.79554     -54.82363 
-35.79987     -54.82287 
-35.79598     -54.80898 
-35.7982      -54.80597 
-35.80833     -54.8026 
-35.80784     -54.80078 
-35.803       -54.79903 
-35.7779      -54.79669 
-35.77284     -54.79861 
-35.7781      -54.80836 
-35.76838     -54.81996 
-35.77163     -54.82151 
-35.78431     -54.8213 
 1             9 
1
 -9999.0   ,   9990.0 
 1131 
-37.03684     -54.12313 
-37.02203     -54.10895 
-36.9991      -54.09539 
-36.9925      -54.08596 
-36.99192     -54.08573 
-36.98606     -54.08338 
-36.97399     -54.08348 
-36.97834     -54.07947 
-36.96519     -54.0709 
-36.96292     -54.06685 
-36.96385     -54.06384 
-36.9669      -54.06308 
-36.97149     -54.06684 
-36.97744     -54.06829 
-36.97862     -54.06345 
-36.97477     -54.0592 
-36.97444     -54.05509 
-36.98373     -54.05438 
-36.99474     -54.05725 
-37.00441     -54.05976 
-37.01581     -54.07548 
-37.02073     -54.07374 
-37.02086     -54.06573 
-37.02839     -54.06254 
-37.03429     -54.0633 
-37.04982     -54.06745 
-37.05193     -54.06945 
-37.05029     -54.07315 
-37.05253     -54.0755 
-37.05285     -54.07583 
-37.05684     -54.07451 
-37.06043     -54.07333 
-37.06128     -54.0735 
-37.06637     -54.07454 
-37.09046     -54.08782 
-37.10676     -54.10568 
-37.10859     -54.11364 
-37.11324     -54.11933 
-37.12402     -54.12556 
-37.14194     -54.12528 
-37.16197     -54.12018 
-37.16272     -54.11737 
-37.15459     -54.11348 
-37.14975     -54.10695 
-37.14438     -54.09408 
-37.14691     -54.08668 
-37.14625     -54.08264 
-37.14602     -54.08122 
-37.12571     -54.07608 
-37.10826     -54.06764 
-37.09983     -54.06519 
-37.09748     -54.06451 
-37.09733     -54.06269 
-37.10227     -54.06117 
-37.1148      -54.06196 
-37.11798     -54.06142 
-37.11901     -54.06125 
-37.11937     -54.06119 
-37.12785     -54.05976 
-37.12908     -54.06064 
-37.13241     -54.06306 
-37.14699     -54.06494 
-37.15151     -54.06321 
-37.15053     -54.05944 
-37.14979     -54.05662 
-37.12196     -54.05443 
-37.12299     -54.0528 
-37.13641     -54.05036 
-37.12096     -54.04256 
-37.129       -54.04096 
-37.13566     -54.04243 
-37.14923     -54.04542 
-37.15581     -54.045 
-37.16686     -54.03759 
-37.17275     -54.0381 
-37.17643     -54.04029 
-37.18582     -54.04986 
-37.18174     -54.05685 
-37.18155     -54.05924 
-37.18137     -54.06166 
-37.18458     -54.06272 
-37.19875     -54.06002 
-37.19929     -54.05955 
-37.21036     -54.05006 
-37.21494     -54.04901 
-37.22102     -54.05181 
-37.22151     -54.06074 
-37.22168     -54.06393 
-37.21937     -54.0688 
-37.2338      -54.07341 
-37.22595     -54.07272 
-37.22097     -54.07378 
-37.22115     -54.08042 
-37.22342     -54.08189 
-37.2348      -54.08506 
-37.24641     -54.08403 
-37.24828     -54.08132 
-37.24767     -54.07621 
-37.25379     -54.07488 
-37.25765     -54.06996 
-37.26008     -54.06397 
-37.26695     -54.04703 
-37.27891     -54.05468 
-37.28974     -54.05568 
-37.31553     -54.05513 
-37.32722     -54.05239 
-37.35883     -54.04267 
-37.36088     -54.04375 
-37.3612      -54.05175 
-37.36331     -54.05352 
-37.38985     -54.05999 
-37.41218     -54.05981 
-37.41831     -54.06305 
-37.42567     -54.06259 
-37.4319      -54.05828 
-37.45749     -54.05703 
-37.46291     -54.05409 
-37.46828     -54.0473 
-37.46749     -54.04298 
-37.45533     -54.04198 
-37.4377      -54.03657 
-37.44252     -54.03391 
-37.45813     -54.03434 
-37.4578      -54.02898 
-37.43348     -54.02023 
-37.43548     -54.0165 
-37.446       -54.01663 
-37.45052     -54.01511 
-37.44744     -54.00697 
-37.43469     -54.0037 
-37.41685     -54.00426 
-37.40231     -54.00265 
-37.39874     -54.00184 
-37.38875     -53.99459 
-37.37148     -53.99718 
-37.36675     -53.99206 
-37.36615     -53.98544 
-37.38538     -53.98302 
-37.39524     -53.9889 
-37.39846     -53.98842 
-37.39907     -53.98832 
-37.40191     -53.98525 
-37.40111     -53.9807 
-37.41604     -53.98254 
-37.42415     -53.98617 
-37.42037     -53.99156 
-37.42733     -53.99547 
-37.43236     -53.99095 
-37.44557     -53.99077 
-37.45468     -53.99255 
-37.46276     -54.00008 
-37.4611      -54.00746 
-37.46282     -54.00923 
-37.46597     -54.0096 
-37.475       -54.00634 
-37.47701     -54.00696 
-37.49564     -54.01484 
-37.49475     -54.01785 
-37.49692     -54.0203 
-37.5212      -54.01357 
-37.53586     -54.01634 
-37.54572     -54.01782 
-37.54939     -54.0171 
-37.57105     -54.01404 
-37.56827     -54.00932 
-37.57107     -54.00602 
-37.57727     -54.00582 
-37.58225     -54.0091 
-37.61152     -54.00997 
-37.61994     -54.00856 
-37.64785     -53.9994 
-37.65076     -54.00136 
-37.65254     -54.00771 
-37.65669     -54.01033 
-37.69102     -54.01125 
-37.69515     -54.01012 
-37.6996      -54.00891 
-37.70019     -54.00555 
-37.70038     -54.00449 
-37.68289     -53.99572 
-37.68402     -53.99133 
-37.68045     -53.98664 
-37.67426     -53.98295 
-37.68272     -53.98199 
-37.70167     -53.98277 
-37.70419     -53.98287 
-37.71393     -53.97911 
-37.71403     -53.97224 
-37.71891     -53.97047 
-37.72656     -53.97384 
-37.72664     -53.97388 
-37.73806     -53.97143 
-37.74011     -53.97251 
-37.73908     -53.9778 
-37.74943     -53.9802 
-37.74997     -53.98179 
-37.74362     -53.9962 
-37.74567     -54.00117 
-37.75098     -54.00374 
-37.7711      -54.00649 
-37.77432     -54.00753 
-37.77418     -54.01005 
-37.77858     -54.01127 
-37.78782     -54.01027 
-37.80147     -54.01828 
-37.83303     -54.01856 
-37.83917     -54.01767 
-37.84076     -54.01469 
-37.83851     -54.00738 
-37.8518      -54.00028 
-37.86591     -53.9975 
-37.87325     -53.99702 
-37.88122     -53.9988 
-37.88648     -53.99701 
-37.90255     -53.99588 
-37.91804     -53.9975 
-37.92771     -54.00132 
-37.94856     -54.00284 
-37.96524     -54.0098 
-37.96562     -54.01346 
-37.96222     -54.01815 
-37.9629      -54.02088 
-37.96576     -54.02215 
-37.9707      -54.02106 
-37.97706     -54.01488 
-37.98046     -54.01384 
-37.98797     -54.01494 
-38.00717     -54.00509 
-38.01948     -54.0074 
-38.02118     -54.01237 
-38.01941     -54.01404 
-37.99561     -54.02618 
-37.99479     -54.02798 
-37.99952     -54.03216 
-38.01205     -54.03652 
-38.01385     -54.03875 
-38.0088      -54.0426 
-38.01824     -54.04706 
-38.0086      -54.05176 
-38.01581     -54.05357 
-38.01993     -54.05571 
-38.02015     -54.05776 
-38.01714     -54.05879 
-38.00234     -54.0552 
-37.99722     -54.05469 
-37.99657     -54.05586 
-38.01008     -54.06568 
-38.0075      -54.06715 
-38.00432     -54.06658 
-37.98569     -54.05992 
-37.9832      -54.05474 
-37.98939     -54.05062 
-37.99027     -54.04784 
-37.98362     -54.04396 
-37.97234     -54.04413 
-37.96871     -54.04289 
-37.9684      -54.03784 
-37.96802     -54.0326 
-37.96079     -54.03057 
-37.95623     -54.03532 
-37.94442     -54.0378 
-37.93873     -54.04304 
-37.92884     -54.04156 
-37.91355     -54.04439 
-37.90861     -54.04937 
-37.9012      -54.05306 
-37.88338     -54.05025 
-37.87357     -54.05334 
-37.86352     -54.05415 
-37.82549     -54.03257 
-37.81659     -54.0331 
-37.81585     -54.03559 
-37.82012     -54.041 
-37.81998     -54.04742 
-37.81193     -54.04861 
-37.8053      -54.0525 
-37.80097     -54.05196 
-37.79228     -54.04699 
-37.77436     -54.04692 
-37.75033     -54.05207 
-37.73876     -54.04688 
-37.72891     -54.04449 
-37.71072     -54.04539 
-37.70477     -54.04033 
-37.70231     -54.03514 
-37.69867     -54.03366 
-37.67837     -54.03319 
-37.67208     -54.03102 
-37.6687      -54.02985 
-37.66496     -54.03134 
-37.66863     -54.03414 
-37.66958     -54.03486 
-37.67301     -54.04207 
-37.67286     -54.0446 
-37.66955     -54.04653 
-37.65742     -54.04502 
-37.65654     -54.04491 
-37.64941     -54.04766 
-37.64279     -54.04765 
-37.62955     -54.04373 
-37.61058     -54.0419 
-37.60462     -54.04363 
-37.60444     -54.05394 
-37.60705     -54.05683 
-37.63399     -54.06145 
-37.64086     -54.06396 
-37.64096     -54.06406 
-37.64509     -54.0675 
-37.63395     -54.07313 
-37.63542     -54.07629 
-37.63802     -54.0768 
-37.64462     -54.07677 
-37.67911     -54.07667 
-37.69544     -54.08025 
-37.72054     -54.09362 
-37.72865     -54.10068 
-37.72718     -54.10553 
-37.71841     -54.11155 
-37.70422     -54.10607 
-37.67715     -54.10445 
-37.6724      -54.0998 
-37.66884     -54.09923 
-37.65332     -54.10409 
-37.6475      -54.1084 
-37.64694     -54.11302 
-37.64836     -54.1173 
-37.65407     -54.11987 
-37.68559     -54.12793 
-37.71554     -54.13775 
-37.7184      -54.13932 
-37.72544     -54.14315 
-37.72601     -54.14496 
-37.7168      -54.14444 
-37.7158      -54.14438 
-37.70863     -54.14691 
-37.69311     -54.1598 
-37.6888      -54.15971 
-37.68672     -54.15758 
-37.68308     -54.15715 
-37.68096     -54.1594 
-37.68163     -54.16223 
-37.68838     -54.16339 
-37.69073     -54.16743 
-37.68897     -54.16933 
-37.67117     -54.17518 
-37.65132     -54.17995 
-37.62641     -54.17688 
-37.61108     -54.17844 
-37.58103     -54.17629 
-37.55995     -54.17238 
-37.54342     -54.17108 
-37.53979     -54.16651 
-37.5381      -54.16438 
-37.53747     -54.15776 
-37.53959     -54.15541 
-37.5672      -54.15022 
-37.56853     -54.14761 
-37.56081     -54.14442 
-37.55542     -54.13704 
-37.53267     -54.13401 
-37.51048     -54.13641 
-37.49119     -54.13573 
-37.46887     -54.13383 
-37.45869     -54.13881 
-37.43117     -54.14247 
-37.41679     -54.14895 
-37.38179     -54.15048 
-37.33686     -54.14567 
-37.30793     -54.14516 
-37.28274     -54.14271 
-37.2557      -54.14474 
-37.24134     -54.14587 
-37.23482     -54.14824 
-37.25096     -54.15875 
-37.28467     -54.16028 
-37.29438     -54.16411 
-37.29942     -54.16808 
-37.33901     -54.16993 
-37.3477      -54.17033 
-37.39563     -54.18257 
-37.40938     -54.18329 
-37.40873     -54.19339 
-37.404       -54.1972 
-37.39977     -54.19802 
-37.38971     -54.20771 
-37.38557     -54.20944 
-37.37834     -54.20737 
-37.36907     -54.20857 
-37.34828     -54.21218 
-37.34524     -54.21415 
-37.33732     -54.22075 
-37.33276     -54.22226 
-37.31318     -54.22193 
-37.31217     -54.22379 
-37.31556     -54.2258 
-37.32        -54.22837 
-37.34029     -54.22776 
-37.34709     -54.22938 
-37.34688     -54.23145 
-37.33604     -54.23704 
-37.33811     -54.23835 
-37.36156     -54.2381 
-37.36877     -54.23994 
-37.39074     -54.24065 
-37.40952     -54.24488 
-37.41464     -54.24953 
-37.40783     -54.25639 
-37.41287     -54.26012 
-37.41179     -54.26977 
-37.40596     -54.27018 
-37.39183     -54.26556 
-37.3874      -54.26411 
-37.38121     -54.26498 
-37.37651     -54.26924 
-37.35586     -54.26598 
-37.35365     -54.26765 
-37.36097     -54.27498 
-37.36073     -54.28094 
-37.3503      -54.27393 
-37.33465     -54.26959 
-37.31251     -54.26728 
-37.3038      -54.27052 
-37.28034     -54.26206 
-37.26888     -54.26079 
-37.25916     -54.25261 
-37.25409     -54.24383 
-37.2477      -54.24198 
-37.22147     -54.25119 
-37.20831     -54.24782 
-37.19998     -54.247 
-37.19471     -54.24945 
-37.19445     -54.25106 
-37.20583     -54.25599 
-37.20677     -54.2578 
-37.20258     -54.25907 
-37.16539     -54.26357 
-37.16281     -54.26547 
-37.15971     -54.26579 
-37.15201     -54.26281 
-37.14191     -54.2656 
-37.13342     -54.26974 
-37.12513     -54.27822 
-37.11823     -54.28002 
-37.09552     -54.27997 
-37.09132     -54.28123 
-37.08726     -54.2889 
-37.08724     -54.29038 
-37.08709     -54.30789 
-37.09115     -54.31214 
-37.10375     -54.31751 
-37.10273     -54.31937 
-37.0733      -54.32844 
-37.06159     -54.33379 
-37.05107     -54.33454 
-37.0282      -54.34249 
-36.99894     -54.34924 
-36.98528     -54.35007 
-36.97704     -54.35487 
-36.96444     -54.35429 
-36.94593     -54.34953 
-36.92949     -54.33897 
-36.92011     -54.33945 
-36.90896     -54.34226 
-36.88781     -54.34259 
-36.86969     -54.3465 
-36.86104     -54.3513 
-36.85903     -54.35569 
-36.86108     -54.35697 
-36.8845      -54.3603 
-36.89783     -54.36521 
-36.90444     -54.36939 
-36.89992     -54.3718 
-36.89488     -54.36759 
-36.88788     -54.36845 
-36.88461     -54.37678 
-36.88741     -54.38747 
-36.88524     -54.38981 
-36.882       -54.38852 
-36.8755      -54.38068 
-36.85443     -54.38237 
-36.85059     -54.38417 
-36.8449      -54.388 
-36.83737     -54.39517 
-36.83735     -54.39998 
-36.83379     -54.40488 
-36.81181     -54.40552 
-36.79707     -54.40741 
-36.79449     -54.40954 
-36.79371     -54.41482 
-36.79529     -54.42005 
-36.80031     -54.42404 
-36.81005     -54.42815 
-36.81143     -54.4314 
-36.81066     -54.43614 
-36.81555     -54.4486 
-36.8126      -54.45623 
-36.80489     -54.45826 
-36.79345     -54.45786 
-36.75344     -54.46334 
-36.73406     -54.47339 
-36.7291      -54.47549 
-36.70463     -54.47976 
-36.66758     -54.47847 
-36.65897     -54.47949 
-36.65595     -54.48117 
-36.65474     -54.4915 
-36.65445     -54.50387 
-36.64251     -54.50736 
-36.63247     -54.5156 
-36.61678     -54.51094 
-36.61023     -54.51293 
-36.60753     -54.51918 
-36.6027      -54.51219 
-36.60231     -54.5058 
-36.59963     -54.50242 
-36.58506     -54.50231 
-36.57509     -54.50048 
-36.56419     -54.50211 
-36.53237     -54.49723 
-36.52917     -54.49674 
-36.51951     -54.49925 
-36.51508     -54.50347 
-36.51511     -54.50982 
-36.51511     -54.51095 
-36.51337     -54.51862 
-36.4972      -54.51917 
-36.48357     -54.51964 
-36.47974     -54.52096 
-36.47044     -54.52417 
-36.454       -54.52568 
-36.45739     -54.54666 
-36.46356     -54.54509 
-36.47574     -54.54419 
-36.48493     -54.54604 
-36.48986     -54.54891 
-36.49461     -54.55498 
-36.49425     -54.56117 
-36.49035     -54.56743 
-36.47239     -54.57569 
-36.46133     -54.57701 
-36.44529     -54.57737 
-36.43793     -54.57936 
-36.43304     -54.58291 
-36.41897     -54.58482 
-36.41929     -54.60129 
-36.41709     -54.60385 
-36.4092      -54.6038 
-36.40694     -54.60545 
-36.40188     -54.61838 
-36.38804     -54.63322 
-36.38231     -54.63872 
-36.37184     -54.64169 
-36.36201     -54.64236 
-36.3497      -54.64743 
-36.34212     -54.67048 
-36.33803     -54.67446 
-36.32243     -54.67776 
-36.32103     -54.67963 
-36.32412     -54.68551 
-36.32424     -54.69351 
-36.31677     -54.70328 
-36.31006     -54.71281 
-36.30612     -54.72525 
-36.29952     -54.72722 
-36.29653     -54.73093 
-36.30662     -54.73921 
-36.30675     -54.74126 
-36.29986     -54.74587 
-36.29113     -54.75692 
-36.27653     -54.75791 
-36.2706      -54.76565 
-36.2682      -54.7761 
-36.26653     -54.78123 
-36.25795     -54.78347 
-36.25509     -54.78799 
-36.26011     -54.79258 
-36.25633     -54.79541 
-36.24698     -54.79811 
-36.23079     -54.79883 
-36.22641     -54.80517 
-36.19687     -54.81492 
-36.17687     -54.82516 
-36.15734     -54.83012 
-36.1479      -54.83453 
-36.14154     -54.83798 
-36.13984     -54.84259 
-36.1289      -54.84555 
-36.12084     -54.85005 
-36.12075     -54.85532 
-36.12412     -54.85846 
-36.11781     -54.85927 
-36.11413     -54.85751 
-36.10374     -54.85634 
-36.09833     -54.85848 
-36.10145     -54.86462 
-36.11538     -54.86504 
-36.12188     -54.86743 
-36.12296     -54.87221 
-36.12085     -54.87683 
-36.1126      -54.885 
-36.09719     -54.88644 
-36.07324     -54.88461 
-36.05671     -54.88057 
-36.05451     -54.87695 
-36.0562      -54.87225 
-36.05599     -54.86823 
-36.04635     -54.86635 
-36.04197     -54.86697 
-36.03987     -54.87105 
-36.04708     -54.87892 
-36.03798     -54.87955 
-36.01874     -54.87647 
-36.01422     -54.86008 
-36.02347     -54.8551 
-36.02099     -54.85354 
-36.01623     -54.85363 
-36.00343     -54.8589 
-36.00751     -54.86775 
-35.99808     -54.86953 
-35.98653     -54.87592 
-35.9814      -54.8696 
-35.97736     -54.8683 
-35.96909     -54.8696 
-35.95937     -54.86634 
-35.95523     -54.86321 
-35.95628     -54.86067 
-35.96281     -54.85667 
-35.96409     -54.85623 
-35.97645     -54.85207 
-35.97632     -54.84979 
-35.97193     -54.84941 
-35.95797     -54.85538 
-35.93977     -54.85662 
-35.93172     -54.85448 
-35.92703     -54.84861 
-35.92871     -54.84309 
-35.94879     -54.84022 
-35.95149     -54.83879 
-35.95317     -54.83327 
-35.96992     -54.8277 
-35.98633     -54.83038 
-36.01269     -54.84019 
-36.02964     -54.83828 
-36.03702     -54.8354 
-36.03624     -54.83438 
-36.02855     -54.83304 
-36.01202     -54.83541 
-36.004       -54.83395 
-36.00029     -54.82464 
-35.98701     -54.82122 
-36.00841     -54.82083 
-36.01699     -54.81838 
-36.02938     -54.81998 
-36.0405      -54.81769 
-36.04418     -54.81513 
-36.04376     -54.81297 
-36.0339      -54.80891 
-36.03686     -54.80519 
-36.05855     -54.79632 
-36.06657     -54.79113 
-36.06968     -54.79016 
-36.07647     -54.79095 
-36.08555     -54.78267 
-36.0851      -54.7759 
-36.08259     -54.77367 
-36.07688     -54.77318 
-36.064       -54.78112 
-36.02803     -54.78961 
-36.01967     -54.79366 
-35.98654     -54.80589 
-35.9562      -54.80865 
-35.94304     -54.80805 
-35.92733     -54.81023 
-35.91784     -54.81124 
-35.90783     -54.80959 
-35.90612     -54.80733 
-35.90764     -54.79884 
-35.90542     -54.79495 
-35.89565     -54.78929 
-35.89122     -54.78837 
-35.8893      -54.78955 
-35.88811     -54.79689 
-35.8854      -54.79808 
-35.88265     -54.79603 
-35.87879     -54.79316 
-35.87792     -54.79158 
-35.88202     -54.7867 
-35.87797     -54.78517 
-35.86857     -54.78716 
-35.85396     -54.79565 
-35.8431      -54.79286 
-35.82123     -54.7914 
-35.81475     -54.78876 
-35.81305     -54.7865 
-35.81923     -54.78343 
-35.81865     -54.78 
-35.81738     -54.77842 
-35.80422     -54.77681 
-35.80137     -54.77526 
-35.79912     -54.77003 
-35.80169     -54.7661 
-35.79208     -54.7642 
-35.7921      -54.75688 
-35.81025     -54.75566 
-35.82114     -54.75936 
-35.83389     -54.75956 
-35.83889     -54.75792 
-35.83597     -54.74767 
-35.84107     -54.74667 
-35.84681     -54.75046 
-35.85275     -54.75059 
-35.85898     -54.74842 
-35.8599      -54.74338 
-35.85844     -54.73837 
-35.87334     -54.72827 
-35.87582     -54.73028 
-35.89155     -54.72606 
-35.90041     -54.72391 
-35.90068     -54.72161 
-35.91535     -54.71505 
-35.93808     -54.70379 
-35.94399     -54.69636 
-35.94377     -54.693 
-35.94056     -54.69139 
-35.93621     -54.69147 
-35.91792     -54.69683 
-35.91317     -54.69668 
-35.91191     -54.69533 
-35.91844     -54.68446 
-35.91959     -54.67666 
-35.92583     -54.67518 
-35.92037     -54.66933 
-35.92558     -54.66328 
-35.92023     -54.65949 
-35.92467     -54.65392 
-35.92304     -54.64571 
-35.92758     -54.6422 
-35.93874     -54.63769 
-35.93973     -54.63328 
-35.94543     -54.62929 
-35.942       -54.61811 
-35.93637     -54.61527 
-35.9292      -54.61402 
-35.91857     -54.61444 
-35.91567     -54.61198 
-35.91437     -54.60971 
-35.9166      -54.60738 
-35.9275      -54.60467 
-35.92922     -54.60007 
-35.91733     -54.59181 
-35.91535     -54.58109 
-35.91454     -54.57676 
-35.91133     -54.57567 
-35.90743     -54.57643 
-35.90251     -54.58017 
-35.89892     -54.57932 
-35.90408     -54.5655 
-35.88991     -54.55111 
-35.88803     -54.54542 
-35.89017     -54.54127 
-35.89406     -54.54028 
-35.90593     -54.54145 
-35.90617     -54.54579 
-35.92442     -54.55553 
-35.93598     -54.55784 
-35.95816     -54.56705 
-35.97287     -54.5693 
-35.9793      -54.57147 
-35.98379     -54.57551 
-35.99419     -54.57692 
-35.99632     -54.57488 
-35.99802     -54.56792 
-36.01573     -54.56051 
-36.02861     -54.5653 
-36.03773     -54.56628 
-36.05695     -54.56454 
-36.06934     -54.56594 
-36.07387     -54.55735 
-36.09254     -54.54647 
-36.09634     -54.53911 
-36.09306     -54.53525 
-36.0761      -54.52802 
-36.07735     -54.52251 
-36.0833      -54.51644 
-36.08193     -54.51326 
-36.03863     -54.51317 
-36.02762     -54.50651 
-36.02159     -54.50434 
-36.0046      -54.50305 
-36.00366     -54.50032 
-36.0071      -54.49866 
-36.01752     -54.49748 
-36.01922     -54.49729 
-36.0253      -54.49351 
-36.03391     -54.49267 
-36.04778     -54.48074 
-36.04344     -54.47373 
-36.04602     -54.46384 
-36.05032     -54.4633 
-36.05596     -54.46571 
-36.07058     -54.46703 
-36.08079     -54.45997 
-36.09556     -54.45717 
-36.09934     -54.45458 
-36.10327     -54.4545 
-36.11068     -54.46031 
-36.12567     -54.45453 
-36.13196     -54.45463 
-36.14117     -54.45742 
-36.14783     -54.45706 
-36.14958     -54.45337 
-36.14169     -54.44643 
-36.15275     -54.44736 
-36.1654      -54.44518 
-36.18182     -54.4342 
-36.18788     -54.424 
-36.18698     -54.4221 
-36.1835      -54.41835 
-36.16614     -54.41529 
-36.16363     -54.41282 
-36.16356     -54.40504 
-36.1566      -54.40037 
-36.156       -54.39696 
-36.17069     -54.39323 
-36.1748      -54.38971 
-36.15836     -54.37746 
-36.18972     -54.38347 
-36.19943     -54.3819 
-36.20632     -54.37901 
-36.21725     -54.3781 
-36.23153     -54.38056 
-36.24917     -54.3866 
-36.25748     -54.3878 
-36.26328     -54.38631 
-36.25672     -54.37569 
-36.2599      -54.37013 
-36.2578      -54.36542 
-36.25717     -54.36401 
-36.23424     -54.36105 
-36.22644     -54.35549 
-36.2217      -54.3485 
-36.21329     -54.34569 
-36.21971     -54.34167 
-36.23741     -54.34268 
-36.24569     -54.33725 
-36.25228     -54.33597 
-36.26692     -54.33818 
-36.2683      -54.33518 
-36.2666      -54.33316 
-36.25853     -54.32943 
-36.24441     -54.32927 
-36.24026     -54.32546 
-36.23656     -54.31639 
-36.24004     -54.31562 
-36.24685     -54.318 
-36.26423     -54.32039 
-36.26439     -54.31684 
-36.26036     -54.31367 
-36.25628     -54.31232 
-36.25451     -54.30892 
-36.25865     -54.30632 
-36.25966     -54.29598 
-36.26008     -54.29165 
-36.25639     -54.28898 
-36.24532     -54.28715 
-36.2479      -54.28458 
-36.26041     -54.28432 
-36.26764     -54.28737 
-36.27888     -54.28553 
-36.28803     -54.29404 
-36.29938     -54.29402 
-36.3032      -54.29257 
-36.3029      -54.28777 
-36.29997     -54.28486 
-36.28194     -54.27815 
-36.29194     -54.27542 
-36.29489     -54.27262 
-36.2923      -54.26877 
-36.29477     -54.26461 
-36.30251     -54.2633 
-36.30805     -54.2641 
-36.32172     -54.26998 
-36.3252      -54.26922 
-36.33082     -54.26544 
-36.3294      -54.26003 
-36.32927     -54.25952 
-36.33856     -54.25795 
-36.34741     -54.26188 
-36.35901     -54.2598 
-36.3724      -54.25516 
-36.39581     -54.24229 
-36.39974     -54.24861 
-36.39761     -54.25186 
-36.38477     -54.25878 
-36.38414     -54.26108 
-36.39324     -54.26866 
-36.39276     -54.27325 
-36.38883     -54.27883 
-36.37222     -54.28834 
-36.36793     -54.30056 
-36.35476     -54.30268 
-36.35367     -54.3039 
-36.35761     -54.3104 
-36.35476     -54.31481 
-36.34764     -54.31977 
-36.34995     -54.32521 
-36.34464     -54.32784 
-36.33913     -54.33963 
-36.32818     -54.34604 
-36.33333     -54.35117 
-36.33857     -54.3552 
-36.33671     -54.36279 
-36.34058     -54.36776 
-36.34955     -54.36732 
-36.38551     -54.35797 
-36.41142     -54.33623 
-36.41514     -54.33047 
-36.42492     -54.31533 
-36.4402      -54.3095 
-36.44504     -54.3174 
-36.44805     -54.3187 
-36.45714     -54.32262 
-36.47526     -54.35127 
-36.47954     -54.35804 
-36.49248     -54.3647 
-36.50235     -54.36414 
-36.50839     -54.36128 
-36.50817     -54.35808 
-36.49709     -54.34529 
-36.49264     -54.33782 
-36.4878      -54.32971 
-36.48749     -54.32514 
-36.4922      -54.31382 
-36.49099     -54.30767 
-36.48523     -54.30368 
-36.47373     -54.30142 
-36.48142     -54.29942 
-36.48686     -54.29206 
-36.49026     -54.28549 
-36.50675     -54.28053 
-36.50186     -54.27767 
-36.48601     -54.28055 
-36.4801      -54.28 
-36.46871     -54.27362 
-36.46635     -54.26772 
-36.46739     -54.26506 
-36.47101     -54.25572 
-36.47036     -54.25184 
-36.46394     -54.24375 
-36.47713     -54.24208 
-36.4848      -54.23412 
-36.48535     -54.2343 
-36.48879     -54.23541 
-36.49226     -54.24036 
-36.49475     -54.2403 
-36.49733     -54.24024 
-36.49938     -54.24729 
-36.50304     -54.24927 
-36.50655     -54.24919 
-36.51273     -54.24241 
-36.50786     -54.23405 
-36.52341     -54.23278 
-36.53129     -54.23923 
-36.54031     -54.23971 
-36.55424     -54.24877 
-36.56052     -54.24908 
-36.57012     -54.25206 
-36.57293     -54.25389 
-36.58611     -54.26244 
-36.59561     -54.26404 
-36.60847     -54.26877 
-36.61316     -54.28173 
-36.61811     -54.28319 
-36.62678     -54.28266 
-36.62846     -54.2802 
-36.62661     -54.27612 
-36.62904     -54.27194 
-36.63887     -54.27788 
-36.65838     -54.28245 
-36.66767     -54.28772 
-36.67097     -54.28681 
-36.66926     -54.27601 
-36.65531     -54.27245 
-36.65125     -54.2705 
-36.65104     -54.26752 
-36.66509     -54.26169 
-36.67513     -54.25984 
-36.67952     -54.25692 
-36.67864     -54.25427 
-36.66668     -54.24586 
-36.66052     -54.23703 
-36.65934     -54.2364 
-36.65731     -54.23533 
-36.64191     -54.23868 
-36.63678     -54.23262 
-36.62075     -54.23255 
-36.61104     -54.22797 
-36.60878     -54.22368 
-36.61034     -54.21266 
-36.60873     -54.21201 
-36.59963     -54.21589 
-36.58812     -54.21342 
-36.58245     -54.20509 
-36.58801     -54.20083 
-36.59025     -54.19392 
-36.59462     -54.18946 
-36.59284     -54.1863 
-36.58569     -54.18761 
-36.58127     -54.18841 
-36.57068     -54.18774 
-36.55842     -54.19673 
-36.5475      -54.19698 
-36.53761     -54.19515 
-36.53673     -54.1938 
-36.54069     -54.18949 
-36.54146     -54.18865 
-36.53228     -54.18589 
-36.51282     -54.19252 
-36.4888      -54.19536 
-36.4875      -54.19356 
-36.49287     -54.18062 
-36.49713     -54.18007 
-36.50329     -54.1845 
-36.51921     -54.18322 
-36.53201     -54.17629 
-36.54585     -54.17301 
-36.54699     -54.17274 
-36.54246     -54.16941 
-36.54297     -54.16551 
-36.554       -54.16136 
-36.58133     -54.16712 
-36.58952     -54.16693 
-36.59673     -54.16402 
-36.60293     -54.1689 
-36.60891     -54.1709 
-36.61572     -54.17317 
-36.63567     -54.17361 
-36.63448     -54.1789 
-36.64387     -54.17913 
-36.65247     -54.18465 
-36.66399     -54.18734 
-36.68483     -54.18386 
-36.70396     -54.18384 
-36.70778     -54.1826 
-36.70836     -54.17886 
-36.70511     -54.17283 
-36.69623     -54.16893 
-36.67868     -54.16913 
-36.6537      -54.16379 
-36.66475     -54.16009 
-36.705       -54.1607 
-36.71047     -54.15554 
-36.70949     -54.15281 
-36.70185     -54.1498 
-36.6881      -54.14854 
-36.68131     -54.14641 
-36.68037     -54.14414 
-36.68386     -54.13857 
-36.68268     -54.13457 
-36.68231     -54.13335 
-36.67424     -54.13492 
-36.6723      -54.1361 
-36.66565     -54.14016 
-36.64162     -54.14234 
-36.6392      -54.14126 
-36.63862     -54.13326 
-36.62254     -54.12656 
-36.63406     -54.1185 
-36.64826     -54.1209 
-36.65404     -54.11985 
-36.67292     -54.12213 
-36.66264     -54.11483 
-36.66187     -54.10959 
-36.66531     -54.10859 
-36.68163     -54.11322 
-36.70587     -54.10897 
-36.71893     -54.1111 
-36.72166     -54.11155 
-36.72474     -54.11101 
-36.72765     -54.10293 
-36.73191     -54.1026 
-36.73781     -54.10863 
-36.74141     -54.10991 
-36.74649     -54.11001 
-36.76336     -54.10615 
-36.76702     -54.1068 
-36.77244     -54.10776 
-36.77852     -54.11081 
-36.78362     -54.1164 
-36.78092     -54.12722 
-36.78383     -54.13471 
-36.78209     -54.14276 
-36.78393     -54.14637 
-36.78842     -54.149 
-36.79987     -54.15077 
-36.81024     -54.14867 
-36.81646     -54.14325 
-36.81499     -54.13413 
-36.8215      -54.12656 
-36.81899     -54.12221 
-36.81052     -54.1164 
-36.80604     -54.10873 
-36.80669     -54.10045 
-36.80742     -54.09107 
-36.81231     -54.08866 
-36.8184      -54.09194 
-36.82458     -54.09208 
-36.83923     -54.08911 
-36.84619     -54.08345 
-36.84766     -54.08226 
-36.85544     -54.08205 
-36.87371     -54.08661 
-36.87755     -54.08583 
-36.88304     -54.08133 
-36.89232     -54.0804 
-36.9007      -54.07308 
-36.9119      -54.07187 
-36.92656     -54.07995 
-36.94152     -54.08184 
-36.92338     -54.08896 
-36.92283     -54.09188 
-36.92256     -54.09333 
-36.93014     -54.09565 
-36.94611     -54.09545 
-36.97616     -54.11547 
-36.98144     -54.11807 
-36.99621     -54.11744 
-37.00345     -54.12503 
-37.01592     -54.12973 
-37.03245     -54.12675 
-37.03684     -54.12313 
