 2 
 1 
 1             1             
1
 -9999.0   ,   9990.0
   7
 6 
151.6794     -4.747972
151.6764     -4.7535
151.6748     -4.748694
151.673      -4.748472
151.6757     -4.742694
151.6794     -4.747972
 1 
 1             2             
1
 -9999.0   ,   9990.0
   7
 10 
151.1888     -4.946028
151.1909     -4.948528
151.1845     -4.954333
151.1827     -4.95525
151.1781     -4.953889
151.1762     -4.950917
151.1769     -4.947444
151.181      -4.944889
151.1851     -4.944417
151.1888     -4.946028
