 1 
 1 
 1             1             
1
 -9999.0   ,   9990.0
   7
 24 
-154.9143     -4.017342
-154.9177     -4.026354
-154.916      -4.037361
-154.9192     -4.040895
-154.9257     -4.035157
-154.9301     -4.034946
-154.9321     -4.030803
-154.9377     -4.028982
-154.9395     -4.026914
-154.9432     -4.020472
-154.9419     -4.014928
-154.9435     -4.008938
-154.9426     -4.006166
-154.9378     -4.001991
-154.9318     -4.004733
-154.9208     -4.001915
-154.9221     -4.006304
-154.9203     -4.006757
-154.9056     -3.997694
-154.9031     -3.998835
-154.9033     -4.000682
-154.9097     -4.007171
-154.9108     -4.012943
-154.9143     -4.017342
