 95 
 1             1 
1
 -9999.0   ,   9990.0 
 10 
 5.432863      5 
 5.444527      4.967708 
 5.446767      4.953657 
 5.444645      4.939855 
 5.446003      4.935015 
 5.452838      4.921866 
 5.45533       4.913568 
 5.459308      4.90872 
 5.46424       4.902711 
 5.463314      4.900643 
 1             2 
1
 -9999.0   ,   9990.0 
 3 
 8.298411      4.850421 
 8.290147      4.851068 
 8.288531      4.853129 
 1             3 
1
 -9999.0   ,   9990.0 
 2 
 8.265408      4.843118 
 8.271588      4.84591 
 1             4 
1
 -9999.0   ,   9990.0 
 5 
 8.256324      4.825817 
 8.259084      4.824681 
 8.263431      4.827004 
 8.266618      4.831622 
 8.262456      4.83735 
 1             5 
1
 -9999.0   ,   9990.0 
 13 
 8.300315      4.795913 
 8.305132      4.796168 
 8.307413      4.79871 
 8.308995      4.803319 
 8.306666      4.809518 
 8.296721      4.823728 
 8.288426      4.830126 
 8.283136      4.832398 
 8.280165      4.830082 
 8.279274      4.825247 
 8.283943      4.81078 
 8.295488      4.797268 
 8.300315      4.795913 
 1             6 
1
 -9999.0   ,   9990.0 
 13 
 8.309006      4.843345 
 8.324011      4.82686 
 8.328146      4.825962 
 8.336156      4.829914 
 8.338226      4.829235 
 8.334592      4.822085 
 8.333291      4.808045 
 8.346438      4.795921 
 8.360471      4.788863 
 8.37085       4.779025 
 8.375901      4.77836 
 8.382775      4.780235 
 8.393744      4.788572 
 1             7 
1
 -9999.0   ,   9990.0 
 7 
 5.45912       4.885468 
 5.458873      4.881326 
 5.481655      4.837953 
 5.505149      4.801021 
 5.516083      4.780257 
 5.519519      4.775238 
 5.540269      4.744931 
 1             8 
1
 -9999.0   ,   9990.0 
 4 
 8.539299      4.728801 
 8.542276      4.729736 
 8.543801      4.731796 
 8.546262      4.735122 
 1             9 
1
 -9999.0   ,   9990.0 
 22 
 8.478456      4.736551 
 8.473387      4.740667 
 8.465052      4.755117 
 8.461598      4.75717 
 8.460574      4.752026 
 8.45981       4.74819 
 8.450921      4.736874 
 8.448402      4.73594 
 8.44151       4.737746 
 8.435128      4.729893 
 8.429174      4.727562 
 8.420459      4.726828 
 8.41517       4.729102 
 8.411465      4.735524 
 8.404832      4.73158 
 8.397238      4.735682 
 8.38797       4.752658 
 8.388408      4.75657 
 8.402788      4.770676 
 8.39841       4.774104 
 8.397932      4.777782 
 8.401112      4.78378 
 1             10 
1
 -9999.0   ,   9990.0 
 6 
 8.551889      4.732349 
 8.551108      4.728005 
 8.549891      4.721262 
 8.552226      4.713452 
 8.557086      4.705424 
 8.565394      4.695803 
 1             11 
1
 -9999.0   ,   9990.0 
 18 
 8.475514      4.728945 
 8.474832      4.727332 
 8.469091      4.728453 
 8.466358      4.724759 
 8.459579      4.704941 
 8.45983       4.700802 
 8.474076      4.696962 
 8.484429      4.691263 
 8.489021      4.690596 
 8.493598      4.692919 
 8.509646      4.695529 
 8.508896      4.707027 
 8.519461      4.705009 
 8.530677      4.710125 
 8.531599      4.711647 
 8.532496      4.713125 
 8.531089      4.7191 
 8.527482      4.726633 
 1             12 
1
 -9999.0   ,   9990.0 
 5 
 8.557921      4.685531 
 8.556486      4.688169 
 8.557393      4.690243 
 8.562905      4.68912 
 8.56687       4.689936 
 1             13 
1
 -9999.0   ,   9990.0 
 11 
 8.531593      4.665962 
 8.542593      4.668317 
 8.544176      4.672695 
 8.543211      4.681892 
 8.541357      4.685564 
 8.537682      4.686236 
 8.529672      4.682516 
 8.526714      4.67767 
 8.526514      4.672148 
 8.528148      4.666636 
 8.531593      4.665962 
 1             14 
1
 -9999.0   ,   9990.0 
 9 
 8.644446      4.716199 
 8.646609      4.696656 
 8.650797      4.684944 
 8.65633       4.679679 
 8.662066      4.679707 
 8.66117       4.675332 
 8.662557      4.673268 
 8.673366      4.667799 
 8.675681      4.663899 
 1             15 
1
 -9999.0   ,   9990.0 
 20 
 8.250161      4.819804 
 8.261015      4.807209 
 8.269346      4.794371 
 8.275806      4.787963 
 8.286618      4.783189 
 8.308271      4.76766 
 8.31428       4.759639 
 8.317993      4.751838 
 8.318015      4.747927 
 8.313697      4.740083 
 8.314696      4.725136 
 8.310344      4.723963 
 8.313143      4.720416 
 8.309906      4.718475 
 8.311828      4.717147 
 8.318176      4.718482 
 8.324888      4.707246 
 8.323491      4.668821 
 8.320764      4.663977 
 8.316868      4.663266 
 1             16 
1
 -9999.0   ,   9990.0 
 18 
 8.329203      4.638287 
 8.332365      4.639882 
 8.335127      4.638286 
 8.33883       4.632324 
 8.34163       4.623597 
 8.338013      4.613686 
 8.339873      4.609095 
 8.340371      4.601736 
 8.336745      4.593665 
 8.332865      4.589965 
 8.320028      4.588058 
 8.315432      4.589644 
 8.310278      4.609402 
 8.311185      4.611247 
 8.319656      4.614511 
 8.324006      4.630924 
 8.324601      4.63317 
 8.329203      4.638287 
 1             17 
1
 -9999.0   ,   9990.0 
 17 
 8.517778      4.586988 
 8.514331      4.588122 
 8.511774      4.59455 
 8.498832      4.61289 
 8.502436      4.625791 
 8.507889      4.635939 
 8.514044      4.643561 
 8.516963      4.655768 
 8.515996      4.665195 
 8.522661      4.662928 
 8.537579      4.661621 
 8.542844      4.664177 
 8.547181      4.668339 
 8.548062      4.670938 
 8.551476      4.681013 
 8.553531      4.682863 
 8.556755      4.681947 
 1             18 
1
 -9999.0   ,   9990.0 
 16 
 8.674672      4.54427 
 8.673689      4.557378 
 8.670238      4.559433 
 8.665849      4.565392 
 8.666984      4.567929 
 8.663009      4.582863 
 8.663647      4.592988 
 8.661676      4.619894 
 8.654624      4.653907 
 8.649524      4.664464 
 8.635674      4.68119 
 8.633361      4.684861 
 8.636029      4.701666 
 8.63393       4.708558 
 8.635984      4.710867 
 8.63709       4.718925 
 1             19 
1
 -9999.0   ,   9990.0 
 10 
 5.695715      4.543505 
 5.693427      4.545127 
 5.683338      4.546783 
 5.674191      4.554421 
 5.64198       4.588867 
 5.621665      4.61497 
 5.60954       4.632343 
 5.58927       4.661385 
 5.566684      4.694172 
 5.547534      4.725333 
 1             20 
1
 -9999.0   ,   9990.0 
 32 
 8.31207       4.659561 
 8.318996      4.651775 
 8.32658       4.649054 
 8.329823      4.64332 
 8.319563      4.631534 
 8.31826       4.618185 
 8.315291      4.615639 
 8.309557      4.615379 
 8.307511      4.612608 
 8.307813      4.598577 
 8.306468      4.592818 
 8.295533      4.578729 
 8.290274      4.57571 
 8.29304       4.573194 
 8.299236      4.572767 
 8.286246      4.557285 
 8.280111      4.546441 
 8.282656      4.542544 
 8.279236      4.538615 
 8.271901      4.537656 
 8.242358      4.538301 
 8.237948      4.538398 
 8.203066      4.540973 
 8.193191      4.543221 
 8.1496        4.544367 
 8.124585      4.546533 
 8.116714      4.546094 
 8.037673      4.541686 
 8.011062      4.541998 
 8.000753      4.53987 
 7.995242      4.54076 
 7.992014      4.543502 
 1             21 
1
 -9999.0   ,   9990.0 
 26 
 8.799891      4.549917 
 8.801522      4.544633 
 8.798788      4.54071 
 8.793756      4.537926 
 8.787591      4.531916 
 8.781631      4.531199 
 8.778205      4.528192 
 8.768348      4.526766 
 8.751498      4.548082 
 8.747589      4.550135 
 8.742512      4.556092 
 8.738374      4.558143 
 8.73057       4.559027 
 8.719072      4.564724 
 8.707775      4.576174 
 8.702024      4.579367 
 8.704772      4.58053 
 8.705445      4.583524 
 8.701264      4.593856 
 8.697255      4.615922 
 8.697935      4.617535 
 8.705278      4.61711 
 8.693999      4.624878 
 8.690048      4.635211 
 8.678506      4.649419 
 8.680775      4.654491 
 1             22 
1
 -9999.0   ,   9990.0 
 13 
 8.824638      4.555781 
 8.830164      4.551206 
 8.831334      4.54638 
 8.834531      4.549615 
 8.840267      4.549181 
 8.841882      4.547348 
 8.837299      4.546177 
 8.836855      4.543185 
 8.840798      4.53423 
 8.854366      4.52716 
 8.858742      4.523039 
 8.862416      4.522366 
 8.869268      4.528838 
 1             23 
1
 -9999.0   ,   9990.0 
 4 
 5.732985      4.512257 
 5.714225      4.525465 
 5.706686      4.533326 
 5.70327       4.539557 
 1             24 
1
 -9999.0   ,   9990.0 
 4 
 8.882391      4.518545 
 8.887946      4.507988 
 8.898289      4.503664 
 8.899889      4.504591 
 1             25 
1
 -9999.0   ,   9990.0 
 19 
 8.525398      4.577594 
 8.524727      4.574141 
 8.526351      4.570468 
 8.523407      4.563091 
 8.525032      4.559419 
 8.519068      4.55939 
 8.51748       4.555931 
 8.513334      4.559131 
 8.500494      4.558147 
 8.494973      4.56111 
 8.494763      4.557199 
 8.498245      4.549394 
 8.502588      4.508237 
 8.506061      4.502273 
 8.513198      4.497017 
 8.516262      4.496499 
 8.523759      4.495229 
 8.526751      4.493173 
 8.543032      4.493944 
 1             26 
1
 -9999.0   ,   9990.0 
 8 
 5.745729      4.488256 
 5.746892      4.491475 
 5.741876      4.498864 
 5.728152      4.509286 
 5.726995      4.506759 
 5.731095      4.500064 
 5.74092       4.49012 
 5.745729      4.488256 
 1             27 
1
 -9999.0   ,   9990.0 
 3 
 5.754663      4.484532 
 5.746708      4.502065 
 5.735958      4.509942 
 1             28 
1
 -9999.0   ,   9990.0 
 24 
 8.55316       4.487322 
 8.554785      4.483418 
 8.564659      4.481166 
 8.574977      4.481907 
 8.593534      4.486369 
 8.601799      4.484798 
 8.618078      4.486027 
 8.632771      4.483337 
 8.657086      4.483223 
 8.672474      4.479156 
 8.674893      4.479388 
 8.682562      4.480124 
 8.691952      4.482929 
 8.699959      4.487108 
 8.713179      4.504194 
 8.714308      4.507649 
 8.710622      4.510623 
 8.703522      4.508519 
 8.703509      4.51128 
 8.706022      4.513362 
 8.703684      4.522323 
 8.704352      4.526237 
 8.689826      4.541351 
 8.684778      4.541788 
 1             29 
1
 -9999.0   ,   9990.0 
 33 
 7.598925      4.493591 
 7.599207      4.485081 
 7.602912      4.479582 
 7.608427      4.478005 
 7.614618      4.478273 
 7.622858      4.481083 
 7.623535      4.482928 
 7.626291      4.482255 
 7.656281      4.491637 
 7.661318      4.493047 
 7.664053      4.495824 
 7.659898      4.50017 
 7.66057       4.502705 
 7.666103      4.498137 
 7.672771      4.495646 
 7.678045      4.495908 
 7.685815      4.500556 
 7.701176      4.501797 
 7.71904       4.506274 
 7.764202      4.510451 
 7.774969      4.512815 
 7.775405      4.516498 
 7.794678      4.51569 
 7.813002      4.520168 
 7.884963      4.531165 
 7.900102      4.532187 
 7.937013      4.534681 
 7.929966      4.538767 
 7.935609      4.539275 
 7.941586      4.537007 
 7.967737      4.536925 
 7.981258      4.539071 
 7.987662      4.542327 
 1             30 
1
 -9999.0   ,   9990.0 
 8 
 7.109399      4.465399 
 7.112365      4.46772 
 7.11606       4.464063 
 7.118582      4.46431 
 7.120621      4.468004 
 7.128635      4.469898 
 7.140978      4.476191 
 7.14837       4.468648 
 1             31 
1
 -9999.0   ,   9990.0 
 2 
 7.100156      4.458235 
 7.103221      4.463287 
 1             32 
1
 -9999.0   ,   9990.0 
 5 
 7.08561       4.456038 
 7.097808      4.449908 
 7.105372      4.450649 
 7.10443       4.454323 
 7.100571      4.454581 
 1             33 
1
 -9999.0   ,   9990.0 
 15 
 7.591593      4.492167 
 7.583412      4.480154 
 7.581034      4.457134 
 7.57967       4.455286 
 7.574171      4.454332 
 7.525314      4.454722 
 7.493587      4.452568 
 7.465705      4.450673 
 7.436182      4.440596 
 7.422193      4.440278 
 7.414187      4.437007 
 7.400886      4.436693 
 7.370262      4.441696 
 7.330396      4.448208 
 7.321888      4.451375 
 1             34 
1
 -9999.0   ,   9990.0 
 12 
 7.017931      4.458343 
 7.027658      4.444835 
 7.024914      4.443666 
 7.019838      4.448003 
 7.018938      4.445467 
 7.02634       4.436544 
 7.030932      4.435885 
 7.03688       4.437996 
 7.06163       4.441154 
 7.07466       4.447453 
 7.076249      4.449764 
 7.075547      4.451829 
 1             35 
1
 -9999.0   ,   9990.0 
 7 
 5.769273      4.46743 
 5.785504      4.453772 
 5.800382      4.445415 
 5.811586      4.436615 
 5.825774      4.428031 
 5.84131       4.413225 
 5.848643      4.411118 
 1             36 
1
 -9999.0   ,   9990.0 
 29 
 7.164273      4.457481 
 7.159747      4.448479 
 7.141793      4.424204 
 7.139112      4.413834 
 7.141193      4.411317 
 7.144871      4.410192 
 7.145344      4.408124 
 7.143291      4.4065 
 7.140765      4.406943 
 7.13428       4.416102 
 7.13041       4.411936 
 7.128423      4.40065 
 7.131721      4.388019 
 7.136326      4.385289 
 7.141837      4.384405 
 7.150412      4.385043 
 7.196165      4.388444 
 7.205116      4.387352 
 7.214025      4.392702 
 7.220222      4.392053 
 7.223178      4.395752 
 7.248801      4.405352 
 7.258658      4.406106 
 7.270055      4.411555 
 7.27329       4.413102 
 7.308086      4.422989 
 7.313344      4.425553 
 7.3147        4.428553 
 7.309514      4.449685 
 1             37 
1
 -9999.0   ,   9990.0 
 8 
 6.87045       4.394064 
 6.906494      4.389023 
 6.936357      4.382327 
 6.950634      4.374143 
 6.965074      4.375392 
 6.970098      4.378417 
 6.97077       4.380723 
 6.968683      4.383929 
 1             38 
1
 -9999.0   ,   9990.0 
 20 
 6.972556      4.387637 
 6.975578      4.381906 
 6.98343       4.374138 
 6.98895       4.371875 
 6.996283      4.372845 
 7.006979      4.384651 
 7.011546      4.387442 
 7.014683      4.393649 
 7.014224      4.398043 
 7.007869      4.388567 
 7.006297      4.38693 
 7.005134      4.387418 
 7.013042      4.403096 
 7.013476      4.40655 
 7.008626      4.411348 
 7.001467      4.418431 
 6.997279      4.426915 
 6.989313      4.450787 
 6.992441      4.462541 
 6.991503      4.465525 
 1             39 
1
 -9999.0   ,   9990.0 
 12 
 6.723287      4.352077 
 6.729976      4.346833 
 6.738016      4.34505 
 6.757502      4.346109 
 6.782018      4.349273 
 6.803079      4.354483 
 6.846298      4.358859 
 6.859226      4.360168 
 6.86861       4.362763 
 6.870197      4.365305 
 6.868112      4.368282 
 6.856357      4.376482 
 1             40 
1
 -9999.0   ,   9990.0 
 4 
 6.403471      4.337538 
 6.411505      4.336678 
 6.421101      4.341352 
 6.430039      4.342109 
 1             41 
1
 -9999.0   ,   9990.0 
 6 
 5.853443      4.407182 
 5.855247      4.400037 
 5.881078      4.378965 
 5.954814      4.335548 
 5.960705      4.332079 
 5.965749      4.331365 
 1             42 
1
 -9999.0   ,   9990.0 
 9 
 6.603456      4.336949 
 6.610389      4.329867 
 6.613644      4.32391 
 6.616867      4.322322 
 6.621677      4.323048 
 6.62646       4.327454 
 6.633316      4.330724 
 6.702499      4.340885 
 6.70475       4.346653 
 1             43 
1
 -9999.0   ,   9990.0 
 12 
 6.433989      4.335466 
 6.429217      4.329679 
 6.43545       4.324435 
 6.447657      4.317624 
 6.455475      4.314922 
 6.457526      4.316547 
 6.466252      4.315002 
 6.493476      4.323717 
 6.541563      4.326619 
 6.575998      4.328696 
 6.585393      4.329685 
 6.592248      4.332956 
 1             44 
1
 -9999.0   ,   9990.0 
 10 
 6.23659       4.299224 
 6.238419      4.299929 
 6.241424      4.296961 
 6.250374      4.29611 
 6.288669      4.296405 
 6.299432      4.298327 
 6.339322      4.300013 
 6.41149       4.308841 
 6.415142      4.311169 
 6.39824       4.331977 
 1             45 
1
 -9999.0   ,   9990.0 
 9 
 5.981055      4.317247 
 5.988363      4.310305 
 5.995477      4.31073 
 6             4.312031 
 6.018454      4.3051 
 6.034526      4.302698 
 6.051085      4.296848 
 6.056672      4.293461 
 6.062577      4.293719 
 1             46 
1
 -9999.0   ,   9990.0 
 10 
 6.224251      4.293608 
 6.220397      4.288056 
 6.21354       4.285242 
 6.161735      4.282538 
 6.138597      4.279596 
 6.113831      4.279631 
 6.101935      4.278377 
 6.090231      4.277144 
 6.084265      4.277556 
 6.080341      4.280746 
 1             47 
1
 -9999.0   ,   9990.0 
 5 
 9.528216      4.024734 
 9.533254      4.026133 
 9.538301      4.025232 
 9.540614      4.019949 
 9.556224      4.014715 
 1             48 
1
 -9999.0   ,   9990.0 
 45 
 9.562919      4.013208 
 9.567003      4.013374 
 9.572061      4.009482 
 9.584683      4.005847 
 9.593392      4.006339 
 9.603919      4.011208 
 9.614664      4.018839 
 9.624514      4.020715 
 9.62611       4.023021 
 9.621736      4.027606 
 9.624937      4.029919 
 9.636635      4.02835 
 9.643468      4.039878 
 9.647354      4.042653 
 9.65534       4.052573 
 9.654543      4.055725 
 9.653711      4.05901 
 9.668389      4.057451 
 9.678228      4.062547 
 9.691743      4.065586 
 9.692418      4.068809 
 9.687576      4.076384 
 9.684796      4.084196 
 9.685691      4.08972 
 9.690933      4.098021 
 9.697729      4.119901 
 9.699567      4.118757 
 9.700967      4.11232 
 9.695758      4.095277 
 9.696457      4.092289 
 9.701958      4.092768 
 9.703566      4.091624 
 9.699692      4.085399 
 9.700848      4.083102 
 9.717784      4.090753 
 9.718481      4.088225 
 9.713018      4.078313 
 9.711891      4.072558 
 9.705256      4.069084 
 9.690639      4.054079 
 9.681759      4.038173 
 9.678327      4.036551 
 9.674674      4.032397 
 9.673547      4.027331 
 9.675197      4.015374 
 1             49 
1
 -9999.0   ,   9990.0 
 4 
 9.471079      3.981729 
 9.468086      3.984939 
 9.462582      3.985608 
 9.46097       3.987442 
 1             50 
1
 -9999.0   ,   9990.0 
 6 
 9.669255      4.010292 
 9.661438      4.016476 
 9.658459      4.016005 
 9.643876      3.992947 
 9.635921      3.974974 
 9.63694       3.968512 
 1             51 
1
 -9999.0   ,   9990.0 
 14 
 9.478211      3.975084 
 9.483736      3.969353 
 9.483066      3.96498 
 9.499396      3.951237 
 9.517716      3.955677 
 9.523445      3.956159 
 9.527578      3.954103 
 9.532611      3.956883 
 9.536698      3.96679 
 9.529503      3.98931 
 9.529926      3.998054 
 9.525061      4.011149 
 9.524691      4.011518 
 9.521379      4.014816 
 1             52 
1
 -9999.0   ,   9990.0 
 122 
 8.908424      4.494507 
 8.895204      4.476734 
 8.891075      4.476716 
 8.890409      4.472342 
 8.893434      4.463153 
 8.900108      4.458352 
 8.902191      4.45422 
 8.894171      4.452804 
 8.888682      4.449328 
 8.881607      4.441935 
 8.880969      4.43135 
 8.883061      4.425608 
 8.886285      4.422862 
 8.884691      4.420324 
 8.881957      4.4164 
 8.883376      4.407435 
 8.89009       4.394122 
 8.893148      4.378262 
 8.892059      4.365604 
 8.893232      4.360088 
 8.899028      4.347001 
 8.902298      4.334363 
 8.909926      4.321973 
 8.91202       4.315311 
 8.908922      4.301363 
 8.906854      4.292052 
 8.90734       4.286303 
 8.910566      4.283097 
 8.916079      4.281051 
 8.924641      4.264525 
 8.93386       4.254673 
 8.943288      4.248964 
 8.956834      4.245342 
 8.965338      4.241009 
 8.97063       4.237121 
 8.977778      4.22841 
 8.985383      4.220392 
 8.990028      4.207529 
 8.996022      4.200423 
 8.997886      4.193989 
 8.996068      4.190531 
 8.999764      4.184335 
 9.000248      4.179046 
 8.996382      4.171897 
 8.995731      4.164072 
 8.991189      4.15462 
 8.988798      4.126082 
 8.992267      4.119656 
 8.989189      4.113513 
 8.985452      4.106052 
 8.980878      4.103501 
 8.978838      4.098431 
 8.979534      4.096594 
 8.987568      4.094558 
 8.993549      4.089983 
 9.002539      4.07944 
 9.014481      4.07466 
 9.014504      4.069829 
 9.020714      4.065715 
 9.025285      4.068726 
 9.028497      4.068279 
 9.034944      4.062096 
 9.05906       4.052307 
 9.064997      4.049214 
 9.073078      4.045004 
 9.100672      4.025796 
 9.10759       4.016853 
 9.116326      4.011369 
 9.12296       4.014388 
 9.123208      4.010248 
 9.127118      4.007273 
 9.131238      4.008671 
 9.13717       4.015138 
 9.143354      4.016314 
 9.150233      4.015882 
 9.155305      4.009462 
 9.166275      4.009022 
 9.170896      4.008837 
 9.173864      4.011379 
 9.179831      4.010024 
 9.184866      4.011885 
 9.200688      4.01103 
 9.21216       4.008546 
 9.214009      4.005103 
 9.211055      3.999109 
 9.216124      3.993149 
 9.216136      3.990388 
 9.214541      3.988081 
 9.21018       3.989443 
 9.209042      3.987598 
 9.216196      3.976584 
 9.216899      3.972906 
 9.213041      3.964148 
 9.214666      3.959324 
 9.211937      3.954251 
 9.212415      3.949882 
 9.215448      3.944421 
 9.216111      3.943225 
 9.218862      3.943237 
 9.221146      3.945086 
 9.222941      3.954066 
 9.225462      3.954077 
 9.227765      3.951555 
 9.236011      3.953199 
 9.239479      3.946081 
 9.239286      3.937568 
 9.250298      3.935542 
 9.254176      3.939929 
 9.257384      3.940172 
 9.258521      3.942247 
 9.255983      3.946148 
 9.257339      3.950525 
 9.267628      3.956778 
 9.272672      3.956338 
 9.275405      3.960721 
 9.271252      3.966685 
 9.272618      3.969221 
 9.279725      3.96902 
 9.285012      3.96536 
 9.286421      3.965583 
 9.287991      3.965832 
 9.288899      3.967906 
 1             53 
1
 -9999.0   ,   9990.0 
 14 
 9.69017       3.934905 
 9.687181      3.937655 
 9.659904      3.937329 
 9.654393      3.94007 
 9.647528      3.937055 
 9.642712      3.937728 
 9.640196      3.936109 
 9.636525      3.937016 
 9.633536      3.939536 
 9.630533      3.945507 
 9.626115      3.962055 
 9.627931      3.966663 
 9.632741      3.9676 
 9.633911      3.966153 
 1             54 
1
 -9999.0   ,   9990.0 
 12 
 9.460871      3.930165 
 9.462022      3.932705 
 9.457292      3.933364 
 9.455568      3.941047 
 9.457714      3.939111 
 9.461602      3.944193 
 9.461124      3.949253 
 9.464282      3.961918 
 9.461271      3.969499 
 9.459204      3.970411 
 9.458501      3.974319 
 9.452608      3.983906 
 1             55 
1
 -9999.0   ,   9990.0 
 13 
 9.293726      3.964705 
 9.315414      3.931202 
 9.326231      3.920892 
 9.360483      3.896871 
 9.380232      3.887746 
 9.387805      3.886037 
 9.407304      3.881639 
 9.418537      3.881222 
 9.430219      3.882877 
 9.451273      3.89124 
 9.476889      3.90468 
 9.478259      3.906296 
 9.464913      3.918899 
 1             56 
1
 -9999.0   ,   9990.0 
 14 
 9.696441      3.913302 
 9.692095      3.910756 
 9.683604      3.913257 
 9.679482      3.912552 
 9.678349      3.908637 
 9.680204      3.903352 
 9.686421      3.895782 
 9.689636      3.894183 
 9.692634      3.889362 
 9.69975       3.886396 
 9.698384      3.883861 
 9.699772      3.880415 
 9.712656      3.867347 
 9.718627      3.864376 
 1             57 
1
 -9999.0   ,   9990.0 
 8 
 9.713395      3.853545 
 9.702159      3.855117 
 9.696433      3.853946 
 9.690719      3.850015 
 9.687764      3.843333 
 9.686878      3.835047 
 9.687816      3.829529 
 9.690354      3.824937 
 1             58 
1
 -9999.0   ,   9990.0 
 20 
 9.678689      3.818685 
 9.676615      3.821898 
 9.666702      3.837047 
 9.658231      3.834716 
 9.657531      3.838165 
 9.658892      3.84162 
 9.656125      3.845981 
 9.645566      3.850315 
 9.644401      3.855142 
 9.631318      3.860157 
 9.625103      3.867266 
 9.620285      3.868399 
 9.614344      3.863547 
 9.610217      3.863992 
 9.605226      3.85086 
 9.597484      3.837489 
 9.597591      3.836624 
 9.599141      3.823921 
 9.596673      3.810338 
 9.591191      3.805948 
 1             59 
1
 -9999.0   ,   9990.0 
 10 
 9.640797      3.63505 
 9.639234      3.634866 
 9.634234      3.62821 
 9.630997      3.616679 
 9.632789      3.606225 
 9.634691      3.60798 
 9.634824      3.615481 
 9.638232      3.627535 
 9.641862      3.63087 
 9.640797      3.63505 
 1             60 
1
 -9999.0   ,   9990.0 
 37 
 9.579328      3.791641 
 9.571277      3.799203 
 9.567604      3.8008 
 9.56371       3.800096 
 9.564156      3.803319 
 9.552198      3.813857 
 9.549213      3.814996 
 9.545549      3.814293 
 9.546248      3.811305 
 9.576875      3.774147 
 9.59235       3.748541 
 9.615161      3.710789 
 9.638468      3.668542 
 9.641958      3.645173 
 9.643704      3.643439 
 9.644542      3.649025 
 9.644301      3.651307 
 9.643445      3.659309 
 9.645864      3.661765 
 9.647274      3.657762 
 9.647016      3.641365 
 9.653513      3.628796 
 9.648704      3.627629 
 9.648951      3.623489 
 9.659724      3.622376 
 9.66276       3.62035 
 9.66173       3.618077 
 9.651949      3.618208 
 9.646902      3.6198 
 9.642299      3.614303 
 9.641191      3.626331 
 9.639976      3.626324 
 9.637203      3.608106 
 9.635756      3.598595 
 9.636694      3.593077 
 9.642888      3.591029 
 9.646111      3.586899 
 1             61 
1
 -9999.0   ,   9990.0 
 11 
 9.637686      3.551241 
 9.636398      3.549385 
 9.631171      3.55232 
 9.629599      3.55423 
 9.629579      3.557718 
 9.631472      3.561042 
 9.632689      3.560701 
 9.634802      3.55548 
 9.643889      3.569176 
 9.645228      3.578384 
 9.648421      3.581846 
 1             62 
1
 -9999.0   ,   9990.0 
 24 
 9.646742      3.54158 
 9.652948      3.536311 
 9.658907      3.535872 
 9.686948      3.511816 
 9.70027       3.50266 
 9.712684      3.490971 
 9.717278      3.487996 
 9.720483      3.488698 
 9.732674      3.475167 
 9.743472      3.466922 
 9.744438      3.466016 
 9.779333      3.433227 
 9.79912       3.409369 
 9.816131      3.392863 
 9.829248      3.375883 
 9.830765      3.374315 
 9.847872      3.35662 
 9.859841      3.340097 
 9.864681      3.331601 
 9.874332      3.322891 
 9.887914      3.303611 
 9.895995      3.285004 
 9.898106      3.270978 
 9.900182      3.266614 
 1             63 
1
 -9999.0   ,   9990.0 
 157 
 8.877951      3.762323 
 8.872671      3.76414 
 8.867648      3.760206 
 8.856191      3.759924 
 8.843381      3.755035 
 8.816329      3.756982 
 8.809244      3.753038 
 8.806035      3.753253 
 8.800271      3.760359 
 8.790651      3.759164 
 8.787199      3.762369 
 8.783762      3.762123 
 8.779431      3.757502 
 8.776912      3.75703 
 8.767297      3.754915 
 8.762482      3.755352 
 8.756724      3.761308 
 8.74596       3.759877 
 8.733124      3.760507 
 8.728986      3.763018 
 8.726668      3.768299 
 8.730759      3.77522 
 8.729139      3.778433 
 8.719477      3.78598 
 8.700702      3.78221 
 8.695686      3.777125 
 8.689963      3.775718 
 8.685862      3.770867 
 8.684313      3.764618 
 8.682492      3.757277 
 8.678411      3.748516 
 8.649063      3.705814 
 8.63083       3.686172 
 8.62582       3.679936 
 8.622432      3.670258 
 8.616265      3.666086 
 8.612401      3.660086 
 8.611359      3.639376 
 8.612302      3.634089 
 8.608794      3.603014 
 8.611134      3.593593 
 8.60729       3.583222 
 8.607998      3.579314 
 8.609636      3.57242 
 8.608332      3.55861 
 8.604696      3.552842 
 8.591242      3.540123 
 8.587129      3.538033 
 8.582789      3.535481 
 8.573258      3.51749 
 8.573506      3.51381 
 8.582014      3.50764 
 8.583402      3.504886 
 8.581443      3.484862 
 8.576921      3.473337 
 8.573735      3.468951 
 8.561624      3.46314 
 8.555669      3.462881 
 8.541674      3.466723 
 8.519453      3.466613 
 8.511885      3.468186 
 8.486449      3.46944 
 8.482756      3.474943 
 8.477949      3.473999 
 8.470182      3.469819 
 8.466772      3.464741 
 8.459461      3.461023 
 8.455136      3.45594 
 8.449469      3.444179 
 8.440599      3.431942 
 8.436095      3.417425 
 8.430036      3.393469 
 8.424591      3.383549 
 8.42558       3.369751 
 8.423114      3.359617 
 8.425008      3.348123 
 8.424581      3.34214 
 8.427376      3.333412 
 8.430836      3.328829 
 8.429961      3.321003 
 8.439658      3.306328 
 8.439462      3.299886 
 8.440598      3.29864 
 8.44384       3.295077 
 8.442496      3.289319 
 8.447601      3.276692 
 8.459559      3.26755 
 8.465281      3.26827 
 8.477456      3.261429 
 8.483658      3.258009 
 8.495354      3.255077 
 8.517801      3.254728 
 8.54972       3.238322 
 8.557748      3.236061 
 8.562553      3.236775 
 8.569861      3.241181 
 8.594589      3.242222 
 8.620542      3.227625 
 8.624436      3.227874 
 8.628541      3.231114 
 8.632664      3.230904 
 8.647348      3.225683 
 8.669626      3.213137 
 8.677887      3.209956 
 8.684744      3.212749 
 8.693611      3.225674 
 8.698858      3.22984 
 8.701785      3.239976 
 8.711327      3.255663 
 8.714729      3.262351 
 8.742988      3.29124 
 8.760754      3.311337 
 8.764616      3.318026 
 8.771592      3.343594 
 8.769226      3.358996 
 8.769803      3.360696 
 8.771258      3.364987 
 8.76566       3.385665 
 8.767235      3.391654 
 8.770658      3.394431 
 8.778661      3.397228 
 8.788011      3.406013 
 8.792825      3.405116 
 8.799874      3.415961 
 8.807639      3.420828 
 8.811741      3.425218 
 8.808504      3.431414 
 8.810313      3.436254 
 8.80915       3.440159 
 8.810914      3.4542 
 8.816854      3.457448 
 8.826181      3.471294 
 8.847751      3.511882 
 8.855896      3.533315 
 8.891189      3.579485 
 8.898454      3.593781 
 8.901426      3.595175 
 8.90619       3.605319 
 8.918271      3.618716 
 8.931009      3.638558 
 8.937553      3.660213 
 8.937982      3.666656 
 8.936097      3.677691 
 8.936729      3.689427 
 8.934314      3.707553 
 8.93388       3.710809 
 8.931559      3.717011 
 8.922359      3.724332 
 8.921402      3.73284 
 8.916338      3.737648 
 8.9156        3.748458 
 8.909841      3.754414 
 8.903421      3.755536 
 8.898568      3.764026 
 8.88457       3.767874 
 8.881594      3.767171 
 8.877951      3.762323 
 1             64 
1
 -9999.0   ,   9990.0 
 79 
 9.898245      3.260931 
 9.903698      3.243851 
 9.911058      3.234903 
 9.919358      3.218827 
 9.924191      3.212172 
 9.931081      3.206443 
 9.934808      3.199205 
 9.924447      3.204351 
 9.923768      3.201818 
 9.928609      3.192862 
 9.943402      3.153113 
 9.963217      3.11798 
 9.969831      3.099747 
 9.975469      3.084204 
 9.974341      3.079369 
 9.969535      3.078434 
 9.965198      3.074509 
 9.966844      3.061863 
 9.965949      3.055649 
 9.961618      3.050344 
 9.95936       3.040676 
 9.960069      3.034237 
 9.957806      3.026639 
 9.954612      3.022948 
 9.950753      3.013275 
 9.932045      2.994122 
 9.928156      2.992959 
 9.914938      2.975434 
 9.911529      2.967602 
 9.907931      2.949418 
 9.905199      2.945039 
 9.906597      2.938143 
 9.902721      2.933529 
 9.902739      2.928009 
 9.898876      2.920175 
 9.901         2.90201 
 9.898759      2.888201 
 9.899696      2.881994 
 9.895344      2.8829 
 9.893516      2.881974 
 9.887635      2.861483 
 9.884274      2.84077 
 9.888001      2.822381 
 9.894709      2.802621 
 9.893348      2.799397 
 9.889695      2.796395 
 9.887433      2.788566 
 9.880836      2.777044 
 9.878117      2.769215 
 9.879542      2.754499 
 9.876404      2.735858 
 9.862276      2.7181 
 9.861609      2.712348 
 9.863923      2.705225 
 9.861439      2.696017 
 9.852112      2.679885 
 9.848769      2.654573 
 9.847379      2.651842 
 9.845133      2.647431 
 9.843631      2.619136 
 9.840444      2.614295 
 9.839339      2.603482 
 9.834806      2.591047 
 9.833023      2.577931 
 9.826881      2.56756 
 9.824918      2.540874 
 9.827516      2.518344 
 9.822069      2.505676 
 9.829502      2.474883 
 9.826787      2.466134 
 9.830976      2.446599 
 9.830574      2.444239 
 9.829408      2.437395 
 9.822122      2.427481 
 9.820998      2.421728 
 9.826143      2.390468 
 9.826208      2.37253 
 9.823508      2.360102 
 9.82491       2.351598 
 1             65 
1
 -9999.0   ,   9990.0 
 30 
 9.822182      2.346989 
 9.817861      2.339846 
 9.814894      2.337536 
 9.802311      2.337723 
 9.793875      2.329876 
 9.78473       2.328465 
 9.780396      2.325001 
 9.778591      2.317865 
 9.779765      2.309591 
 9.790635      2.277202 
 9.791583      2.268007 
 9.788881      2.256499 
 9.789654      2.252294 
 9.795647      2.219729 
 9.792556      2.189134 
 9.795597      2.170288 
 9.790673      2.140608 
 9.787503      2.131629 
 9.785858      2.128129 
 9.782738      2.121495 
 9.767688      2.109027 
 9.765231      2.092693 
 9.775382      2.068814 
 9.783748      2.032282 
 9.788144      2.018271 
 9.792519      2.009778 
 9.803447      1.960381 
 9.807758      1.946985 
 9.810616      1.938103 
 9.815275      1.931235 
 1             66 
1
 -9999.0   ,   9990.0 
 20 
 9.742741      1.836237 
 9.739413      1.837847 
 9.739404      1.840376 
 9.749884      1.850528 
 9.758097      1.855614 
 9.76151       1.860224 
 9.760346      1.865738 
 9.763997      1.86759 
 9.774969      1.868547 
 9.780438      1.873854 
 9.791801      1.892515 
 9.792467      1.898265 
 9.790392      1.903087 
 9.791986      1.904931 
 9.798846      1.904495 
 9.802726      1.906807 
 9.807506      1.912571 
 9.809421      1.919633 
 9.81044       1.923387 
 9.813622      1.928916 
 1             67 
1
 -9999.0   ,   9990.0 
 30 
 9.743776      1.833322 
 9.742192      1.82843 
 9.742911      1.819467 
 9.741554      1.815323 
 9.743619      1.813491 
 9.731371      1.78701 
 9.696752      1.751945 
 9.688996      1.74732 
 9.681911      1.746606 
 9.676255      1.738005 
 9.663727      1.718954 
 9.663518      1.713896 
 9.660321      1.712965 
 9.658287      1.706751 
 9.649848      1.701663 
 9.645962      1.701419 
 9.642783      1.695891 
 9.636408      1.689201 
 9.630469      1.688031 
 9.623404      1.682718 
 9.622287      1.675817 
 9.612033      1.667275 
 9.609774      1.66014 
 9.609838      1.643806 
 9.609852      1.639911 
 9.607411      1.620823 
 9.615224      1.610277 
 9.619802      1.608225 
 9.626694      1.599285 
 9.628087      1.593773 
 1             68 
1
 -9999.0   ,   9990.0 
 97 
 7.437871      1.691383 
 7.445024      1.697711 
 7.449141      1.697276 
 7.456966      1.68905 
 7.464983      1.686571 
 7.466374      1.683591 
 7.465528      1.673011 
 7.463379      1.672604 
 7.463017      1.672536 
 7.458191      1.676413 
 7.453615      1.677074 
 7.450592      1.67544 
 7.449742      1.674981 
 7.445687      1.66576 
 7.436109      1.662252 
 7.433635      1.65603 
 7.424995      1.648849 
 7.425234      1.647241 
 7.426384      1.646099 
 7.436426      1.648691 
 7.440282      1.653313 
 7.442569      1.653097 
 7.446272      1.645994 
 7.456321      1.647436 
 7.45725       1.645144 
 7.45593       1.637089 
 7.460493      1.638497 
 7.463943      1.635301 
 7.459214      1.624237 
 7.454453      1.618 
 7.452172      1.617297 
 7.448044      1.618809 
 7.444153      1.620234 
 7.430282      1.609113 
 7.428023      1.604961 
 7.428051      1.600594 
 7.432219      1.592345 
 7.430274      1.575092 
 7.426673      1.566335 
 7.429212      1.562673 
 7.428318      1.559449 
 7.426727      1.55806 
 7.423068      1.558497 
 7.416862      1.563744 
 7.406868      1.554027 
 7.405523      1.550111 
 7.40859       1.535419 
 7.406098      1.531955 
 7.403356      1.531938 
 7.402421      1.53515 
 7.4033        1.540442 
 7.400766      1.543415 
 7.386383      1.541025 
 7.383526      1.54564 
 7.380146      1.551099 
 7.369397      1.55218 
 7.360883      1.563227 
 7.360406      1.563846 
 7.356049      1.566117 
 7.352174      1.564483 
 7.349247      1.557798 
 7.344218      1.557766 
 7.34052       1.563949 
 7.342025      1.57844 
 7.336915      1.590821 
 7.338004      1.598873 
 7.332743      1.599529 
 7.331096      1.606645 
 7.33312       1.611715 
 7.337897      1.615193 
 7.343235      1.614434 
 7.34754       1.608589 
 7.350071      1.608791 
 7.356907      1.609338 
 7.363059      1.612366 
 7.364612      1.619502 
 7.369376      1.625049 
 7.371171      1.630118 
 7.368136      1.639754 
 7.368786      1.645275 
 7.375138      1.652671 
 7.370514      1.660688 
 7.370934      1.666208 
 7.368604      1.67309 
 7.371536      1.679085 
 7.371488      1.686441 
 7.373536      1.687833 
 7.384072      1.684682 
 7.391166      1.687205 
 7.394988      1.693487 
 7.395171      1.700385 
 7.398137      1.701323 
 7.405951      1.694936 
 7.420343      1.696406 
 7.426548      1.691388 
 7.436386      1.69007 
 7.437871      1.691383 
 1             69 
1
 -9999.0   ,   9990.0 
 10 
 7.27375       1.397105 
 7.276937      1.398965 
 7.278054      1.402879 
 7.276183      1.409303 
 7.271364      1.412259 
 7.267259      1.411083 
 7.264759      1.408998 
 7.265024      1.403484 
 7.268252      1.399138 
 7.27375       1.397105 
 1             70 
1
 -9999.0   ,   9990.0 
 10 
 7.277893      1.35852 
 7.281772      1.359235 
 7.283807      1.362466 
 7.283317      1.367519 
 7.280317      1.371866 
 7.277113      1.372535 
 7.272563      1.369517 
 7.271909      1.364917 
 7.273537      1.36056 
 7.277893      1.35852 
 1             71 
1
 -9999.0   ,   9990.0 
 122 
 9.619634      1.592593 
 9.613462      1.592571 
 9.611196      1.587735 
 9.606621      1.588638 
 9.606639      1.583811 
 9.594338      1.573422 
 9.593244      1.560776 
 9.585289      1.549024 
 9.583716      1.542352 
 9.578716      1.534748 
 9.569018      1.501614 
 9.564032      1.49098 
 9.562215      1.486729 
 9.563875      1.482597 
 9.564466      1.478868 
 9.558168      1.456727 
 9.559761      1.452287 
 9.564769      1.449876 
 9.567522      1.442141 
 9.556055      1.451547 
 9.555696      1.460192 
 9.561891      1.480002 
 9.560663      1.485429 
 9.558106      1.487093 
 9.550111      1.485684 
 9.545551      1.483139 
 9.542828      1.478072 
 9.539461      1.46243 
 9.531711      1.457345 
 9.515548      1.441425 
 9.490925      1.427083 
 9.476572      1.415996 
 9.472743      1.40831 
 9.467052      1.396884 
 9.46045       1.390423 
 9.459782      1.386054 
 9.465846      1.355509 
 9.463792      1.354812 
 9.462717      1.338031 
 9.463658      1.3316 
 9.459354      1.32216 
 9.455713      1.318469 
 9.443853      1.312909 
 9.437725      1.303003 
 9.434535      1.300692 
 9.431839      1.289651 
 9.425248      1.280893 
 9.421369      1.279729 
 9.416106      1.281547 
 9.410624      1.281296 
 9.400144      1.273671 
 9.398332      1.269758 
 9.400432      1.259424 
 9.393186      1.243539 
 9.393894      1.237797 
 9.389142      1.226748 
 9.389858      1.219397 
 9.387376      1.211804 
 9.381909      1.207646 
 9.378966      1.20143 
 9.375366      1.187858 
 9.371048      1.182326 
 9.371071      1.176811 
 9.365561      1.183224 
 9.357811      1.179057 
 9.348679      1.177412 
 9.346865      1.174418 
 9.348252      1.170287 
 9.354426      1.169163 
 9.364079      1.154953 
 9.366156      1.150136 
 9.364358      1.142776 
 9.361852      1.140927 
 9.366219      1.13497 
 9.368949      1.137508 
 9.369509      1.136871 
 9.372163      1.133844 
 9.376501      1.134321 
 9.388701      1.11162 
 9.389646      1.104041 
 9.391482      1.10198 
 9.396042      1.104295 
 9.400383      1.104083 
 9.402429      1.106159 
 9.404718      1.105248 
 9.412062      1.096775 
 9.41389       1.096782 
 9.415011      1.101841 
 9.420251      1.105308 
 9.421602      1.110139 
 9.440326      1.112279 
 9.453789      1.115777 
 9.456995      1.118563 
 9.460163      1.121316 
 9.467009      1.122721 
 9.475897      1.128499 
 9.481124      1.135182 
 9.495292      1.134087 
 9.499409      1.132494 
 9.508761      1.136206 
 9.512876      1.135531 
 9.525929      1.127308 
 9.532321      1.128481 
 9.539645      1.125061 
 9.555239      1.109493 
 9.560876      1.100467 
 9.562825      1.097343 
 9.578954      1.061787 
 9.581272      1.053065 
 9.580613      1.046169 
 9.587292      1.031948 
 9.601885      1.038664 
 9.60826       1.043972 
 9.618079      1.044697 
 9.62628       1.0507 
 9.633356      1.052358 
 9.637234      1.053267 
 9.642244      1.057191 
 9.645194      1.062257 
 9.650673      1.063195 
 9.657051      1.067813 
 9.661846      1.06852 
 1             72 
1
 -9999.0   ,   9990.0 
 9 
 9.502096      .973963 
 9.505064      .974434 
 9.510069      .979277 
 9.509588      .985249 
 9.505209      .995342 
 9.502463      .996481 
 9.500892      .989812 
 9.500711      .977634 
 9.502096      .973963 
 1             73 
1
 -9999.0   ,   9990.0 
 21 
 9.316606      .872849 
 9.318888      .873087 
 9.321386      .876314 
 9.332582      .87521 
 9.340098      .879834 
 9.342611      .879614 
 9.343518      .881455 
 9.333639      .895201 
 9.331719      .917478 
 9.329659      .918848 
 9.323491      .919053 
 9.319822      .922485 
 9.308186      .919911 
 9.306151      .915078 
 9.304219      .890291 
 9.303984      .887271 
 9.299447      .880132 
 9.300824      .878529 
 9.306292      .881308 
 9.309262      .88109 
 9.316606      .872849 
 1             74 
1
 -9999.0   ,   9990.0 
 7 
 9.394337      .796427 
 9.396151      .79942 
 9.395462      .800336 
 9.385641      .800758 
 9.384051      .798684 
 9.386112      .797314 
 9.394337      .796427 
 1             75 
1
 -9999.0   ,   9990.0 
 2 
 9.549702      .59902 
 9.548097      .600852 
 1             76 
1
 -9999.0   ,   9990.0 
 8 
 9.572264      .550185 
 9.572006      .557992 
 9.565287      .58346 
 9.561633      .583677 
 9.559569      .586195 
 9.561823      .593553 
 9.56044       .596993 
 9.554278      .59674 
 1             77 
1
 -9999.0   ,   9990.0 
 70 
 9.613252      .5174941 
 9.611872      .5204741 
 9.614126      .527831 
 9.6164        .530136 
 9.616143      .537713 
 9.619322      .542088 
 9.619454      .566892 
 9.623092      .57081 
 9.623767      .573568 
 9.620771      .580906 
 9.621878      .590097 
 9.616798      .605007 
 9.617245      .607535 
 9.614954      .609364 
 9.611987      .609354 
 9.608766      .615773 
 9.609203      .620827 
 9.613506      .63003 
 9.613681      .632188 
 9.614159      .638071 
 9.612724      .655062 
 9.614032      .670915 
 9.616296      .676206 
 9.613985      .683318 
 9.615314      .694118 
 9.612534      .704674 
 9.618812      .734328 
 9.615774      .752693 
 9.611388      .765311 
 9.612742      .769221 
 9.60585       .779992 
 9.602592      .79629 
 9.592214      .82221 
 9.583965      .829532 
 9.580043      .840084 
 9.578271      .857057 
 9.577909      .860522 
 9.570686      .897483 
 9.572918      .910586 
 9.569001      .919302 
 9.561442      .925018 
 9.554084      .937856 
 9.554049      .946586 
 9.555619      .954174 
 9.564259      .964085 
 9.568171      .971416 
 9.573102      .980659 
 9.57987       1.002282 
 9.583736      1.006661 
 9.587161      1.006903 
 9.592854      1.011289 
 9.596523      1.007627 
 9.599954      1.00649 
 9.602919      1.00719 
 9.608374      1.014562 
 9.611339      1.015722 
 9.616832      1.012525 
 9.624592      1.013932 
 9.626206      1.010032 
 9.631445      1.013956 
 9.640574      1.015827 
 9.649009      1.020223 
 9.653802      1.021159 
 9.656321      1.01887 
 9.659049      1.022786 
 9.659939      1.028993 
 9.662211      1.032447 
 9.663529      1.046468 
 9.662816      1.053588 
 9.665299      1.061179 
 1             78 
1
 -9999.0   ,   9990.0 
 5 
 9.576182      .540783 
 9.578701      .538726 
 9.580092      .533219 
 9.578076      .523566 
 9.579707      .5148461 
 1             79 
1
 -9999.0   ,   9990.0 
 5 
 9.606192      .513334 
 9.603456      .512635 
 9.599109      .514916 
 9.596372      .514447 
 9.59115       .507079 
 1             80 
1
 -9999.0   ,   9990.0 
 78 
 9.561843      .29595 
 9.557303      .289734 
 9.553427      .289031 
 9.543606      .291061 
 9.531439      .309154 
 9.518699      .299004 
 9.516213      .292796 
 9.510312      .284738 
 9.502526      .291597 
 9.497706      .298696 
 9.493321      .311307 
 9.484362      .325279 
 9.484226      .325846 
 9.479257      .346613 
 9.473044      .359218 
 9.452648      .379806 
 9.443909      .396075 
 9.433128      .409812 
 9.42346       .429752 
 9.422602      .43321 
 9.420442      .441911 
 9.414919      .453141 
 9.397941      .474432 
 9.393331      .485437 
 9.384833      .498034 
 9.376354      .5060391 
 9.344103      .5217581 
 9.341585      .5219511 
 9.338394      .522195 
 9.33498       .519655 
 9.331366      .510684 
 9.322949      .503762 
 9.314243      .511076 
 9.310792      .517722 
 9.313715      .528297 
 9.313222      .537022 
 9.310206      .548493 
 9.312455      .55654 
 9.310576      .568934 
 9.310704      .59282 
 9.312564      .595038 
 9.31979       .603651 
 9.320899      .611464 
 9.327949      .618152 
 9.333211      .615188 
 9.340059      .615444 
 9.347802      .620068 
 9.351681      .620773 
 9.356258      .617805 
 9.377718      .618119 
 9.385467      .621364 
 9.405454      .646477 
 9.409137      .646624 
 9.411845      .646731 
 9.438811      .640634 
 9.438059      .638309 
 9.434247      .637239 
 9.43842       .635867 
 9.448631      .639752 
 9.453856      .646433 
 9.464356      .646933 
 9.467085      .649469 
 9.469117      .655219 
 9.476418      .656395 
 9.484164      .660559 
 9.498535      .663828 
 9.500116      .668198 
 9.503311      .66844 
 9.50821       .664947 
 9.509722      .66387 
 9.517716      .663441 
 9.522324      .652663 
 9.526218      .649232 
 9.525321      .645095 
 9.530816      .640981 
 9.537034      .627453 
 9.537759      .61735 
 9.540759      .609093 
 1             81 
1
 -9999.0   ,   9990.0 
 11 
 9.55286       .258952 
 9.554443      .262632 
 9.561978      .261741 
 9.564004      .268636 
 9.563074      .272995 
 9.546844      .279823 
 9.542754      .275445 
 9.546425      .270408 
 9.546688      .261685 
 9.549666      .258941 
 9.55286       .258952 
 1             82 
1
 -9999.0   ,   9990.0 
 21 
 9.572345      .29507 
 9.573502      .290941 
 9.584492      .281568 
 9.592285      .272642 
 9.597082      .271512 
 9.598926      .266238 
 9.606939      .259839 
 9.613571      .256419 
 9.621103      .255987 
 9.625459      .250493 
 9.630711      .249593 
 9.644914      .23541 
 9.657001      .23729 
 9.662509      .229045 
 9.664208      .224487 
 9.664814      .222854 
 9.666647      .221024 
 9.673729      .218754 
 9.678997      .213492 
 9.685844      .213287 
 9.710437      .226918 
 1             83 
1
 -9999.0   ,   9990.0 
 2 
 9.416596      .210227 
 9.412247      .213194 
 1             84 
1
 -9999.0   ,   9990.0 
 25 
 9.717292      .224187 
 9.716162      .221199 
 9.718237      .215696 
 9.724653      .208372 
 9.731515      .204034 
 9.74251       .192823 
 9.764676      .183947 
 9.776549      .181692 
 9.793235      .173943 
 9.802136      .173285 
 9.805772      .17697 
 9.810766      .190727 
 9.811196      .19191 
 9.814167      .190543 
 9.814645      .184575 
 9.812616      .177452 
 9.814908      .174935 
 9.820849      .172889 
 9.840466      .174332 
 9.86008       .176693 
 9.878774      .181345 
 9.904286      .194055 
 9.915         .197075 
 9.915789      .197565 
 9.922059      .201459 
 1             85 
1
 -9999.0   ,   9990.0 
 8 
 9.905951      .174777 
 9.921646      .188832 
 9.920497      .191124 
 9.913651      .19156 
 9.903191      .180966 
 9.898194      .174293 
 9.899569      .17269 
 9.905951      .174777 
 1             86 
1
 -9999.0   ,   9990.0 
 16 
 9.476711      .145474 
 9.463529      .171609 
 9.459416      .172971 
 9.460084      .177106 
 9.458931      .180086 
 9.455729      .18191 
 9.451852      .181206 
 9.448672      .177751 
 9.443869      .180258 
 9.440273      .166929 
 9.438332      .164779 
 9.437883      .19355 
 9.431931      .198348 
 9.431463      .20133 
 9.425738      .206129 
 9.422319      .205198 
 1             87 
1
 -9999.0   ,   9990.0 
 7 
 9.833502      .143548 
 9.847851      .150712 
 9.859711      .152128 
 9.889089      .167835 
 9.902549      .168797 
 9.908468      .172719 
 9.926897      .18816 
 1             88 
1
 -9999.0   ,   9990.0 
 17 
 9.588926      .138101 
 9.586388      .145667 
 9.577906      .155967 
 9.549811      .163668 
 9.545702      .163883 
 9.541601      .162261 
 9.533381      .163607 
 9.523782      .167933 
 9.518058      .172733 
 9.515778      .172265 
 9.508046      .165579 
 9.506466      .161441 
 9.507633      .154788 
 9.5065        .152718 
 9.501488      .150863 
 9.498316      .145341 
 9.498552      .143047 
 1             89 
1
 -9999.0   ,   9990.0 
 8 
 9.815031      .140501 
 9.807274      .140475 
 9.79725       .136309 
 9.783798      .133738 
 9.764631      .133902 
 9.759624      .130212 
 9.758732      .1247 
 9.761269      .117363 
 1             90 
1
 -9999.0   ,   9990.0 
 25 
 9.59922       .131252 
 9.605596      .134719 
 9.609259      .131518 
 9.614716      .136359 
 9.616289      .142792 
 9.627202      .152932 
 9.635643      .153421 
 9.639992      .149764 
 9.647526      .148643 
 9.650273      .146128 
 9.655352      .130536 
 9.658548      .130088 
 9.667966      .113365 
 9.670941      .11085 
 9.675045      .111783 
 9.668865      .116811 
 9.664955      .125291 
 9.666764      .129429 
 9.671084      .133576 
 9.695041      .133661 
 9.706248      .126584 
 9.715156      .12409 
 9.718361      .121117 
 9.742565      .115692 
 9.749142      .109785 
 1             91 
1
 -9999.0   ,   9990.0 
 164 
 6.52479       .024766 
 6.536413      .032156 
 6.541592      .035449 
 6.54197       .045781 
 6.545371      .04856 
 6.547884      .04812 
 6.550193      .044464 
 6.551384      .037817 
 6.555736      .035553 
 6.563935      .03745 
 6.566363      .048256 
 6.573378      .055882 
 6.574027      .060707 
 6.571655      .072626 
 6.573427      .079754 
 6.576588      .084139 
 6.580451      .086233 
 6.587757      .085598 
 6.588683      .084492 
 6.595584      .076244 
 6.603542      .079975 
 6.606928      .08482 
 6.609889      .08553 
 6.614014      .083036 
 6.618802      .08353 
 6.626238      .095979 
 6.632129      .101531 
 6.635082      .102413 
 6.642374      .10459 
 6.645532      .109433 
 6.656735      .106301 
 6.659219      .109762 
 6.65937       .120093 
 6.658719      .124648 
 6.658648      .125138 
 6.653614      .127167 
 6.6538        .132908 
 6.660631      .134793 
 6.666066      .140342 
 6.672665      .142685 
 6.678285      .154204 
 6.680786      .15537 
 6.680513      .161337 
 6.682101      .162725 
 6.687587      .161388 
 6.689165      .163924 
 6.686159      .169412 
 6.687279      .172175 
 6.694355      .171767 
 6.696166      .173846 
 6.695662      .18027 
 6.697929      .1832 
 6.706738      .194583 
 6.709887      .200804 
 6.713754      .202439 
 6.720369      .202716 
 6.725139      .205735 
 6.738039      .22029 
 6.741858      .228583 
 6.748655      .235289 
 6.753171      .241749 
 6.754959      .247043 
 6.751237      .256659 
 6.753462      .264481 
 6.757992      .269105 
 6.753358      .278715 
 6.756263      .28723 
 6.759211      .289777 
 6.765825      .290283 
 6.766644      .291469 
 6.768535      .294206 
 6.767829      .297186 
 6.75979       .304246 
 6.75604       .317766 
 6.749403      .320244 
 6.747313      .325281 
 6.749073      .334248 
 6.749196      .348714 
 6.747351      .351227 
 6.743703      .350742 
 6.740765      .346817 
 6.737125      .345184 
 6.73323       .347223 
 6.731143      .3518 
 6.733576      .358987 
 6.734494      .361697 
 6.731721      .36627 
 6.723299      .363225 
 6.719617      .367331 
 6.720507      .370553 
 6.728414      .381631 
 6.728339      .382029 
 6.727939      .384153 
 6.722214      .386638 
 6.711473      .388628 
 6.705953      .394329 
 6.70233       .40229 
 6.700849      .405544 
 6.696722      .40804 
 6.685993      .408192 
 6.675213      .415233 
 6.669731      .415882 
 6.663359      .41331 
 6.653318      .413008 
 6.643305      .409032 
 6.639648      .409694 
 6.635511      .413568 
 6.634438      .41338 
 6.631408      .412849 
 6.628693      .409614 
 6.619553      .410926 
 6.612533      .403526 
 6.608152      .396648 
 6.606216      .393606 
 6.582271      .37287 
 6.57787       .369059 
 6.573119      .363513 
 6.56765       .362325 
 6.559884      .363186 
 6.546042      .352522 
 6.535147      .344635 
 6.528589      .33655 
 6.519711      .333499 
 6.512919      .326331 
 6.501563      .319129 
 6.498633      .314285 
 6.493787      .291289 
 6.489074      .280922 
 6.483184      .275138 
 6.478179      .273035 
 6.475499      .265438 
 6.47467       .254412 
 6.470389      .247263 
 6.47228       .238782 
 6.470726      .233031 
 6.472613      .225009 
 6.47017       .216267 
 6.473664      .206881 
 6.47122       .198368 
 6.477353      .188188 
 6.484162      .176885 
 6.487034      .15923 
 6.486894      .14775 
 6.488077      .146872 
 6.493319      .142977 
 6.494026      .139998 
 6.492463      .135625 
 6.499117      .130624 
 6.500518      .126503 
 6.501688      .122609 
 6.499692      .115019 
 6.509092      .10912 
 6.516851      .108949 
 6.521208      .105997 
 6.523077      .100272 
 6.52063       .09199 
 6.522398      .069508 
 6.520659      .058018 
 6.515433      .055225 
 6.514319      .051774 
 6.518263      .04308 
 6.518241      .041467 
 6.518117      .032291 
 6.519526      .027023 
 1             92 
1
 -9999.0   ,   9990.0 
 2 
 6.519526      .027023 
 6.52479       .024766 
 1             93 
1
 -9999.0   ,   9990.0 
 48 
 9.346298      0 
 9.349892      .007966 
 9.349149      .016966 
 9.345569      .060281 
 9.334666      .103162 
 9.332091      .11899 
 9.332979      .124732 
 9.329345      .140964 
 9.320191      .181841 
 9.315489      .214881 
 9.317712      .228435 
 9.313053      .251374 
 9.311323      .265069 
 9.309748      .277534 
 9.306276      .289 
 9.306936      .294972 
 9.304626      .301621 
 9.304829      .307362 
 9.310302      .308761 
 9.313014      .314971 
 9.312743      .325072 
 9.315249      .326001 
 9.320472      .332451 
 9.330972      .331803 
 9.347106      .348628 
 9.350728      .355761 
 9.353463      .35669 
 9.355982      .354404 
 9.356034      .353363 
 9.356232      .349353 
 9.360588      .344549 
 9.364739      .334233 
 9.36818       .329884 
 9.370272      .320708 
 9.378284      .314999 
 9.377846      .310405 
 9.379468      .304442 
 9.377664      .298925 
 9.370158      .293385 
 9.37062       .29178 
 9.377014      .290886 
 9.382785      .274837 
 9.382399      .257617 
 9.384704      .251886 
 9.383813      .246832 
 9.388835      .246392 
 9.394826      .232411 
 9.391437      .224133 
 1             94 
1
 -9999.0   ,   9990.0 
 2 
 6.525582      0 
 6.532519      0 
 1             95 
1
 -9999.0   ,   9990.0 
 2 
 6.525582      0 
 6.532519      0 
