 43 
 1             1 
1
 -9999.0   ,   9990.0 
 25 
 173.529       .168083 
 173.5349      .164917 
 173.5396      .161944 
 173.5431      .159167 
 173.5465      .159417 
 173.5506      .161472 
 173.5561      .162167 
 173.5632      .162194 
 173.5666      .161972 
 173.5665      .162472 
 173.5659      .16425 
 173.562       .164472 
 173.5616      .164472 
 173.5563      .165167 
 173.5536      .168389 
 173.5471      .174556 
 173.5403      .178028 
 173.5301      .179167 
 173.5248      .180083 
 173.5236      .179361 
 173.5209      .177778 
 173.5186      .174778 
 173.5207      .171333 
 173.5268      .169278 
 173.529       .168083 
 1             2 
1
 -9999.0   ,   9990.0 
 20 
 173.5988      .181972 
 173.6011      .185417 
 173.604       .189556 
 173.6052      .192083 
 173.6063      .194167 
 173.6077      .195778 
 173.6091      .195083 
 173.6102      .193472 
 173.6107      .192778 
 173.6125      .192333 
 173.6146      .190944 
 173.6139      .188667 
 173.6111      .187972 
 173.6086      .188194 
 173.6054      .184972 
 173.6038      .182667 
 173.6029      .181528 
 173.6011      .180833 
 173.5995      .181278 
 173.5988      .181972 
 1             3 
1
 -9999.0   ,   9990.0 
 44 
 173.6157      .136944 
 173.6148      .133056 
 173.6128      .126611 
 173.611       .120639 
 173.607       .115111 
 173.6039      .114 
 173.6         .112583 
 173.5949      .110139 
 173.5938      .109583 
 173.5913      .109583 
 173.5877      .1105 
 173.5888      .112639 
 173.5923      .119056 
 173.5936      .121306 
 173.6011      .122917 
 173.6054      .126833 
 173.609       .134778 
 173.6098      .1365 
 173.6128      .144528 
 173.6146      .151417 
 173.6153      .158083 
 173.6155      .164056 
 173.6127      .1675 
 173.6112      .169139 
 173.6107      .170972 
 173.6121      .173028 
 173.6123      .173 
 173.6141      .172806 
 173.6157      .174639 
 173.6155      .178083 
 173.6144      .18 
 173.6141      .180611 
 173.612       .184972 
 173.6152      .185444 
 173.616       .185222 
 173.6184      .184528 
 173.6214      .179694 
 173.6244      .172361 
 173.6246      .161778 
 173.624       .155333 
 173.6212      .149361 
 173.6184      .143167 
 173.616       .138333 
 173.6157      .136944 
 1             4 
1
 -9999.0   ,   9990.0 
 26 
 173.3962      .186139 
 173.3905      .191417 
 173.3884      .197389 
 173.3884      .198583 
 173.3882      .204056 
 173.387       .209806 
 173.3856      .213472 
 173.385       .215306 
 173.3855      .216056 
 173.3884      .219917 
 173.3941      .219472 
 173.4005      .220389 
 173.4023      .216722 
 173.4065      .214417 
 173.4101      .213056 
 173.4133      .209694 
 173.4142      .208694 
 173.419       .205944 
 173.4236      .204111 
 173.4229      .201806 
 173.4129      .196722 
 173.4061      .193417 
 173.4044      .192583 
 173.401       .190278 
 173.3992      .187306 
 173.3962      .186139 
 1             5 
1
 -9999.0   ,   9990.0 
 19 
 173.379       .244417 
 173.3797      .236444 
 173.3834      .227722 
 173.3845      .223139 
 173.3843      .221528 
 173.3795      .224278 
 173.3735      .232306 
 173.3676      .236889 
 173.3619      .240806 
 173.3587      .244028 
 173.3573      .245861 
 173.3553      .250222 
 173.3648      .257111 
 173.3699      .252833 
 173.3706      .252306 
 173.3747      .249778 
 173.3774      .247722 
 173.379       .2445 
 173.379       .244417 
 1             6 
1
 -9999.0   ,   9990.0 
 18 
 173.916       .305639 
 173.9156      .304667 
 173.9143      .305472 
 173.9132      .306167 
 173.9126      .3065 
 173.9109      .306583 
 173.9085      .306694 
 173.9076      .306722 
 173.9078      .307139 
 173.9096      .310806 
 173.9096      .310861 
 173.9122      .310583 
 173.9169      .310056 
 173.917       .310056 
 173.9172      .310028 
 173.9178      .309944 
 173.9167      .307361 
 173.916       .305639 
 1             7 
1
 -9999.0   ,   9990.0 
 20 
 173.945       .330667 
 173.9448      .321 
 173.943       .313639 
 173.9391      .308139 
 173.935       .306139 
 173.9325      .304917 
 173.9308      .304806 
 173.9254      .304444 
 173.9213      .304889 
 173.9228      .308917 
 173.9229      .309333 
 173.9231      .309972 
 173.9282      .313167 
 173.9291      .313472 
 173.9348      .31525 
 173.9389      .317778 
 173.9403      .321222 
 173.9405      .324 
 173.9405      .327194 
 173.945       .330667 
 1             8 
1
 -9999.0   ,   9990.0 
 11 
 173.9408      .341611 
 173.9389      .341444 
 173.9371      .338472 
 173.9364      .335472 
 173.9387      .3325 
 173.9406      .333583 
 173.9435      .33525 
 173.9448      .338472 
 173.9437      .341 
 173.9416      .341694 
 173.9408      .341611 
 1             9 
1
 -9999.0   ,   9990.0 
 11 
 173.8536      .341778 
 173.8539      .340722 
 173.8528      .340028 
 173.8502      .338417 
 173.8457      .339556 
 173.8406      .341861 
 173.8454      .343472 
 173.8468      .343944 
 173.8513      .344278 
 173.8528      .344389 
 173.8536      .341778 
 1             10 
1
 -9999.0   ,   9990.0 
 15 
 173.9289      .382556 
 173.9279      .382139 
 173.9327      .36925 
 173.9343      .360528 
 173.9366      .353417 
 173.9384      .34675 
 173.941       .347111 
 173.9416      .347194 
 173.9437      .349972 
 173.9435      .353167 
 173.9407      .362611 
 173.9373      .373861 
 173.9341      .381222 
 173.9331      .384417 
 173.9289      .382556 
 1             11 
1
 -9999.0   ,   9990.0 
 20 
 173.7965      .378833 
 173.7949      .375611 
 173.7833      .380222 
 173.776       .37925 
 173.7746      .379056 
 173.7709      .380583 
 173.7696      .381111 
 173.765       .383889 
 173.7641      .385444 
 173.7629      .387333 
 173.7636      .388861 
 173.7648      .391694 
 173.7652      .393306 
 173.7672      .392694 
 173.7796      .388944 
 173.7833      .386639 
 173.7844      .383194 
 173.7885      .381139 
 173.7929      .38 
 173.7965      .378833 
 1             12 
1
 -9999.0   ,   9990.0 
 53 
 173.8827      .452139 
 173.8838      .451306 
 173.8875      .44625 
 173.8922      .440944 
 173.8968      .435667 
 173.9016      .431083 
 173.906       .427389 
 173.9091      .423944 
 173.9112      .419806 
 173.9135      .415222 
 173.9158      .411556 
 173.9181      .4065 
 173.9199      .403722 
 173.9222      .401889 
 173.9229      .401889 
 173.9261      .404194 
 173.922       .40925 
 173.9222      .414528 
 173.9231      .418444 
 173.9185      .426944 
 173.916       .431778 
 173.9119      .434972 
 173.9013      .444222 
 173.895       .449694 
 173.8778      .465306 
 173.8666      .476333 
 173.8557      .485306 
 173.8465      .489889 
 173.839       .491944 
 173.8317      .49125 
 173.8225      .486194 
 173.82        .481833 
 173.8146      .473778 
 173.8125      .469639 
 173.8104      .467583 
 173.8091      .465278 
 173.8125      .460222 
 173.8178      .46575 
 173.8221      .471722 
 173.8244      .477694 
 173.8271      .481833 
 173.831       .484583 
 173.836       .484833 
 173.8431      .484361 
 173.8474      .484139 
 173.855       .480917 
 173.8586      .476556 
 173.8621      .4715 
 173.8666      .466444 
 173.8703      .462306 
 173.8751      .459333 
 173.879       .454972 
 173.8827      .452139 
 1             13 
1
 -9999.0   ,   9990.0 
 12 
 172.9764      .84025 
 172.9808      .835667 
 172.9833      .834333 
 172.9847      .833583 
 172.9876      .832917 
 172.9872      .830778 
 172.9872      .830611 
 172.9824      .830139 
 172.9787      .831528 
 172.9762      .8345 
 172.9739      .837722 
 172.9764      .84025 
 1             14 
1
 -9999.0   ,   9990.0 
 12 
 172.9852      .850444 
 172.9863      .848306 
 172.9846      .846944 
 172.9821      .846694 
 172.9806      .849417 
 172.9801      .850361 
 172.9792      .852361 
 172.9766      .857944 
 172.9794      .859333 
 172.9811      .857167 
 172.9835      .854056 
 172.9852      .850444 
 1             15 
1
 -9999.0   ,   9990.0 
 10 
 173.0075      1.006806 
 173.0079      1.006444 
 173.0103      1.004278 
 173.0114      1.000361 
 173.0084      .997139 
 173.0041      .997583 
 173.005       .999444 
 173.0066      1.002417 
 173.0074      1.006278 
 173.0075      1.006806 
 1             16 
1
 -9999.0   ,   9990.0 
 93 
 173.0224      .877139 
 173.0221      .876417 
 173.0195      .870222 
 173.0185      .867694 
 173.0146      .860083 
 173.0132      .852917 
 173.0128      .850667 
 173.0103      .843972 
 173.0046      .835917 
 172.9986      .831083 
 172.9956      .830389 
 172.9959      .831083 
 172.9982      .834083 
 173.0013      .839611 
 173.0041      .8435 
 173.0052      .8465 
 173.0054      .847389 
 173.0061      .850639 
 173.0089      .8525 
 173.0098      .85525 
 173.0086      .857306 
 173.005       .858 
 173.0046      .858333 
 173.0041      .858917 
 173.0075      .863056 
 173.0148      .872972 
 173.021       .880806 
 173.0251      .890222 
 173.0292      .901972 
 173.0319      .910944 
 173.0353      .917833 
 173.0376      .920889 
 173.0424      .927056 
 173.0493      .93075 
 173.0502      .931111 
 173.0566      .93375 
 173.0637      .938806 
 173.0684      .943194 
 173.0718      .948472 
 173.0739      .952611 
 173.0751      .957861 
 173.0753      .958611 
 173.0739      .963889 
 173.0698      .970556 
 173.0624      .977889 
 173.0542      .984194 
 173.0538      .984556 
 173.0478      .989139 
 173.0437      .991444 
 173.0389      .994417 
 173.0361      .997167 
 173.0412      .9965 
 173.0432      .996972 
 173.0403      1.000167 
 173.035       1.002694 
 173.0334      1.003611 
 173.0288      1.009139 
 173.0242      1.0135 
 173.0183      1.016 
 173.0119      1.018306 
 173.0089      1.01875 
 173.0059      1.019889 
 173.0075      1.021056 
 173.0144      1.022667 
 173.0247      1.016944 
 173.0349      1.009139 
 173.0405      1.004556 
 173.0506      .999361 
 173.0512      .999056 
 173.0581      .996056 
 173.0649      .991472 
 173.0653      .990972 
 173.0695      .984583 
 173.0753      .97975 
 173.0762      .978806 
 173.0801      .975167 
 173.0803      .967361 
 173.0803      .963889 
 173.0803      .96 
 173.0796      .954917 
 173.0776      .949583 
 173.0767      .947111 
 173.0741      .942972 
 173.0661      .93675 
 173.0593      .932139 
 173.0515      .927528 
 173.0501      .926167 
 173.0479      .923972 
 173.0456      .92175 
 173.0397      .910944 
 173.0344      .90175 
 173.0276      .888611 
 173.0224      .877139 
 1             17 
1
 -9999.0   ,   9990.0 
 12 
 172.9981      1.014917 
 172.9975      1.015333 
 172.9954      1.016667 
 172.997       1.018667 
 172.9979      1.019889 
 173.0016      1.023583 
 173.0022      1.022417 
 173.0004      1.020111 
 172.9986      1.018056 
 172.9984      1.017028 
 172.9982      1.015639 
 172.9981      1.014917 
 1             18 
1
 -9999.0   ,   9990.0 
 9 
 172.9874      1.321889 
 172.9833      1.321194 
 172.9799      1.321861 
 172.979       1.324639 
 172.9804      1.328083 
 172.9838      1.32925 
 172.9859      1.326972 
 172.9861      1.326722 
 172.9874      1.321889 
 1             19 
1
 -9999.0   ,   9990.0 
 8 
 173.0028      1.322361 
 173.0032      1.32625 
 173.0032      1.32675 
 172.9991      1.327417 
 172.9986      1.326222 
 172.9975      1.32375 
 172.9982      1.321667 
 173.0028      1.322361 
 1             20 
1
 -9999.0   ,   9990.0 
 25 
 173.0147      1.324694 
 173.0094      1.329333 
 173.0089      1.32975 
 173.0288      1.339194 
 173.0394      1.3445 
 173.0432      1.347278 
 173.0446      1.350028 
 173.0455      1.351889 
 173.0473      1.352722 
 173.0511      1.354472 
 173.0515      1.354639 
 173.0541      1.354944 
 173.0556      1.355111 
 173.0559      1.353833 
 173.0565      1.351889 
 173.0549      1.349361 
 173.0549      1.349333 
 173.0516      1.3465 
 173.0515      1.346361 
 173.0502      1.343417 
 173.0494      1.34175 
 173.0396      1.334167 
 173.0268      1.327694 
 173.0204      1.325833 
 173.0147      1.324694 
 1             21 
1
 -9999.0   ,   9990.0 
 14 
 172.9497      1.339528 
 172.9419      1.346194 
 172.9303      1.348 
 172.9227      1.348694 
 172.9218      1.353056 
 172.9234      1.356278 
 172.9302      1.35675 
 172.9359      1.357 
 172.9398      1.355861 
 172.9476      1.352861 
 172.952       1.348972 
 172.9547      1.345306 
 172.9552      1.343694 
 172.9497      1.339528 
 1             22 
1
 -9999.0   ,   9990.0 
 57 
 173.1587      1.380722 
 173.1624      1.378722 
 173.1692      1.375972 
 173.172       1.372528 
 173.1743      1.366556 
 173.1747      1.361722 
 173.1753      1.360722 
 173.1763      1.3585 
 173.1757      1.355944 
 173.1754      1.354583 
 173.1704      1.350222 
 173.1642      1.348833 
 173.1611      1.349167 
 173.1581      1.3495 
 173.1498      1.351111 
 173.1418      1.352722 
 173.1308      1.354306 
 173.1215      1.354278 
 173.1132      1.3545 
 173.1066      1.355194 
 173.1062      1.355222 
 173.1025      1.355639 
 173.0981      1.355639 
 173.0922      1.354111 
 173.0864      1.352639 
 173.0741      1.351 
 173.0636      1.349361 
 173.0583      1.35075 
 173.0586      1.351472 
 173.0596      1.354194 
 173.0599      1.355111 
 173.0691      1.356055 
 173.0775      1.357444 
 173.0885      1.360694 
 173.094       1.363694 
 173.0979      1.364389 
 173.1061      1.364167 
 173.1146      1.362806 
 173.1198      1.364194 
 173.1283      1.365111 
 173.1368      1.364194 
 173.1475      1.360778 
 173.1574      1.357556 
 173.1616      1.358556 
 173.1642      1.359194 
 173.1661      1.362417 
 173.1661      1.367 
 173.1633      1.370917 
 173.1599      1.372222 
 173.158       1.372972 
 173.1528      1.374361 
 173.1482      1.373667 
 173.1418      1.373417 
 173.1445      1.379389 
 173.1468      1.384472 
 173.1564      1.381944 
 173.1587      1.380722 
 1             23 
1
 -9999.0   ,   9990.0 
 5 
 173.1303      1.394806 
 173.1285      1.390639 
 173.1361      1.385361 
 173.1406      1.391139 
 173.1303      1.394806 
 1             24 
1
 -9999.0   ,   9990.0 
 7 
 173.1184      1.403056 
 173.1232      1.396167 
 173.1306      1.39825 
 173.129       1.400556 
 173.126       1.402139 
 173.1228      1.405139 
 173.1184      1.403056 
 1             25 
1
 -9999.0   ,   9990.0 
 9 
 173.1038      1.417778 
 173.1152      1.407194 
 173.1177      1.407889 
 173.12        1.408583 
 173.118       1.411028 
 173.1106      1.419833 
 173.1037      1.418028 
 173.1036      1.418 
 173.1038      1.417778 
 1             26 
1
 -9999.0   ,   9990.0 
 8 
 173.0935      1.434306 
 173.0914      1.428333 
 173.0923      1.425806 
 173.0967      1.425333 
 173.0992      1.426944 
 173.0996      1.430417 
 173.0985      1.43225 
 173.0935      1.434306 
 1             27 
1
 -9999.0   ,   9990.0 
 21 
 173.0344      1.470861 
 173.0337      1.470306 
 173.0328      1.469639 
 173.0303      1.472417 
 173.0284      1.476778 
 173.0275      1.480917 
 173.0245      1.483889 
 173.0209      1.485278 
 173.0186      1.487111 
 173.019       1.488056 
 173.0195      1.489417 
 173.0211      1.491722 
 173.0227      1.492861 
 173.0229      1.492833 
 173.0239      1.492722 
 173.0332      1.4915 
 173.0355      1.484139 
 173.0385      1.478639 
 173.0383      1.475417 
 173.0353      1.4715 
 173.0344      1.470861 
 1             28 
1
 -9999.0   ,   9990.0 
 16 
 172.9821      1.550556 
 172.9835      1.552861 
 172.9854      1.554333 
 172.9856      1.554472 
 172.9881      1.554028 
 172.9906      1.552194 
 172.9929      1.550583 
 172.9923      1.5485 
 172.9922      1.548278 
 172.9913      1.547111 
 172.989       1.5455 
 172.9856      1.545972 
 172.9846      1.546889 
 172.9833      1.548028 
 172.9826      1.549611 
 172.9821      1.550556 
 1             29 
1
 -9999.0   ,   9990.0 
 28 
 173.0199      1.501556 
 173.0197      1.499528 
 173.0194      1.496611 
 173.0193      1.495861 
 173.0149      1.493556 
 173.0078      1.506417 
 173.0005      1.521583 
 173           1.522694 
 172.9982      1.526889 
 172.997       1.530806 
 172.9959      1.534694 
 172.9943      1.537917 
 172.9929      1.542056 
 172.9953      1.544222 
 172.9997      1.548194 
 173.0013      1.549667 
 173.0021      1.546306 
 173.0023      1.545306 
 173.0032      1.541389 
 173.005       1.535167 
 173.0066      1.527361 
 173.0083      1.523 
 173.0115      1.519556 
 173.0147      1.517694 
 173.0186      1.515639 
 173.0197      1.5115 
 173.0202      1.505528 
 173.0199      1.501556 
 1             30 
1
 -9999.0   ,   9990.0 
 13 
 172.9803      1.564111 
 172.981       1.564361 
 172.983       1.563222 
 172.984       1.561611 
 172.9836      1.559944 
 172.9835      1.559083 
 172.9833      1.558889 
 172.9819      1.557222 
 172.9796      1.556083 
 172.9769      1.559278 
 172.9773      1.562056 
 172.9784      1.563444 
 172.9803      1.564111 
 1             31 
1
 -9999.0   ,   9990.0 
 31 
 172.9724      1.615528 
 172.9693      1.6115 
 172.9663      1.612417 
 172.9614      1.609194 
 172.9563      1.602306 
 172.9544      1.59975 
 172.9579      1.59975 
 172.9615      1.59975 
 172.9654      1.597694 
 172.9686      1.591722 
 172.9702      1.586444 
 172.9709      1.580667 
 172.9706      1.577222 
 172.9704      1.575167 
 172.9707      1.570556 
 172.9727      1.568028 
 172.9773      1.566667 
 172.9777      1.56675 
 172.9809      1.567361 
 172.9826      1.569194 
 172.9816      1.577472 
 172.9787      1.583917 
 172.978       1.589194 
 172.978       1.593333 
 172.9761      1.594944 
 172.9752      1.596333 
 172.9755      1.600028 
 172.975       1.601861 
 172.9727      1.603917 
 172.9727      1.608306 
 172.9724      1.615528 
 1             32 
1
 -9999.0   ,   9990.0 
 88 
 172.9956      1.718778 
 172.9945      1.717861 
 172.9934      1.715944 
 172.9929      1.715083 
 172.9927      1.711417 
 172.9954      1.708889 
 172.9999      1.707389 
 173.003       1.706361 
 173.0086      1.706972 
 173.016       1.707778 
 173.0256      1.709611 
 173.0313      1.714917 
 173.0364      1.723917 
 173.0407      1.729667 
 173.0476      1.733806 
 173.049       1.736111 
 173.0539      1.752917 
 173.0572      1.766278 
 173.0583      1.777556 
 173.0585      1.785611 
 173.0511      1.796194 
 173.0457      1.801944 
 173.0365      1.810889 
 173.0278      1.819389 
 173.02        1.82975 
 173.0092      1.846972 
 173.0012      1.858944 
 172.9964      1.869278 
 172.9906      1.887 
 172.9828      1.894583 
 172.9707      1.901 
 172.9599      1.912722 
 172.9494      1.926278 
 172.9384      1.936167 
 172.9262      1.9465 
 172.9221      1.948333 
 172.9184      1.948778 
 172.9162      1.947389 
 172.9159      1.945778 
 172.9166      1.944861 
 172.9212      1.944194 
 172.9242      1.942806 
 172.9324      1.935444 
 172.9397      1.928806 
 172.9455      1.92375 
 172.9505      1.916833 
 172.9544      1.909722 
 172.9576      1.904417 
 172.959       1.902583 
 172.9638      1.901444 
 172.967       1.90075 
 172.9684      1.898917 
 172.9712      1.894556 
 172.9746      1.891806 
 172.9801      1.889972 
 172.9842      1.88675 
 172.9865      1.882389 
 172.9886      1.875028 
 172.9904      1.869056 
 172.9923      1.862361 
 172.9948      1.857556 
 172.9994      1.853417 
 173.0055      1.8465 
 173.0099      1.839611 
 173.0163      1.829972 
 173.0214      1.82375 
 173.0271      1.81525 
 173.0312      1.809972 
 173.0369      1.804917 
 173.0425      1.798944 
 173.0464      1.790417 
 173.0507      1.783306 
 173.0535      1.778694 
 173.0548      1.770417 
 173.051       1.758167 
 173.0485      1.750167 
 173.0446      1.739972 
 173.0439      1.737944 
 173.0423      1.735639 
 173.0375      1.72875 
 173.0332      1.721833 
 173.027       1.714917 
 173.0179      1.711 
 173.0087      1.71075 
 173.0081      1.711 
 173.0009      1.713722 
 172.9982      1.715556 
 172.9956      1.718778 
 1             33 
1
 -9999.0   ,   9990.0 
 7 
 172.8499      1.877556 
 172.8487      1.874556 
 172.8554      1.873639 
 172.8597      1.873194 
 172.8602      1.875028 
 172.8542      1.876639 
 172.8499      1.877556 
 1             34 
1
 -9999.0   ,   9990.0 
 11 
 172.7993      1.884583 
 172.7972      1.882278 
 172.8123      1.878167 
 172.8229      1.878417 
 172.832       1.878444 
 172.8403      1.877528 
 172.8417      1.876611 
 172.843       1.878694 
 172.8334      1.880972 
 172.8229      1.881889 
 172.7993      1.884583 
 1             35 
1
 -9999.0   ,   9990.0 
 10 
 172.8695      1.954444 
 172.877       1.957944 
 172.8774      1.958139 
 172.8771      1.959667 
 172.877       1.96 
 172.8756      1.962056 
 172.8736      1.962528 
 172.8717      1.95975 
 172.8685      1.956306 
 172.8695      1.954444 
 1             36 
1
 -9999.0   ,   9990.0 
 76 
 173.2901      2.033833 
 173.2919      2.026667 
 173.2922      2.019528 
 173.292       2.015139 
 173.294       2.005472 
 173.2963      1.996972 
 173.297       1.99375 
 173.2979      1.991444 
 173.2977      1.989833 
 173.3011      1.985694 
 173.3061      1.980639 
 173.3071      1.9765 
 173.308       1.973278 
 173.3062      1.969833 
 173.3049      1.9695 
 173.3018      1.968667 
 173.294       1.969111 
 173.2895      1.970028 
 173.2718      1.974833 
 173.264       1.978056 
 173.2638      1.983583 
 173.2643      1.988417 
 173.2633      1.991417 
 173.2617      1.99325 
 173.2587      1.992778 
 173.2565      1.990028 
 173.256       1.985639 
 173.2577      1.974611 
 173.2606      1.971139 
 173.2693      1.967722 
 173.2851      1.963806 
 173.2977      1.961528 
 173.3048      1.961528 
 173.3091      1.963167 
 173.3109      1.964167 
 173.3133      1.965472 
 173.3163      1.967778 
 173.3181      1.97075 
 173.3183      1.973972 
 173.3188      1.976972 
 173.316       1.979972 
 173.3128      1.982028 
 173.3098      1.984333 
 173.3057      1.993306 
 173.2986      2.014 
 173.2963      2.033556 
 173.294       2.042333 
 173.2937      2.043472 
 173.2894      2.050361 
 173.2832      2.056333 
 173.2781      2.058639 
 173.2738      2.059556 
 173.2688      2.059306 
 173.2649      2.055167 
 173.2624      2.049861 
 173.2599      2.043417 
 173.2583      2.033972 
 173.2578      2.028445 
 173.2601      2.018778 
 173.2608      2.012805 
 173.2606      2.007278 
 173.2597      2.000833 
 173.2583      1.997611 
 173.2581      1.996917 
 173.2629      1.997389 
 173.267       2.004306 
 173.2688      2.011444 
 173.2672      2.020417 
 173.2649      2.03675 
 173.2665      2.043889 
 173.2708      2.0455 
 173.2773      2.044361 
 173.2818      2.041833 
 173.2848      2.040222 
 173.2873      2.038611 
 173.2901      2.033833 
 1             37 
1
 -9999.0   ,   9990.0 
 69 
 172.7651      3.042833 
 172.7652      3.042472 
 172.7675      3.039695 
 172.7618      3.037722 
 172.7609      3.037389 
 172.7572      3.037139 
 172.7565      3.039444 
 172.7577      3.042917 
 172.7592      3.045528 
 172.7599      3.046833 
 172.7601      3.051194 
 172.7574      3.054417 
 172.756       3.057167 
 172.7559      3.058111 
 172.7558      3.059472 
 172.7564      3.062028 
 172.7587      3.063639 
 172.7626      3.06225 
 172.7665      3.061583 
 172.772       3.063195 
 172.7789      3.066195 
 172.7849      3.068972 
 172.7861      3.069111 
 172.7869      3.069222 
 172.7899      3.06875 
 172.7926      3.070361 
 172.7929      3.073139 
 172.7949      3.076361 
 172.8011      3.081445 
 172.8066      3.084917 
 172.811       3.085833 
 172.8153      3.087 
 172.8176      3.088389 
 172.8204      3.090694 
 172.8222      3.092083 
 172.8348      3.095778 
 172.8364      3.096111 
 172.849       3.098556 
 172.8625      3.100194 
 172.8731      3.100667 
 172.8809      3.101611 
 172.8841      3.101611 
 172.8861      3.099083 
 172.8891      3.097472 
 172.893       3.09725 
 172.8958      3.098417 
 172.893       3.103694 
 172.8985      3.100028 
 172.8997      3.090361 
 172.8857      3.093555 
 172.8733      3.094222 
 172.8625      3.095833 
 172.8483      3.095583 
 172.8375      3.093945 
 172.8323      3.091861 
 172.8312      3.091611 
 172.824       3.09 
 172.8211      3.085861 
 172.8165      3.084222 
 172.8071      3.080528 
 172.8009      3.076361 
 172.7965      3.07175 
 172.7913      3.065305 
 172.7856      3.061389 
 172.7757      3.055833 
 172.7695      3.051222 
 172.7659      3.048 
 172.7643      3.045444 
 172.7651      3.042833 
 1             38 
1
 -9999.0   ,   9990.0 
 10 
 172.7121      3.13975 
 172.7139      3.135861 
 172.7165      3.131944 
 172.7197      3.130805 
 172.7201      3.129194 
 172.7188      3.128722 
 172.7151      3.131028 
 172.7128      3.133556 
 172.7114      3.135389 
 172.7121      3.13975 
 1             39 
1
 -9999.0   ,   9990.0 
 30 
 172.8957      3.11825 
 172.8948      3.117056 
 172.9012      3.115695 
 172.9042      3.121528 
 172.9049      3.123083 
 172.9104      3.128833 
 172.9182      3.135306 
 172.9276      3.140611 
 172.9376      3.146611 
 172.9438      3.151 
 172.9454      3.152056 
 172.9498      3.154917 
 172.9566      3.159306 
 172.9599      3.163694 
 172.9638      3.167611 
 172.9656      3.169917 
 172.9683      3.171528 
 172.9637      3.177972 
 172.9614      3.173583 
 172.9576      3.167611 
 172.9523      3.161833 
 172.9481      3.158611 
 172.9459      3.157 
 172.9365      3.15075 
 172.9273      3.145222 
 172.9154      3.13875 
 172.9058      3.132278 
 172.9019      3.127667 
 172.8994      3.123278 
 172.8957      3.11825 
 1             40 
1
 -9999.0   ,   9990.0 
 16 
 172.68        3.268194 
 172.6818      3.267972 
 172.6859      3.263722 
 172.6867      3.262889 
 172.6894      3.258528 
 172.6913      3.254389 
 172.689       3.251861 
 172.6853      3.249305 
 172.683       3.250917 
 172.6842      3.256917 
 172.683       3.261028 
 172.6828      3.26175 
 172.6814      3.2645 
 172.6805      3.265667 
 172.68        3.266583 
 172.68        3.268194 
 1             41 
1
 -9999.0   ,   9990.0 
 13 
 172.9718      3.301639 
 172.9704      3.300472 
 172.9688      3.298417 
 172.9673      3.2945 
 172.9656      3.290806 
 172.967       3.289417 
 172.9696      3.289194 
 172.9712      3.291055 
 172.9721      3.293806 
 172.9723      3.295889 
 172.9723      3.298194 
 172.9723      3.299806 
 172.9718      3.301639 
 1             42 
1
 -9999.0   ,   9990.0 
 12 
 172.9803      3.322833 
 172.9768      3.321445 
 172.9741      3.318667 
 172.972       3.315444 
 172.9713      3.311778 
 172.972       3.309472 
 172.9746      3.30925 
 172.9773      3.312472 
 172.9787      3.316167 
 172.9798      3.318694 
 172.9796      3.320083 
 172.9803      3.322833 
 1             43 
1
 -9999.0   ,   9990.0 
 39 
 172.9787      3.37575 
 172.9786      3.375556 
 172.9775      3.372806 
 172.9778      3.370556 
 172.9781      3.367722 
 172.98        3.364278 
 172.9803      3.362333 
 172.9807      3.359667 
 172.9804      3.355778 
 172.9823      3.357833 
 172.9857      3.361056 
 172.9874      3.362972 
 172.9892      3.365 
 172.9912      3.367528 
 172.9938      3.369361 
 172.9935      3.371917 
 172.9931      3.372555 
 172.9926      3.373528 
 172.9896      3.372806 
 172.9848      3.373278 
 172.9862      3.375806 
 172.9867      3.376167 
 172.9887      3.377417 
 172.9914      3.378806 
 172.9976      3.377667 
 173.0027      3.377917 
 173.005       3.379167 
 173.0057      3.379528 
 173.007       3.382056 
 173.0059      3.386194 
 173.0027      3.391028 
 173.0008      3.391722 
 172.9962      3.389639 
 172.9937      3.389167 
 172.9878      3.386861 
 172.9843      3.383639 
 172.9815      3.380167 
 172.9804      3.378806 
 172.9787      3.37575 
