 2 
 1             1 
1
 -9999.0   ,   9990.0 
 27 
-163.6036     -78.83811 
-163.4812     -78.79045 
-163.3766     -78.77389 
-163.2149     -78.75713 
-163.1342     -78.7518 
-162.756      -78.74419 
-162.7079     -78.74475 
-162.6602     -78.74531 
-162.0265     -78.7861 
-161.9353     -78.79687 
-161.8471     -78.80725 
-161.7704     -78.81078 
-161.7338     -78.81647 
-161.6598     -78.82113 
-161.5417     -78.83587 
-161.4224     -78.85066 
-161.297      -78.87998 
-161.1906     -78.92727 
-161.0965     -79.00026 
-161.0781     -79.03105 
-161.0243     -79.05351 
-160.9733     -79.07473 
-160.5693     -79.18695 
-160.4344     -79.22963 
-160.3082     -79.26113 
-160.0571     -79.32311 
-160          -79.33822 
 1             2 
1
 -9999.0   ,   9990.0 
 43 
-160          -79.86473 
-160.0523     -79.87056 
-160.247      -79.89191 
-160.3249     -79.89786 
-160.5279     -79.90405 
-160.9073     -79.90377 
-161.0139     -79.90076 
-161.148      -79.88648 
-161.322      -79.87363 
-161.3709     -79.86805 
-161.63       -79.83819 
-161.7583     -79.81721 
-161.9905     -79.79901 
-162.2973     -79.76839 
-162.5336     -79.73303 
-162.6883     -79.70965 
-162.8084     -79.6847 
-163.0665     -79.64147 
-163.3104     -79.60682 
-163.4663     -79.57716 
-163.5224     -79.56175 
-163.5279     -79.56026 
-163.5904     -79.52831 
-163.8973     -79.45738 
-164.1321     -79.37596 
-164.1787     -79.34745 
-164.1711     -79.31792 
-164.1956     -79.30403 
-164.2704     -79.26127 
-164.3271     -79.21223 
-164.3637     -79.16306 
-164.3561     -79.1317 
-164.2983     -79.0976 
-164.2327     -79.08041 
-164.1758     -79.07073 
-164.174      -79.07051 
-163.8613     -79.03301 
-163.6992     -78.99937 
-163.6421     -78.96975 
-163.6238     -78.94987 
-163.6061     -78.90601 
-163.6162     -78.86943 
-163.6036     -78.83811 
