 12 
 1             1 
1
 -9999.0   ,   9990.0 
 2 
 163.6388     -75.01085 
 163.6516     -75 
 1             2 
1
 -9999.0   ,   9990.0 
 2 
 163.605      -75 
 163.6388     -75.01085 
 1             3 
1
 -9999.0   ,   9990.0 
 10 
 163.19       -75.71836 
 163.1862     -75.71824 
 163.1828     -75.72016 
 163.1774     -75.72733 
 163.1785     -75.73157 
 163.1823     -75.73342 
 163.1864     -75.73093 
 163.19       -75.72554 
 163.1913     -75.72118 
 163.19       -75.71836 
 1             4 
1
 -9999.0   ,   9990.0 
 13 
 163.0751     -75.71836 
 163.0822     -75.65909 
 163.0966     -75.63933 
 163.1343     -75.61778 
 163.1541     -75.6088 
 163.1666     -75.61061 
 163.1666     -75.61958 
 163.1613     -75.64113 
 163.1523     -75.7022 
 163.1433     -75.75248 
 163.0822     -75.75608 
 163.0733     -75.7489 
 163.0751     -75.71836 
 1             5 
1
 -9999.0   ,   9990.0 
 14 
 168.1258     -76.08162 
 168.1775     -76.09751 
 168.1592     -76.11343 
 168.1867     -76.12487 
 168.1854     -76.15124 
 168.1945     -76.15991 
 168.242      -76.17464 
 168.2651     -76.17218 
 168.3198     -76.13485 
 168.3023     -76.1039 
 168.2716     -76.08548 
 168.2149     -76.0771 
 168.139      -76.07546 
 168.1258     -76.08162 
 1             6 
1
 -9999.0   ,   9990.0 
 184 
 162.8303     -76.86471 
 162.8483     -76.83486 
 162.8411     -76.78883 
 162.8759     -76.76836 
 162.8303     -76.75709 
 162.7899     -76.73492 
 162.7296     -76.72116 
 162.6339     -76.70661 
 162.5243     -76.69476 
 162.553      -76.69173 
 162.5935     -76.67031 
 162.5734     -76.65002 
 162.6099     -76.64426 
 162.7319     -76.63683 
 162.7705     -76.62653 
 162.7743     -76.61367 
 162.7545     -76.60753 
 162.6117     -76.5998 
 162.6293     -76.57856 
 162.7474     -76.5343 
 162.7598     -76.52536 
 162.7731     -76.48086 
 162.6801     -76.44251 
 162.6771     -76.42305 
 162.6171     -76.40729 
 162.6091     -76.40011 
 162.6171     -76.3843 
 162.6294     -76.37506 
 162.6709     -76.34381 
 162.6645     -76.31095 
 162.6884     -76.29355 
 162.6692     -76.2888 
 162.5754     -76.29528 
 162.5116     -76.29276 
 162.4347     -76.28263 
 162.3978     -76.27368 
 162.377      -76.20915 
 162.3598     -76.19748 
 162.3491     -76.19101 
 162.2323     -76.16073 
 162.2435     -76.14845 
 162.2659     -76.14646 
 162.3        -76.14866 
 162.415      -76.17031 
 162.4663     -76.17007 
 162.488      -76.16424 
 162.44       -76.138 
 162.5877     -76.14004 
 162.6198     -76.13361 
 162.6289     -76.11978 
 162.6198     -76.08626 
 162.5797     -76.04988 
 162.618      -76.0388 
 162.5808     -75.99607 
 162.5887     -75.98169 
 162.6945     -75.98335 
 162.7377     -75.98856 
 162.8204     -75.99166 
 162.9111     -75.99018 
 162.9656     -75.98545 
 162.9795     -75.97341 
 162.9467     -75.96905 
 162.7785     -75.95942 
 162.6532     -75.93801 
 162.7624     -75.87908 
 162.7548     -75.84293 
 162.7213     -75.82207 
 162.802      -75.81292 
 162.8456     -75.81164 
 162.8698     -75.81493 
 162.9197     -75.81177 
 162.9441     -75.80759 
 162.9766     -75.79 
 162.967      -75.78131 
 162.9248     -75.77431 
 162.8702     -75.76821 
 162.8215     -75.76768 
 162.7485     -75.75682 
 162.7213     -75.74861 
 162.6909     -75.74434 
 162.6541     -75.73555 
 162.5658     -75.73061 
 162.5335     -75.72607 
 162.4975     -75.71823 
 162.5429     -75.69445 
 162.5642     -75.6583 
 162.6259     -75.62336 
 162.6779     -75.61255 
 162.8183     -75.60121 
 162.8396     -75.60177 
 162.8512     -75.59428 
 162.6785     -75.49688 
 162.6921     -75.47926 
 162.7201     -75.47777 
 162.7843     -75.48291 
 163.0984     -75.50773 
 163.1962     -75.51015 
 163.3437     -75.5137 
 163.6552     -75.5337 
 163.6826     -75.53473 
 163.7324     -75.53661 
 163.8541     -75.54114 
 163.8968     -75.5457 
 164.0905     -75.54975 
 164.3215     -75.5614 
 164.3378     -75.56488 
 164.5251     -75.57916 
 164.5858     -75.58115 
 164.6069     -75.57893 
 164.6278     -75.57208 
 164.6287     -75.5613 
 164.6308     -75.53575 
 164.6577     -75.48818 
 164.6543     -75.47825 
 164.6734     -75.45833 
 164.668      -75.43253 
 164.6278     -75.42274 
 164.5971     -75.41917 
 164.5559     -75.41993 
 164.4554     -75.43862 
 164.4163     -75.44228 
 164.3148     -75.4442 
 164.2856     -75.4393 
 164.2849     -75.43418 
 164.2844     -75.43088 
 164.3407     -75.41413 
 164.3663     -75.39841 
 164.3525     -75.37241 
 164.2809     -75.34126 
 164.2461     -75.33038 
 164.1865     -75.32045 
 164.1623     -75.31308 
 164.16       -75.30411 
 164.223      -75.26571 
 164.2233     -75.25601 
 164.2032     -75.2499 
 164.171      -75.24796 
 164.1151     -75.25539 
 164.1011     -75.25928 
 164.0559     -75.27181 
 164.0318     -75.27372 
 163.9444     -75.27226 
 163.9255     -75.27593 
 163.8964     -75.29276 
 163.8298     -75.30118 
 163.7221     -75.29811 
 163.712      -75.29642 
 163.6704     -75.28951 
 163.5779     -75.28751 
 163.5507     -75.27984 
 163.4201     -75.27762 
 163.3479     -75.27988 
 163.3158     -75.2842 
 163.2953     -75.28695 
 163.2513     -75.28795 
 163.1465     -75.27568 
 162.9953     -75.26783 
 162.7445     -75.26486 
 162.5589     -75.25808 
 162.5785     -75.24006 
 162.5672     -75.22325 
 162.5796     -75.20931 
 162.5739     -75.19528 
 162.5578     -75.18788 
 162.5221     -75.18305 
 162.4375     -75.17789 
 162.4155     -75.17372 
 162.4062     -75.16686 
 162.41       -75.15548 
 162.4285     -75.14815 
 162.4597     -75.14374 
 162.562      -75.14057 
 162.5904     -75.13405 
 162.6319     -75.10573 
 162.6274     -75.09788 
 162.5929     -75.08941 
 162.5961     -75.08407 
 162.6765     -75.07346 
 162.7073     -75.06341 
 162.7153     -75.05567 
 162.7316     -75.04879 
 162.7377     -75.03965 
 162.7172     -75.0283 
 162.6234     -75 
 1             7 
1
 -9999.0   ,   9990.0 
 11 
 166.7582     -76.97161 
 166.7855     -76.96895 
 166.796      -76.97003 
 166.8331     -76.97383 
 166.8835     -76.98756 
 166.8997     -76.99716 
 166.8633     -77.02143 
 166.8323     -77.02001 
 166.803      -77.01866 
 166.7791     -77.00863 
 166.7582     -76.97161 
 1             8 
1
 -9999.0   ,   9990.0 
 153 
 166.4795     -77.44948 
 166.4998     -77.43961 
 166.5122     -77.42136 
 166.5088     -77.41563 
 166.5057     -77.41041 
 166.4565     -77.3944 
 166.4228     -77.37414 
 166.3674     -77.36376 
 166.3516     -77.35553 
 166.3119     -77.34627 
 166.3052     -77.34471 
 166.2507     -77.32093 
 166.2326     -77.31303 
 166.2434     -77.2947 
 166.2731     -77.2871 
 166.2782     -77.28525 
 166.315      -77.27208 
 166.3724     -77.25146 
 166.4516     -77.23686 
 166.529      -77.218 
 166.5663     -77.21448 
 166.6883     -77.22058 
 166.7784     -77.22168 
 166.8315     -77.22632 
 166.8777     -77.2467 
 166.974      -77.27475 
 166.9984     -77.29256 
 167.0179     -77.31289 
 167.0147     -77.3293 
 166.981      -77.3524 
 166.9808     -77.36543 
 166.9806     -77.37953 
 166.9983     -77.38827 
 167.0827     -77.4073 
 167.1529     -77.41823 
 167.2344     -77.42464 
 167.3681     -77.4474 
 167.5189     -77.46035 
 167.6444     -77.4614 
 167.7215     -77.45824 
 167.7723     -77.45196 
 167.8719     -77.43304 
 167.8822     -77.43106 
 167.952      -77.42246 
 168.2489     -77.40885 
 168.3036     -77.40861 
 168.3707     -77.4149 
 168.662      -77.45406 
 168.8326     -77.45563 
 168.8664     -77.45985 
 168.8999     -77.46838 
 168.9444     -77.47966 
 168.9957     -77.48552 
 169.1332     -77.4891 
 169.1915     -77.4943 
 169.1992     -77.49963 
 169.2207     -77.50145 
 169.2601     -77.52044 
 169.277      -77.54806 
 169.2653     -77.55396 
 169.2804     -77.55596 
 169.2781     -77.56773 
 169.1686     -77.61065 
 169.1019     -77.62293 
 169.0331     -77.62743 
 168.9966     -77.62981 
 168.966      -77.63181 
 168.9233     -77.63868 
 168.8928     -77.64606 
 168.856      -77.66186 
 168.8202     -77.67724 
 168.8003     -77.68118 
 168.7329     -77.69452 
 168.7003     -77.69723 
 168.6427     -77.69473 
 168.5602     -77.69799 
 168.5263     -77.70918 
 168.518      -77.71191 
 168.4423     -77.73676 
 168.374      -77.7319 
 168.3389     -77.72622 
 168.2308     -77.72458 
 168.1508     -77.71868 
 168.1166     -77.71021 
 168.0794     -77.701 
 168.06       -77.69619 
 168.0022     -77.68986 
 167.8792     -77.68875 
 167.8788     -77.68875 
 167.8111     -77.68373 
 167.7631     -77.67697 
 167.684      -77.6658 
 167.547      -77.67087 
 167.4941     -77.67281 
 167.3848     -77.70016 
 167.3513     -77.70912 
 167.3329     -77.7121 
 167.2569     -77.72431 
 167.2134     -77.73828 
 167.1328     -77.75045 
 167.0965     -77.76155 
 167.0833     -77.77333 
 167.0161     -77.78475 
 166.8606     -77.7991 
 166.8069     -77.80978 
 166.7737     -77.83856 
 166.6929     -77.86257 
 166.6701     -77.86933 
 166.6371     -77.87504 
 166.63       -77.88115 
 166.5901     -77.88824 
 166.5611     -77.8818 
 166.5414     -77.86878 
 166.5537     -77.85463 
 166.6411     -77.82495 
 166.6446     -77.82371 
 166.7022     -77.79296 
 166.7887     -77.7632 
 166.794      -77.74917 
 166.7761     -77.72889 
 166.7241     -77.71195 
 166.7003     -77.70926 
 166.6342     -77.7018 
 166.5857     -77.68775 
 166.5434     -77.68325 
 166.4671     -77.68318 
 166.3449     -77.68302 
 166.3053     -77.67816 
 166.2958     -77.6661 
 166.2349     -77.66102 
 166.2071     -77.65538 
 166.2025     -77.63571 
 166.1732     -77.62952 
 166.0908     -77.62646 
 166.0677     -77.61875 
 166.062      -77.60733 
 166.0064     -77.5946 
 166.0025     -77.58736 
 165.9984     -77.57982 
 166.0129     -77.57744 
 166.0598     -77.56975 
 166.2499     -77.5392 
 166.2748     -77.53517 
 166.2792     -77.53446 
 166.309      -77.52728 
 166.3298     -77.51131 
 166.3315     -77.4934 
 166.4744     -77.45168 
 166.4747     -77.4516 
 166.4758     -77.45126 
 166.4786     -77.4499 
 166.4792     -77.4496 
 166.4795     -77.44948 
 1             9 
1
 -9999.0   ,   9990.0 
 30 
 167.4485     -78.06673 
 167.4773     -78.07682 
 167.4936     -78.10015 
 167.4836     -78.125 
 167.5147     -78.1352 
 167.5394     -78.16717 
 167.4911     -78.2202 
 167.3872     -78.28406 
 167.3322     -78.30041 
 167.2993     -78.30535 
 167.0523     -78.303 
 167.0383     -78.30183 
 166.8107     -78.28267 
 166.752      -78.27105 
 166.7438     -78.26465 
 166.7579     -78.25101 
 166.8571     -78.23226 
 167.0468     -78.18785 
 167.1154     -78.14408 
 167.1586     -78.13185 
 167.226      -78.112 
 167.2265     -78.10371 
 167.2545     -78.09675 
 167.2916     -78.07778 
 167.2942     -78.0696 
 167.3224     -78.06035 
 167.3277     -78.05368 
 167.3865     -78.04678 
 167.413      -78.0508 
 167.4485     -78.06673 
 1             10 
1
 -9999.0   ,   9990.0 
 36 
 165.9824     -78.29923 
 165.9652     -78.3002 
 165.9428     -78.30878 
 165.9602     -78.31663 
 166.0447     -78.32931 
 166.0927     -78.34011 
 166.1247     -78.35285 
 166.1538     -78.3534 
 166.2207     -78.34751 
 166.383      -78.31996 
 166.4099     -78.31111 
 166.5607     -78.29405 
 166.6234     -78.29483 
 166.6526     -78.27637 
 166.6582     -78.26231 
 166.627      -78.25061 
 166.4938     -78.21119 
 166.3794     -78.205 
 166.2886     -78.19625 
 166.2378     -78.1844 
 166.2183     -78.17461 
 166.1485     -78.16363 
 166.1024     -78.16449 
 166.0852     -78.17102 
 166.0349     -78.16796 
 166.0009     -78.1699 
 165.9873     -78.16456 
 165.9462     -78.15963 
 165.9238     -78.1631 
 165.9147     -78.17561 
 165.971      -78.19895 
 166.055      -78.21673 
 166.0322     -78.22761 
 166.0559     -78.26638 
 166.0311     -78.2716 
 165.9824     -78.29923 
 1             11 
1
 -9999.0   ,   9990.0 
 347 
 162.8303     -76.86471 
 162.8299     -76.86546 
 162.771      -76.88517 
 162.7451     -76.89035 
 162.7371     -76.89008 
 162.7095     -76.8892 
 162.6289     -76.87642 
 162.595      -76.87103 
 162.5258     -76.8674 
 162.5237     -76.8804 
 162.4634     -76.91645 
 162.4554     -76.92762 
 162.43       -76.93658 
 162.4585     -76.95703 
 162.4532     -76.97498 
 162.3894     -76.98728 
 162.2017     -76.99986 
 162.2432     -77.00858 
 162.2897     -77.00823 
 162.3306     -77.01171 
 162.3804     -77.02051 
 162.3768     -77.03015 
 162.3624     -77.03426 
 162.3233     -77.03377 
 162.2603     -77.03811 
 162.2868     -77.05278 
 162.2712     -77.06906 
 162.287      -77.07257 
 162.3704     -77.07441 
 162.5443     -77.05168 
 162.5759     -77.0516 
 162.7474     -77.06338 
 162.7853     -77.0711 
 162.7863     -77.07131 
 162.816      -77.07246 
 162.8966     -77.06593 
 162.9257     -77.06751 
 163.0521     -77.0862 
 163.051      -77.09738 
 163.0157     -77.12075 
 163.0284     -77.13991 
 163.095      -77.16423 
 163.1237     -77.19012 
 163.2519     -77.24295 
 163.2603     -77.2513 
 163.2863     -77.27715 
 163.3964     -77.33186 
 163.4754     -77.35913 
 163.431      -77.374 
 163.4397     -77.38301 
 163.4272     -77.40701 
 163.4421     -77.41925 
 163.4819     -77.42607 
 163.5668     -77.42977 
 163.5985     -77.42248 
 163.6097     -77.43445 
 163.6424     -77.44173 
 163.7231     -77.45632 
 163.679      -77.47405 
 163.7379     -77.47505 
 163.7019     -77.48537 
 163.6513     -77.49379 
 163.6543     -77.50241 
 163.7213     -77.51937 
 163.7283     -77.52825 
 163.7115     -77.5356 
 163.7311     -77.5427 
 163.725      -77.55258 
 163.5969     -77.58968 
 163.5546     -77.59396 
 163.5012     -77.59385 
 163.3826     -77.60658 
 163.3934     -77.62182 
 163.4643     -77.6241 
 163.5586     -77.64985 
 163.5875     -77.66483 
 163.5771     -77.67823 
 163.5687     -77.68566 
 163.5241     -77.69686 
 163.4883     -77.69736 
 163.3835     -77.70748 
 163.3575     -77.7133 
 163.4029     -77.73359 
 163.4191     -77.73606 
 163.4315     -77.74576 
 163.454      -77.75001 
 163.5213     -77.75385 
 163.6836     -77.75293 
 163.7771     -77.74291 
 163.7984     -77.73722 
 163.8319     -77.72903 
 164.0492     -77.70236 
 164.1753     -77.70455 
 164.2805     -77.7236 
 164.3121     -77.73578 
 164.2816     -77.75961 
 164.287      -77.76366 
 164.3974     -77.77455 
 164.423      -77.7929 
 164.3991     -77.81198 
 164.3925     -77.8303 
 164.3912     -77.8339 
 164.375      -77.84088 
 164.4251     -77.87373 
 164.4103     -77.88126 
 164.4332     -77.92276 
 164.4311     -77.94365 
 164.4481     -77.95398 
 164.4407     -77.97549 
 164.4613     -77.98651 
 164.4589     -77.9915 
 164.4013     -78.0007 
 164.3852     -78.0091 
 164.4079     -78.03471 
 164.3726     -78.06486 
 164.3336     -78.07658 
 164.2666     -78.08572 
 164.2965     -78.10618 
 164.2977     -78.1198 
 164.2696     -78.13965 
 164.1253     -78.16433 
 164.0933     -78.17553 
 164.0675     -78.19506 
 163.8138     -78.23096 
 163.7446     -78.24366 
 163.7342     -78.24913 
 163.7293     -78.24961 
 163.6323     -78.25891 
 163.4206     -78.26944 
 163.3413     -78.28523 
 163.2985     -78.31174 
 163.2988     -78.32821 
 163.3183     -78.33365 
 163.3521     -78.33431 
 163.382      -78.32534 
 163.4294     -78.32166 
 163.4734     -78.33845 
 163.4914     -78.34191 
 163.4946     -78.35054 
 163.4692     -78.35651 
 163.4755     -78.3616 
 163.5024     -78.38061 
 163.5654     -78.39288 
 163.5735     -78.39055 
 163.6413     -78.39041 
 163.6947     -78.3936 
 163.7285     -78.41767 
 163.766      -78.41755 
 163.8017     -78.41076 
 163.8279     -78.40575 
 163.8416     -78.39811 
 163.9481     -78.37956 
 164.0558     -78.36621 
 164.1799     -78.34301 
 164.2329     -78.33673 
 164.2895     -78.33908 
 164.3608     -78.34739 
 164.4097     -78.36328 
 164.4666     -78.36232 
 164.5035     -78.37704 
 164.5246     -78.38011 
 164.5751     -78.37548 
 164.6153     -78.35012 
 164.6437     -78.34881 
 164.6611     -78.35102 
 164.7113     -78.32947 
 164.7405     -78.32505 
 164.8964     -78.31368 
 165.0051     -78.29128 
 165.0201     -78.2702 
 165.0897     -78.23911 
 165.0481     -78.22098 
 165.0406     -78.208 
 165.0522     -78.19606 
 165.0833     -78.17636 
 165.183      -78.13395 
 165.2149     -78.10315 
 165.27       -78.07503 
 165.2974     -78.06446 
 165.3374     -78.05783 
 165.4482     -78.08991 
 165.4714     -78.1014 
 165.4929     -78.1351 
 165.4823     -78.17261 
 165.4585     -78.18388 
 165.2812     -78.23565 
 165.2273     -78.24527 
 165.2481     -78.26036 
 165.2886     -78.2728 
 165.5686     -78.3222 
 165.6105     -78.33743 
 165.6234     -78.35205 
 165.6421     -78.36231 
 165.635      -78.37821 
 165.584      -78.40992 
 165.5695     -78.42961 
 165.6399     -78.46211 
 165.7199     -78.48762 
 165.7637     -78.49498 
 165.8532     -78.50467 
 166.0009     -78.51448 
 166.2588     -78.52735 
 166.3764     -78.5447 
 166.395      -78.54468 
 166.5612     -78.55134 
 166.6978     -78.55186 
 166.7696     -78.54833 
 166.8601     -78.54844 
 166.9372     -78.55575 
 166.9716     -78.56382 
 167.0022     -78.5828 
 167.0861     -78.62548 
 167.1099     -78.64458 
 167.1333     -78.68952 
 167.1182     -78.69808 
 167.1327     -78.70752 
 167.1193     -78.71476 
 167.0351     -78.73173 
 166.9473     -78.73973 
 166.8368     -78.73926 
 166.8016     -78.73531 
 166.7874     -78.72771 
 166.8005     -78.71907 
 166.8287     -78.71344 
 166.8838     -78.7012 
 166.8798     -78.6934 
 166.8748     -78.68367 
 166.8367     -78.66109 
 166.7664     -78.64392 
 166.644      -78.63305 
 166.3723     -78.60148 
 166.2396     -78.5899 
 166.1088     -78.58438 
 165.9756     -78.58607 
 165.9244     -78.59835 
 165.8996     -78.59835 
 165.7652     -78.59819 
 165.6192     -78.6056 
 165.5392     -78.6266 
 165.5102     -78.64278 
 165.4568     -78.65258 
 165.3406     -78.64608 
 165.2343     -78.64609 
 165.0891     -78.65705 
 165.0161     -78.65176 
 164.9132     -78.65091 
 164.8303     -78.64596 
 164.8101     -78.64283 
 164.72       -78.62876 
 164.6671     -78.631 
 164.6365     -78.63586 
 164.6359     -78.64284 
 164.6142     -78.64305 
 164.5829     -78.63852 
 164.5228     -78.63755 
 164.4441     -78.64112 
 164.3702     -78.63653 
 164.2644     -78.63433 
 164.119      -78.64437 
 164.0525     -78.6523 
 164.0081     -78.66758 
 164.0033     -78.67715 
 164.0197     -78.6884 
 163.894      -78.70044 
 163.8675     -78.71045 
 163.866      -78.71103 
 163.8753     -78.72377 
 163.923      -78.73964 
 163.8955     -78.7498 
 163.8536     -78.75679 
 163.7082     -78.76533 
 163.6188     -78.7578 
 163.4972     -78.75399 
 163.3307     -78.75878 
 163.2601     -78.76681 
 163.1593     -78.79661 
 163.155      -78.82793 
 163.135      -78.83093 
 163.1166     -78.83366 
 163.0908     -78.83306 
 163.0062     -78.84026 
 162.9212     -78.85356 
 162.8169     -78.87841 
 162.7452     -78.87596 
 162.6158     -78.88318 
 162.6185     -78.89328 
 162.6589     -78.90283 
 162.6322     -78.91586 
 162.6518     -78.9232 
 162.7258     -78.93478 
 162.7268     -78.94005 
 162.6407     -78.95326 
 162.6173     -78.99063 
 162.6108     -79.07207 
 162.5357     -79.10588 
 162.4938     -79.11425 
 162.3576     -79.12208 
 162.1033     -79.1269 
 161.9818     -79.126 
 161.8816     -79.11936 
 161.7325     -79.10941 
 161.4331     -79.11221 
 161.2287     -79.1028 
 161.054      -79.10186 
 161.0007     -79.10743 
 160.9117     -79.10776 
 160.8867     -79.10896 
 160.8489     -79.11697 
 160.8636     -79.11986 
 160.831      -79.13443 
 160.7234     -79.1603 
 160.5863     -79.1813 
 160.5313     -79.1939 
 160.4605     -79.21983 
 160.3537     -79.23901 
 160.2669     -79.24658 
 160.3512     -79.29645 
 160.4026     -79.29654 
 160.4242     -79.30134 
 160.4542     -79.30048 
 160.4907     -79.30818 
 160.5073     -79.3208 
 160.4901     -79.34268 
 160.491      -79.37248 
 160.4537     -79.38873 
 160.3744     -79.40506 
 160.3022     -79.419 
 160.2418     -79.43995 
 160.2389     -79.44792 
 160.3389     -79.46465 
 160.3443     -79.49335 
 160.3224     -79.49768 
 160.2197     -79.49904 
 160.1838     -79.50243 
 160.2124     -79.52211 
 160.2796     -79.54626 
 160.2764     -79.56479 
 160.2016     -79.58198 
 160.0761     -79.58911 
 160.0723     -79.58931 
 160.0698     -79.59443 
 160.0142     -79.60326 
 160.0202     -79.62485 
 160.0819     -79.65443 
 160.1013     -79.67738 
 160.0748     -79.70307 
 160          -79.73286 
 1             12 
1
 -9999.0   ,   9990.0 
 10 
 160          -79.73637 
 160.1493     -79.77869 
 160.2266     -79.81833 
 160.2142     -79.85683 
 160.2098     -79.87065 
 160.1582     -79.93281 
 160.279      -79.96166 
 160.3063     -79.98791 
 160.3058     -79.98846 
 160.2955     -80 
