 2 
 1             1 
1
 -9999.0   ,   9990.0 
 35 
-100.5233     -75 
-100.4613     -75.04398 
-100.4547     -75.06008 
-100.4026     -75.11072 
-100.4242     -75.12416 
-100.5085     -75.13087 
-100.5888     -75.13172 
-100.6286     -75.1368 
-100.6555     -75.13645 
-100.7497     -75.15376 
-100.853      -75.16597 
-100.9183     -75.17813 
-100.9707     -75.18255 
-101.0023     -75.19075 
-101.0506     -75.19786 
-101.0923     -75.20399 
-101.2062     -75.20996 
-101.249      -75.20875 
-101.2896     -75.21415 
-101.4233     -75.22182 
-101.4527     -75.22683 
-101.583      -75.23226 
-101.6668     -75.24097 
-101.8093     -75.24751 
-101.9929     -75.26158 
-101.9856     -75.224 
-101.9793     -75.19142 
-101.9798     -75.16528 
-101.9923     -75.15156 
-101.9787     -75.14389 
-102.006      -75.08367 
-102.073      -75.03714 
-102.1152     -75.02691 
-102.1422     -75.02451 
-102.2322     -75 
 1             2 
1
 -9999.0   ,   9990.0 
 36 
-105.3218     -75 
-105.3332     -75.03149 
-105.3261     -75.06503 
-105.278      -75.10519 
-105.2724     -75.11478 
-105.2648     -75.12781 
-105.278      -75.15098 
-105.3972     -75.18715 
-105.5067     -75.19278 
-105.5634     -75.19214 
-105.5996     -75.20001 
-105.6615     -75.2283 
-105.7108     -75.23098 
-105.9531     -75.25545 
-105.9777     -75.2587 
-106.0556     -75.26895 
-106.1127     -75.27337 
-106.1511     -75.28102 
-106.1673     -75.2789 
-106.2388     -75.28605 
-106.3554     -75.28513 
-106.3851     -75.2882 
-106.5625     -75.29145 
-106.7394     -75.28212 
-106.8144     -75.27462 
-106.8523     -75.26861 
-106.8561     -75.25263 
-106.7663     -75.18004 
-106.7394     -75.16638 
-106.7284     -75.14393 
-106.6677     -75.0877 
-106.6731     -75.06166 
-106.6595     -75.03512 
-106.6443     -75.0282 
-106.6391     -75.01085 
-106.6299     -75 
