 53 
 1             1 
1
 -9999.0   ,   9990.0 
 8 
-144.3747      60 
-144.3702      59.99261 
-144.3741      59.98937 
-144.3805      59.98926 
-144.3901      59.9937 
-144.3975      59.99157 
-144.4026      59.99323 
-144.4011      60 
 1             2 
1
 -9999.0   ,   9990.0 
 10 
-148.1412      60 
-148.141       59.99904 
-148.1457      59.99756 
-148.1579      59.99856 
-148.1607      59.99795 
-148.1609      59.9959 
-148.1396      59.98528 
-148.1305      59.9855 
-148.1194      59.9955 
-148.1092      60 
 1             3 
1
 -9999.0   ,   9990.0 
 8 
-148.1675      59.96771 
-148.1549      59.97036 
-148.1524      59.97623 
-148.1544      59.97903 
-148.1632      59.97812 
-148.1695      59.97462 
-148.1722      59.97057 
-148.1675      59.96771 
 1             4 
1
 -9999.0   ,   9990.0 
 31 
-148.4957      60 
-148.4958      59.99931 
-148.5034      59.99194 
-148.5024      59.98674 
-148.5009      59.97885 
-148.494       59.97434 
-148.4853      59.97071 
-148.4803      59.97037 
-148.4808      59.97884 
-148.4764      59.98216 
-148.4692      59.98131 
-148.4668      59.97737 
-148.4696      59.97217 
-148.4673      59.96754 
-148.4595      59.96279 
-148.4641      59.96221 
-148.4753      59.96476 
-148.4921      59.96059 
-148.4884      59.95638 
-148.4674      59.952 
-148.456       59.94121 
-148.4459      59.94715 
-148.4367      59.9483 
-148.4354      59.95668 
-148.4343      59.96379 
-148.4211      59.96828 
-148.412       59.9779 
-148.4103      59.98105 
-148.4177      59.9897 
-148.4148      59.99649 
-148.4116      60 
 1             5 
1
 -9999.0   ,   9990.0 
 26 
-147.8756      60 
-147.8776      59.99652 
-147.8843      59.98984 
-147.9179      59.97064 
-147.9385      59.96641 
-147.9499      59.96192 
-147.9727      59.95797 
-147.986       59.94941 
-147.9946      59.94941 
-148.0028      59.94575 
-148.0169      59.94567 
-148.0308      59.93964 
-148.0469      59.93847 
-148.0538      59.94643 
-148.0639      59.94967 
-148.0554      59.9531 
-148.0514      59.96009 
-148.0385      59.97262 
-148.0372      59.97389 
-148.0314      59.97671 
-148.0151      59.97993 
-148.0225      59.98356 
-148.0113      59.99012 
-148.0004      59.98937 
-147.9869      59.99564 
-147.9902      60 
 1             6 
1
 -9999.0   ,   9990.0 
 49 
-148.0364      60 
-148.0412      59.99252 
-148.0569      59.98542 
-148.0627      59.98281 
-148.0665      59.97742 
-148.0755      59.97445 
-148.0907      59.95976 
-148.1024      59.95297 
-148.1197      59.94863 
-148.1359      59.94219 
-148.1644      59.93561 
-148.2276      59.9322 
-148.2373      59.93587 
-148.2481      59.93225 
-148.2573      59.93134 
-148.2598      59.93369 
-148.2582      59.93594 
-148.2521      59.93807 
-148.2058      59.9401 
-148.1827      59.95255 
-148.188       59.95451 
-148.213       59.95035 
-148.2221      59.95126 
-148.2253      59.955 
-148.2214      59.95833 
-148.207       59.96003 
-148.1944      59.96794 
-148.195       59.9707 
-148.2017      59.97224 
-148.2103      59.97087 
-148.2128      59.97047 
-148.23        59.97685 
-148.2026      59.98141 
-148.1903      59.98087 
-148.1837      59.97887 
-148.1832      59.9704 
-148.177       59.96795 
-148.167       59.95923 
-148.1525      59.96664 
-148.1375      59.97059 
-148.1252      59.9657 
-148.1165      59.96615 
-148.1135      59.96836 
-148.1155      59.9755 
-148.1012      59.98176 
-148.0972      59.98921 
-148.0845      59.99457 
-148.0824      59.99545 
-148.0782      60 
 1             7 
1
 -9999.0   ,   9990.0 
 105 
-149.1023      60 
-149.1027      59.99854 
-149.0964      59.99202 
-149.1011      59.98914 
-149.1082      59.99316 
-149.1137      59.9928 
-149.1235      59.98292 
-149.1315      59.97988 
-149.1312      59.96433 
-149.1277      59.96312 
-149.1188      59.96615 
-149.1139      59.96469 
-149.1081      59.95635 
-149.1041      59.95491 
-149.0891      59.95531 
-149.0787      59.95329 
-149.0676      59.96131 
-149.0568      59.9659 
-149.0534      59.96607 
-149.0463      59.96639 
-149.0447      59.96933 
-149.049       59.97239 
-149.039       59.97814 
-149.0349      59.9776 
-149.0348      59.97325 
-149.0415      59.9631 
-149.0371      59.94953 
-149.0317      59.94783 
-149.0202      59.9492 
-149.009       59.94624 
-148.9974      59.95539 
-148.9865      59.96112 
-148.9829      59.96608 
-148.9628      59.97209 
-148.9437      59.97124 
-148.9239      59.96788 
-148.9246      59.96252 
-148.9251      59.95876 
-148.9146      59.95261 
-148.905       59.94213 
-148.8993      59.93904 
-148.8912      59.93796 
-148.8879      59.93378 
-148.8906      59.9288 
-148.8836      59.92523 
-148.8458      59.92423 
-148.8176      59.94011 
-148.8095      59.95045 
-148.8005      59.95461 
-148.7834      59.95722 
-148.7582      59.95605 
-148.7677      59.95916 
-148.783       59.96727 
-148.806       59.97095 
-148.8085      59.97329 
-148.8035      59.97913 
-148.8076      59.99019 
-148.8028      59.9926 
-148.7963      59.98355 
-148.7979      59.97513 
-148.7891      59.97608 
-148.7872      59.9829 
-148.7816      59.98416 
-148.7708      59.97684 
-148.7672      59.97082 
-148.7712      59.96702 
-148.767       59.96259 
-148.7477      59.95852 
-148.7448      59.95455 
-148.7416      59.95016 
-148.7347      59.94566 
-148.7364      59.9409 
-148.7304      59.93735 
-148.7048      59.94319 
-148.684       59.94091 
-148.6819      59.94452 
-148.6839      59.94754 
-148.6792      59.94972 
-148.6631      59.95051 
-148.657       59.9522 
-148.6594      59.94609 
-148.669       59.94584 
-148.6728      59.93929 
-148.6809      59.93421 
-148.6848      59.92607 
-148.6834      59.92192 
-148.6567      59.91973 
-148.648       59.91497 
-148.6438      59.91544 
-148.6429      59.91554 
-148.6393      59.92004 
-148.6081      59.92848 
-148.5812      59.94388 
-148.5669      59.9559 
-148.5701      59.96055 
-148.586       59.96662 
-148.5923      59.96722 
-148.5966      59.97029 
-148.5941      59.97252 
-148.5736      59.97229 
-148.5658      59.96342 
-148.5533      59.96977 
-148.5541      59.9844 
-148.5546      59.99563 
-148.5516      60 
 1             8 
1
 -9999.0   ,   9990.0 
 6 
-149.7211      59.91318 
-149.7241      59.91809 
-149.7287      59.91397 
-149.726       59.90383 
-149.7195      59.90566 
-149.7211      59.91318 
 1             9 
1
 -9999.0   ,   9990.0 
 23 
-149.3495      59.89847 
-149.3376      59.91244 
-149.329       59.93195 
-149.3197      59.93545 
-149.3227      59.93756 
-149.3335      59.9398 
-149.3423      59.94565 
-149.3478      59.94529 
-149.3521      59.94216 
-149.366       59.93806 
-149.3563      59.93241 
-149.359       59.9272 
-149.3682      59.92507 
-149.3671      59.92048 
-149.3538      59.91523 
-149.3487      59.91103 
-149.3489      59.90806 
-149.3521      59.90628 
-149.3624      59.90897 
-149.3707      59.90751 
-149.3742      59.90572 
-149.3792      59.90308 
-149.3495      59.89847 
 1             10 
1
 -9999.0   ,   9990.0 
 8 
-149.3826      59.87892 
-149.3739      59.87991 
-149.3776      59.88615 
-149.3846      59.88969 
-149.3929      59.88846 
-149.3949      59.88552 
-149.3929      59.88137 
-149.3826      59.87892 
 1             11 
1
 -9999.0   ,   9990.0 
 69 
-149.3229      60 
-149.3325      59.99576 
-149.3373      59.99196 
-149.334       59.98094 
-149.3373      59.9714 
-149.3333      59.97042 
-149.3125      59.98194 
-149.3068      59.97865 
-149.3099      59.97208 
-149.3036      59.96488 
-149.3145      59.96507 
-149.3137      59.95774 
-149.3177      59.95118 
-149.3086      59.94394 
-149.3135      59.93991 
-149.3102      59.93483 
-149.311       59.93257 
-149.3152      59.92074 
-149.3191      59.91715 
-149.317       59.91529 
-149.3102      59.91449 
-149.3088      59.9083 
-149.3012      59.90588 
-149.3047      59.90091 
-149.3041      59.89679 
-149.3121      59.89281 
-149.3018      59.87641 
-149.3062      59.87168 
-149.3028      59.86865 
-149.2868      59.86929 
-149.2855      59.87521 
-149.2904      59.87804 
-149.29        59.88375 
-149.2622      59.89652 
-149.2689      59.89937 
-149.261       59.90198 
-149.2603      59.90254 
-149.2556      59.90646 
-149.2479      59.90678 
-149.246       59.90812 
-149.2511      59.913 
-149.2556      59.91354 
-149.2697      59.90739 
-149.2791      59.90915 
-149.2893      59.91321 
-149.285       59.91611 
-149.2768      59.91643 
-149.2692      59.92064 
-149.2633      59.92054 
-149.2591      59.92297 
-149.262       59.92691 
-149.2489      59.93171 
-149.2466      59.93784 
-149.2369      59.94018 
-149.2368      59.94818 
-149.2534      59.94596 
-149.2614      59.94906 
-149.2447      59.95266 
-149.2403      59.95647 
-149.2377      59.96422 
-149.2374      59.9651 
-149.2226      59.9749 
-149.2245      59.98019 
-149.2369      59.97949 
-149.2372      59.98247 
-149.2237      59.98566 
-149.2161      59.99032 
-149.2219      59.99865 
-149.2205      60 
 1             12 
1
 -9999.0   ,   9990.0 
 8 
-147.4232      59.86631 
-147.3974      59.87259 
-147.401       59.87659 
-147.4059      59.87744 
-147.4207      59.87561 
-147.4241      59.87366 
-147.4252      59.86821 
-147.4232      59.86631 
 1             13 
1
 -9999.0   ,   9990.0 
 21 
-149.3923      59.8352 
-149.3806      59.8398 
-149.3746      59.85479 
-149.3772      59.85803 
-149.3834      59.85927 
-149.3938      59.8679 
-149.4024      59.86782 
-149.406       59.8697 
-149.4114      59.8691 
-149.4177      59.86395 
-149.4113      59.85768 
-149.4129      59.85405 
-149.4257      59.85152 
-149.4184      59.84545 
-149.4112      59.84534 
-149.4039      59.85139 
-149.3966      59.85332 
-149.393       59.85258 
-149.3876      59.84426 
-149.3986      59.83621 
-149.3923      59.8352 
 1             14 
1
 -9999.0   ,   9990.0 
 51 
-144.2162      60 
-144.2142      59.99847 
-144.2211      59.99218 
-144.2528      59.98177 
-144.2761      59.9695 
-144.3142      59.9553 
-144.3261      59.94653 
-144.356       59.93531 
-144.3703      59.92461 
-144.4071      59.91077 
-144.4332      59.89817 
-144.4402      59.89083 
-144.4491      59.88135 
-144.4582      59.87541 
-144.4812      59.86816 
-144.5299      59.84344 
-144.5462      59.831 
-144.5596      59.81725 
-144.5687      59.81291 
-144.5859      59.8113 
-144.5977      59.79883 
-144.6057      59.80179 
-144.6014      59.80501 
-144.5963      59.81829 
-144.5866      59.82328 
-144.5759      59.83282 
-144.5697      59.85177 
-144.5464      59.86248 
-144.5383      59.873 
-144.5369      59.87483 
-144.505       59.88966 
-144.4486      59.92015 
-144.4429      59.93408 
-144.4363      59.93923 
-144.4203      59.93883 
-144.3991      59.94158 
-144.3861      59.94868 
-144.376       59.95862 
-144.3707      59.96276 
-144.3445      59.97122 
-144.3342      59.97662 
-144.3377      59.98807 
-144.3333      59.99105 
-144.3257      59.99224 
-144.3189      59.98382 
-144.3142      59.98218 
-144.309       59.98281 
-144.3041      59.98829 
-144.3019      59.98871 
-144.2754      59.99382 
-144.2699      60 
 1             15 
1
 -9999.0   ,   9990.0 
 2 
-150.0252      59.79867 
-150.0383      59.79883 
 1             16 
1
 -9999.0   ,   9990.0 
 2 
-150.065       59.77972 
-150.0677      59.78203 
 1             17 
1
 -9999.0   ,   9990.0 
 135 
-147.6773      60 
-147.6834      59.99735 
-147.7006      59.99465 
-147.7068      59.99232 
-147.7129      59.987 
-147.7113      59.98513 
-147.706       59.9836 
-147.6968      59.98379 
-147.6894      59.97716 
-147.672       59.97322 
-147.6682      59.97037 
-147.6725      59.96477 
-147.6788      59.96175 
-147.6853      59.9608 
-147.6906      59.95478 
-147.7007      59.95004 
-147.7211      59.95109 
-147.733       59.95533 
-147.7399      59.95567 
-147.7443      59.95589 
-147.7548      59.95253 
-147.7663      59.94303 
-147.7741      59.93089 
-147.7837      59.92683 
-147.8148      59.922 
-147.8212      59.91761 
-147.8273      59.90359 
-147.823       59.90164 
-147.8139      59.90161 
-147.8109      59.8997 
-147.8117      59.8924 
-147.8017      59.88799 
-147.7749      59.88745 
-147.768       59.88862 
-147.7559      59.89491 
-147.7541      59.89535 
-147.7484      59.89675 
-147.7455      59.89415 
-147.747       59.88459 
-147.7532      59.87859 
-147.7621      59.87587 
-147.782       59.87324 
-147.8081      59.87193 
-147.842       59.87381 
-147.8613      59.87208 
-147.881       59.86736 
-147.8944      59.86156 
-147.9155      59.83626 
-147.9179      59.8334 
-147.8993      59.81206 
-147.8969      59.80536 
-147.9055      59.79691 
-147.9162      59.79103 
-147.9311      59.78732 
-147.9342      59.78352 
-147.9332      59.78052 
-147.9134      59.77082 
-147.8945      59.76892 
-147.8831      59.76517 
-147.8744      59.76583 
-147.8595      59.76976 
-147.8458      59.77075 
-147.8344      59.77759 
-147.8239      59.78385 
-147.8125      59.78856 
-147.8023      59.79032 
-147.7788      59.80154 
-147.7689      59.80423 
-147.7093      59.80524 
-147.6984      59.80126 
-147.6934      59.80111 
-147.687       59.80893 
-147.6731      59.81149 
-147.6732      59.81447 
-147.6669      59.81771 
-147.6559      59.81899 
-147.6565      59.82107 
-147.6684      59.82508 
-147.6672      59.82981 
-147.6517      59.84312 
-147.6392      59.84915 
-147.6136      59.85387 
-147.5962      59.85427 
-147.5728      59.85218 
-147.5681      59.84998 
-147.5573      59.84919 
-147.554       59.84612 
-147.5516      59.83552 
-147.5484      59.8361 
-147.5442      59.84078 
-147.5358      59.84213 
-147.525       59.84111 
-147.5069      59.85131 
-147.491       59.8515 
-147.4848      59.8536 
-147.4831      59.85527 
-147.4792      59.85891 
-147.469       59.85997 
-147.4661      59.8617 
-147.4659      59.86674 
-147.4533      59.86955 
-147.4523      59.87386 
-147.4594      59.875 
-147.4621      59.87898 
-147.4592      59.88438 
-147.4607      59.89106 
-147.4527      59.89974 
-147.4563      59.90443 
-147.4717      59.90536 
-147.4794      59.90949 
-147.5067      59.90988 
-147.5127      59.91304 
-147.5191      59.92354 
-147.5143      59.93734 
-147.5044      59.94115 
-147.4922      59.94582 
-147.4807      59.95393 
-147.4702      59.95452 
-147.4464      59.9659 
-147.4339      59.96757 
-147.4159      59.96517 
-147.4059      59.96097 
-147.3923      59.96054 
-147.3866      59.95875 
-147.3852      59.95482 
-147.3794      59.95418 
-147.3747      59.95883 
-147.3621      59.96484 
-147.3698      59.96875 
-147.3863      59.97201 
-147.3947      59.97732 
-147.3963      59.9831 
-147.3952      59.98868 
-147.3937      59.99629 
-147.3957      60 
 1             18 
1
 -9999.0   ,   9990.0 
 2 
-150.0322      59.76472 
-150.0442      59.76874 
 1             19 
1
 -9999.0   ,   9990.0 
 12 
-149.513       59.76242 
-149.511       59.76535 
-149.5143      59.76975 
-149.5091      59.77355 
-149.5084      59.77811 
-149.5212      59.78402 
-149.5297      59.7853 
-149.5331      59.78215 
-149.5243      59.77104 
-149.525       59.76626 
-149.522       59.76301 
-149.513       59.76242 
 1             20 
1
 -9999.0   ,   9990.0 
 8 
-149.927       59.72826 
-149.9066      59.72891 
-149.9042      59.73094 
-149.9055      59.73301 
-149.9155      59.73177 
-149.9281      59.7333 
-149.9305      59.73081 
-149.927       59.72826 
 1             21 
1
 -9999.0   ,   9990.0 
 3 
-150.2213      59.72658 
-150.23        59.71159 
-150.2273      59.71042 
 1             22 
1
 -9999.0   ,   9990.0 
 8 
-149.5582      59.7037 
-149.5688      59.69998 
-149.5772      59.70285 
-149.581       59.70016 
-149.5771      59.69713 
-149.5632      59.69601 
-149.5566      59.70048 
-149.5582      59.7037 
 1             23 
1
 -9999.0   ,   9990.0 
 7 
-149.7252      59.66891 
-149.7213      59.67343 
-149.7248      59.67667 
-149.735       59.68025 
-149.7378      59.67777 
-149.7288      59.66896 
-149.7252      59.66891 
 1             24 
1
 -9999.0   ,   9990.0 
 10 
-150.315       59.65235 
-150.3097      59.66189 
-150.2943      59.67477 
-150.2875      59.68772 
-150.2757      59.70085 
-150.266       59.70624 
-150.2551      59.71824 
-150.2516      59.72666 
-150.2387      59.73133 
-150.2297      59.73192 
 1             25 
1
 -9999.0   ,   9990.0 
 10 
-149.6509      59.64842 
-149.6399      59.651 
-149.6311      59.6623 
-149.6279      59.66293 
-149.6242      59.65648 
-149.6285      59.65243 
-149.6265      59.64875 
-149.637       59.64662 
-149.6444      59.64307 
-149.6509      59.64842 
 1             26 
1
 -9999.0   ,   9990.0 
 19 
-149.6648      59.69821 
-149.6645      59.69501 
-149.6577      59.68782 
-149.6601      59.68466 
-149.6505      59.67881 
-149.6563      59.67181 
-149.6521      59.65918 
-149.6598      59.65106 
-149.6541      59.64664 
-149.6698      59.64162 
-149.6695      59.65486 
-149.6634      59.65911 
-149.6713      59.66266 
-149.6677      59.67129 
-149.6738      59.68257 
-149.6713      59.68779 
-149.6746      59.69332 
-149.6722      59.69466 
-149.6648      59.69821 
 1             27 
1
 -9999.0   ,   9990.0 
 370 
-150.0167      59.79629 
-150.0092      59.7914 
-150.0042      59.79066 
-150.0024      59.78195 
-150           59.78076 
-149.978       59.76978 
-149.9635      59.76961 
-149.9538      59.77406 
-149.9468      59.76894 
-149.9344      59.77199 
-149.9334      59.76512 
-149.928       59.7646 
-149.92        59.76953 
-149.9133      59.76738 
-149.9139      59.76396 
-149.8967      59.75621 
-149.902       59.74942 
-149.8881      59.7369 
-149.8747      59.73828 
-149.8644      59.73934 
-149.8559      59.73717 
-149.852       59.73507 
-149.853       59.73302 
-149.8464      59.72997 
-149.8562      59.72278 
-149.8522      59.72113 
-149.8427      59.72124 
-149.8427      59.71278 
-149.8354      59.71314 
-149.8307      59.71696 
-149.8213      59.71615 
-149.8205      59.71409 
-149.8271      59.70824 
-149.835       59.70468 
-149.836       59.70196 
-149.8321      59.69893 
-149.824       59.69905 
-149.8184      59.70195 
-149.8164      59.70535 
-149.8055      59.70658 
-149.7957      59.71215 
-149.7885      59.71137 
-149.787       59.70518 
-149.7761      59.7064 
-149.7703      59.7045 
-149.7739      59.70115 
-149.7827      59.69301 
-149.789       59.69219 
-149.7938      59.69705 
-149.8         59.69782 
-149.8053      59.69263 
-149.818       59.69258 
-149.831       59.68498 
-149.8284      59.68266 
-149.807       59.68649 
-149.8057      59.68396 
-149.8128      59.67926 
-149.8067      59.6746 
-149.7969      59.67927 
-149.7915      59.6792 
-149.7916      59.67006 
-149.7968      59.66224 
-149.7965      59.65752 
-149.7882      59.65907 
-149.7817      59.65809 
-149.774       59.66157 
-149.7714      59.66103 
-149.7718      59.65874 
-149.7801      59.65561 
-149.7833      59.65441 
-149.7827      59.65192 
-149.7771      59.65076 
-149.7657      59.65126 
-149.7611      59.64862 
-149.7626      59.64521 
-149.751       59.64345 
-149.7457      59.63845 
-149.7425      59.64014 
-149.7404      59.64582 
-149.7415      59.65109 
-149.7496      59.65189 
-149.7456      59.65914 
-149.7494      59.664 
-149.7609      59.66849 
-149.7557      59.67368 
-149.7654      59.68569 
-149.7633      59.69115 
-149.7575      59.69084 
-149.7487      59.68524 
-149.7396      59.68556 
-149.7283      59.69523 
-149.7336      59.69985 
-149.736       59.70197 
-149.7385      59.69834 
-149.7455      59.69524 
-149.7495      59.69621 
-149.753       59.70677 
-149.7502      59.70879 
-149.7447      59.7094 
-149.739       59.71389 
-149.7402      59.71802 
-149.7518      59.72116 
-149.7492      59.72683 
-149.7522      59.72984 
-149.7607      59.7311 
-149.7626      59.73912 
-149.7768      59.74343 
-149.7636      59.7533 
-149.7644      59.76474 
-149.7717      59.76324 
-149.7728      59.75983 
-149.7807      59.75651 
-149.784       59.76112 
-149.7929      59.76535 
-149.7885      59.76741 
-149.7771      59.77268 
-149.7746      59.77585 
-149.7768      59.77839 
-149.7894      59.78039 
-149.7924      59.78248 
-149.793       59.78889 
-149.7858      59.78834 
-149.7801      59.79191 
-149.7712      59.79019 
-149.7665      59.79287 
-149.7757      59.79917 
-149.8095      59.81264 
-149.8159      59.8285 
-149.8224      59.83475 
-149.8402      59.84093 
-149.8618      59.84464 
-149.8681      59.84735 
-149.8743      59.85005 
-149.8665      59.85155 
-149.8569      59.85234 
-149.8417      59.84826 
-149.8008      59.8484 
-149.7959      59.84696 
-149.7934      59.84213 
-149.7871      59.84045 
-149.7754      59.83092 
-149.7748      59.82498 
-149.768       59.82419 
-149.7632      59.82047 
-149.7549      59.82219 
-149.7463      59.83052 
-149.7483      59.83535 
-149.7553      59.83979 
-149.7513      59.84841 
-149.7552      59.85966 
-149.7512      59.86957 
-149.7479      59.87784 
-149.7546      59.88799 
-149.7513      59.89731 
-149.7436      59.8972 
-149.7424      59.8949 
-149.7449      59.88968 
-149.7393      59.88389 
-149.7441      59.87962 
-149.7419      59.87844 
-149.725       59.88026 
-149.7239      59.88391 
-149.7317      59.88996 
-149.7267      59.90061 
-149.7348      59.90763 
-149.7351      59.92061 
-149.7433      59.92896 
-149.7412      59.9335 
-149.7481      59.93928 
-149.7503      59.94116 
-149.7431      59.94884 
-149.7337      59.9535 
-149.7205      59.95355 
-149.6894      59.94694 
-149.6842      59.93453 
-149.6762      59.93053 
-149.6734      59.91655 
-149.6623      59.91159 
-149.6707      59.90806 
-149.6655      59.90318 
-149.6485      59.89768 
-149.6472      59.89584 
-149.6528      59.8934 
-149.661       59.89307 
-149.6679      59.87648 
-149.6722      59.87266 
-149.6705      59.87126 
-149.6673      59.87133 
-149.6636      59.87139 
-149.6539      59.87422 
-149.6407      59.87449 
-149.6319      59.87756 
-149.6265      59.87725 
-149.6277      59.87247 
-149.6435      59.86539 
-149.6384      59.86006 
-149.6533      59.86074 
-149.6709      59.84751 
-149.6744      59.84093 
-149.6702      59.83539 
-149.6477      59.83209 
-149.6434      59.82814 
-149.6489      59.82594 
-149.6708      59.8258 
-149.6755      59.82221 
-149.672       59.81965 
-149.6602      59.81925 
-149.659       59.81792 
-149.6585      59.8174 
-149.6614      59.81538 
-149.6691      59.81458 
-149.6724      59.81188 
-149.6681      59.80862 
-149.656       59.80662 
-149.6561      59.80365 
-149.6682      59.79788 
-149.6646      59.79052 
-149.6614      59.7907 
-149.6486      59.79943 
-149.6419      59.79887 
-149.6253      59.80389 
-149.6228      59.79905 
-149.6166      59.79576 
-149.6254      59.79315 
-149.6294      59.78612 
-149.6356      59.7821 
-149.6471      59.77861 
-149.6607      59.77881 
-149.6619      59.77449 
-149.6573      59.76734 
-149.6528      59.76658 
-149.6502      59.7613 
-149.6499      59.76083 
-149.6427      59.76096 
-149.6303      59.77836 
-149.6173      59.78457 
-149.6073      59.78488 
-149.6056      59.7828 
-149.6147      59.77494 
-149.6118      59.76918 
-149.618       59.7647 
-149.6108      59.76345 
-149.6051      59.76016 
-149.5883      59.76037 
-149.5835      59.75687 
-149.5829      59.7523 
-149.5904      59.74829 
-149.5979      59.75252 
-149.602       59.75144 
-149.6195      59.7549 
-149.6256      59.75042 
-149.6157      59.74936 
-149.6127      59.74612 
-149.6151      59.74455 
-149.6175      59.74356 
-149.6188      59.74301 
-149.6278      59.74314 
-149.6345      59.74644 
-149.6377      59.74511 
-149.6397      59.7408 
-149.6466      59.74022 
-149.6495      59.73729 
-149.6428      59.73445 
-149.6333      59.73454 
-149.6257      59.73282 
-149.6221      59.72478 
-149.6156      59.72696 
-149.6094      59.73373 
-149.6081      59.74056 
-149.5978      59.74497 
-149.5857      59.7432 
-149.5819      59.7308 
-149.5948      59.71888 
-149.5919      59.71541 
-149.5746      59.72429 
-149.5679      59.7235 
-149.5635      59.72582 
-149.5595      59.72794 
-149.5514      59.7269 
-149.5471      59.72318 
-149.5561      59.71509 
-149.5485      59.71452 
-149.5479      59.70857 
-149.5421      59.70825 
-149.5315      59.70375 
-149.528       59.70918 
-149.5283      59.71924 
-149.5353      59.72346 
-149.5226      59.73149 
-149.525       59.73541 
-149.5353      59.73076 
-149.5438      59.73273 
-149.5525      59.73081 
-149.555       59.73359 
-149.5483      59.73943 
-149.5512      59.74427 
-149.5555      59.74845 
-149.5637      59.74857 
-149.5672      59.75023 
-149.567       59.75274 
-149.559       59.75159 
-149.5581      59.75146 
-149.5492      59.75543 
-149.5392      59.75574 
-149.538       59.76143 
-149.5496      59.76367 
-149.5563      59.77291 
-149.5539      59.77493 
-149.5455      59.77183 
-149.5412      59.77634 
-149.5432      59.78025 
-149.548       59.78238 
-149.5544      59.78225 
-149.5614      59.77939 
-149.5663      59.78015 
-149.5803      59.77282 
-149.581       59.76894 
-149.5899      59.76542 
-149.5957      59.7662 
-149.5967      59.7717 
-149.5931      59.77896 
-149.6001      59.78386 
-149.5976      59.78793 
-149.6057      59.79742 
-149.6051      59.80294 
-149.6046      59.80837 
-149.6195      59.80859 
-149.6263      59.81007 
-149.6301      59.81332 
-149.6312      59.81951 
-149.6202      59.83648 
-149.6136      59.8405 
-149.5997      59.84486 
-149.5978      59.8542 
-149.5936      59.85551 
-149.5889      59.85018 
-149.5831      59.84873 
-149.5785      59.85848 
-149.5815      59.86127 
-149.5911      59.86096 
-149.588       59.86663 
-149.5913      59.87261 
-149.5878      59.87691 
-149.5818      59.87864 
-149.571       59.87711 
-149.5676      59.87929 
-149.5644      59.88135 
-149.5644      59.88866 
-149.5615      59.89204 
-149.5709      59.89379 
-149.5734      59.89725 
-149.569       59.90267 
-149.5243      59.92803 
-149.5026      59.93112 
-149.4954      59.93078 
-149.4909      59.92935 
-149.4767      59.91564 
-149.4702      59.91827 
-149.4574      59.94369 
-149.4452      59.96791 
-149.4353      59.97256 
-149.4418      59.97792 
-149.4366      59.98149 
-149.425       59.98382 
-149.4131      59.98431 
-149.4064      59.9826 
-149.4018      59.98412 
-149.3986      59.99002 
-149.4         59.9969 
-149.4029      60 
 1             28 
1
 -9999.0   ,   9990.0 
 14 
-149.6121      59.63208 
-149.6121      59.63894 
-149.6042      59.64339 
-149.596       59.64509 
-149.6053      59.6482 
-149.6077      59.65327 
-149.6118      59.65333 
-149.6157      59.64676 
-149.6216      59.64662 
-149.6255      59.64165 
-149.6316      59.63854 
-149.6269      59.63367 
-149.6223      59.63475 
-149.6121      59.63208 
 1             29 
1
 -9999.0   ,   9990.0 
 21 
-149.7654      59.60938 
-149.7821      59.62674 
-149.7911      59.64332 
-149.8106      59.65935 
-149.8234      59.665 
-149.8335      59.67245 
-149.8445      59.67762 
-149.8499      59.67792 
-149.8465      59.66393 
-149.8389      59.66224 
-149.8375      59.65582 
-149.8287      59.65179 
-149.8198      59.6513 
-149.825       59.64611 
-149.8237      59.64515 
-149.8109      59.63605 
-149.8033      59.63503 
-149.8046      59.62819 
-149.7849      59.61536 
-149.7708      59.60877 
-149.7654      59.60938 
 1             30 
1
 -9999.0   ,   9990.0 
 11 
-149.6377      59.60207 
-149.6309      59.60288 
-149.629       59.61222 
-149.6329      59.61526 
-149.6409      59.61697 
-149.6487      59.61434 
-149.6498      59.61231 
-149.6373      59.60915 
-149.6434      59.60444 
-149.6435      59.60284 
-149.6377      59.60207 
 1             31 
1
 -9999.0   ,   9990.0 
 91 
-151.3166      59.69692 
-151.2976      59.70145 
-151.2526      59.72053 
-151.23        59.72779 
-151.1963      59.74323 
-151.1944      59.74734 
-151.1731      59.7539 
-151.1649      59.75798 
-151.1567      59.76436 
-151.1426      59.76522 
-151.1353      59.76863 
-151.1303      59.7745 
-151.1257      59.78001 
-151.1166      59.78432 
-151.0852      59.78855 
-151.0724      59.79444 
-151.0675      59.79511 
-151.0588      59.7969 
-151.0107      59.79648 
-151.0007      59.80192 
-150.9916      59.80028 
-150.9912      59.79708 
-151.0113      59.78918 
-151.0104      59.78712 
-151.0041      59.78572 
-150.991       59.78635 
-150.9824      59.78608 
-150.9696      59.79104 
-150.955       59.79349 
-150.9504      59.79598 
-150.9423      59.79481 
-150.9246      59.79381 
-150.9256      59.79153 
-150.9306      59.78995 
-150.9574      59.78597 
-150.9705      59.78152 
-150.972       59.78101 
-150.9816      59.77534 
-150.9883      59.76454 
-150.9961      59.76348 
-150.9983      59.76266 
-150.9999      59.76377 
-151.0117      59.76314 
-151.019       59.76089 
-151.0281      59.75727 
-151.0295      59.75499 
-151.0241      59.75314 
-151.0242      59.74971 
-151.0406      59.74156 
-151.0583      59.73683 
-151.0579      59.73363 
-151.0507      59.73246 
-151.048       59.72834 
-151.0395      59.72648 
-151.0372      59.72373 
-151.0287      59.72278 
-151.0374      59.71574 
-151.045       59.71942 
-151.0463      59.72354 
-151.0581      59.72039 
-151.0775      59.72297 
-151.0857      59.71752 
-151.0867      59.71432 
-151.0948      59.7139 
-151.103       59.70867 
-151.1245      59.69573 
-151.1282      59.68729 
-151.1265      59.68203 
-151.1198      59.67515 
-151.1208      59.66739 
-151.1347      59.67109 
-151.1538      59.66225 
-151.1634      59.6552 
-151.1715      59.65454 
-151.1837      59.65251 
-151.1932      59.64729 
-151.1973      59.64273 
-151.206       59.6359 
-151.2096      59.64025 
-151.2059      59.64618 
-151.2095      59.64871 
-151.2154      59.64644 
-151.2195      59.64051 
-151.2151      59.63045 
-151.2066      59.62083 
-151.2075      59.61787 
-151.2039      59.61625 
-151.1985      59.61944 
-151.1954      59.61692 
-151.1941      59.60618 
-151.1775      59.6011 
 1             32 
1
 -9999.0   ,   9990.0 
 64 
-151.7295      60 
-151.7328      59.99511 
-151.7292      59.99009 
-151.7436      59.96061 
-151.7476      59.94781 
-151.7462      59.9405 
-151.7534      59.93456 
-151.7584      59.91925 
-151.7605      59.91767 
-151.7792      59.90368 
-151.79        59.89088 
-151.8054      59.88354 
-151.8148      59.8705 
-151.8139      59.86525 
-151.82        59.8408 
-151.8411      59.8129 
-151.8573      59.79664 
-151.863       59.77904 
-151.8721      59.77993 
-151.8739      59.77605 
-151.8711      59.7676 
-151.8651      59.76099 
-151.8655      59.75505 
-151.8586      59.73908 
-151.8376      59.72039 
-151.7936      59.70038 
-151.775       59.69538 
-151.7607      59.68822 
-151.7587      59.68719 
-151.7324      59.68083 
-151.7098      59.66944 
-151.6451      59.64733 
-151.6361      59.64871 
-151.6275      59.6446 
-151.5982      59.64028 
-151.5535      59.63754 
-151.5455      59.63502 
-151.5426      59.63411 
-151.5395      59.64051 
-151.5305      59.64187 
-151.5255      59.63867 
-151.5336      59.63525 
-151.5296      59.63365 
-151.5187      59.63593 
-151.489       59.62792 
-151.4322      59.60092 
-151.4259      59.6 
-151.4164      59.60137 
-151.4137      59.60433 
-151.4173      59.60707 
-151.434       59.61006 
-151.4556      59.61876 
-151.4745      59.62997 
-151.4831      59.63043 
-151.4984      59.63592 
-151.4971      59.63798 
-151.4835      59.63866 
-151.4754      59.64276 
-151.4609      59.64641 
-151.4501      59.65279 
-151.4446      59.66603 
-151.4369      59.67014 
-151.3772      59.684 
-151.351       59.6851 
 1             33 
1
 -9999.0   ,   9990.0 
 10 
-151.2262      59.59667 
-151.2199      59.59825 
-151.2203      59.60351 
-151.2266      59.60421 
-151.2388      59.60127 
-151.2492      59.60359 
-151.2577      59.60132 
-151.256       59.59949 
-151.2456      59.59786 
-151.2262      59.59667 
 1             34 
1
 -9999.0   ,   9990.0 
 11 
-151.4963      59.51624 
-151.4882      59.51988 
-151.4905      59.53314 
-151.4923      59.53588 
-151.4963      59.53656 
-151.5044      59.53383 
-151.5053      59.52903 
-151.5197      59.5247 
-151.5211      59.52241 
-151.5139      59.51921 
-151.4963      59.51624 
 1             35 
1
 -9999.0   ,   9990.0 
 70 
-151.1938      59.59133 
-151.1974      59.59408 
-151.2267      59.59256 
-151.2817      59.59909 
-151.2831      59.58516 
-151.2732      59.58536 
-151.2719      59.58263 
-151.2791      59.57784 
-151.2764      59.57372 
-151.2796      59.57167 
-151.2846      59.5726 
-151.2935      59.57901 
-151.3003      59.57971 
-151.3057      59.58338 
-151.3228      59.57953 
-151.3224      59.5777 
-151.3093      59.57448 
-151.3027      59.56873 
-151.3022      59.5683 
-151.2779      59.5671 
-151.2486      59.56772 
-151.2436      59.56611 
-151.2423      59.56359 
-151.2477      59.56201 
-151.2675      59.56091 
-151.2667      59.5584 
-151.25        59.55425 
-151.2469      59.55218 
-151.2523      59.54923 
-151.2622      59.55222 
-151.2717      59.5527 
-151.2788      59.55774 
-151.3045      59.55916 
-151.3099      59.55666 
-151.3081      59.55141 
-151.3118      59.5457 
-151.3163      59.5464 
-151.3149      59.55005 
-151.3176      59.55439 
-151.3216      59.55532 
-151.327       59.55442 
-151.3502      59.55797 
-151.3539      59.55658 
-151.36        59.55601 
-151.3655      59.55995 
-151.3572      59.56847 
-151.3569      59.57127 
-151.3598      59.5721 
-151.3828      59.55473 
-151.3928      59.54972 
-151.3949      59.54667 
-151.3816      59.54858 
-151.3789      59.54769 
-151.3775      59.54353 
-151.3942      59.53989 
-151.3991      59.54173 
-151.4072      59.54083 
-151.4139      59.54198 
-151.4157      59.54541 
-151.4229      59.54724 
-151.4265      59.55227 
-151.4342      59.5484 
-151.4418      59.54817 
-151.4504      59.54476 
-151.4545      59.54088 
-151.4518      59.53425 
-151.4531      59.52946 
-151.468       59.51691 
-151.4649      59.51462 
-151.4087      59.51639 
 1             36 
1
 -9999.0   ,   9990.0 
 11 
-151.4136      59.50954 
-151.4352      59.50934 
-151.4438      59.50775 
-151.4568      59.50982 
-151.4806      59.50801 
-151.482       59.50435 
-151.4784      59.49909 
-151.4676      59.49566 
-151.4667      59.48904 
-151.4604      59.48583 
-151.4519      59.48446 
 1             37 
1
 -9999.0   ,   9990.0 
 232 
-150.2322      59.70316 
-150.2482      59.69693 
-150.2551      59.67141 
-150.2609      59.66119 
-150.2918      59.64322 
-150.2901      59.64114 
-150.2829      59.6397 
-150.2804      59.63602 
-150.2701      59.63227 
-150.2685      59.62882 
-150.2722      59.62543 
-150.2808      59.62346 
-150.2856      59.61734 
-150.2943      59.61377 
-150.3102      59.6021 
-150.3133      59.59979 
-150.3266      59.59284 
-150.3218      59.58959 
-150.3097      59.58788 
-150.3032      59.58005 
-150.3128      59.5758 
-150.3181      59.5674 
-150.3272      59.56588 
-150.3309      59.56272 
-150.3257      59.55628 
-150.3483      59.54049 
-150.3615      59.53834 
-150.35        59.53461 
-150.3336      59.53602 
-150.3119      59.5269 
-150.3161      59.52329 
-150.3036      59.51974 
-150.2997      59.51582 
-150.3012      59.51172 
-150.3094      59.51089 
-150.3303      59.52822 
-150.3451      59.52787 
-150.3609      59.52805 
-150.357       59.52596 
-150.3579      59.52414 
-150.3691      59.52493 
-150.3747      59.52132 
-150.3743      59.51835 
-150.3618      59.51527 
-150.3565      59.51202 
-150.3493      59.51309 
-150.3468      59.51093 
-150.3433      59.5039 
-150.348       59.50029 
-150.3602      59.5036 
-150.3707      59.50644 
-150.3802      59.5031 
-150.3854      59.49606 
-150.3811      59.49145 
-150.3724      59.4948 
-150.3681      59.49134 
-150.359       59.49308 
-150.3518      59.49233 
-150.3476      59.48612 
-150.3499      59.48294 
-150.3592      59.47618 
-150.3927      59.47968 
-150.3978      59.4763 
-150.3943      59.47376 
-150.403       59.46767 
-150.4013      59.46537 
-150.3825      59.4652 
-150.3767      59.46331 
-150.3447      59.46686 
-150.3403      59.46734 
-150.3328      59.47068 
-150.3243      59.47128 
-150.3187      59.47602 
-150.3235      59.48087 
-150.3202      59.4838 
-150.3209      59.49021 
-150.3168      59.49085 
-150.3134      59.48739 
-150.3076      59.48597 
-150.3042      59.48045 
-150.3002      59.47904 
-150.29        59.48854 
-150.3037      59.49347 
-150.3063      59.49624 
-150.299       59.50051 
-150.2859      59.5022 
-150.2828      59.50104 
-150.2785      59.49459 
-150.2661      59.48921 
-150.259       59.48846 
-150.2544      59.49024 
-150.2556      59.49322 
-150.2533      59.49617 
-150.2371      59.50292 
-150.2345      59.50397 
-150.247       59.50867 
-150.2516      59.51671 
-150.2684      59.52283 
-150.2708      59.53221 
-150.2662      59.53491 
-150.2565      59.52933 
-150.247       59.52992 
-150.2408      59.52757 
-150.2262      59.53313 
-150.2278      59.53749 
-150.2222      59.54383 
-150.2164      59.54239 
-150.2112      59.5364 
-150.2163      59.53303 
-150.2124      59.53002 
-150.2207      59.52394 
-150.2177      59.52116 
-150.2127      59.52225 
-150.2016      59.53037 
-150.193       59.53096 
-150.1904      59.53236 
-150.1796      59.53813 
-150.18        59.54133 
-150.1858      59.54276 
-150.1887      59.54873 
-150.1971      59.55088 
-150.2032      59.5578 
-150.2072      59.55761 
-150.2112      59.5597 
-150.2097      59.56426 
-150.2117      59.56931 
-150.2179      59.57325 
-150.214       59.57984 
-150.2094      59.58208 
-150.1977      59.58196 
-150.1868      59.58458 
-150.1764      59.58378 
-150.1789      59.57993 
-150.1866      59.57864 
-150.1872      59.57476 
-150.195       59.57119 
-150.1684      59.56131 
-150.1591      59.57155 
-150.1531      59.57097 
-150.1448      59.56516 
-150.1326      59.56504 
-150.1262      59.56862 
-150.1199      59.56763 
-150.1162      59.56919 
-150.117       59.57217 
-150.1137      59.57534 
-150.0919      59.58011 
-150.0922      59.58309 
-150.1266      59.58964 
-150.1469      59.60015 
-150.1521      59.60568 
-150.157       59.60734 
-150.1593      59.61719 
-150.1645      59.62204 
-150.1462      59.62801 
-150.1456      59.62115 
-150.1449      59.62021 
-150.1413      59.61494 
-150.1329      59.61141 
-150.1281      59.60725 
-150.1184      59.60394 
-150.1129      59.60502 
-150.1019      59.61975 
-150.1065      59.62712 
-150.0917      59.64614 
-150.0906      59.65001 
-150.1146      59.6601 
-150.12        59.67021 
-150.1334      59.67516 
-150.1344      59.68294 
-150.1449      59.69196 
-150.1281      59.69292 
-150.1129      59.67882 
-150.1044      59.67644 
-150.0913      59.6651 
-150.0852      59.66229 
-150.0796      59.66239 
-150.0698      59.66257 
-150.0631      59.65998 
-150.0488      59.63719 
-150.0555      59.63727 
-150.0565      59.63523 
-150.051       59.62785 
-150.0503      59.62259 
-150.039       59.61286 
-150.035       59.61327 
-150.0314      59.62237 
-150.0213      59.62568 
-150.0104      59.63743 
-150.0059      59.6376 
-150.003       59.64077 
-150.0042      59.64352 
-150.0135      59.64752 
-150.015       59.65462 
-150.0198      59.6581 
-150.0146      59.6633 
-150.0133      59.66214 
-150.0088      59.66254 
-150           59.65845 
-149.9907      59.6541 
-149.9723      59.65982 
-149.9651      59.66064 
-149.9581      59.65484 
-149.9491      59.65336 
-149.9468      59.65539 
-149.9533      59.66164 
-149.9504      59.66481 
-149.9415      59.66309 
-149.9356      59.67308 
-149.9222      59.68707 
-149.922       59.69141 
-149.9302      59.69997 
-149.9255      59.71293 
-149.929       59.72531 
-149.937       59.72678 
-149.9481      59.72167 
-149.9544      59.72266 
-149.9637      59.7182 
-149.9723      59.71899 
-149.9788      59.72341 
-149.9769      59.72613 
-149.9691      59.72878 
-149.9638      59.7342 
-149.9641      59.73786 
-149.9724      59.74481 
-149.9691      59.74797 
-149.9717      59.74983 
-149.983       59.75088 
-149.9858      59.74931 
-149.9966      59.74945 
-150           59.75084 
-150.0251      59.7612 
 1             38 
1
 -9999.0   ,   9990.0 
 90 
-150.512       59.60406 
-150.5066      59.60196 
-150.5072      59.59968 
-150.5168      59.59313 
-150.5174      59.58925 
-150.5148      59.58558 
-150.4982      59.58339 
-150.497       59.57995 
-150.4997      59.57792 
-150.5179      59.57395 
-150.5198      59.57077 
-150.5158      59.568 
-150.5303      59.56514 
-150.5355      59.55902 
-150.5487      59.55432 
-150.5475      59.5486 
-150.5657      59.54143 
-150.5768      59.52941 
-150.5645      59.52018 
-150.5542      59.51919 
-150.5499      59.52038 
-150.5374      59.52385 
-150.5284      59.52401 
-150.5262      59.52239 
-150.5331      59.51719 
-150.5608      59.50873 
-150.5537      59.50365 
-150.5224      59.49929 
-150.5052      59.50281 
-150.5041      59.5101 
-150.4968      59.51484 
-150.4984      59.51874 
-150.4919      59.52668 
-150.4842      59.52822 
-150.4834      59.52456 
-150.4881      59.51889 
-150.4847      59.51041 
-150.4904      59.50291 
-150.4866      59.49534 
-150.493       59.48991 
-150.5053      59.48705 
-150.5103      59.48366 
-150.5114      59.47864 
-150.5154      59.47753 
-150.5239      59.47806 
-150.5277      59.47397 
-150.5233      59.47074 
-150.5274      59.46643 
-150.5221      59.46502 
-150.5153      59.46771 
-150.5108      59.46722 
-150.5057      59.45872 
-150.5007      59.45891 
-150.4943      59.46251 
-150.4867      59.46222 
-150.4822      59.46355 
-150.4824      59.46972 
-150.4775      59.47083 
-150.4737      59.47742 
-150.4632      59.48167 
-150.4598      59.48941 
-150.4533      59.49575 
-150.4586      59.49808 
-150.4576      59.49979 
-150.452       59.50944 
-150.4383      59.51458 
-150.4209      59.56468 
-150.4234      59.57042 
-150.434       59.57554 
-150.4357      59.57875 
-150.4247      59.58551 
-150.4157      59.58428 
-150.4167      59.58178 
-150.4128      59.57832 
-150.4056      59.57689 
-150.4055      59.56775 
-150.403       59.56619 
-150.3969      59.56881 
-150.3879      59.56805 
-150.3781      59.57595 
-150.3699      59.59255 
-150.3653      59.59594 
-150.3534      59.60017 
-150.3573      59.60591 
-150.3503      59.61179 
-150.3384      59.61762 
-150.3364      59.62308 
-150.3277      59.62528 
-150.3274      59.63351 
-150.3175      59.64666 
 1             39 
1
 -9999.0   ,   9990.0 
 19 
-146.3625      59.4095 
-146.3528      59.41117 
-146.3449      59.41016 
-146.3204      59.43438 
-146.3001      59.44364 
-146.2963      59.44784 
-146.3031      59.47034 
-146.3082      59.47261 
-146.3151      59.47174 
-146.318       59.46178 
-146.3339      59.44317 
-146.343       59.43965 
-146.3469      59.43568 
-146.351       59.43149 
-146.364       59.42285 
-146.3726      59.41999 
-146.3722      59.41355 
-146.3686      59.41066 
-146.3625      59.4095 
 1             40 
1
 -9999.0   ,   9990.0 
 95 
-150.3936      59.38808 
-150.3962      59.39176 
-150.3916      59.39538 
-150.3959      59.3993 
-150.3931      59.4027 
-150.3841      59.40376 
-150.3795      59.40669 
-150.3862      59.42068 
-150.3937      59.42555 
-150.3958      59.43014 
-150.3822      59.43298 
-150.3772      59.43659 
-150.3672      59.43856 
-150.3664      59.43467 
-150.3693      59.43104 
-150.3742      59.42994 
-150.3753      59.42629 
-150.3718      59.42375 
-150.362       59.42183 
-150.359       59.41769 
-150.35        59.41898 
-150.3463      59.42169 
-150.354       59.43181 
-150.3525      59.43614 
-150.3415      59.44136 
-150.337       59.44353 
-150.3295      59.43912 
-150.3311      59.43137 
-150.3186      59.43033 
-150.3142      59.42755 
-150.313       59.4248 
-150.3216      59.42123 
-150.3194      59.4196 
-150.3096      59.4202 
-150.3051      59.41832 
-150.2997      59.41987 
-150.3066      59.42725 
-150.2982      59.43562 
-150.3031      59.43704 
-150.3081      59.43548 
-150.3111      59.43939 
-150.3077      59.44736 
-150.3013      59.44845 
-150.2965      59.45913 
-150.2995      59.46076 
-150.306       59.45671 
-150.3154      59.45657 
-150.3205      59.45091 
-150.3326      59.45217 
-150.3321      59.45422 
-150.3243      59.45826 
-150.3237      59.46214 
-150.3268      59.46417 
-150.3366      59.46454 
-150.3439      59.46187 
-150.3556      59.46175 
-150.3593      59.45836 
-150.3519      59.45167 
-150.3517      59.44709 
-150.3563      59.44166 
-150.3662      59.44266 
-150.369       59.45182 
-150.3748      59.45325 
-150.3866      59.44856 
-150.3876      59.4456 
-150.385       59.44329 
-150.3931      59.44313 
-150.3988      59.44524 
-150.4041      59.44986 
-150.4081      59.44898 
-150.41        59.4474 
-150.3978      59.43746 
-150.4134      59.44103 
-150.4223      59.44042 
-150.419       59.43815 
-150.4044      59.42816 
-150.4067      59.42452 
-150.421       59.42557 
-150.4243      59.42263 
-150.4195      59.41916 
-150.4298      59.41742 
-150.4287      59.41101 
-150.4152      59.4134 
-150.4108      59.41062 
-150.4163      59.40702 
-150.4173      59.40337 
-150.4262      59.40436 
-150.438       59.4015 
-150.4372      59.39692 
-150.4311      59.3923 
-150.4203      59.39289 
-150.4146      59.39078 
-150.4043      59.39138 
-150.399       59.38722 
-150.3936      59.38808 
 1             41 
1
 -9999.0   ,   9990.0 
 2 
-150.3936      59.38808 
-150.3884      59.38438 
 1             42 
1
 -9999.0   ,   9990.0 
 108 
-151.8493      59.36839 
-151.861       59.36905 
-151.8713      59.3729 
-151.8655      59.37818 
-151.8683      59.38136 
-151.8781      59.38226 
-151.8822      59.38613 
-151.8876      59.38657 
-151.8952      59.3845 
-151.9019      59.38996 
-151.9016      59.3991 
-151.9115      59.39976 
-151.9133      59.40135 
-151.8972      59.41053 
-151.8946      59.41693 
-151.8925      59.42882 
-151.8871      59.427 
-151.8799      59.42748 
-151.8674      59.43139 
-151.8598      59.43004 
-151.8455      59.43715 
-151.8365      59.43694 
-151.8231      59.44016 
-151.8082      59.4386 
-151.8043      59.44013 
-151.7975      59.44272 
-151.789       59.44868 
-151.7823      59.44892 
-151.7756      59.45145 
-151.7688      59.44871 
-151.7603      59.44895 
-151.7469      59.45697 
-151.7419      59.45035 
-151.7437      59.44692 
-151.7513      59.44897 
-151.7531      59.44645 
-151.745       59.43961 
-151.749       59.4339 
-151.7476      59.43093 
-151.7332      59.42044 
-151.726       59.41954 
-151.7067      59.4022 
-151.6964      59.40198 
-151.6955      59.39582 
-151.6896      59.39286 
-151.686       59.39583 
-151.6896      59.39925 
-151.6865      59.40222 
-151.6874      59.40473 
-151.6942      59.40632 
-151.7009      59.4118 
-151.6978      59.41523 
-151.7162      59.42321 
-151.7144      59.42823 
-151.7185      59.42868 
-151.7216      59.43142 
-151.7216      59.43576 
-151.7172      59.43782 
-151.7226      59.44261 
-151.7222      59.4554 
-151.715       59.46044 
-151.716       59.46775 
-151.7088      59.47392 
-151.6949      59.47233 
-151.6805      59.47463 
-151.6711      59.47807 
-151.6635      59.4831 
-151.659       59.48653 
-151.6509      59.48744 
-151.6361      59.48609 
-151.6204      59.48084 
-151.6064      59.47879 
-151.5867      59.48382 
-151.5804      59.48816 
-151.5741      59.48908 
-151.5642      59.48496 
-151.5678      59.48313 
-151.5768      59.48405 
-151.5921      59.47514 
-151.5858      59.47263 
-151.5611      59.46989 
-151.5503      59.47309 
-151.5364      59.46326 
-151.5382      59.45824 
-151.5323      59.45732 
-151.5273      59.4549 
-151.5171      59.45 
-151.5036      59.45183 
-151.4955      59.45502 
-151.5014      59.458 
-151.5198      59.45709 
-151.5261      59.4612 
-151.5252      59.46691 
-151.5373      59.47103 
-151.5359      59.47377 
-151.5207      59.47468 
-151.5157      59.47216 
-151.5112      59.47262 
-151.512       59.47885 
-151.5077      59.47991 
-151.504       59.47604 
-151.4946      59.47352 
-151.4955      59.47764 
-151.4901      59.48174 
-151.473       59.47534 
-151.469       59.47602 
-151.4663      59.47259 
-151.4587      59.47213 
 1             43 
1
 -9999.0   ,   9990.0 
 25 
-150.3884      59.38438 
-150.3876      59.3814 
-150.3935      59.37689 
-150.4021      59.37605 
-150.41        59.38001 
-150.419       59.3778 
-150.4248      59.3799 
-150.4338      59.3793 
-150.437       59.37568 
-150.4447      59.37483 
-150.4448      59.37026 
-150.4174      59.37276 
-150.3996      59.37146 
-150.3935      59.36433 
-150.3882      59.36199 
-150.3802      59.36215 
-150.3805      59.36443 
-150.3859      59.36585 
-150.3866      59.36906 
-150.3779      59.37629 
-150.3795      59.38042 
-150.3704      59.3849 
-150.3726      59.38743 
-150.3793      59.38772 
-150.3884      59.38438 
 1             44 
1
 -9999.0   ,   9990.0 
 16 
-150.3951      59.34447 
-150.3897      59.3451 
-150.3828      59.34961 
-150.3849      59.35557 
-150.3884      59.35811 
-150.3983      59.3566 
-150.424       59.36209 
-150.4287      59.35824 
-150.4336      59.35737 
-150.4402      59.34829 
-150.4349      59.34573 
-150.4249      59.35113 
-150.4132      59.35171 
-150.4017      59.34704 
-150.3981      59.34769 
-150.3951      59.34447 
 1             45 
1
 -9999.0   ,   9990.0 
 8 
-151.989       59.33443 
-151.981       59.3372 
-151.9784      59.34018 
-151.9824      59.34336 
-151.9905      59.34288 
-151.9953      59.33921 
-151.9953      59.33555 
-151.989       59.33443 
 1             46 
1
 -9999.0   ,   9990.0 
 104 
-150.7694      59.33428 
-150.7756      59.33797 
-150.7741      59.34231 
-150.7674      59.34364 
-150.7652      59.34043 
-150.768       59.33588 
-150.7573      59.33558 
-150.7492      59.3385 
-150.7434      59.33618 
-150.7356      59.34367 
-150.7404      59.34735 
-150.739       59.35008 
-150.7493      59.35312 
-150.7501      59.35495 
-150.7407      59.35649 
-150.737       59.35921 
-150.7155      59.36112 
-150.7132      59.36317 
-150.7172      59.36639 
-150.7301      59.36693 
-150.7354      59.37039 
-150.7331      59.37244 
-150.7202      59.37144 
-150.7111      59.37617 
-150.715       59.37917 
-150.7141      59.38099 
-150.7034      59.37932 
-150.7015      59.38182 
-150.7077      59.38757 
-150.6896      59.39476 
-150.6898      59.39789 
-150.6899      59.39933 
-150.6985      59.39505 
-150.7037      59.40148 
-150.7097      59.39741 
-150.7155      59.39653 
-150.7186      59.39769 
-150.7141      59.40155 
-150.7167      59.40545 
-150.7094      59.40655 
-150.703       59.41518 
-150.71        59.42002 
-150.7086      59.4223 
-150.6939      59.41877 
-150.6854      59.41917 
-150.6757      59.41362 
-150.6694      59.41404 
-150.6623      59.41102 
-150.6492      59.41184 
-150.6368      59.40856 
-150.6288      59.40462 
-150.6175      59.39334 
-150.6113      59.39147 
-150.61        59.38803 
-150.615       59.38575 
-150.6164      59.38511 
-150.6211      59.38994 
-150.6301      59.39206 
-150.6319      59.38956 
-150.6218      59.38081 
-150.626       59.37741 
-150.6141      59.37001 
-150.6236      59.36597 
-150.6273      59.36235 
-150.6247      59.35799 
-150.6375      59.34871 
-150.6476      59.35495 
-150.6518      59.34973 
-150.6568      59.34793 
-150.6592      59.34201 
-150.6713      59.3389 
-150.6699      59.3245 
-150.6831      59.31545 
-150.6814      59.31247 
-150.6837      59.31043 
-150.6846      59.31031 
-150.6926      59.30935 
-150.6976      59.30596 
-150.7061      59.30647 
-150.7157      59.2974 
-150.7252      59.29357 
-150.7394      59.29709 
-150.7349      59.30049 
-150.7339      59.30482 
-150.7267      59.30615 
-150.7233      59.31412 
-150.7354      59.31648 
-150.7399      59.314 
-150.7502      59.31246 
-150.7615      59.30683 
-150.77        59.30642 
-150.7718      59.3078 
-150.7802      59.30876 
-150.7774      59.31401 
-150.7813      59.31974 
-150.7791      59.32087 
-150.7702      59.3199 
-150.7585      59.32188 
-150.7544      59.32414 
-150.7553      59.32643 
-150.7624      59.32739 
-150.7631      59.32765 
-150.7721      59.3311 
-150.7694      59.33428 
 1             47 
1
 -9999.0   ,   9990.0 
 483 
-151.8627      59.35763 
-151.8806      59.36329 
-151.8985      59.36462 
-151.9223      59.36387 
-151.932       59.35882 
-151.9334      59.35607 
-151.9315      59.35425 
-151.9244      59.3545 
-151.9243      59.3497 
-151.9328      59.34854 
-151.9445      59.35056 
-151.9539      59.34962 
-151.965       59.3457 
-151.9707      59.33586 
-151.9666      59.33267 
-151.9772      59.32168 
-151.9941      59.31477 
-151.9944      59.30518 
-151.9868      59.29904 
-151.9885      59.29423 
-151.9808      59.28398 
-151.9869      59.27597 
-151.9824      59.26958 
-151.9845      59.26524 
-151.9796      59.2616 
-151.9818      59.25794 
-151.9735      59.25585 
-151.9701      59.255 
-151.9647      59.2484 
-151.9611      59.24704 
-151.9514      59.25232 
-151.9415      59.25304 
-151.938       59.25762 
-151.9246      59.25331 
-151.8924      59.25135 
-151.8902      59.24473 
-151.8852      59.24291 
-151.8734      59.24387 
-151.8719      59.25299 
-151.8563      59.24571 
-151.8505      59.24733 
-151.8339      59.23937 
-151.8245      59.23848 
-151.8179      59.24237 
-151.8125      59.2385 
-151.8232      59.23529 
-151.8655      59.2361 
-151.8678      59.23976 
-151.8762      59.24054 
-151.8829      59.23744 
-151.8914      59.23673 
-151.9035      59.23875 
-151.9133      59.23827 
-151.9213      59.23505 
-151.9244      59.23162 
-151.919       59.22751 
-151.9123      59.22662 
-151.884       59.2139 
-151.8698      59.21348 
-151.8631      59.21121 
-151.8448      59.21217 
-151.8247      59.20422 
-151.8176      59.20355 
-151.8158      59.20561 
-151.8189      59.20811 
-151.8283      59.20969 
-151.8323      59.21242 
-151.8306      59.21357 
-151.8234      59.2129 
-151.8172      59.21565 
-151.8074      59.21088 
-151.7651      59.2242 
-151.7589      59.22443 
-151.7467      59.22222 
-151.744       59.22173 
-151.7415      59.22599 
-151.7259      59.22242 
-151.708       59.22643 
-151.7073      59.22478 
-151.7232      59.21671 
-151.7174      59.21101 
-151.7062      59.20577 
-151.7093      59.20371 
-151.716       59.20416 
-151.7258      59.20986 
-151.7338      59.21099 
-151.7446      59.21577 
-151.758       59.21758 
-151.7593      59.21416 
-151.7655      59.21095 
-151.7605      59.20296 
-151.7693      59.18079 
-151.7679      59.17871 
-151.759       59.16528 
-151.7402      59.15731 
-151.7309      59.15709 
-151.7131      59.161 
-151.7038      59.16626 
-151.6953      59.16262 
-151.6775      59.16378 
-151.6704      59.16675 
-151.6633      59.1647 
-151.6486      59.16494 
-151.6446      59.16175 
-151.6299      59.16586 
-151.5934      59.16291 
-151.5912      59.16565 
-151.5827      59.16839 
-151.5807      59.17456 
-151.5805      59.17524 
-151.5832      59.17707 
-151.5983      59.1789 
-151.6032      59.18278 
-151.6081      59.18117 
-151.6219      59.183 
-151.6371      59.18778 
-151.6304      59.19144 
-151.6228      59.19168 
-151.6157      59.18848 
-151.6068      59.19191 
-151.5992      59.1894 
-151.5841      59.19808 
-151.5779      59.20768 
-151.5681      59.20859 
-151.5636      59.20722 
-151.5636      59.20243 
-151.56        59.20151 
-151.5547      59.20243 
-151.5485      59.199 
-151.5347      59.19968 
-151.5262      59.19557 
-151.5155      59.19808 
-151.5091      59.19725 
-151.503       59.19647 
-151.5004      59.1983 
-151.5124      59.20607 
-151.5093      59.20744 
-151.4736      59.20605 
-151.4674      59.21175 
-151.4807      59.21839 
-151.4914      59.21656 
-151.4968      59.21657 
-151.5026      59.21886 
-151.5155      59.21772 
-151.5498      59.22663 
-151.577       59.2264 
-151.5832      59.2296 
-151.5766      59.23075 
-151.5627      59.2296 
-151.5632      59.23532 
-151.5561      59.23532 
-151.5471      59.22846 
-151.5373      59.23143 
-151.5311      59.228 
-151.5248      59.22823 
-151.5097      59.23165 
-151.5048      59.23622 
-151.4767      59.24533 
-151.47        59.24464 
-151.4651      59.23893 
-151.4539      59.23732 
-151.4481      59.2412 
-151.4539      59.24692 
-151.4454      59.25673 
-151.4387      59.25603 
-151.4329      59.25009 
-151.4276      59.25374 
-151.444       59.26825 
-151.448       59.27181 
-151.4462      59.27432 
-151.4258      59.26105 
-151.4168      59.26013 
-151.411       59.25395 
-151.4061      59.25281 
-151.403       59.25646 
-151.4115      59.26286 
-151.4101      59.26811 
-151.4172      59.272 
-151.4177      59.27543 
-151.4123      59.28022 
-151.4078      59.27999 
-151.4029      59.2713 
-151.3985      59.26878 
-151.3941      59.25416 
-151.3959      59.25142 
-151.3808      59.24135 
-151.3674      59.24133 
-151.3692      59.23608 
-151.363       59.23082 
-151.3568      59.23058 
-151.3483      59.22349 
-151.3314      59.22414 
-151.3225      59.21796 
-151.3221      59.21521 
-151.3145      59.21451 
-151.3123      59.21177 
-151.3016      59.2154 
-151.2989      59.22019 
-151.2908      59.22041 
-151.2925      59.22923 
-151.3046      59.22888 
-151.3117      59.24101 
-151.3058      59.24694 
-151.3009      59.24601 
-151.2934      59.23937 
-151.2822      59.23501 
-151.2783      59.22974 
-151.2694      59.22813 
-151.2632      59.22491 
-151.2579      59.21417 
-151.2584      59.20549 
-151.2518      59.2025 
-151.245       59.20774 
-151.237       59.20886 
-151.2325      59.21319 
-151.2267      59.21523 
-151.2267      59.21843 
-151.2324      59.22232 
-151.2311      59.22575 
-151.2244      59.22778 
-151.2128      59.22204 
-151.2079      59.22135 
-151.2097      59.21884 
-151.2071      59.21723 
-151.1973      59.21743 
-151.1871      59.21147 
-151.1965      59.20875 
-151.1863      59.20484 
-151.1809      59.20642 
-151.1756      59.20412 
-151.1631      59.20477 
-151.1349      59.21313 
-151.1304      59.21859 
-151.1179      59.21992 
-151.1147      59.22494 
-151.1066      59.22788 
-151.1124      59.23292 
-151.1122      59.24343 
-151.1077      59.24684 
-151.1143      59.25509 
-151.1201      59.25602 
-151.1273      59.25285 
-151.129       59.25593 
-151.1325      59.26223 
-151.1415      59.26066 
-151.1539      59.26504 
-151.1646      59.26599 
-151.1641      59.26964 
-151.185       59.27747 
-151.1868      59.28182 
-151.2127      59.28371 
-151.222       59.28671 
-151.2435      59.2847 
-151.2506      59.28541 
-151.2595      59.2932 
-151.2947      59.30447 
-151.3125      59.30839 
-151.323       59.30936 
-151.3353      59.31048 
-151.3192      59.31342 
-151.3147      59.31204 
-151.3107      59.31364 
-151.2781      59.3122 
-151.2611      59.30851 
-151.242       59.30001 
-151.2371      59.29977 
-151.2249      59.30819 
-151.2151      59.31067 
-151.2084      59.3086 
-151.2044      59.30424 
-151.1924      59.29896 
-151.1876      59.29324 
-151.1639      59.28677 
-151.1564      59.28652 
-151.1523      59.28787 
-151.1563      59.292 
-151.1549      59.29474 
-151.149       59.29365 
-151.1473      59.29334 
-151.1375      59.29765 
-151.1313      59.28872 
-151.1301      59.28232 
-151.1207      59.27795 
-151.1092      59.2754 
-151.1012      59.2692 
-151.0945      59.26941 
-151.0904      59.27281 
-151.0917      59.2767 
-151.0773      59.28533 
-151.0759      59.28761 
-151.0804      59.29174 
-151.0645      59.30516 
-151.0538      59.30877 
-151.0514      59.31743 
-151.0549      59.32247 
-151.0455      59.32541 
-151.029       59.32351 
-151.0294      59.32217 
-151.0318      59.31416 
-151.0398      59.31328 
-151.0543      59.3042 
-151.0535      59.29483 
-151.0464      59.29183 
-151.0376      59.2838 
-151.0422      59.27788 
-151.0395      59.27468 
-151.0302      59.27053 
-151.002       59.27749 
-150.9819      59.27877 
-151.0052      59.26859 
-151.0071      59.26632 
-150.9906      59.26305 
-150.9862      59.25937 
-150.9894      59.25619 
-150.9904      59.25645 
-151.0009      59.25898 
-151.0099      59.25582 
-151.0179      59.25608 
-151.0296      59.25019 
-151.0243      59.24697 
-151.0266      59.24037 
-151.0178      59.2353 
-151.0156      59.23118 
-151.0184      59.22616 
-151.0261      59.22117 
-151.0182      59.21155 
-151.0085      59.20671 
-150.9995      59.20736 
-150.9725      59.20015 
-150.9671      59.20012 
-150.9644      59.2024 
-150.9906      59.21051 
-150.9998      59.21649 
-151.0025      59.21735 
-151.01        59.21973 
-151.0033      59.22496 
-151.0022      59.23432 
-150.9955      59.23886 
-150.9883      59.23997 
-150.9777      59.23649 
-150.9621      59.23459 
-150.9576      59.23686 
-150.95        59.23568 
-150.9419      59.23815 
-150.9266      59.24904 
-150.915       59.25127 
-150.9117      59.25674 
-150.9059      59.25876 
-150.9031      59.264 
-150.8982      59.26603 
-150.8949      59.27173 
-150.898       59.27471 
-150.9051      59.27612 
-150.9064      59.27864 
-150.9027      59.2841 
-150.9062      59.29005 
-150.913       59.29027 
-150.9147      59.29033 
-150.919       59.29515 
-150.9261      59.29792 
-150.9203      59.30086 
-150.9252      59.30294 
-150.9453      59.30167 
-150.9533      59.30605 
-150.9618      59.3054 
-150.9653      59.3093 
-150.9621      59.3118 
-150.9545      59.31222 
-150.9334      59.31349 
-150.9331      59.31075 
-150.9273      59.3098 
-150.9101      59.31954 
-150.8886      59.3192 
-150.8751      59.32849 
-150.8678      59.33051 
-150.8669      59.33553 
-150.8601      59.33777 
-150.8582      59.34302 
-150.8452      59.34592 
-150.8544      59.35282 
-150.8629      59.35561 
-150.8566      59.35809 
-150.8463      59.35666 
-150.8422      59.35938 
-150.8265      59.35998 
-150.8068      59.36306 
-150.8004      59.36668 
-150.7985      59.37169 
-150.7913      59.37371 
-150.7752      59.37475 
-150.7706      59.37678 
-150.775       59.38046 
-150.7713      59.38798 
-150.7577      59.39497 
-150.7566      59.40342 
-150.7493      59.40771 
-150.7471      59.42437 
-150.7304      59.42861 
-150.7173      59.43218 
-150.7074      59.43531 
-150.6913      59.432 
-150.6674      59.41951 
-150.6623      59.4261 
-150.6588      59.42713 
-150.6497      59.42521 
-150.6453      59.42666 
-150.6377      59.42546 
-150.6322      59.42862 
-150.6178      59.43035 
-150.613       59.42712 
-150.6057      59.42934 
-150.5992      59.43706 
-150.6001      59.43935 
-150.5923      59.44295 
-150.5895      59.44795 
-150.5896      59.45141 
-150.5929      59.45283 
-150.5984      59.45255 
-150.5991      59.45716 
-150.6058      59.45972 
-150.6175      59.45798 
-150.63        59.46013 
-150.6417      59.46322 
-150.6576      59.46741 
-150.6598      59.47108 
-150.6634      59.47202 
-150.6646      59.47454 
-150.661       59.47611 
-150.6561      59.4763 
-150.648       59.47397 
-150.6309      59.47475 
-150.618       59.47283 
-150.6067      59.47344 
-150.6044      59.47731 
-150.5936      59.47539 
-150.5888      59.47125 
-150.5847      59.47396 
-150.5883      59.48838 
-150.5846      59.4952 
-150.593       59.49824 
-150.5947      59.50213 
-150.6077      59.50406 
-150.6192      59.5087 
-150.6214      59.51147 
-150.6203      59.52037 
-150.6237      59.52066 
-150.6292      59.52112 
-150.6341      59.52481 
-150.6395      59.5253 
-150.6448      59.52119 
-150.6491      59.52059 
-150.6512      59.52185 
-150.6515      59.53041 
-150.6612      59.53551 
-150.6643      59.54101 
-150.6719      59.5422 
-150.6741      59.54405 
-150.6726      59.54838 
-150.665       59.54741 
-150.6518      59.55303 
-150.6511      59.55408 
-150.6296      59.54145 
-150.6206      59.53933 
-150.612       59.54155 
-150.6097      59.54519 
-150.6001      59.55037 
-150.5974      59.56589 
-150.591       59.56789 
-150.5777      59.57853 
-150.5658      59.58483 
-150.5652      59.58917 
-150.5697      59.58921 
-150.571       59.59173 
-150.5695      59.5972 
-150.5644      59.59899 
-150.5531      59.5998 
-150.5497      59.59294 
-150.5443      59.59267 
-150.5401      59.59948 
-150.53        59.60375 
-150.5207      59.60093 
-150.5148      59.60111 
-150.512       59.60406 
 1             48 
1
 -9999.0   ,   9990.0 
 28 
-151.8148      59.13594 
-151.7966      59.1378 
-151.7939      59.13986 
-151.7988      59.14465 
-151.798       59.14785 
-151.8052      59.15286 
-151.8043      59.15652 
-151.7946      59.16567 
-151.7991      59.17366 
-151.7982      59.1764 
-151.8         59.17777 
-151.8075      59.17684 
-151.8143      59.18003 
-151.8329      59.17679 
-151.8454      59.17288 
-151.8484      59.16694 
-151.8671      59.16621 
-151.8906      59.15633 
-151.8821      59.15315 
-151.8834      59.1463 
-151.8796      59.14601 
-151.8749      59.14564 
-151.8669      59.1468 
-151.8487      59.14387 
-151.8398      59.14526 
-151.8322      59.13796 
-151.8206      59.13822 
-151.8148      59.13594 
 1             49 
1
 -9999.0   ,   9990.0 
 28 
-151.4503      59.10644 
-151.4351      59.11671 
-151.436       59.1206 
-151.4436      59.12676 
-151.436       59.13521 
-151.4386      59.1375 
-151.4475      59.13476 
-151.4658      59.13752 
-151.4791      59.14484 
-151.4978      59.14714 
-151.5027      59.14645 
-151.5084      59.14257 
-151.5116      59.14371 
-151.5142      59.14875 
-151.5311      59.14783 
-151.5249      59.14303 
-151.5293      59.13184 
-151.5267      59.12865 
-151.5182      59.1259 
-151.508       59.1268 
-151.5         59.12749 
-151.4938      59.11949 
-151.4751      59.11354 
-151.4694      59.11468 
-151.4618      59.11011 
-151.4587      59.11011 
-151.4561      59.10691 
-151.4503      59.10644 
 1             50 
1
 -9999.0   ,   9990.0 
 17 
-151.6662      59.09869 
-151.6613      59.09961 
-151.644       59.10898 
-151.6453      59.11835 
-151.6538      59.11788 
-151.6614      59.12108 
-151.6716      59.12084 
-151.6863      59.12974 
-151.7032      59.13018 
-151.7147      59.12263 
-151.7222      59.12193 
-151.7262      59.11279 
-151.7164      59.10572 
-151.7172      59.10206 
-151.7115      59.10047 
-151.6795      59.10233 
-151.6662      59.09869 
 1             51 
1
 -9999.0   ,   9990.0 
 11 
-152           58.91048 
-151.9919      58.91164 
-151.984       58.9103 
-151.9769      58.91329 
-151.9646      58.91538 
-151.962       58.91768 
-151.9695      58.92359 
-151.9753      58.92312 
-151.9828      58.92514 
-151.9983      58.92418 
-152           58.92362 
 1             52 
1
 -9999.0   ,   9990.0 
 26 
-152           58.21122 
-151.9882      58.21647 
-151.9853      58.22584 
-151.9789      58.23271 
-151.9824      58.23863 
-151.9972      58.24224 
-151.9831      58.25234 
-151.9797      58.25806 
-151.9739      58.25732 
-151.9727      58.25717 
-151.9693      58.2606 
-151.9732      58.26607 
-151.9698      58.27134 
-151.976       58.28136 
-151.9835      58.28499 
-151.9831      58.28728 
-151.977       58.28912 
-151.974       58.29256 
-151.9734      58.31563 
-151.977       58.32223 
-151.9697      58.33048 
-151.9789      58.33639 
-151.9781      58.34187 
-151.9855      58.34458 
-151.9891      58.35028 
-152           58.34548 
 1             53 
1
 -9999.0   ,   9990.0 
 39 
-151.8726      58.16588 
-151.8744      58.17159 
-151.8822      58.1766 
-151.8637      58.1828 
-151.8728      58.18598 
-151.8818      58.18367 
-151.9001      58.19573 
-151.892       58.2042 
-151.8925      58.21173 
-151.9008      58.21582 
-151.8952      58.222 
-151.8809      58.22249 
-151.8771      58.2289 
-151.8667      58.23235 
-151.8759      58.23735 
-151.8794      58.24556 
-151.8717      58.25197 
-151.8717      58.25357 
-151.8717      58.25495 
-151.8617      58.25542 
-151.8488      58.25911 
-151.8402      58.26895 
-151.8345      58.2653 
-151.8167      58.26488 
-151.8119      58.25987 
-151.8015      58.25669 
-151.7967      58.25168 
-151.7958      58.24391 
-151.8026      58.22449 
-151.7981      58.21308 
-151.8084      58.19754 
-151.8071      58.19274 
-151.8193      58.18774 
-151.8222      58.18655 
-151.8273      58.18197 
-151.8377      58.18149 
-151.8571      58.17231 
-151.8627      58.16751 
-151.8726      58.16588 
