 61 
 1             1 
1
 -9999.0   ,   9990.0 
 9 
 105.083       10 
 105.0827      10.00058 
 105.0794      10.00603 
 105.0781      10.00733 
 105.0761      10.00939 
 105.0533      10.03283 
 105.0472      10.03714 
 105.0065      10.0755 
 105           10.08522 
 1             2 
1
 -9999.0   ,   9990.0 
 19 
 106.6514      10 
 106.6521      10.00303 
 106.6579      10.00858 
 106.6629      10.0107 
 106.6678      10.01025 
 106.6716      10.00453 
 106.6753      10.00594 
 106.6776      10.01078 
 106.6776      10.01517 
 106.6717      10.02225 
 106.6668      10.02314 
 106.664       10.02542 
 106.6674      10.0305 
 106.6685      10.03319 
 106.6775      10.05542 
 106.6821      10.06142 
 106.689       10.06492 
 106.6909      10.06883 
 106.6899      10.07389 
 1             3 
1
 -9999.0   ,   9990.0 
 83 
 109.0942      14.47333 
 109.0956      14.48228 
 109.0918      14.48989 
 109.0928      14.49194 
 109.0956      14.49217 
 109.0961      14.49495 
 109.0867      14.51358 
 109.0733      14.552 
 109.0726      14.56028 
 109.0738      14.56578 
 109.0726      14.56856 
 109.0703      14.56511 
 109.0693      14.55636 
 109.0703      14.55222 
 109.0686      14.54856 
 109.0692      14.54706 
 109.0714      14.54142 
 109.0667      14.53753 
 109.0634      14.54672 
 109.0653      14.55453 
 109.0625      14.55753 
 109.0611      14.5635 
 109.0604      14.57247 
 109.063       14.575 
 109.0668      14.57292 
 109.0696      14.57636 
 109.0748      14.57589 
 109.0795      14.57153 
 109.0844      14.57128 
 109.0868      14.57358 
 109.0812      14.58278 
 109.0765      14.59589 
 109.0763      14.61061 
 109.0789      14.61153 
 109.0749      14.62072 
 109.0763      14.62717 
 109.0725      14.63406 
 109.0716      14.64372 
 109.0735      14.64739 
 109.0706      14.6652 
 109.0695      14.67175 
 109.0658      14.68258 
 109.0679      14.68669 
 109.0733      14.68647 
 109.0755      14.68303 
 109.0771      14.67267 
 109.0801      14.66439 
 109.0778      14.66094 
 109.0799      14.65795 
 109.0867      14.65978 
 109.0877      14.66528 
 109.0868      14.66989 
 109.0785      14.68392 
 109.0793      14.69589 
 109.0704      14.71614 
 109.0689      14.71959 
 109.0493      14.74536 
 109.0366      14.7695 
 109.0119      14.80725 
 109.0069      14.81853 
 109.0039      14.82128 
 109.0015      14.82145 
 109.0004      14.82153 
 108.998       14.8197 
 108.9963      14.81072 
 108.9923      14.81625 
 108.9855      14.81903 
 108.9798      14.82844 
 108.9791      14.8335 
 108.9893      14.82475 
 108.993       14.82361 
 108.9956      14.82658 
 109.0001      14.82567 
 109.0018      14.82795 
 108.9927      14.84914 
 108.986       14.86475 
 108.9794      14.87328 
 108.9648      14.90709 
 108.9516      14.93122 
 108.9416      14.96458 
 108.929       14.99514 
 108.9285      14.99722 
 108.9278      15 
 1             4 
1
 -9999.0   ,   9990.0 
 3 
 109.0942      14.47333 
 109.0951      14.47172 
 109.0984      14.47217 
 1             5 
1
 -9999.0   ,   9990.0 
 101 
 109.0984      14.47217 
 109.1041      14.4632 
 109.1033      14.45836 
 109.1182      14.44544 
 109.1196      14.44731 
 109.1097      14.45742 
 109.1118      14.4595 
 109.0992      14.48264 
 109.099       14.4882 
 109.0998      14.48731 
 109.12        14.45317 
 109.1215      14.45075 
 109.1264      14.43739 
 109.1262      14.43281 
 109.1224      14.42728 
 109.1183      14.41394 
 109.1205      14.40683 
 109.1289      14.39047 
 109.1267      14.37769 
 109.1251      14.36864 
 109.1387      14.34242 
 109.1432      14.33697 
 109.1481      14.33111 
 109.1629      14.30717 
 109.1822      14.28597 
 109.1874      14.27745 
 109.1918      14.27583 
 109.1918      14.27331 
 109.1855      14.26942 
 109.1887      14.25631 
 109.1986      14.24478 
 109.2008      14.23536 
 109.2021      14.22958 
 109.2087      14.22706 
 109.2037      14.22475 
 109.2009      14.22522 
 109.1978      14.22294 
 109.1924      14.22433 
 109.1896      14.22319 
 109.1877      14.21536 
 109.1947      14.18614 
 109.2081      14.16014 
 109.2247      14.13967 
 109.2283      14.13525 
 109.2349      14.13453 
 109.2356      14.13269 
 109.2325      14.13017 
 109.2313      14.12533 
 109.2261      14.12283 
 109.2092      14.12333 
 109.212       14.12125 
 109.2126      14.10586 
 109.2255      14.07317 
 109.2511      14.02825 
 109.2595      14.01789 
 109.26        14.01397 
 109.2576      14.01081 
 109.2536      14.0057 
 109.255       13.99811 
 109.2611      13.98844 
 109.2613      13.98497 
 109.2571      13.98064 
 109.2559      13.97717 
 109.262       13.96336 
 109.2646      13.96267 
 109.2662      13.96036 
 109.2622      13.95783 
 109.2561      13.95695 
 109.2509      13.9535 
 109.2497      13.95028 
 109.2495      13.94522 
 109.25        13.94325 
 109.256       13.92197 
 109.2614      13.91231 
 109.2663      13.90722 
 109.2898      13.88278 
 109.294       13.88164 
 109.303       13.89125 
 109.3039      13.88667 
 109.303       13.88045 
 109.3065      13.874 
 109.3022      13.86942 
 109.3013      13.86597 
 109.3034      13.86044 
 109.3045      13.84133 
 109.3076      13.83353 
 109.3071      13.81933 
 109.299       13.80892 
 109.2969      13.80389 
 109.2961      13.79422 
 109.2973      13.78433 
 109.3031      13.76592 
 109.2979      13.75603 
 109.2986      13.74914 
 109.2953      13.74753 
 109.2911      13.75192 
 109.2864      13.75239 
 109.2709      13.7515 
 109.2629      13.75475 
 109.2573      13.75958 
 109.2617      13.7635 
 1             6 
1
 -9999.0   ,   9990.0 
 2 
 109.2584      13.76419 
 109.2617      13.7635 
 1             7 
1
 -9999.0   ,   9990.0 
 43 
 109.2584      13.76419 
 109.2453      13.76697 
 109.2406      13.76653 
 109.2323      13.76081 
 109.2191      13.74542 
 109.2247      13.73117 
 109.2233      13.71897 
 109.2244      13.71092 
 109.2268      13.70678 
 109.2289      13.69686 
 109.2343      13.68489 
 109.2373      13.68144 
 109.2359      13.67914 
 109.2396      13.669 
 109.2384      13.66647 
 109.2351      13.66464 
 109.2361      13.65658 
 109.2389      13.65245 
 109.2379      13.65083 
 109.233       13.65039 
 109.2323      13.64786 
 109.2344      13.64233 
 109.2316      13.64006 
 109.232       13.63453 
 109.2324      13.6337 
 109.236       13.626 
 109.2468      13.60711 
 109.2667      13.58406 
 109.2789      13.57253 
 109.2852      13.56836 
 109.2923      13.56719 
 109.296       13.56972 
 109.3028      13.566 
 109.3043      13.56347 
 109.3031      13.56164 
 109.2979      13.56258 
 109.2941      13.55844 
 109.2951      13.55522 
 109.2914      13.55333 
 109.2859      13.55042 
 109.283       13.53822 
 109.2856      13.53086 
 109.2917      13.52556 
 1             8 
1
 -9999.0   ,   9990.0 
 14 
 109.3671      13.60103 
 109.3678      13.60539 
 109.3667      13.60953 
 109.3606      13.61853 
 109.3543      13.62175 
 109.3515      13.6282 
 109.3484      13.63053 
 109.3444      13.63008 
 109.3423      13.62639 
 109.3519      13.60867 
 109.354       13.6075 
 109.3603      13.60794 
 109.3652      13.60103 
 109.3671      13.60103 
 1             9 
1
 -9999.0   ,   9990.0 
 71 
 109.2917      13.52556 
 109.2985      13.52161 
 109.302       13.52047 
 109.3069      13.51286 
 109.3083      13.50503 
 109.3067      13.50111 
 109.3031      13.50506 
 109.3001      13.5055 
 109.2966      13.50231 
 109.2947      13.49542 
 109.2979      13.47745 
 109.3023      13.46892 
 109.3098      13.462 
 109.3159      13.45878 
 109.32        13.45922 
 109.3258      13.46358 
 109.3279      13.47 
 109.3362      13.46469 
 109.3359      13.4587 
 109.3344      13.45572 
 109.3317      13.45803 
 109.3272      13.45872 
 109.3244      13.45645 
 109.3223      13.44931 
 109.3258      13.43803 
 109.3168      13.43231 
 109.3194      13.41872 
 109.3168      13.41231 
 109.3177      13.40906 
 109.3165      13.40747 
 109.3076      13.40842 
 109.305       13.40058 
 109.3024      13.39967 
 109.2982      13.4105 
 109.2958      13.41189 
 109.2914      13.40892 
 109.2813      13.41078 
 109.278       13.40781 
 109.2735      13.4085 
 109.2734      13.40928 
 109.2726      13.41381 
 109.2679      13.41725 
 109.2663      13.42025 
 109.2684      13.42578 
 109.2674      13.42875 
 109.271       13.42967 
 109.283       13.42872 
 109.2851      13.43331 
 109.2889      13.43561 
 109.29        13.43997 
 109.2973      13.44272 
 109.2988      13.44686 
 109.2969      13.45214 
 109.2931      13.45583 
 109.284       13.45931 
 109.2739      13.47245 
 109.2683      13.47592 
 109.2596      13.47803 
 109.2561      13.48056 
 109.2524      13.4855 
 109.2502      13.48839 
 109.246       13.48886 
 109.245       13.48358 
 109.2342      13.48292 
 109.2316      13.47578 
 109.2368      13.47095 
 109.2361      13.46728 
 109.2254      13.45233 
 109.2278      13.4482 
 109.2266      13.44589 
 109.2217      13.44314 
 1             10 
1
 -9999.0   ,   9990.0 
 2 
 109.2579      13.35469 
 109.2555      13.35289 
 1             11 
1
 -9999.0   ,   9990.0 
 27 
 109.2579      13.35469 
 109.2635      13.35078 
 109.2666      13.35078 
 109.2659      13.35308 
 109.2569      13.36092 
 109.2495      13.38164 
 109.246       13.38395 
 109.2356      13.381 
 109.2223      13.38817 
 109.2218      13.39208 
 109.2312      13.39158 
 109.2326      13.39367 
 109.2317      13.39872 
 109.2347      13.40356 
 109.2338      13.40583 
 109.2258      13.40839 
 109.2242      13.41094 
 109.2251      13.41278 
 109.2279      13.41392 
 109.2298      13.41897 
 109.2376      13.41942 
 109.2407      13.42239 
 109.2402      13.42469 
 109.2334      13.42517 
 109.2296      13.43139 
 109.224       13.43464 
 109.2217      13.44314 
 1             12 
1
 -9999.0   ,   9990.0 
 28 
 109.3388      13.07078 
 109.3292      13.08417 
 109.3318      13.08645 
 109.3201      13.10375 
 109.3108      13.11411 
 109.305       13.12403 
 109.2996      13.14314 
 109.298       13.1565 
 109.3001      13.16845 
 109.3067      13.18133 
 109.3107      13.1827 
 109.3107      13.18431 
 109.304       13.19053 
 109.3021      13.19536 
 109.3019      13.19597 
 109.3         13.20572 
 109.3005      13.21172 
 109.3026      13.21308 
 109.3045      13.21814 
 109.3111      13.22111 
 109.3125      13.22411 
 109.3085      13.23975 
 109.3102      13.24345 
 109.3201      13.24731 
 109.3222      13.25053 
 109.3166      13.26642 
 109.2935      13.30072 
 109.2893      13.29958 
 1             13 
1
 -9999.0   ,   9990.0 
 25 
 109.2893      13.29958 
 109.2869      13.30561 
 109.2872      13.32656 
 109.2898      13.32956 
 109.2949      13.32975 
 109.3003      13.32697 
 109.3038      13.32767 
 109.3062      13.3325 
 109.3048      13.33594 
 109.2994      13.34147 
 109.2992      13.34425 
 109.3025      13.34861 
 109.2997      13.35736 
 109.2943      13.35967 
 109.2879      13.35783 
 109.283       13.36017 
 109.2776      13.35903 
 109.2753      13.35258 
 109.2713      13.348 
 109.2703      13.34156 
 109.2662      13.34081 
 109.2654      13.34067 
 109.2654      13.34481 
 109.2602      13.3455 
 109.2555      13.35289 
 1             14 
1
 -9999.0   ,   9990.0 
 8 
 109.3422      13.26958 
 109.3474      13.27186 
 109.3488      13.27761 
 109.3378      13.28156 
 109.3356      13.28042 
 109.3361      13.27533 
 109.338       13.27097 
 109.3422      13.26958 
 1             15 
1
 -9999.0   ,   9990.0 
 481 
 109.2104      11.95175 
 109.2148      11.94745 
 109.2195      11.94275 
 109.2214      11.93722 
 109.2178      11.92711 
 109.2103      11.90639 
 109.2105      11.89697 
 109.208       11.88639 
 109.2101      11.88269 
 109.2147      11.88039 
 109.2194      11.88081 
 109.222       11.88106 
 109.224       11.87989 
 109.228       11.87759 
 109.2362      11.8785 
 109.2453      11.87295 
 109.2472      11.86742 
 109.2513      11.86303 
 109.2506      11.85911 
 109.2517      11.85608 
 109.2525      11.85358 
 109.2551      11.85403 
 109.2584      11.86278 
 109.2612      11.86508 
 109.2651      11.86528 
 109.2712      11.8625 
 109.2735      11.8632 
 109.2862      11.87811 
 109.2846      11.88089 
 109.276       11.88597 
 109.2729      11.88944 
 109.2625      11.918 
 109.2625      11.924 
 109.2648      11.92881 
 109.2711      11.93386 
 109.2772      11.93383 
 109.2778      11.9365 
 109.2786      11.94006 
 109.2852      11.94325 
 109.289       11.94856 
 109.2871      11.95156 
 109.278       11.95064 
 109.2761      11.95433 
 109.2778      11.96492 
 109.2755      11.97045 
 109.2701      11.97483 
 109.2645      11.97553 
 109.2582      11.97164 
 109.2549      11.97211 
 109.2538      11.97339 
 109.2509      11.97694 
 109.234       12.00622 
 109.2281      12.01783 
 109.2181      12.03733 
 109.2132      12.04864 
 109.203       12.07214 
 109.2007      12.0795 
 109.1993      12.09264 
 109.2017      12.10967 
 109.2122      12.11378 
 109.2167      12.11814 
 109.2176      12.12689 
 109.219       12.12914 
 109.2195      12.12986 
 109.227       12.13536 
 109.2258      12.13858 
 109.2275      12.14342 
 109.2254      12.14825 
 109.221       12.15128 
 109.2109      12.15222 
 109.2027      12.16145 
 109.2044      12.16442 
 109.2102      12.16533 
 109.2119      12.16717 
 109.2138      12.17683 
 109.2133      12.18144 
 109.2089      12.18697 
 109.2023      12.19114 
 109.1968      12.19781 
 109.1895      12.19692 
 109.1843      12.19347 
 109.1808      12.19325 
 109.1776      12.19486 
 109.1815      12.19856 
 109.186       12.20222 
 109.1881      12.20681 
 109.1916      12.20267 
 109.2052      12.19917 
 109.2087      12.19389 
 109.2161      12.1927 
 109.2189      12.19478 
 109.2225      12.20189 
 109.2143      12.20928 
 109.2071      12.21875 
 109.2025      12.23072 
 109.2013      12.239 
 109.2032      12.24775 
 109.2043      12.24992 
 109.2062      12.25372 
 109.1997      12.25236 
 109.1975      12.25259 
 109.1943      12.25292 
 109.1885      12.25353 
 109.1769      12.26114 
 109.1758      12.26186 
 109.1711      12.26347 
 109.1674      12.26739 
 109.1681      12.269 
 109.1791      12.26494 
 109.1894      12.26114 
 109.1971      12.2602 
 109.2009      12.25975 
 109.2011      12.25972 
 109.2032      12.25947 
 109.2074      12.26039 
 109.21        12.26475 
 109.2081      12.27097 
 109.2112      12.28203 
 109.2134      12.28325 
 109.2149      12.28408 
 109.2206      12.29097 
 109.2243      12.29164 
 109.2285      12.28864 
 109.2414      12.29 
 109.2475      12.29733 
 109.2466      12.29942 
 109.2388      12.30486 
 109.237       12.30611 
 109.2291      12.30981 
 109.2258      12.31628 
 109.2174      12.31858 
 109.2057      12.33036 
 109.2071      12.3352 
 109.2048      12.34372 
 109.2069      12.34922 
 109.2029      12.35706 
 109.2014      12.37411 
 109.2037      12.38536 
 109.2014      12.39228 
 109.1972      12.39183 
 109.1944      12.39622 
 109.1846      12.39731 
 109.1785      12.40131 
 109.1761      12.39672 
 109.1731      12.39742 
 109.1677      12.40158 
 109.1642      12.40642 
 109.1631      12.41286 
 109.1607      12.41656 
 109.1514      12.41817 
 109.146       12.42211 
 109.1432      12.42672 
 109.1441      12.4327 
 109.1472      12.43592 
 109.1509      12.43567 
 109.1596      12.42853 
 109.165       12.42758 
 109.1694      12.43033 
 109.169       12.43356 
 109.1598      12.44417 
 109.1496      12.45295 
 109.1636      12.45336 
 109.1664      12.45842 
 109.1697      12.45497 
 109.1744      12.45403 
 109.1756      12.45678 
 109.1807      12.45561 
 109.2015      12.43669 
 109.2134      12.43322 
 109.2284      12.41661 
 109.2344      12.40739 
 109.2421      12.40461 
 109.2522      12.38847 
 109.2581      12.38195 
 109.269       12.36978 
 109.2664      12.36703 
 109.2666      12.35828 
 109.2736      12.35319 
 109.2809      12.35433 
 109.2839      12.34695 
 109.297       12.34117 
 109.3038      12.34806 
 109.3024      12.35681 
 109.306       12.36439 
 109.3053      12.36992 
 109.3069      12.37658 
 109.3102      12.37911 
 109.3126      12.38347 
 109.318       12.38414 
 109.3221      12.37953 
 109.3247      12.37217 
 109.3287      12.36917 
 109.3343      12.36775 
 109.3343      12.37167 
 109.3289      12.37814 
 109.3322      12.38181 
 109.3404      12.38269 
 109.3453      12.39328 
 109.3444      12.3972 
 109.3395      12.40181 
 109.3372      12.40067 
 109.332       12.40114 
 109.325       12.41106 
 109.3129      12.40995 
 109.3066      12.41295 
 109.3033      12.41847 
 109.2984      12.41942 
 109.2918      12.4275 
 109.2917      12.42797 
 109.2888      12.436 
 109.2912      12.44475 
 109.2903      12.45142 
 109.2961      12.45717 
 109.2971      12.46383 
 109.2997      12.4675 
 109.2988      12.47211 
 109.2952      12.47397 
 109.2875      12.48203 
 109.2821      12.48045 
 109.2693      12.49175 
 109.2567      12.50008 
 109.2487      12.50308 
 109.2408      12.51256 
 109.2399      12.51717 
 109.2359      12.52222 
 109.2319      12.54156 
 109.2331      12.55192 
 109.2393      12.56617 
 109.2433      12.57053 
 109.2475      12.57122 
 109.2477      12.5765 
 109.2449      12.5825 
 109.2393      12.58414 
 109.2361      12.5885 
 109.2332      12.58806 
 109.2257      12.58208 
 109.2243      12.57933 
 109.226       12.57611 
 109.2285      12.57542 
 109.2377      12.57814 
 109.2384      12.57653 
 109.2376      12.5747 
 109.2319      12.57033 
 109.2285      12.56781 
 109.2264      12.56781 
 109.2208      12.57197 
 109.2156      12.56692 
 109.213       12.56186 
 109.2177      12.55311 
 109.2181      12.54897 
 109.2175      12.54764 
 109.2131      12.53903 
 109.2127      12.53897 
 109.2111      12.5387 
 109.2085      12.54347 
 109.1996      12.54164 
 109.1971      12.5435 
 109.1999      12.54603 
 109.2055      12.54761 
 109.2116      12.55314 
 109.2051      12.5612 
 109.1936      12.57111 
 109.1934      12.57433 
 109.1964      12.5837 
 109.1988      12.59136 
 109.2066      12.59595 
 109.2038      12.60125 
 109.2054      12.60422 
 109.2042      12.60931 
 109.2071      12.61528 
 109.2061      12.61736 
 109.1998      12.61414 
 109.1935      12.61945 
 109.193       12.62406 
 109.1959      12.63533 
 109.1996      12.64131 
 109.2048      12.64567 
 109.2135      12.64747 
 109.217       12.65139 
 109.2135      12.65692 
 109.2142      12.66381 
 109.2196      12.676 
 109.2231      12.67736 
 109.2333      12.69022 
 109.2375      12.69875 
 109.2426      12.69758 
 109.2574      12.70075 
 109.2586      12.70283 
 109.2614      12.70167 
 109.2647      12.70581 
 109.2671      12.71292 
 109.2706      12.71661 
 109.2743      12.72603 
 109.2898      12.73886 
 109.2938      12.73908 
 109.296       12.743 
 109.2955      12.74553 
 109.2967      12.74919 
 109.304       12.75425 
 109.3129      12.75697 
 109.3281      12.7657 
 109.3296      12.77189 
 109.3347      12.77578 
 109.3317      12.78522 
 109.3352      12.79214 
 109.3441      12.79625 
 109.3547      12.79645 
 109.3554      12.78378 
 109.3509      12.76906 
 109.3669      12.73403 
 109.3693      12.73403 
 109.3753      12.72458 
 109.3791      12.71467 
 109.3835      12.71167 
 109.3839      12.70592 
 109.3771      12.69903 
 109.3731      12.68683 
 109.3703      12.68478 
 109.3647      12.68456 
 109.3598      12.68964 
 109.3567      12.68711 
 109.3548      12.68114 
 109.3513      12.67633 
 109.3489      12.66483 
 109.3435      12.65978 
 109.3346      12.65772 
 109.3386      12.65519 
 109.3414      12.64989 
 109.3419      12.6497 
 109.3435      12.6492 
 109.3496      12.65586 
 109.3545      12.65884 
 109.3573      12.65628 
 109.3592      12.64936 
 109.3641      12.64983 
 109.3671      12.63992 
 109.3702      12.63897 
 109.3725      12.6415 
 109.3695      12.64728 
 109.3702      12.64911 
 109.3754      12.65208 
 109.3709      12.66222 
 109.3731      12.66889 
 109.3752      12.67097 
 109.3787      12.67072 
 109.3827      12.66656 
 109.39        12.66747 
 109.396       12.66583 
 109.3988      12.66858 
 109.3942      12.67597 
 109.3963      12.68125 
 109.3979      12.68167 
 109.3989      12.68192 
 109.4019      12.68031 
 109.4031      12.67456 
 109.408       12.66717 
 109.4131      12.6637 
 109.414       12.65381 
 109.4166      12.64781 
 109.4121      12.643 
 109.4109      12.63956 
 109.4144      12.63239 
 109.413       12.63081 
 109.4058      12.62989 
 109.3976      12.626 
 109.3959      12.62303 
 109.4045      12.60253 
 109.408       12.60272 
 109.4113      12.59881 
 109.4155      12.59994 
 109.4181      12.59742 
 109.4192      12.59233 
 109.419       12.59103 
 109.4173      12.58269 
 109.4203      12.56933 
 109.4262      12.57139 
 109.4295      12.56836 
 109.4321      12.57044 
 109.4365      12.55778 
 109.4454      12.56256 
 109.4438      12.56808 
 109.445       12.57431 
 109.4414      12.57753 
 109.4415      12.59136 
 109.4361      12.59206 
 109.4359      12.59619 
 109.4403      12.60147 
 109.4371      12.60472 
 109.4408      12.60839 
 109.4392      12.61139 
 109.4413      12.61667 
 109.4407      12.61792 
 109.4392      12.62058 
 109.4413      12.62472 
 109.4388      12.62911 
 109.4388      12.639 
 109.4426      12.6422 
 109.4503      12.64286 
 109.4519      12.64564 
 109.4641      12.64467 
 109.4616      12.64906 
 109.4646      12.65342 
 109.4642      12.65572 
 109.46        12.65781 
 109.4593      12.66195 
 109.4572      12.66425 
 109.4518      12.66403 
 109.4469      12.66061 
 109.4452      12.66314 
 109.4473      12.66589 
 109.4443      12.6682 
 109.4368      12.66339 
 109.4323      12.66364 
 109.4219      12.6772 
 109.4197      12.68003 
 109.4172      12.68647 
 109.4203      12.69567 
 109.4198      12.69911 
 109.4118      12.69731 
 109.4027      12.70769 
 109.3773      12.75356 
 109.3679      12.781 
 109.3666      12.78489 
 109.3634      12.80356 
 109.3655      12.80861 
 109.3705      12.81111 
 109.37        12.81272 
 109.3651      12.81506 
 109.3627      12.82058 
 109.3649      12.82725 
 109.3689      12.83114 
 109.3745      12.83342 
 109.3818      12.83317 
 109.3947      12.84028 
 109.3963      12.84464 
 109.4048      12.85175 
 109.4071      12.85564 
 109.406       12.86186 
 109.4074      12.86369 
 109.4179      12.86656 
 109.4234      12.86803 
 109.4246      12.87261 
 109.4283      12.87331 
 109.4351      12.87789 
 109.441       12.87695 
 109.4436      12.87256 
 109.4428      12.86864 
 109.4367      12.86039 
 109.4247      12.84914 
 109.4238      12.84661 
 109.4247      12.84456 
 109.4301      12.84292 
 109.4353      12.8452 
 109.4381      12.85025 
 109.444       12.85347 
 109.4559      12.85617 
 109.4581      12.86031 
 109.456       12.86583 
 109.4565      12.87575 
 109.4586      12.87625 
 109.4633      12.87733 
 109.4581      12.88517 
 109.4626      12.89136 
 109.4621      12.89389 
 109.4577      12.89461 
 109.4565      12.89622 
 109.4591      12.90725 
 109.4577      12.91025 
 109.4498      12.91211 
 109.4369      12.92736 
 109.4334      12.93494 
 109.436       12.94047 
 109.4351      12.94414 
 109.4316      12.94647 
 109.4103      12.96956 
 109.4052      12.97508 
 109.3986      12.98039 
 109.3708      13.02031 
 109.3524      13.05186 
 109.3423      13.07308 
 109.3388      13.07078 
 1             16 
1
 -9999.0   ,   9990.0 
 8 
 109.3062      12.70731 
 109.3167      12.71739 
 109.3179      12.71969 
 109.3168      12.72108 
 109.3029      12.71767 
 109.2994      12.71261 
 109.2998      12.70778 
 109.3062      12.70731 
 1             17 
1
 -9999.0   ,   9990.0 
 6 
 109.4037      12.63911 
 109.407       12.646 
 109.3986      12.65133 
 109.3976      12.64581 
 109.3985      12.64303 
 109.4037      12.63911 
 1             18 
1
 -9999.0   ,   9990.0 
 7 
 109.3517      12.63767 
 109.3535      12.6395 
 109.3543      12.64686 
 109.3454      12.6455 
 109.3456      12.64114 
 109.3488      12.63767 
 109.3517      12.63767 
 1             19 
1
 -9999.0   ,   9990.0 
 63 
 109.4069      12.54428 
 109.4081      12.54589 
 109.4125      12.54589 
 109.4177      12.55022 
 109.4093      12.56153 
 109.4051      12.56408 
 109.4037      12.56847 
 109.4042      12.57353 
 109.4028      12.57606 
 109.3995      12.57722 
 109.4012      12.58803 
 109.4003      12.59033 
 109.3956      12.59264 
 109.3933      12.59772 
 109.3904      12.59889 
 109.3898      12.60669 
 109.3881      12.60925 
 109.39        12.61361 
 109.3882      12.61914 
 109.3839      12.62214 
 109.3767      12.62331 
 109.3697      12.62725 
 109.3645      12.62611 
 109.362       12.62217 
 109.3612      12.62106 
 109.3544      12.62156 
 109.3511      12.61947 
 109.3495      12.62225 
 109.35        12.62617 
 109.3484      12.62731 
 109.3416      12.62781 
 109.3367      12.63172 
 109.3306      12.63106 
 109.3268      12.63336 
 109.317       12.62969 
 109.3135      12.62581 
 109.3106      12.62489 
 109.3078      12.61478 
 109.3129      12.60739 
 109.3195      12.60347 
 109.3218      12.59817 
 109.327       12.60414 
 109.3317      12.60642 
 109.3359      12.60572 
 109.3441      12.59786 
 109.3433      12.59525 
 109.3422      12.59119 
 109.3436      12.58592 
 109.3492      12.58542 
 109.3518      12.58289 
 109.3557      12.58264 
 109.3592      12.57572 
 109.3646      12.57503 
 109.3726      12.56903 
 109.3737      12.56533 
 109.3761      12.56486 
 109.3774      12.56186 
 109.3884      12.56092 
 109.3898      12.55561 
 109.3934      12.55444 
 109.395       12.55053 
 109.4024      12.54475 
 109.4069      12.54428 
 1             20 
1
 -9999.0   ,   9990.0 
 15 
 109.305       12.49042 
 109.2997      12.49125 
 109.2983      12.49028 
 109.2953      12.48406 
 109.2953      12.48228 
 109.2966      12.48106 
 109.3019      12.48228 
 109.3058      12.48197 
 109.3077      12.48306 
 109.3101      12.48808 
 109.3173      12.49036 
 109.3192      12.49267 
 109.3177      12.49456 
 109.3127      12.49378 
 109.305       12.49042 
 1             21 
1
 -9999.0   ,   9990.0 
 16 
 109.3501      12.48197 
 109.3508      12.47883 
 109.3551      12.47706 
 109.3565      12.47256 
 109.358       12.47147 
 109.361       12.47364 
 109.3648      12.47336 
 109.3656      12.47497 
 109.3649      12.47689 
 109.362       12.47756 
 109.3601      12.4822 
 109.3562      12.48181 
 109.3542      12.48506 
 109.3525      12.48575 
 109.3504      12.48453 
 109.3501      12.48197 
 1             22 
1
 -9999.0   ,   9990.0 
 8 
 109.1795      12.44158 
 109.1826      12.44203 
 109.1809      12.44528 
 109.1828      12.44756 
 109.176       12.45011 
 109.1713      12.44806 
 109.1751      12.44367 
 109.1795      12.44158 
 1             23 
1
 -9999.0   ,   9990.0 
 8 
 109.1514      12.42256 
 109.1558      12.42139 
 109.1565      12.42508 
 109.1537      12.42853 
 109.1502      12.43039 
 109.1479      12.42992 
 109.1474      12.4267 
 109.1514      12.42256 
 1             24 
1
 -9999.0   ,   9990.0 
 9 
 109.2376      12.37425 
 109.2418      12.37492 
 109.2437      12.37836 
 109.2433      12.38572 
 109.2367      12.39011 
 109.2339      12.38967 
 109.2292      12.38139 
 109.2297      12.37772 
 109.2376      12.37425 
 1             25 
1
 -9999.0   ,   9990.0 
 7 
 109.3815      12.34758 
 109.3876      12.34803 
 109.3888      12.35033 
 109.3792      12.36186 
 109.3757      12.36211 
 109.3752      12.35867 
 109.3815      12.34758 
 1             26 
1
 -9999.0   ,   9990.0 
 12 
 109.229       12.17611 
 109.2311      12.17656 
 109.2341      12.18392 
 109.2393      12.18806 
 109.2374      12.19036 
 109.2313      12.18897 
 109.2283      12.19036 
 109.2271      12.18669 
 109.2243      12.18464 
 109.2278      12.18047 
 109.2269      12.17725 
 109.229       12.17611 
 1             27 
1
 -9999.0   ,   9990.0 
 56 
 109.3053      12.19742 
 109.2947      12.19203 
 109.2914      12.18722 
 109.2919      12.18467 
 109.298       12.17775 
 109.2973      12.1757 
 109.2874      12.17456 
 109.2783      12.17828 
 109.2711      12.19072 
 109.2634      12.19306 
 109.2524      12.19953 
 109.2478      12.20506 
 109.2459      12.21542 
 109.244       12.21794 
 109.2373      12.21867 
 109.2347      12.22167 
 109.2391      12.22647 
 109.242       12.227 
 109.2429      12.22717 
 109.2476      12.22483 
 109.2501      12.21794 
 109.2565      12.21678 
 109.2604      12.20939 
 109.2632      12.20778 
 109.2655      12.21236 
 109.2634      12.21858 
 109.2658      12.22733 
 109.2682      12.2287 
 109.2752      12.22339 
 109.2831      12.22106 
 109.2962      12.22403 
 109.3002      12.22217 
 109.3013      12.21711 
 109.3046      12.21547 
 109.309       12.20672 
 109.3121      12.20764 
 109.3163      12.21822 
 109.3205      12.21797 
 109.3229      12.21336 
 109.3315      12.2122 
 109.3334      12.20481 
 109.3308      12.2 
 109.3317      12.194 
 109.3347      12.19261 
 109.3361      12.18939 
 109.335       12.18617 
 109.3284      12.18433 
 109.326       12.17906 
 109.3214      12.17931 
 109.3179      12.18161 
 109.3249      12.18825 
 109.3162      12.18531 
 109.3083      12.18486 
 109.3024      12.18625 
 109.2987      12.18881 
 109.3053      12.19742 
 1             28 
1
 -9999.0   ,   9990.0 
 6 
 109.246       12.16456 
 109.2551      12.16614 
 109.2514      12.17306 
 109.2404      12.17192 
 109.2388      12.17056 
 109.246       12.16456 
 1             29 
1
 -9999.0   ,   9990.0 
 11 
 109.3161      12.15514 
 109.3176      12.15561 
 109.319       12.1595 
 109.3171      12.16275 
 109.3059      12.1667 
 109.3017      12.16625 
 109.3         12.16211 
 109.3016      12.15772 
 109.3068      12.15956 
 109.3124      12.15884 
 109.3161      12.15514 
 1             30 
1
 -9999.0   ,   9990.0 
 2 
 109.1947      11.95592 
 109.2104      11.95175 
 1             31 
1
 -9999.0   ,   9990.0 
 99 
 109.0476      11.59767 
 109.06        11.58406 
 109.0658      11.58197 
 109.0714      11.58197 
 109.0854      11.587 
 109.0955      11.58697 
 109.1195      11.57703 
 109.1256      11.57194 
 109.129       11.5655 
 109.1307      11.56572 
 109.1323      11.57792 
 109.1403      11.58389 
 109.1421      11.59033 
 109.1426      11.59094 
 109.1466      11.59653 
 109.152       11.61308 
 109.1588      11.61953 
 109.1674      11.6232 
 109.1698      11.63031 
 109.1766      11.6395 
 109.1761      11.65608 
 109.1799      11.67631 
 109.1909      11.68433 
 109.2003      11.68686 
 109.1976      11.69083 
 109.1951      11.6947 
 109.1975      11.69953 
 109.2029      11.7025 
 109.2054      11.70686 
 109.2019      11.71747 
 109.2036      11.72231 
 109.2062      11.72275 
 109.2113      11.71675 
 109.2157      11.71675 
 109.2167      11.71833 
 109.2195      11.71881 
 109.2276      11.71695 
 109.2311      11.71853 
 109.2358      11.72428 
 109.238       11.73372 
 109.234       11.74614 
 109.2308      11.74592 
 109.2291      11.74847 
 109.2324      11.75444 
 109.2205      11.75717 
 109.2203      11.75722 
 109.2194      11.75947 
 109.2159      11.76853 
 109.1951      11.78744 
 109.1919      11.79136 
 109.1881      11.80289 
 109.1898      11.80794 
 109.198       11.81139 
 109.1966      11.81369 
 109.1896      11.81509 
 109.1868      11.81808 
 109.1867      11.821 
 109.1866      11.83397 
 109.1831      11.84433 
 109.188       11.85144 
 109.1861      11.85583 
 109.188       11.85997 
 109.1967      11.871 
 109.1955      11.87283 
 109.192       11.87353 
 109.1785      11.86228 
 109.1749      11.85564 
 109.1674      11.85333 
 109.1658      11.85036 
 109.1668      11.84553 
 109.1658      11.84092 
 109.1602      11.83586 
 109.155       11.82506 
 109.151       11.81978 
 109.1471      11.81956 
 109.1296      11.82672 
 109.1261      11.83158 
 109.1233      11.83917 
 109.1172      11.85461 
 109.1161      11.86106 
 109.1173      11.87072 
 109.1215      11.88197 
 109.1267      11.8905 
 109.1285      11.89922 
 109.1335      11.9055 
 109.1364      11.90647 
 109.1381      11.90703 
 109.1426      11.90656 
 109.1491      11.9015 
 109.1531      11.90078 
 109.1566      11.90356 
 109.161       11.9047 
 109.1692      11.91894 
 109.1779      11.92444 
 109.1845      11.93386 
 109.1922      11.94028 
 109.1899      11.94672 
 109.1906      11.95064 
 109.1947      11.95592 
 1             32 
1
 -9999.0   ,   9990.0 
 16 
 109.2361      11.82808 
 109.2333      11.83039 
 109.2286      11.83914 
 109.2263      11.84675 
 109.2277      11.85042 
 109.2312      11.84903 
 109.2366      11.84211 
 109.2429      11.84164 
 109.2476      11.84831 
 109.2513      11.84875 
 109.2532      11.84714 
 109.2557      11.83792 
 109.2529      11.83403 
 109.2436      11.83244 
 109.2398      11.82853 
 109.2361      11.82808 
 1             33 
1
 -9999.0   ,   9990.0 
 8 
 109.225       11.77356 
 109.2273      11.78161 
 109.2264      11.78322 
 109.221       11.783 
 109.2182      11.78439 
 109.2185      11.78047 
 109.2226      11.77403 
 109.225       11.77356 
 1             34 
1
 -9999.0   ,   9990.0 
 2 
 109.0476      11.59767 
 109.0425      11.59906 
 1             35 
1
 -9999.0   ,   9990.0 
 262 
 109.0425      11.59906 
 109.0418      11.59561 
 109.0432      11.59284 
 109.0479      11.59075 
 109.0476      11.58822 
 109.0367      11.58594 
 109.0301      11.57906 
 109.0275      11.57331 
 109.0271      11.56456 
 109.0301      11.55281 
 109.035       11.54797 
 109.0349      11.54428 
 109.0321      11.53992 
 109.0298      11.53878 
 109.0256      11.54383 
 109.02        11.54661 
 109.0021      11.54458 
 109.0028      11.5425 
 109.01        11.53928 
 109.0179      11.53947 
 109.0193      11.53672 
 109.0268      11.53603 
 109.0263      11.53281 
 109.0241      11.52983 
 109.0179      11.52153 
 109.0163      11.51647 
 109.0173      11.46378 
 109.0163      11.45197 
 109.0161      11.44972 
 109.0117      11.441 
 109.0166      11.43156 
 109.0182      11.42211 
 109.0163      11.41428 
 109.0128      11.40922 
 109.0102      11.39725 
 109.0107      11.38853 
 109.0132      11.37817 
 109.0165      11.37008 
 109.023       11.36547 
 109.0253      11.36111 
 109.0223      11.35511 
 109.0081      11.34775 
 109.0059      11.34664 
 108.994       11.33631 
 108.9901      11.32942 
 108.9761      11.32275 
 108.9686      11.31661 
 108.9658      11.31425 
 108.9308      11.30695 
 108.9241      11.30672 
 108.9208      11.30858 
 108.9173      11.31386 
 108.904       11.31872 
 108.8924      11.33069 
 108.8868      11.33325 
 108.8709      11.3312 
 108.8574      11.33145 
 108.8526      11.32964 
 108.8458      11.32708 
 108.8329      11.3165 
 108.8273      11.31561 
 108.8129      11.3177 
 108.8061      11.314 
 108.7903      11.30989 
 108.7858      11.30553 
 108.7809      11.29056 
 108.7765      11.28711 
 108.7564      11.27839 
 108.7541      11.27333 
 108.7522      11.2517 
 108.7461      11.225 
 108.7373      11.20658 
 108.7342      11.19739 
 108.7314      11.18058 
 108.7272      11.17622 
 108.7195      11.17333 
 108.7156      11.17186 
 108.7116      11.16242 
 108.7076      11.1645 
 108.7063      11.17256 
 108.7037      11.17625 
 108.6958      11.17925 
 108.6869      11.18017 
 108.6714      11.18681 
 108.6648      11.18961 
 108.6359      11.18525 
 108.6289      11.18203 
 108.6224      11.17353 
 108.6189      11.17261 
 108.6133      11.17883 
 108.5942      11.17928 
 108.5883      11.17769 
 108.5688      11.16111 
 108.5636      11.1602 
 108.5501      11.16067 
 108.5441      11.15858 
 108.5327      11.151 
 108.5216      11.13981 
 108.521       11.13925 
 108.4931      11.09506 
 108.4921      11.09347 
 108.4889      11.08495 
 108.4798      11.06125 
 108.4766      11.04444 
 108.4728      11.04075 
 108.467       11.0387 
 108.4588      11.03961 
 108.45        11.04375 
 108.4405      11.04419 
 108.4295      11.03753 
 108.4214      11.02694 
 108.4146      11.02669 
 108.4083      11.02878 
 108.402       11.02792 
 108.393       11.02669 
 108.3867      11.029 
 108.3811      11.02853 
 108.3748      11.02578 
 108.3699      11.02139 
 108.3613      11.01081 
 108.3506      10.98917 
 108.3492      10.98342 
 108.3499      10.9795 
 108.3453      10.96822 
 108.3446      10.95256 
 108.3425      10.9482 
 108.3371      10.94772 
 108.3316      10.95142 
 108.3248      10.956 
 108.3201      10.95486 
 108.3155      10.95117 
 108.3066      10.94058 
 108.3008      10.92836 
 108.299       10.91089 
 108.2964      10.90767 
 108.2918      10.9065 
 108.2862      10.90972 
 108.2848      10.91433 
 108.2887      10.92147 
 108.2878      10.92814 
 108.2862      10.93133 
 108.2852      10.93342 
 108.2773      10.93964 
 108.2653      10.94247 
 108.2454      10.94719 
 108.2328      10.94789 
 108.2207      10.94603 
 108.2044      10.93886 
 108.1928      10.93128 
 108.1842      10.93172 
 108.1677      10.92572 
 108.1539      10.92592 
 108.1432      10.92845 
 108.1381      10.92889 
 108.1237      10.92219 
 108.116       10.91506 
 108.1123      10.91367 
 108.1071      10.91411 
 108.1049      10.91345 
 108.0964      10.91089 
 108.0827      10.90145 
 108.0755      10.89336 
 108.0667      10.87839 
 108.0378      10.81392 
 108.037       10.81136 
 108.0197      10.75128 
 108.0205      10.74069 
 108.0184      10.73381 
 108.0102      10.72917 
 108.0075      10.72456 
 108.0054      10.71514 
 108.0016      10.70992 
 107.9945      10.70014 
 107.9908      10.699 
 107.9775      10.70495 
 107.9728      10.70447 
 107.9656      10.69917 
 107.957       10.70583 
 107.9356      10.71431 
 107.9251      10.71567 
 107.9123      10.72 
 107.9035      10.71931 
 107.8976      10.72089 
 107.8926      10.71767 
 107.8858      10.71903 
 107.8763      10.71625 
 107.8735      10.71831 
 107.8675      10.71256 
 107.8623      10.71208 
 107.8479      10.70353 
 107.8288      10.70394 
 107.8193      10.69795 
 107.7989      10.67925 
 107.7885      10.66333 
 107.7804      10.65525 
 107.7723      10.6472 
 107.7609      10.64303 
 107.75        10.63656 
 107.7381      10.63422 
 107.7311      10.63097 
 107.7037      10.62975 
 107.6937      10.62742 
 107.6779      10.61908 
 107.6656      10.60867 
 107.6406      10.59895 
 107.5786      10.57114 
 107.5684      10.56372 
 107.5543      10.54964 
 107.5508      10.54895 
 107.5464      10.54639 
 107.5454      10.53858 
 107.5251      10.51525 
 107.5147      10.5005 
 107.5008      10.49744 
 107.5004      10.49744 
 107.4791      10.49806 
 107.474       10.49622 
 107.4699      10.49236 
 107.4684      10.49103 
 107.443       10.46733 
 107.4337      10.46797 
 107.4235      10.4645 
 107.416       10.46814 
 107.4088      10.46881 
 107.3968      10.46508 
 107.3886      10.46481 
 107.3816      10.46869 
 107.3763      10.46661 
 107.3654      10.46586 
 107.3575      10.46008 
 107.3362      10.44711 
 107.3343      10.44942 
 107.3401      10.45425 
 107.3456      10.45889 
 107.3429      10.45956 
 107.3375      10.457 
 107.3317      10.45122 
 107.3262      10.44983 
 107.3129      10.44075 
 107.3128      10.43908 
 107.319       10.43917 
 107.3081      10.43203 
 107.3037      10.42794 
 107.2966      10.42139 
 107.2927      10.41625 
 107.2924      10.41581 
 107.291       10.41403 
 107.2876      10.40947 
 107.2869      10.40847 
 107.2725      10.39425 
 107.2635      10.38536 
 107.2607      10.37936 
 107.2575      10.37683 
 107.2475      10.37817 
 107.244       10.37514 
 107.2405      10.37558 
 107.2223      10.39692 
 107.2158      10.40033 
 107.2063      10.40281 
 107.1946      10.40231 
 107.193       10.40192 
 107.1784      10.39856 
 1             36 
1
 -9999.0   ,   9990.0 
 9 
 108.8265      11.2187 
 108.8331      11.21892 
 108.8366      11.22144 
 108.8396      11.22675 
 108.8387      11.22906 
 108.8317      11.22561 
 108.8261      11.22561 
 108.824       11.22169 
 108.8265      11.2187 
 1             37 
1
 -9999.0   ,   9990.0 
 20 
 108.9495      10.50236 
 108.9568      10.50328 
 108.9614      10.50628 
 108.9679      10.51408 
 108.9598      10.52331 
 108.957       10.53044 
 108.9517      10.53689 
 108.9508      10.54172 
 108.9524      10.54861 
 108.9429      10.55439 
 108.9315      10.55372 
 108.9261      10.55489 
 108.9161      10.54383 
 108.9224      10.53533 
 108.9236      10.52503 
 108.924       10.5222 
 108.927       10.51461 
 108.93        10.51047 
 108.944       10.50331 
 108.9495      10.50236 
 1             38 
1
 -9999.0   ,   9990.0 
 2 
 106.9911      10.50086 
 107.0047      10.49894 
 1             39 
1
 -9999.0   ,   9990.0 
 7 
 106.9823      10.47992 
 106.9823      10.47486 
 106.9837      10.47256 
 106.9888      10.47764 
 106.9883      10.48708 
 106.9945      10.49308 
 106.9911      10.50086 
 1             40 
1
 -9999.0   ,   9990.0 
 15 
 107.0404      10.47308 
 107.0393      10.47008 
 107.029       10.47142 
 107.0249      10.46725 
 107.0188      10.47092 
 107.0183      10.4755 
 107.022       10.47714 
 107.019       10.48817 
 107.0196      10.49139 
 107.0238      10.49647 
 107.021       10.49853 
 107.0159      10.49711 
 107.0085      10.49203 
 107.004       10.49822 
 107.0047      10.49894 
 1             41 
1
 -9999.0   ,   9990.0 
 8 
 108.9604      10.48417 
 108.9637      10.48533 
 108.9649      10.48947 
 108.9669      10.49131 
 108.9637      10.49614 
 108.9609      10.49453 
 108.9588      10.48581 
 108.9604      10.48417 
 1             42 
1
 -9999.0   ,   9990.0 
 2 
 106.9823      10.47992 
 106.9765      10.47922 
 1             43 
1
 -9999.0   ,   9990.0 
 8 
 107.0148      10.47872 
 107.016       10.48194 
 107.0127      10.48836 
 107.0038      10.48831 
 107.0034      10.48533 
 107.0083      10.48236 
 107.0109      10.4787 
 107.0148      10.47872 
 1             44 
1
 -9999.0   ,   9990.0 
 36 
 106.8514      10.40669 
 106.8542      10.40508 
 106.8731      10.406 
 106.8794      10.39558 
 106.8818      10.38731 
 106.879       10.37786 
 106.8733      10.37231 
 106.8723      10.36975 
 106.8737      10.36861 
 106.8967      10.36945 
 106.9347      10.39106 
 106.9439      10.39431 
 106.9516      10.3957 
 106.956       10.39647 
 106.9741      10.40439 
 106.9764      10.40717 
 106.9769      10.41178 
 106.965       10.41908 
 106.9568      10.42064 
 106.9414      10.43458 
 106.9256      10.4345 
 106.921       10.43195 
 106.9205      10.42872 
 106.9247      10.423 
 106.9208      10.41536 
 106.9176      10.42667 
 106.917       10.42847 
 106.9135      10.43119 
 106.9174      10.43536 
 106.9186      10.43953 
 106.9346      10.43914 
 106.9365      10.44375 
 106.935       10.45364 
 106.9357      10.45917 
 106.9324      10.46883 
 106.9428      10.46911 
 1             45 
1
 -9999.0   ,   9990.0 
 2 
 107.0404      10.47308 
 107.0474      10.46783 
 1             46 
1
 -9999.0   ,   9990.0 
 4 
 106.9765      10.47922 
 106.9695      10.475 
 106.9677      10.46556 
 106.9654      10.46256 
 1             47 
1
 -9999.0   ,   9990.0 
 2 
 106.9654      10.46256 
 106.9428      10.46911 
 1             48 
1
 -9999.0   ,   9990.0 
 29 
 106.737       10.18372 
 106.7351      10.18556 
 106.7284      10.18664 
 106.7109      10.19758 
 106.7136      10.20703 
 106.7179      10.21489 
 106.7245      10.21286 
 106.7321      10.21497 
 106.7407      10.22147 
 106.7455      10.22933 
 106.7479      10.25075 
 106.746       10.25625 
 106.7538      10.26436 
 106.7599      10.26439 
 106.7707      10.27389 
 106.78        10.27969 
 106.7839      10.28456 
 106.7879      10.30967 
 106.788       10.32967 
 106.7865      10.34256 
 106.7878      10.37325 
 106.7885      10.39319 
 106.7849      10.40606 
 106.7798      10.40925 
 106.7499      10.44381 
 106.7442      10.45158 
 106.7409      10.45917 
 106.7544      10.465 
 106.7618      10.47195 
 1             49 
1
 -9999.0   ,   9990.0 
 8 
 106.9778      10.46978 
 106.9771      10.45572 
 106.9711      10.44672 
 106.9669      10.44622 
 106.9625      10.44828 
 106.9696      10.45453 
 106.9728      10.46536 
 106.9778      10.46978 
 1             50 
1
 -9999.0   ,   9990.0 
 2 
 107.1196      10.44406 
 107.1229      10.44314 
 1             51 
1
 -9999.0   ,   9990.0 
 2 
 107.1461      10.43833 
 107.1511      10.43878 
 1             52 
1
 -9999.0   ,   9990.0 
 15 
 107.0474      10.46783 
 107.0444      10.46597 
 107.0426      10.46 
 107.0531      10.44117 
 107.0639      10.43708 
 107.07        10.43045 
 107.0776      10.42728 
 107.0799      10.42728 
 107.0857      10.43144 
 107.0925      10.42919 
 107.0992      10.42992 
 107.1052      10.43914 
 107.1087      10.441 
 107.1157      10.43919 
 107.1196      10.44406 
 1             53 
1
 -9999.0   ,   9990.0 
 13 
 107.1229      10.44314 
 107.1238      10.43808 
 107.122       10.43508 
 107.1136      10.43114 
 107.1127      10.42767 
 107.114       10.41364 
 107.1177      10.4125 
 107.1235      10.41692 
 107.1297      10.41786 
 107.1379      10.41631 
 107.1423      10.41792 
 107.1451      10.42117 
 107.1461      10.43833 
 1             54 
1
 -9999.0   ,   9990.0 
 35 
 107.1511      10.43878 
 107.1485      10.41956 
 107.1437      10.41311 
 107.1384      10.41078 
 107.1279      10.41003 
 107.1201      10.40172 
 107.1168      10.40308 
 107.1093      10.40603 
 107.1068      10.40442 
 107.102       10.3915 
 107.0953      10.38525 
 107.0904      10.38431 
 107.082       10.38656 
 107.073       10.38008 
 107.0674      10.3805 
 107.06        10.38483 
 107.0567      10.38136 
 107.0549      10.37539 
 107.0575      10.3685 
 107.0615      10.36528 
 107.0606      10.35539 
 107.0721      10.34233 
 107.0713      10.33897 
 107.07        10.33289 
 107.0726      10.32875 
 107.0805      10.32558 
 107.081       10.31661 
 107.0847      10.31939 
 107.0935      10.33783 
 107.1025      10.35053 
 107.1126      10.36047 
 107.1369      10.37717 
 107.1501      10.38139 
 107.1606      10.38672 
 107.1636      10.39111 
 1             55 
1
 -9999.0   ,   9990.0 
 9 
 106.7618      10.47195 
 106.7852      10.44011 
 106.7938      10.43281 
 106.8072      10.41561 
 106.8194      10.40442 
 106.8243      10.40214 
 106.8359      10.40039 
 106.8503      10.40392 
 106.8514      10.40669 
 1             56 
1
 -9999.0   ,   9990.0 
 7 
 107.0942      10.39308 
 107.0978      10.39561 
 107.101       10.40231 
 107.1021      10.40806 
 107.101       10.41014 
 107.0963      10.40597 
 107.0942      10.39308 
 1             57 
1
 -9999.0   ,   9990.0 
 3 
 107.1784      10.39856 
 107.1694      10.39506 
 107.1636      10.39111 
 1             58 
1
 -9999.0   ,   9990.0 
 16 
 106.7657      10.19472 
 106.7761      10.20053 
 106.778       10.20067 
 106.7891      10.20153 
 106.7976      10.21217 
 106.7968      10.21336 
 106.795       10.21606 
 106.7887      10.22017 
 106.7857      10.22036 
 106.7783      10.21644 
 106.7751      10.21478 
 106.7619      10.21264 
 106.7591      10.21031 
 106.7577      10.20364 
 106.7615      10.19675 
 106.7657      10.19472 
 1             59 
1
 -9999.0   ,   9990.0 
 36 
 106.7042      10.05514 
 106.6973      10.04472 
 106.6969      10.03714 
 106.7038      10.03764 
 106.7075      10.0402 
 106.7242      10.04397 
 106.7431      10.07033 
 106.7558      10.07569 
 106.7613      10.08056 
 106.7662      10.0875 
 106.7676      10.08842 
 106.7683      10.08497 
 106.7646      10.07897 
 106.7662      10.07761 
 106.7683      10.07795 
 106.7732      10.07881 
 106.7762      10.08206 
 106.778       10.08781 
 106.7802      10.11014 
 106.7843      10.1143 
 106.7873      10.11408 
 106.7816      10.10278 
 106.7833      10.1005 
 106.7867      10.10119 
 106.7911      10.10722 
 106.7973      10.12658 
 106.7976      10.13853 
 106.7962      10.14519 
 106.7929      10.15003 
 106.7829      10.15961 
 106.7782      10.16142 
 106.7654      10.16158 
 106.7573      10.16867 
 106.7461      10.17558 
 106.7426      10.17778 
 106.737       10.18372 
 1             60 
1
 -9999.0   ,   9990.0 
 2 
 106.6934      10.07622 
 106.6899      10.07389 
 1             61 
1
 -9999.0   ,   9990.0 
 2 
 106.6934      10.07622 
 106.7042      10.05514 
