 28 
 1             1 
1
 -9999.0   ,   9990.0 
 5 
-83.15781      14.99208 
-83.15581      14.99561 
-83.15541      14.99634 
-83.15606      14.9991 
-83.15773      15 
 1             2 
1
 -9999.0   ,   9990.0 
 3 
-83.18031      14.98903 
-83.17154      14.98825 
-83.15781      14.99208 
 1             3 
1
 -9999.0   ,   9990.0 
 18 
-83.1539       14.98728 
-83.15394      14.97961 
-83.1623       14.96761 
-83.1636       14.96827 
-83.16133      14.97249 
-83.16166      14.97762 
-83.16351      14.98341 
-83.16706      14.98241 
-83.16545      14.9747 
-83.16685      14.97004 
-83.17219      14.9663 
-83.17503      14.9672 
-83.17585      14.96977 
-83.17306      14.9774 
-83.175        14.97957 
-83.17471      14.98297 
-83.16853      14.98542 
-83.1539       14.98728 
 1             4 
1
 -9999.0   ,   9990.0 
 10 
-83.18875      14.95512 
-83.17312      14.95669 
-83.16741      14.95957 
-83.1688       14.96143 
-83.18135      14.95981 
-83.19124      14.9609 
-83.1967       14.95962 
-83.19698      14.9571 
-83.19511      14.95569 
-83.18875      14.95512 
 1             5 
1
 -9999.0   ,   9990.0 
 47 
-83.31403      14.78169 
-83.30894      14.78103 
-83.30626      14.7858 
-83.30352      14.79403 
-83.29473      14.8111 
-83.28802      14.83005 
-83.28315      14.83847 
-83.28093      14.84417 
-83.27756      14.8742 
-83.27236      14.88835 
-83.26892      14.89456 
-83.26821      14.89586 
-83.25523      14.90873 
-83.24001      14.92799 
-83.24046      14.9296 
-83.24399      14.92989 
-83.24978      14.9231 
-83.25547      14.92182 
-83.25771      14.92898 
-83.24894      14.94398 
-83.23886      14.96631 
-83.23584      14.96351 
-83.23221      14.95451 
-83.23109      14.95172 
-83.22643      14.94819 
-83.233        14.94121 
-83.23558      14.93847 
-83.23541      14.93411 
-83.23138      14.93473 
-83.22266      14.94721 
-83.20917      14.95972 
-83.20912      14.96207 
-83.21221      14.96127 
-83.21744      14.96307 
-83.21958      14.96631 
-83.2173       14.97053 
-83.20821      14.97548 
-83.19839      14.97296 
-83.18918      14.97237 
-83.1854       14.97528 
-83.18365      14.97482 
-83.18401      14.96779 
-83.18374      14.96695 
-83.18276      14.96393 
-83.17961      14.96878 
-83.17871      14.98049 
-83.18187      14.98412 
 1             6 
1
 -9999.0   ,   9990.0 
 12 
-82.6511       14.53762 
-82.64596      14.54648 
-82.6471       14.54857 
-82.65016      14.54954 
-82.65149      14.55347 
-82.65763      14.5529 
-82.6605       14.55135 
-82.66055      14.5486 
-82.65775      14.54693 
-82.65618      14.54277 
-82.65359      14.54295 
-82.6511       14.53762 
 1             7 
1
 -9999.0   ,   9990.0 
 9 
-82.87104      14.40736 
-82.86696      14.41096 
-82.86393      14.40952 
-82.86246      14.41225 
-82.86453      14.41528 
-82.87907      14.41899 
-82.88077      14.41627 
-82.87619      14.40906 
-82.87104      14.40736 
 1             8 
1
 -9999.0   ,   9990.0 
 29 
-82.77578      14.34745 
-82.75288      14.34863 
-82.74408      14.36524 
-82.73954      14.36837 
-82.73829      14.37225 
-82.73956      14.37963 
-82.73868      14.38834 
-82.74118      14.39344 
-82.73911      14.40282 
-82.74089      14.40814 
-82.74486      14.41005 
-82.75508      14.40657 
-82.76726      14.41002 
-82.77198      14.40965 
-82.77652      14.40651 
-82.77752      14.40544 
-82.78302      14.39951 
-82.78443      14.38782 
-82.79531      14.37424 
-82.79805      14.36556 
-82.80541      14.36317 
-82.81066      14.35936 
-82.81479      14.35324 
-82.81319      14.35091 
-82.80059      14.35596 
-82.79421      14.35699 
-82.78551      14.35614 
-82.78084      14.35375 
-82.77578      14.34745 
 1             9 
1
 -9999.0   ,   9990.0 
 8 
-82.60002      14.31974 
-82.59877      14.32339 
-82.60078      14.32918 
-82.6041       14.32832 
-82.60939      14.32291 
-82.60803      14.32035 
-82.60306      14.32118 
-82.60002      14.31974 
 1             10 
1
 -9999.0   ,   9990.0 
 8 
-82.60365      14.30372 
-82.60057      14.30412 
-82.59745      14.30728 
-82.59508      14.3077 
-82.59207      14.31683 
-82.60132      14.31379 
-82.60327      14.31038 
-82.60365      14.30372 
 1             11 
1
 -9999.0   ,   9990.0 
 37 
-83.29737      14.13021 
-83.2919       14.13356 
-83.28659      14.14083 
-83.2819       14.15338 
-83.25886      14.19091 
-83.25415      14.20462 
-83.23645      14.2402 
-83.22386      14.26545 
-83.209        14.30724 
-83.20369      14.32691 
-83.20378      14.33587 
-83.20776      14.36028 
-83.21311      14.39302 
-83.21398      14.39831 
-83.22118      14.43106 
-83.21955      14.44298 
-83.22203      14.44923 
-83.22509      14.44974 
-83.2287       14.44566 
-83.2322       14.44779 
-83.23513      14.45519 
-83.23484      14.4584 
-83.23133      14.45719 
-83.22785      14.45346 
-83.2271       14.45621 
-83.2342       14.46804 
-83.23838      14.48534 
-83.24438      14.49234 
-83.26767      14.5628 
-83.27683      14.59259 
-83.28126      14.62184 
-83.29287      14.66017 
-83.2919       14.66222 
-83.2994       14.69198 
-83.31363      14.76916 
-83.31451      14.77262 
-83.3171       14.77401 
 1             12 
1
 -9999.0   ,   9990.0 
 27 
-83.46305      13.88598 
-83.45508      13.90787 
-83.4522       13.92803 
-83.43893      13.94735 
-83.43523      13.95763 
-83.4377       13.96479 
-83.43248      13.96724 
-83.4291       13.97178 
-83.42562      13.98275 
-83.41596      13.99753 
-83.41541      13.9981 
-83.40565      14.00839 
-83.39516      14.0158 
-83.38835      14.015 
-83.38551      14.01633 
-83.3761       14.0295 
-83.36968      14.0333 
-83.3656       14.03783 
-83.36245      14.04398 
-83.35768      14.04735 
-83.35183      14.05828 
-83.34835      14.06948 
-83.33256      14.08767 
-83.32888      14.09191 
-83.32263      14.09938 
-83.30281      14.11559 
-83.30181      14.12097 
 1             13 
1
 -9999.0   ,   9990.0 
 15 
-83.54421      13.55578 
-83.53693      13.5552 
-83.53041      13.55165 
-83.52856      13.57783 
-83.51936      13.63768 
-83.51438      13.66238 
-83.51245      13.67204 
-83.51286      13.68883 
-83.50508      13.73376 
-83.49326      13.78668 
-83.48627      13.81804 
-83.47111      13.85249 
-83.45856      13.87137 
-83.45873      13.87482 
-83.4635       13.87897 
 1             14 
1
 -9999.0   ,   9990.0 
 9 
-81.37645      13.38005 
-81.37763      13.38026 
-81.38028      13.38343 
-81.38026      13.38353 
-81.37988      13.38734 
-81.37009      13.39029 
-81.36951      13.38501 
-81.37292      13.37943 
-81.37645      13.38005 
 1             15 
1
 -9999.0   ,   9990.0 
 25 
-81.36918      13.37028 
-81.36496      13.3805 
-81.35626      13.37929 
-81.35348      13.36992 
-81.35405      13.36277 
-81.34961      13.3532 
-81.35233      13.34878 
-81.35313      13.34411 
-81.35548      13.33032 
-81.35985      13.32633 
-81.37963      13.31789 
-81.38499      13.31687 
-81.38523      13.31694 
-81.38948      13.31839 
-81.39141      13.32088 
-81.39155      13.32172 
-81.39513      13.34197 
-81.3943       13.34704 
-81.38925      13.35289 
-81.38601      13.36176 
-81.38459      13.36563 
-81.38018      13.36779 
-81.37403      13.36469 
-81.36965      13.36914 
-81.36918      13.37028 
 1             16 
1
 -9999.0   ,   9990.0 
 42 
-83.51798      12.90643 
-83.51603      12.91386 
-83.52413      12.93446 
-83.52746      12.96026 
-83.53745      12.99423 
-83.53923      13.00162 
-83.5457       13.0286 
-83.5502       13.04732 
-83.55423      13.07314 
-83.55632      13.10237 
-83.56001      13.12129 
-83.56222      13.14362 
-83.56402      13.14848 
-83.5643       13.15336 
-83.56585      13.18001 
-83.56783      13.19036 
-83.56801      13.19131 
-83.57012      13.22032 
-83.57274      13.23254 
-83.57246      13.23484 
-83.57603      13.27559 
-83.5752       13.29788 
-83.57398      13.3151 
-83.57011      13.33596 
-83.56806      13.36061 
-83.56516      13.39543 
-83.56628      13.39843 
-83.57408      13.39966 
-83.56261      13.40688 
-83.55954      13.43695 
-83.56025      13.45167 
-83.55683      13.45966 
-83.56234      13.46688 
-83.55456      13.46859 
-83.55181      13.46487 
-83.54931      13.48805 
-83.53567      13.51771 
-83.53433      13.52758 
-83.52765      13.53368 
-83.52737      13.53666 
-83.53035      13.54177 
-83.54613      13.55329 
 1             17 
1
 -9999.0   ,   9990.0 
 29 
-81.72162      12.48705 
-81.7186       12.4878 
-81.70914      12.50433 
-81.70459      12.52122 
-81.69756      12.53102 
-81.69245      12.55391 
-81.69493      12.56007 
-81.6913       12.56566 
-81.69233      12.57024 
-81.69096      12.57142 
-81.68208      12.57183 
-81.6804       12.58084 
-81.68386      12.58951 
-81.68847      12.59017 
-81.69513      12.59112 
-81.69863      12.59036 
-81.70551      12.58423 
-81.70968      12.58254 
-81.71264      12.5788 
-81.7143       12.5691 
-81.72414      12.559 
-81.7232       12.54821 
-81.72811      12.53775 
-81.72083      12.52548 
-81.71978      12.52044 
-81.72715      12.49406 
-81.72463      12.48954 
-81.72398      12.48838 
-81.72162      12.48705 
 1             18 
1
 -9999.0   ,   9990.0 
 38 
-83.63043      12.35962 
-83.62507      12.35772 
-83.61991      12.35833 
-83.61613      12.3608 
-83.608        12.37194 
-83.59345      12.37469 
-83.58197      12.37882 
-83.57815      12.3802 
-83.55772      12.3847 
-83.53926      12.38371 
-83.528        12.38109 
-83.51131      12.3772 
-83.50848      12.37654 
-83.50286      12.37691 
-83.49736      12.38395 
-83.49196      12.42778 
-83.4914       12.44801 
-83.49356      12.45863 
-83.49578      12.46579 
-83.50378      12.47765 
-83.51265      12.48625 
-83.51898      12.49239 
-83.52493      12.50053 
-83.52974      12.52131 
-83.53965      12.54585 
-83.54671      12.57172 
-83.5495       12.60478 
-83.55044      12.61593 
-83.55063      12.63272 
-83.54743      12.67108 
-83.54152      12.7172 
-83.53942      12.73052 
-83.51975      12.85547 
-83.51876      12.86171 
-83.50898      12.88661 
-83.5072       12.89463 
-83.51014      12.90158 
-83.51664      12.90151 
 1             19 
1
 -9999.0   ,   9990.0 
 10 
-82.97272      12.27275 
-82.97078      12.27662 
-82.97775      12.2917 
-82.98098      12.29452 
-82.98451      12.29343 
-82.98483      12.28838 
-82.98796      12.2843 
-82.98193      12.28051 
-82.97856      12.27332 
-82.97272      12.27275 
 1             20 
1
 -9999.0   ,   9990.0 
 15 
-83.0643       12.1371 
-83.05953      12.14184 
-83.0561       12.15029 
-83.04598      12.15402 
-83.03765      12.16192 
-83.03592      12.16718 
-83.03723      12.17203 
-83.0486       12.1773 
-83.05545      12.1742 
-83.06268      12.1741 
-83.06531      12.17116 
-83.0678       12.16269 
-83.07258      12.15703 
-83.06847      12.13855 
-83.0643       12.1371 
 1             21 
1
 -9999.0   ,   9990.0 
 26 
-83.69152      12.00968 
-83.6891       12.00731 
-83.6872       12.00912 
-83.68962      12.01836 
-83.68993      12.0278 
-83.68733      12.045 
-83.68756      12.06019 
-83.69467      12.09779 
-83.69397      12.12862 
-83.69393      12.13066 
-83.68964      12.15038 
-83.68958      12.16854 
-83.68858      12.17313 
-83.68505      12.17422 
-83.68433      12.17605 
-83.68513      12.19906 
-83.68271      12.21903 
-83.67185      12.24989 
-83.67071      12.25311 
-83.65861      12.27845 
-83.65126      12.29949 
-83.64523      12.31089 
-83.62811      12.32833 
-83.61946      12.34314 
-83.63047      12.35642 
-83.63198      12.35645 
 1             22 
1
 -9999.0   ,   9990.0 
 10 
-83.71623      11.86145 
-83.71517      11.86375 
-83.71675      11.86768 
-83.7211       11.87297 
-83.725        11.8777 
-83.72972      11.88928 
-83.73365      11.92245 
-83.73028      11.95828 
-83.72686      11.96789 
-83.71215      11.99223 
 1             23 
1
 -9999.0   ,   9990.0 
 98 
-83.69355      10.93761 
-83.70331      10.93972 
-83.71028      10.94052 
-83.71402      10.9392 
-83.718        10.93765 
-83.72661      10.93801 
-83.73355      10.94157 
-83.74863      10.95836 
-83.77531      10.99419 
-83.79709      11.02677 
-83.7983       11.02858 
-83.81814      11.07074 
-83.83793      11.13245 
-83.84292      11.14453 
-83.84692      11.1542 
-83.85119      11.16439 
-83.85033      11.17472 
-83.85591      11.20654 
-83.86356      11.2246 
-83.86892      11.23963 
-83.87376      11.2742 
-83.87506      11.28066 
-83.87846      11.28738 
-83.87601      11.29493 
-83.8768       11.30713 
-83.87771      11.32163 
-83.8739       11.37332 
-83.87111      11.38823 
-83.86496      11.39411 
-83.86255      11.40006 
-83.8629       11.40696 
-83.8617       11.40901 
-83.85702      11.41032 
-83.85416      11.41442 
-83.85035      11.42477 
-83.85003      11.42563 
-83.83636      11.43554 
-83.83463      11.44195 
-83.83041      11.44327 
-83.82578      11.44113 
-83.8218       11.44314 
-83.8125       11.44138 
-83.8106       11.44228 
-83.80693      11.43923 
-83.80382      11.44401 
-83.79795      11.46255 
-83.79266      11.47213 
-83.78824      11.4716 
-83.78438      11.47959 
-83.78138      11.49288 
-83.78308      11.50207 
-83.78231      11.50948 
-83.7795       11.50918 
-83.77783      11.511 
-83.77064      11.524 
-83.76497      11.54369 
-83.7573       11.5576 
-83.75518      11.55871 
-83.74678      11.55813 
-83.74277      11.56128 
-83.72756      11.56404 
-83.71921      11.56138 
-83.70679      11.58004 
-83.69997      11.58338 
-83.69541      11.59159 
-83.69043      11.5968 
-83.68431      11.59993 
-83.678        11.60052 
-83.67064      11.59419 
-83.66386      11.59477 
-83.65368      11.58932 
-83.65288      11.59032 
-83.65131      11.59227 
-83.651        11.59733 
-83.64786      11.6028 
-83.65037      11.60721 
-83.64867      11.61132 
-83.64907      11.61524 
-83.65397      11.61555 
-83.6588       11.61976 
-83.65711      11.62341 
-83.66285      11.64443 
-83.66186      11.64764 
-83.66543      11.65759 
-83.66355      11.67434 
-83.66807      11.6827 
-83.67451      11.70373 
-83.67624      11.71226 
-83.67686      11.73159 
-83.6802       11.742 
-83.67936      11.75072 
-83.68615      11.76463 
-83.68875      11.77824 
-83.70241      11.8141 
-83.70423      11.8251 
-83.70775      11.84638 
-83.71135      11.85472 
-83.71523      11.85552 
 1             24 
1
 -9999.0   ,   9990.0 
 9 
-83.59063      10.78293 
-83.60377      10.81925 
-83.61096      10.84926 
-83.63468      10.89425 
-83.63886      10.89898 
-83.65159      10.91338 
-83.67248      10.93187 
-83.68266      10.93525 
-83.69355      10.93761 
 1             25 
1
 -9999.0   ,   9990.0 
 4 
-83.58011      10.72421 
-83.5785       10.72685 
-83.58781      10.75552 
-83.58987      10.77211 
 1             26 
1
 -9999.0   ,   9990.0 
 24 
-84.87455      10 
-84.87455      10 
-84.89095      10.00998 
-84.89945      10.01674 
-84.91603      10.02774 
-84.92114      10.02803 
-84.92342      10.03104 
-84.92291      10.03563 
-84.93242      10.03344 
-84.94567      10.05336 
-84.95144      10.05595 
-84.95586      10.05485 
-84.96996      10.05915 
-84.97156      10.06147 
-84.96968      10.06374 
-84.96456      10.06576 
-84.95991      10.0657 
-84.96311      10.0708 
-84.96488      10.07909 
-84.96876      10.08442 
-84.97914      10.0896 
-84.98979      10.0911 
-84.99834      10.0951 
-85            10.09696 
 1             27 
1
 -9999.0   ,   9990.0 
 76 
-83.1033       10 
-83.10931      10.00287 
-83.11455      10.00871 
-83.16258      10.07371 
-83.17901      10.08917 
-83.18233      10.09443 
-83.18488      10.09847 
-83.19053      10.10355 
-83.196        10.11334 
-83.19836      10.11484 
-83.2224       10.14258 
-83.22363      10.1387 
-83.2182       10.13033 
-83.22169      10.12993 
-83.22536      10.13252 
-83.22887      10.14431 
-83.23136      10.14803 
-83.22946      10.15006 
-83.22864      10.14995 
-83.22761      10.1498 
-83.22917      10.15351 
-83.2658       10.19645 
-83.27825      10.21506 
-83.28236      10.21881 
-83.2845       10.21631 
-83.27483      10.19671 
-83.27157      10.18705 
-83.2724       10.18521 
-83.27441      10.18586 
-83.27977      10.18317 
-83.28011      10.18565 
-83.27675      10.19458 
-83.27761      10.19831 
-83.28302      10.20709 
-83.28918      10.21364 
-83.2889       10.21662 
-83.29185      10.22035 
-83.29361      10.22567 
-83.31762      10.2608 
-83.34991      10.30043 
-83.35426      10.30419 
-83.3555       10.3003 
-83.37086      10.31091 
-83.37103      10.314 
-83.36805      10.31316 
-83.36301      10.3087 
-83.35908      10.30795 
-83.35876      10.31254 
-83.38367      10.3371 
-83.3936       10.35452 
-83.4197       10.39082 
-83.42575      10.39717 
-83.4286       10.40017 
-83.43985      10.42289 
-83.45908      10.45264 
-83.47711      10.48674 
-83.48822      10.50348 
-83.4894       10.50641 
-83.49403      10.51783 
-83.4973       10.53053 
-83.5007       10.53565 
-83.51974      10.57988 
-83.52166      10.57623 
-83.50698      10.53644 
-83.50796      10.53232 
-83.51158      10.53928 
-83.52589      10.57354 
-83.52407      10.58501 
-83.52485      10.59422 
-83.53432      10.61231 
-83.53651      10.62086 
-83.54787      10.64604 
-83.55783      10.66811 
-83.56491      10.68984 
-83.57678      10.71855 
-83.57815      10.71803 
 1             28 
1
 -9999.0   ,   9990.0 
 11 
-83.03701      10 
-83.03799      10 
-83.0515       10.00689 
-83.0585       10.0038 
-83.06035      10.00548 
-83.06444      10.00919 
-83.06792      10.00926 
-83.07496      10.00478 
-83.08123      10.00467 
-83.08473      10.00266 
-83.08676      10 
