 1 
 1             1 
1
 -9999.0   ,   9990.0 
 60 
-59.60514      13.32657 
-59.60083      13.32617 
-59.5929       13.32262 
-59.58803      13.31818 
-59.58332      13.31041 
-59.58324      13.31029 
-59.57748      13.3008 
-59.55496      13.24968 
-59.54316      13.234 
-59.54044      13.23039 
-59.52911      13.21851 
-59.51403      13.20703 
-59.49354      13.19594 
-59.47145      13.18087 
-59.46705      13.17786 
-59.46099      13.17502 
-59.4523       13.17605 
-59.44026      13.16351 
-59.43751      13.16066 
-59.42984      13.15595 
-59.42353      13.15448 
-59.42038      13.14501 
-59.42191      13.13653 
-59.42585      13.12681 
-59.42701      13.12395 
-59.4498       13.08796 
-59.46001      13.07936 
-59.47679      13.06873 
-59.49194      13.05912 
-59.49988      13.04452 
-59.51541      13.0406 
-59.52691      13.03984 
-59.53063      13.04174 
-59.5375       13.05356 
-59.54285      13.05731 
-59.57721      13.06445 
-59.58344      13.06686 
-59.59447      13.07113 
-59.60269      13.07009 
-59.61064      13.07181 
-59.61151      13.07642 
-59.60814      13.08304 
-59.60904      13.08582 
-59.62303      13.09175 
-59.62531      13.09615 
-59.6245       13.10465 
-59.62974      13.1153 
-59.63847      13.14599 
-59.63845      13.15756 
-59.63844      13.16599 
-59.64273      13.23019 
-59.64892      13.27534 
-59.64835      13.28337 
-59.64793      13.2967 
-59.64331      13.30905 
-59.6302       13.32359 
-59.62406      13.32695 
-59.61707      13.32714 
-59.61279      13.32726 
-59.60514      13.32657 
