 158 
 1 
 1             1             
1
 -9999.0   ,   9990.0
   7
 29 
18.04547      47.05675
18.05081      47.05392
18.0622       47.04317
18.07031      47.03853
18.10472      47.02986
18.11617      47.03031
18.16239      47.01197
18.16844      47.00678
18.17186      46.99948
18.17047      46.99356
18.16531      46.97164
18.15206      46.95408
18.14222      46.94503
18.104        46.92575
18.06794      46.9125
18.05095      46.91031
18.03136      46.90595
18.02097      46.90036
18.01261      46.90017
18            46.89784
18            46.99314
18.01056      46.99961
18.01539      47.00622
18.02356      47.02617
18.03608      47.02978
18.03872      47.03214
18.03745      47.0407
18.03883      47.04659
18.04547      47.05675
 12 
 1             2             
1
 -9999.0   ,   9990.0
   7
 681 
18.94169      46.83784
18.93819      46.8367
18.93558      46.83228
18.93533      46.81853
18.941        46.81473
18.95395      46.80603
18.95745      46.80717
18.95733      46.81492
18.95728      46.81798
18.96095      46.81545
18.9612       46.81495
18.96381      46.80973
18.96522      46.79608
18.96908      46.79261
18.97425      46.78192
18.99292      46.763
18.99558      46.75778
18.99606      46.75681
18.99389      46.74848
18.99431      46.7397
18.99786      46.73417
19            46.73262
19.00642      46.72756
19.01336      46.70942
19.0142       46.69889
19.01086      46.68006
19.00708      46.67383
19            46.66567
18.98828      46.65903
18.98397      46.65198
18.97442      46.6457
18.97364      46.64967
18.97789      46.65145
18.97914      46.6555
18.9757       46.65711
18.97         46.6497
18.97442      46.6457
18.97028      46.64231
18.9605       46.63906
18.94622      46.63681
18.94014      46.63375
18.93381      46.63372
18.92544      46.63106
18.91711      46.63095
18.90114      46.63336
18.89314      46.63092
18.88106      46.61817
18.88003      46.61267
18.87975      46.61114
18.876        46.60817
18.87275      46.6015
18.87231      46.59578
18.87517      46.59009
18.89575      46.57539
18.90195      46.56259
18.9062       46.51911
18.91003      46.50598
18.91914      46.49756
18.92792      46.48181
18.92881      46.47706
18.93058      46.46761
18.92967      46.4562
18.92203      46.43947
18.92064      46.43175
18.90708      46.42025
18.90647      46.41936
18.90044      46.41059
18.89403      46.39539
18.89492      46.39106
18.90628      46.33553
18.91345      46.32495
18.93156      46.30995
18.93358      46.30314
18.93325      46.30164
18.93181      46.29523
18.92142      46.27753
18.92053      46.26864
18.92381      46.25648
18.92231      46.23381
18.91731      46.2167
18.93272      46.1897
18.9327       46.18936
18.9325       46.18659
18.93206      46.18009
18.9227       46.16967
18.91325      46.16595
18.90172      46.16373
18.86664      46.16539
18.85825      46.16036
18.85011      46.15547
18.85483      46.15148
18.84595      46.14195
18.8305       46.13034
18.81803      46.11395
18.80778      46.10886
18.80022      46.10178
18.79067      46.09692
18.78569      46.09678
18.77936      46.09375
18.77139      46.086
18.765        46.06322
18.76275      46.05625
18.74419      46.04806
18.73672      46.04164
18.72075      46.03786
18.713        46.03173
18.70111      46.02653
18.69772      46.02253
18.6937       46.01781
18.69186      46.0115
18.69339      46.00567
18.69622      46.00225
18.72503      45.98406
18.73478      45.97584
18.73606      45.97512
18.74581      45.96981
18.75561      45.96686
18.77417      45.95575
18.7765       45.9462
18.7815       45.93689
18.79683      45.92875
18.80417      45.92228
18.81783      45.91633
18.82139      45.91331
18.82283      45.91209
18.82989      45.9052
18.83067      45.90445
18.83428      45.89478
18.83525      45.87539
18.84058      45.86861
18.83714      45.86895
18.83281      45.86936
18.8222       45.88086
18.82719      45.88375
18.82847      45.88825
18.82639      45.89714
18.81625      45.90723
18.81489      45.90817
18.79911      45.91895
18.77269      45.92784
18.75217      45.93078
18.74422      45.93603
18.74458      45.93864
18.74767      45.93922
18.7495       45.93595
18.75533      45.93186
18.76583      45.93145
18.77058      45.93314
18.77136      45.93342
18.77147      45.93683
18.763        45.95211
18.74725      45.96367
18.74006      45.96625
18.72011      45.96945
18.70933      45.97728
18.70331      45.98464
18.69745      45.99184
18.69372      46.00081
18.69036      46.00414
18.68972      46.00478
18.68531      46.00917
18.68442      46.01981
18.68486      46.02156
18.68583      46.02545
18.69045      46.03045
18.71722      46.04361
18.74444      46.05975
18.75592      46.06658
18.77156      46.0945
18.78345      46.0997
18.78936      46.10436
18.79908      46.10784
18.8112       46.11692
18.83078      46.13722
18.84114      46.1455
18.84347      46.15039
18.8432       46.16281
18.85883      46.1735
18.86667      46.17528
18.87392      46.17503
18.88725      46.17114
18.91353      46.173
18.91892      46.17339
18.92689      46.18342
18.92806      46.187
18.92792      46.18737
18.92592      46.19289
18.92075      46.19395
18.91531      46.1927
18.90828      46.19431
18.8962       46.205
18.90403      46.21136
18.90739      46.21667
18.90714      46.22198
18.91092      46.22792
18.91008      46.23142
18.90083      46.23617
18.89508      46.23517
18.88525      46.22136
18.8805       46.21806
18.87106      46.2205
18.86856      46.22306
18.86925      46.22553
18.86967      46.22697
18.86795      46.23109
18.86958      46.23456
18.87342      46.23331
18.87589      46.23453
18.87539      46.24534
18.87106      46.2512
18.87381      46.26478
18.8765       46.26758
18.88253      46.26758
18.90508      46.25809
18.91356      46.25911
18.9137       46.26825
18.90778      46.27125
18.89731      46.27236
18.88764      46.2752
18.88397      46.27984
18.88878      46.28747
18.89492      46.29148
18.91278      46.30592
18.92017      46.30912
18.89631      46.33506
18.89381      46.33484
18.8755       46.33322
18.86414      46.32753
18.85739      46.32661
18.85511      46.32931
18.86383      46.33492
18.87939      46.33734
18.89397      46.3375
18.89658      46.33961
18.89558      46.34428
18.89769      46.34989
18.89553      46.36061
18.89222      46.36542
18.89275      46.38125
18.88914      46.39278
18.8877       46.39742
18.88858      46.4015
18.89383      46.41312
18.90431      46.42159
18.92569      46.45623
18.92461      46.46525
18.91767      46.47634
18.91647      46.47822
18.92139      46.4802
18.91925      46.484
18.91336      46.48692
18.91061      46.4862
18.89728      46.51464
18.89597      46.5315
18.89292      46.53806
18.88881      46.54692
18.89456      46.55961
18.89253      46.56411
18.88161      46.57173
18.87728      46.58123
18.86464      46.59331
18.85886      46.60195
18.86503      46.62014
18.89564      46.64178
18.902        46.64206
18.90295      46.63922
18.90978      46.63809
18.91195      46.64162
18.93272      46.64275
18.93244      46.6407
18.92706      46.63786
18.93217      46.63636
18.93825      46.63939
18.94642      46.6407
18.95056      46.64409
18.9572       46.64617
18.96039      46.65008
18.95836      46.65231
18.9787       46.66425
18.98678      46.67428
19            46.68675
19.00603      46.69536
19.00653      46.70573
19            46.71445
18.99811      46.71464
18.99306      46.71889
18.98447      46.73853
18.98172      46.73992
18.98003      46.74081
18.97669      46.74511
18.97828      46.74906
18.97445      46.76195
18.96506      46.76878
18.96153      46.7745
18.96008      46.78564
18.95464      46.79681
18.94972      46.80217
18.94095      46.80389
18.93525      46.80842
18.93336      46.81242
18.9275       46.82478
18.92617      46.85278
18.92606      46.85498
18.93311      46.87425
18.94131      46.88264
18.94656      46.90092
18.96642      46.93517
18.96586      46.94073
18.95531      46.96173
18.95297      46.96636
18.95045      46.97136
18.95467      46.97753
18.955        46.98461
18.94892      46.98917
18.94583      46.99581
18.94792      46.99864
18.95492      47.0007
18.96495      47.01245
18.96581      47.0257
18.95997      47.03622
18.96111      47.04
18.92192      47.06167
18.90939      47.06547
18.90197      47.07239
18.89703      47.08259
18.89431      47.09678
18.88575      47.11225
18.87747      47.13945
18.87583      47.16136
18.87856      47.16875
18.87864      47.17909
18.88256      47.19259
18.91156      47.22673
18.91386      47.23208
18.91858      47.24303
18.91933      47.25078
18.92419      47.25895
18.91717      47.28075
18.91975      47.28667
18.92264      47.29325
18.93986      47.31509
18.95489      47.33314
18.95506      47.33681
18.95111      47.34464
18.95633      47.35762
18.96831      47.37311
18.98475      47.38189
19            47.38534
19.02653      47.39767
19.02889      47.40081
19.0305       47.40298
19.04161      47.41014
19.04811      47.43536
19.05106      47.44045
19.06028      47.45636
19.06192      47.46434
19.06267      47.468
19.06069      47.47475
19.04236      47.49856
19.042        47.4995
19.03806      47.50975
19.03903      47.52175
19.05172      47.54575
19.05681      47.55531
19.05786      47.55728
19.0587       47.55886
19.06064      47.56283
19.0617       47.56497
19.06408      47.56989
19.06411      47.56995
19.06575      47.57334
19.06675      47.58697
19.06714      47.592
19.0732       47.6087
19.08428      47.62823
19.08264      47.63478
19.07653      47.64425
19.07381      47.65853
19.07622      47.67453
19.08217      47.71095
19.08211      47.7325
19.0765       47.74703
19.07075      47.76181
19.07089      47.76781
19.07922      47.77362
19.08025      47.77597
19.07558      47.78234
19.05931      47.79159
19.04172      47.7932
19.00478      47.80406
19            47.80403
19            47.8075
18.98836      47.79745
18.97431      47.7752
18.94822      47.759
18.94345      47.75886
18.93239      47.76006
18.92353      47.76486
18.91411      47.76998
18.91006      47.77961
18.90836      47.79167
18.90297      47.80142
18.8947       47.80559
18.88136      47.80559
18.8672       47.80753
18.85972      47.80664
18.83592      47.81264
18.81508      47.81192
18.78489      47.81531
18.78361      47.81523
18.77836      47.81486
18.77106      47.81061
18.76358      47.81064
18.75508      47.8082
18.74772      47.80409
18.7475       47.80361
18.74539      47.79886
18.74128      47.78959
18.73961      47.7877
18.73631      47.78398
18.73361      47.78089
18.71633      47.77145
18.69981      47.74773
18.69667      47.74561
18.6942       47.74395
18.69328      47.74372
18.68822      47.7425
18.67764      47.74203
18.66331      47.74383
18.65061      47.74534
18.64667      47.74375
18.64067      47.74459
18.63217      47.74948
18.60117      47.756
18.59347      47.75925
18.576        47.76056
18.5505       47.76031
18.53878      47.75645
18.5277       47.74981
18.50642      47.74792
18.49369      47.74439
18.49367      47.74439
18.49031      47.74345
18.48947      47.74322
18.48758      47.74584
18.48719      47.74636
18.48767      47.75
18.48103      47.75362
18.471        47.7572
18.46003      47.75881
18.43753      47.75306
18.42981      47.7485
18.41572      47.74478
18.39403      47.73464
18.34236      47.73136
18.32733      47.72806
18.32595      47.72778
18.32389      47.72428
18.32333      47.72333
18.32125      47.72242
18.31831      47.72111
18.315        47.72178
18.31308      47.72534
18.30317      47.72456
18.2915       47.72617
18.27442      47.72789
18.26078      47.73236
18.22622      47.7357
18.22328      47.73559
18.2042       47.73275
18.19869      47.73264
18.18753      47.73236
18.1692       47.73759
18.14189      47.74306
18.14186      47.74306
18.13514      47.74439
18.12556      47.74564
18.12003      47.74636
18.10272      47.74861
18.10117      47.74881
18.09645      47.74942
18.07353      47.75075
18.04528      47.74989
18.03944      47.74678
18.03486      47.74797
18.02795      47.747
18.02511      47.74325
18.0225       47.74198
18.01933      47.74039
18.01247      47.73986
18.00508      47.74053
18            47.74342
18            47.74917
18.00039      47.74903
18.013        47.74673
18.02269      47.74845
18.025        47.74981
18.03261      47.75428
18.06483      47.75425
18.09986      47.76023
18.10844      47.75956
18.10917      47.7595
18.12381      47.75836
18.12436      47.75834
18.13206      47.75492
18.14458      47.74937
18.15164      47.7487
18.15231      47.74903
18.15564      47.75075
18.15933      47.74803
18.16597      47.74673
18.17945      47.74086
18.19286      47.73962
18.21042      47.74156
18.24589      47.73784
18.26081      47.73786
18.27181      47.73628
18.28275      47.73197
18.2965       47.73067
18.30703      47.73072
18.32156      47.73308
18.333        47.73611
18.34125      47.73831
18.35692      47.73873
18.37917      47.74289
18.40047      47.75006
18.41025      47.74948
18.42128      47.75086
18.44156      47.75806
18.44858      47.76056
18.45764      47.76375
18.48053      47.76236
18.48497      47.75803
18.48833      47.75478
18.494        47.75167
18.51569      47.75147
18.52536      47.75367
18.52725      47.75445
18.54539      47.76522
18.55672      47.76864
18.56703      47.76961
18.58225      47.76658
18.5892       47.76775
18.5975       47.76634
18.61478      47.75698
18.61489      47.75695
18.62297      47.7567
18.65306      47.75825
18.66667      47.75831
18.68328      47.76322
18.70533      47.77284
18.71297      47.779
18.72347      47.78131
18.73178      47.7872
18.73211      47.79095
18.73211      47.79103
18.733        47.80089
18.73722      47.80934
18.75053      47.81445
18.74447      47.81736
18.75695      47.81909
18.78058      47.81803
18.80456      47.82178
18.85072      47.8115
18.86478      47.80836
18.86989      47.80856
18.88283      47.80873
18.90556      47.80539
18.9102       47.80334
18.91169      47.79833
18.91478      47.78414
18.92081      47.77412
18.92995      47.76664
18.93858      47.76539
18.94686      47.76623
18.96675      47.77706
18.97417      47.7885
18.97383      47.79336
18.97839      47.80131
18.99317      47.81434
19            47.81634
19.01706      47.82253
19.02833      47.82442
19.03664      47.82361
19.05214      47.82209
19.08742      47.81339
19.10197      47.79506
19.11817      47.78647
19.12675      47.77028
19.12981      47.76453
19.133        47.75189
19.13231      47.73303
19.13306      47.71031
19.12669      47.69158
19.11922      47.65523
19.11742      47.64639
19.11672      47.64297
19.10508      47.6202
19.08042      47.5915
19.07367      47.58186
19.07189      47.57245
19.07036      47.56317
19.06956      47.56003
19.06925      47.55839
19.06883      47.55775
19.05814      47.54161
19.04406      47.51267
19.04414      47.50511
19.04667      47.49956
19.04708      47.49864
19.06242      47.48381
19.07178      47.47042
19.07186      47.4657
19.07189      47.46492
19.06645      47.45584
19.05669      47.44145
19.05406      47.43334
19.05247      47.42853
19.05061      47.41095
19.03531      47.39897
19.03333      47.39742
19.02967      47.39236
19.01986      47.38781
19            47.3782
18.9952       47.37706
18.97692      47.36956
18.96325      47.35428
18.95889      47.34939
18.96025      47.333
18.95597      47.32411
18.93494      47.29933
18.92675      47.28197
18.93208      47.26003
18.92228      47.23595
18.92033      47.2312
18.9197       47.22964
18.90667      47.2087
18.89253      47.19173
18.88925      47.18275
18.88925      47.17311
18.88575      47.16506
18.88922      47.12995
18.89319      47.12464
18.89436      47.11631
18.89589      47.10564
18.90808      47.07772
18.93158      47.06125
18.952        47.05142
18.96875      47.0347
18.97442      47.032
18.97747      47.03495
18.97861      47.04036
18.96872      47.04986
18.96692      47.05158
18.97906      47.04606
18.98667      47.03808
18.98578      47.03425
18.98014      47.02981
18.97781      47.02284
18.98003      47.00775
18.97272      47.00211
18.96197      46.99381
18.96064      46.98906
18.96303      46.97514
18.96864      46.96281
18.97292      46.95978
18.97636      46.94914
18.97703      46.93025
18.97694      46.91725
18.97453      46.90961
18.96114      46.89764
18.95445      46.8857
18.95072      46.88547
18.94445      46.87878
18.94745      46.87628
18.94417      46.86961
18.93986      46.86989
18.93842      46.86678
18.94047      46.86481
18.935        46.85209
18.94169      46.83784
 1             2             2 
1
 -9999.0   ,   9990.0
   7
 36 
19.02983      47.80189
19.04344      47.79767
19.05556      47.79639
19.06444      47.79353
19.08606      47.78047
19.08772      47.776
19.08122      47.76228
19.08645      47.75167
19.09275      47.73895
19.09336      47.7275
19.08375      47.67409
19.08156      47.64939
19.092        47.63103
19.09175      47.62856
19.09131      47.62411
19.08692      47.61695
19.07656      47.60639
19.07306      47.59559
19.07736      47.59611
19.10972      47.64206
19.11425      47.66484
19.11936      47.71345
19.12014      47.72075
19.12739      47.74831
19.11453      47.77156
19.11147      47.78581
19.08061      47.79942
19.05811      47.81375
19.05075      47.81556
19.04331      47.81739
19.03508      47.81775
19.01         47.81495
19.00825      47.8125
19.00689      47.81061
19.01175      47.8075
19.02983      47.80189
 1             2             3 
1
 -9999.0   ,   9990.0
   7
 21 
18.87589      46.26125
18.87581      46.256
18.87914      46.25142
18.88195      46.24067
18.88131      46.23611
18.87111      46.22623
18.87508      46.22206
18.87944      46.22245
18.88467      46.22692
18.89019      46.23575
18.89836      46.23978
18.90403      46.24008
18.91353      46.23486
18.91564      46.25011
18.91322      46.2542
18.90183      46.25542
18.89006      46.25872
18.88347      46.26375
18.88122      46.26392
18.87956      46.26403
18.87589      46.26125
 1             2             4 
1
 -9999.0   ,   9990.0
   7
 9 
18.89644      46.27392
18.90189      46.27495
18.91456      46.27339
18.91833      46.29106
18.91447      46.29178
18.90033      46.28997
18.89217      46.28595
18.88789      46.28139
18.89644      46.27392
 1             2             5 
1
 -9999.0   ,   9990.0
   7
 10 
18.68406      47.75478
18.67239      47.75181
18.6715       47.75178
18.6715       47.74906
18.68045      47.74758
18.69314      47.74861
18.69745      47.75017
18.70131      47.75611
18.69964      47.75875
18.68406      47.75478
 1             2             6 
1
 -9999.0   ,   9990.0
   7
 9 
18.9085       46.19845
18.91842      46.19845
18.92175      46.201
18.9162       46.21103
18.91131      46.21386
18.90775      46.21206
18.90645      46.205
18.90647      46.20042
18.9085       46.19845
 1             2             7 
1
 -9999.0   ,   9990.0
   7
 13 
18.96378      46.92231
18.96047      46.92075
18.95642      46.91397
18.95661      46.90814
18.95361      46.8997
18.95025      46.89606
18.952        46.894
18.95408      46.89403
18.95925      46.9032
18.95881      46.90553
18.96214      46.909
18.96581      46.92023
18.96378      46.92231
 1             2             8 
1
 -9999.0   ,   9990.0
   7
 8 
18.96897      46.78067
18.96439      46.78081
18.96517      46.7737
18.96903      46.76834
18.97608      46.76398
18.97783      46.76545
18.97583      46.77106
18.96897      46.78067
 1             2             9 
1
 -9999.0   ,   9990.0
   7
 7 
18.90589      46.29442
18.91881      46.29447
18.92144      46.29684
18.92142      46.30372
18.91964      46.30522
18.91136      46.3005
18.90589      46.29442
 1             2             10 
1
 -9999.0   ,   9990.0
   7
 10 
18.66036      47.75153
18.65614      47.75347
18.64561      47.75345
18.64197      47.75161
18.6417       47.75109
18.64017      47.74828
18.64336      47.74695
18.65295      47.74747
18.66189      47.75081
18.66036      47.75153
 1             2             11 
1
 -9999.0   ,   9990.0
   7
 8 
18.69997      47.76572
18.67806      47.758
18.6765       47.75598
18.68897      47.75817
18.6947       47.75917
18.70489      47.76509
18.70511      47.76756
18.69997      47.76572
 1             2             12 
1
 -9999.0   ,   9990.0
   7
 5 
18.71311      45.98145
18.72281      45.97239
18.73553      45.96892
18.71831      45.98084
18.71311      45.98145
 8 
 1             3             
1
 -9999.0   ,   9990.0
   7
 248 
20.1585       45.18589
20.16147      45.18572
20.16794      45.1882
20.16833      45.18825
20.17328      45.18892
20.17942      45.18978
20.20747      45.18295
20.22353      45.18242
20.22831      45.17956
20.24289      45.16595
20.26031      45.15573
20.27631      45.14081
20.2807       45.13945
20.28528      45.14178
20.2877       45.14711
20.28603      45.16695
20.29136      45.157
20.29061      45.12923
20.30558      45.1177
20.31536      45.10586
20.32061      45.10025
20.32397      45.09275
20.34439      45.07906
20.372        45.05009
20.37558      45.03858
20.37414      45.02883
20.36925      45.01503
20.36578      45.01136
20.35194      45.00528
20.3367       45.00192
20.32956      45
20.31114      45
20.32703      45.00545
20.34633      45.01461
20.35169      45.01859
20.35819      45.03064
20.36156      45.03686
20.36161      45.04489
20.35067      45.06403
20.33567      45.07603
20.30986      45.09197
20.30275      45.10031
20.29828      45.11083
20.27378      45.13467
20.2637       45.14603
20.256        45.15086
20.21314      45.17106
20.20831      45.17333
20.19811      45.17712
20.18086      45.18045
20.16589      45.17939
20.16058      45.17903
20.14794      45.1737
20.13967      45.17228
20.12753      45.16542
20.126        45.16456
20.11375      45.16406
20.07958      45.17031
20.05628      45.16728
20.04886      45.16962
20.04661      45.16958
20.02586      45.16936
20.00411      45.17747
20            45.17823
19.98056      45.18178
19.94992      45.199
19.92892      45.22711
19.91306      45.24003
19.88956      45.25917
19.88008      45.26228
19.87722      45.26253
19.87253      45.26295
19.86514      45.2595
19.86458      45.25661
19.86395      45.25345
19.86583      45.24623
19.86367      45.24011
19.85781      45.23492
19.85431      45.23367
19.82031      45.22156
19.81803      45.22075
19.81608      45.22047
19.80589      45.21906
19.78483      45.21947
19.74992      45.22017
19.72706      45.22436
19.71267      45.22703
19.6915       45.22248
19.62078      45.21936
19.61017      45.21592
19.59767      45.21214
19.58292      45.21073
19.57536      45.21392
19.56456      45.2222
19.55083      45.23839
19.54136      45.24156
19.52936      45.24542
19.52125      45.24536
19.51383      45.23247
19.50522      45.23123
19.49658      45.23528
19.48658      45.23714
19.47456      45.23728
19.46967      45.23625
19.45083      45.23231
19.4405       45.23184
19.41592      45.23345
19.40439      45.23292
19.36686      45.23114
19.34347      45.23097
19.32397      45.23358
19.30497      45.23234
19.29331      45.23403
19.25292      45.23989
19.23942      45.24612
19.20422      45.25639
19.1872       45.26675
19.16325      45.26836
19.14381      45.27486
19.13308      45.28195
19.12264      45.28928
19.10608      45.29389
19.10078      45.30389
19.09458      45.32531
19.08578      45.33023
19.07256      45.33392
19.0595       45.34131
19.05175      45.34308
19.02667      45.3432
19.02169      45.34495
19.01739      45.34711
19.00781      45.35884
19            45.35762
18.98772      45.36412
18.98336      45.36787
18.97942      45.37481
18.97969      45.37917
18.98331      45.38167
18.98664      45.37042
19            45.3617
19.00492      45.36386
19.01297      45.35972
19.01922      45.34895
19.02517      45.34689
19.04725      45.34764
19.06892      45.34839
19.08153      45.34672
19.09011      45.34364
19.09711      45.33767
19.10228      45.32861
19.10395      45.32273
19.10856      45.3065
19.11269      45.30011
19.12692      45.29142
19.13586      45.28789
19.17844      45.27706
19.1837       45.27573
19.18869      45.27303
19.19739      45.26836
19.23358      45.26986
19.2432       45.2735
19.24706      45.27631
19.24911      45.27781
19.25469      45.27728
19.26036      45.27214
19.26139      45.2712
19.2625       45.2702
19.26608      45.26286
19.26564      45.26014
19.26553      45.25947
19.26378      45.24867
19.26664      45.24425
19.27528      45.24047
19.29361      45.24192
19.295        45.2417
19.32747      45.23659
19.35267      45.2357
19.35944      45.23548
19.36561      45.23575
19.41822      45.2382
19.41892      45.23825
19.49147      45.24459
19.49964      45.24673
19.516        45.25584
19.52483      45.25778
19.54008      45.25809
19.54814      45.25606
19.55733      45.25022
19.57206      45.2317
19.57714      45.22531
19.58936      45.21873
19.59761      45.21764
19.60972      45.21934
19.62689      45.22734
19.64103      45.23628
19.64936      45.23703
19.67569      45.22928
19.68536      45.22989
19.69736      45.23503
19.70625      45.23672
19.72117      45.23675
19.72839      45.2362
19.73408      45.23575
19.76906      45.23308
19.80353      45.22489
19.80945      45.22434
19.8155       45.22531
19.819        45.22586
19.83772      45.23208
19.84447      45.23548
19.85025      45.23836
19.85661      45.2445
19.85833      45.25172
19.85772      45.25842
19.8575       45.26086
19.86197      45.26867
19.86311      45.27064
19.86586      45.27017
19.87406      45.26878
19.90661      45.25792
19.91631      45.25048
19.96167      45.19834
19.97697      45.18984
19.98667      45.18711
19.99514      45.18473
20            45.18381
20.02675      45.17861
20.03133      45.17773
20.0325       45.1762
20.04386      45.17403
20.05075      45.1727
20.06042      45.17333
20.08953      45.17522
20.0942       45.17553
20.09533      45.17639
20.09986      45.17978
20.103        45.18478
20.10695      45.191
20.11061      45.19406
20.11431      45.1972
20.12039      45.20053
20.12314      45.2007
20.12619      45.20087
20.12964      45.19995
20.13525      45.19842
20.14667      45.19192
20.15717      45.18595
20.1585       45.18589
 1             3             2 
1
 -9999.0   ,   9990.0
   7
 13 
20.10964      45.17392
20.12697      45.17817
20.12842      45.17789
20.13792      45.17609
20.14394      45.17712
20.15083      45.18211
20.13656      45.19247
20.13269      45.19528
20.12967      45.19545
20.12453      45.19572
20.11589      45.18947
20.10808      45.17867
20.10964      45.17392
 1             3             3 
1
 -9999.0   ,   9990.0
   7
 13 
19.25503      45.24831
19.25989      45.26061
19.25581      45.26675
19.25133      45.26853
19.24386      45.2685
19.23495      45.26467
19.22206      45.26634
19.214        45.26328
19.21331      45.26114
19.21775      45.25961
19.23053      45.25886
19.24503      45.255
19.25503      45.24831
 1             3             4 
1
 -9999.0   ,   9990.0
   7
 7 
19.78017      45.22228
19.77556      45.22528
19.7457       45.228
19.74067      45.2265
19.74306      45.22431
19.75875      45.22228
19.78017      45.22228
 1             3             5 
1
 -9999.0   ,   9990.0
   7
 9 
19.64478      45.22456
19.65428      45.22656
19.66503      45.22631
19.66686      45.22711
19.66661      45.22917
19.65447      45.23253
19.64617      45.23156
19.63853      45.22784
19.64478      45.22456
 1             3             6 
1
 -9999.0   ,   9990.0
   7
 8 
19.5352       45.24953
19.53247      45.24872
19.533        45.24678
19.55261      45.23973
19.55625      45.23995
19.5565       45.24237
19.54745      45.24675
19.5352       45.24953
 1             3             7 
1
 -9999.0   ,   9990.0
   7
 8 
19.51261      45.24917
19.50208      45.24045
19.50444      45.23739
19.51017      45.23823
19.51345      45.24106
19.51706      45.24764
19.51625      45.24942
19.51261      45.24917
 1             3             8 
1
 -9999.0   ,   9990.0
   7
 5 
20.36264      45.01889
20.35978      45.0165
20.36325      45.0137
20.36533      45.01875
20.36264      45.01889
 1 
 1             4             
1
 -9999.0   ,   9990.0
   7
 9 
19.59017      49.98706
19.58725      49.98439
19.58147      49.98528
19.57383      49.99023
19.56694      49.99817
19.56769      50
19.57647      50
19.5937       49.99064
19.59017      49.98706
 1 
 1             5             
1
 -9999.0   ,   9990.0
   7
 7 
18.44492      45.052
18.44131      45.04925
18.42628      45.04539
18.42289      45.04675
18.43078      45.05289
18.44281      45.05328
18.44492      45.052
 1 
 1             6             
1
 -9999.0   ,   9990.0
   7
 10 
18.63497      45.08717
18.63994      45.0857
18.64089      45.08289
18.63361      45.07692
18.63206      45.07645
18.63058      45.07598
18.62811      45.07683
18.63245      45.08023
18.63258      45.08058
18.63497      45.08717
 1 
 1             7             
1
 -9999.0   ,   9990.0
   7
 32 
18.67589      45.09297
18.68242      45.09095
18.68336      45.09064
18.69261      45.07967
18.69253      45.0767
18.68889      45.07347
18.68861      45.0765
18.68078      45.08828
18.67406      45.08795
18.67264      45.08789
18.66142      45.07645
18.66647      45.06011
18.66664      45.05956
18.66464      45.05417
18.66114      45.05212
18.63389      45.05667
18.61664      45.0585
18.61297      45.06011
18.609        45.06428
18.61439      45.06853
18.61511      45.06664
18.61225      45.06453
18.61389      45.06211
18.63222      45.06159
18.63936      45.06136
18.65119      45.05781
18.6592       45.05706
18.66042      45.05906
18.65608      45.07289
18.656        45.07958
18.66692      45.08872
18.67589      45.09297
 1 
 1             8             
1
 -9999.0   ,   9990.0
   7
 28 
18.62239      45.08272
18.62228      45.07928
18.61808      45.07703
18.60745      45.07725
18.59772      45.07975
18.58147      45.08931
18.57733      45.08981
18.57369      45.08684
18.57672      45.08272
18.58525      45.0785
18.58831      45.07461
18.58819      45.06864
18.58295      45.06578
18.57775      45.06564
18.57336      45.06917
18.58211      45.06928
18.58314      45.0722
18.57528      45.07892
18.56736      45.08289
18.56722      45.08662
18.56722      45.08681
18.57019      45.09236
18.57622      45.09381
18.58378      45.09214
18.5867       45.0905
18.60189      45.082
18.61558      45.08017
18.62239      45.08272
 1 
 1             9             
1
 -9999.0   ,   9990.0
   7
 77 
18.53692      45.08786
18.53572      45.08359
18.5515       45.07542
18.55225      45.07428
18.55503      45.07014
18.54292      45.0615
18.54045      45.055
18.5412       45.04322
18.5377       45.04114
18.53217      45.04106
18.52825      45.04314
18.52467      45.0505
18.52467      45.05809
18.51583      45.05489
18.51175      45.05342
18.50333      45.05328
18.49581      45.05842
18.49292      45.06039
18.49094      45.06023
18.47883      45.05923
18.46892      45.06406
18.46575      45.06558
18.46517      45.06686
18.46497      45.06725
18.45961      45.07334
18.44758      45.07803
18.44353      45.08198
18.44114      45.09109
18.44061      45.09181
18.43592      45.09831
18.42881      45.10084
18.41856      45.10448
18.39203      45.10481
18.38195      45.10409
18.36611      45.10295
18.35642      45.10225
18.34869      45.10023
18.33608      45.10034
18.34486      45.10289
18.35422      45.10561
18.36058      45.1045
18.36922      45.10625
18.39258      45.10661
18.41883      45.10928
18.43678      45.10261
18.4425       45.09675
18.44547      45.088
18.44722      45.08287
18.45828      45.07781
18.46989      45.0725
18.47292      45.07111
18.47542      45.06639
18.476        45.06528
18.47683      45.06372
18.4815       45.06228
18.48547      45.06239
18.49645      45.06267
18.50461      45.05653
18.50678      45.05489
18.50947      45.05648
18.51842      45.06175
18.51869      45.06192
18.52372      45.06125
18.52569      45.061
18.529        45.05667
18.53089      45.0462
18.53531      45.04523
18.5372       45.04739
18.53508      45.0535
18.53717      45.06211
18.5465       45.06995
18.54733      45.07064
18.54708      45.07386
18.53139      45.08017
18.5295       45.08306
18.5312       45.08617
18.53692      45.08786
 1 
 1             10            
1
 -9999.0   ,   9990.0
   7
 8 
18.32547      45.101
18.31942      45.10184
18.31111      45.10789
18.312        45.11109
18.31231      45.11217
18.31794      45.11067
18.31997      45.10808
18.32547      45.101
 1 
 1             11            
1
 -9999.0   ,   9990.0
   7
 58 
18.08292      45.11956
18.08742      45.114
18.08117      45.11136
18.07808      45.10703
18.08317      45.10553
18.1065       45.08708
18.1145       45.08361
18.12597      45.08228
18.12725      45.08214
18.14097      45.08567
18.14708      45.0855
18.15722      45.083
18.17067      45.0797
18.18153      45.07856
18.20008      45.07947
18.20592      45.08209
18.21228      45.08711
18.22242      45.09509
18.21972      45.09753
18.20872      45.10742
18.20867      45.11753
18.21539      45.12625
18.21678      45.12806
18.22447      45.13286
18.23525      45.13608
18.2585       45.13809
18.27083      45.13731
18.27136      45.13728
18.2737       45.13486
18.27825      45.13017
18.28047      45.12453
18.27919      45.11956
18.27619      45.12134
18.26914      45.13236
18.26189      45.13397
18.25189      45.13436
18.22664      45.12928
18.22061      45.12506
18.21522      45.1187
18.21264      45.11567
18.21386      45.10986
18.21861      45.10661
18.22611      45.1015
18.22917      45.09742
18.22664      45.09275
18.20478      45.0755
18.18933      45.0737
18.18778      45.07395
18.16933      45.07678
18.14864      45.0822
18.13347      45.07992
18.12114      45.07975
18.10425      45.0847
18.08875      45.09828
18.08083      45.10245
18.07203      45.10461
18.07672      45.11397
18.08292      45.11956
 1 
 1             12            
1
 -9999.0   ,   9990.0
   7
 10 
18.04267      45.13764
18.0442       45.13978
18.04422      45.13983
18.05558      45.14258
18.06645      45.13872
18.08272      45.126
18.08147      45.12356
18.06358      45.13659
18.05731      45.13689
18.04267      45.13764
 1 
 1             13            
1
 -9999.0   ,   9990.0
   7
 12 
20.30981      45.24631
20.30633      45.25606
20.30222      45.25742
20.30067      45.26089
20.30439      45.26272
20.3075       45.26053
20.30925      45.25545
20.31342      45.2537
20.318        45.24839
20.32028      45.24375
20.31242      45.24328
20.30981      45.24631
 1 
 1             14            
1
 -9999.0   ,   9990.0
   7
 34 
20.41978      45.28572
20.39975      45.29056
20.38647      45.29003
20.37086      45.27903
20.3685       45.27631
20.36631      45.27378
20.35597      45.26186
20.34964      45.25759
20.33595      45.25428
20.33283      45.24731
20.32961      45.24592
20.32447      45.24639
20.32133      45.24856
20.31645      45.25189
20.31647      45.25628
20.31914      45.25764
20.32756      45.24898
20.32914      45.24987
20.33083      45.25436
20.33761      45.25917
20.3435       45.26023
20.34894      45.26353
20.35842      45.27717
20.36919      45.28789
20.38625      45.29484
20.39192      45.29628
20.39572      45.29725
20.40708      45.30014
20.42245      45.30217
20.42783      45.30064
20.43325      45.29292
20.43081      45.29039
20.42803      45.28756
20.41978      45.28572
 1 
 1             15            
1
 -9999.0   ,   9990.0
   7
 6 
20.65186      45.31361
20.6555       45.31887
20.65972      45.31289
20.6525       45.30492
20.64686      45.30598
20.65186      45.31361
 1 
 1             16            
1
 -9999.0   ,   9990.0
   7
 23 
20.06253      45.39742
20.069        45.39478
20.07383      45.39281
20.07747      45.39328
20.07992      45.39361
20.08881      45.39828
20.10353      45.39756
20.10686      45.40511
20.11486      45.39823
20.12722      45.39828
20.12978      45.39589
20.11589      45.39231
20.10456      45.39461
20.09006      45.39056
20.0855       45.38523
20.08261      45.38486
20.07844      45.38434
20.07833      45.38436
20.07267      45.38623
20.06703      45.38806
20.06592      45.38842
20.06139      45.39342
20.06253      45.39742
 1 
 1             17            
1
 -9999.0   ,   9990.0
   7
 8 
20.23531      45.4005
20.23436      45.40067
20.23122      45.40806
20.23556      45.40992
20.24092      45.40311
20.24044      45.40023
20.24033      45.39964
20.23531      45.4005
 1 
 1             18            
1
 -9999.0   ,   9990.0
   7
 7 
18.89686      45.51725
18.88892      45.51642
18.88261      45.51823
18.87811      45.52336
18.88331      45.52806
18.88553      45.52033
18.89686      45.51725
 1 
 1             19            
1
 -9999.0   ,   9990.0
   7
 8 
18.90583      45.52561
18.90728      45.5292
18.90558      45.53345
18.90995      45.53431
18.91328      45.53247
18.90975      45.52328
18.90214      45.51781
18.89686      45.51725
 1 
 1             20            
1
 -9999.0   ,   9990.0
   7
 11 
18.84683      45.5287
18.83925      45.53539
18.84161      45.53595
18.84745      45.53322
18.85483      45.53228
18.86031      45.53422
18.86725      45.54203
18.87225      45.538
18.86989      45.53495
18.85892      45.52878
18.84683      45.5287
 1 
 1             21            
1
 -9999.0   ,   9990.0
   7
 7 
18.18383      45.56639
18.17906      45.5752
18.18219      45.57683
18.19014      45.57245
18.19095      45.56848
18.18808      45.56636
18.18383      45.56639
 1 
 1             22            
1
 -9999.0   ,   9990.0
   7
 22 
20.35786      45.58464
20.36081      45.58159
20.35664      45.57814
20.34381      45.57128
20.32208      45.5665
20.32047      45.56775
20.32631      45.56931
20.33         45.57089
20.33531      45.57211
20.34056      45.57403
20.34406      45.57447
20.34842      45.57587
20.35045      45.57756
20.35347      45.57934
20.3355       45.59139
20.32672      45.59111
20.31861      45.59339
20.32058      45.59603
20.3362       45.5967
20.34536      45.59103
20.35453      45.58789
20.35786      45.58464
 1 
 1             23            
1
 -9999.0   ,   9990.0
   7
 13 
18.85447      45.59714
18.84714      45.59856
18.84639      45.6002
18.85297      45.60045
18.85547      45.60211
18.85133      45.60539
18.85197      45.60764
18.86181      45.60789
18.86639      45.60553
18.86708      45.60089
18.86503      45.59781
18.85989      45.59861
18.85447      45.59714
 1 
 1             24            
1
 -9999.0   ,   9990.0
   7
 9 
18.63944      45.60222
18.63686      45.60492
18.63839      45.614
18.63172      45.61789
18.63381      45.61892
18.63864      45.61836
18.64714      45.61092
18.64372      45.60239
18.63944      45.60222
 1 
 1             25            
1
 -9999.0   ,   9990.0
   7
 8 
18.77967      45.62422
18.77708      45.62692
18.78028      45.63106
18.77961      45.63595
18.78222      45.63831
18.78597      45.63711
18.78745      45.63334
18.77967      45.62422
 1 
 1             26            
1
 -9999.0   ,   9990.0
   7
 7 
18.56895      45.63531
18.5652       45.6367
18.56692      45.63981
18.56272      45.64514
18.56764      45.64528
18.5767       45.63964
18.56895      45.63531
 1 
 1             27            
1
 -9999.0   ,   9990.0
   7
 26 
18.96086      45.65128
18.95825      45.64598
18.95003      45.63848
18.95         45.63595
18.95208      45.6357
18.95483      45.63539
18.95606      45.63231
18.95458      45.62645
18.95108      45.62231
18.94442      45.61909
18.93711      45.6182
18.92875      45.61922
18.92483      45.61698
18.92064      45.61014
18.91972      45.60972
18.91403      45.60714
18.90675      45.61384
18.90942      45.61664
18.92261      45.61995
18.94058      45.62442
18.94578      45.62889
18.94306      45.63298
18.94225      45.63417
18.94283      45.6385
18.95478      45.6492
18.96086      45.65128
 1 
 1             28            
1
 -9999.0   ,   9990.0
   7
 5 
18.50033      45.68364
18.48019      45.68217
18.47253      45.68611
18.49714      45.68681
18.50033      45.68364
 1 
 1             29            
1
 -9999.0   ,   9990.0
   7
 15 
18.96086      45.65128
18.96089      45.65567
18.96867      45.66686
18.96508      45.67422
18.94483      45.68159
18.93303      45.68922
18.94997      45.68561
18.96761      45.6782
18.97231      45.6722
18.97236      45.67211
18.97539      45.66825
18.97547      45.66408
18.97222      45.6595
18.97186      45.65922
18.96086      45.65128
 1 
 1             30            
1
 -9999.0   ,   9990.0
   7
 10 
18.51139      45.68061
18.50747      45.68317
18.51295      45.68489
18.51222      45.68953
18.50769      45.69489
18.51208      45.69597
18.51511      45.69417
18.51753      45.68506
18.51569      45.68103
18.51139      45.68061
 1 
 1             31            
1
 -9999.0   ,   9990.0
   7
 9 
18.90383      45.69289
18.8987       45.6937
18.89108      45.69789
18.89356      45.69931
18.90375      45.69956
18.90683      45.6982
18.90461      45.69628
18.90589      45.69367
18.90383      45.69289
 1 
 1             32            
1
 -9999.0   ,   9990.0
   7
 7 
22.87859      45.70508
22.87314      45.69895
22.87317      45.69414
22.8595       45.69342
22.84995      45.6947
22.87111      45.70462
22.87859      45.70508
 1 
 1             33            
1
 -9999.0   ,   9990.0
   7
 12 
18.43239      45.69717
18.42953      45.69781
18.43119      45.7007
18.42739      45.70414
18.42628      45.70053
18.422        45.70036
18.42094      45.70225
18.42642      45.70925
18.43103      45.70942
18.43275      45.7077
18.43494      45.69931
18.43239      45.69717
 1 
 1             34            
1
 -9999.0   ,   9990.0
   7
 10 
18.49511      45.70395
18.49156      45.7042
18.48645      45.71025
18.47983      45.70975
18.47267      45.71253
18.47739      45.71611
18.48322      45.71575
18.49489      45.70972
18.49708      45.70659
18.49511      45.70395
 1 
 1             35            
1
 -9999.0   ,   9990.0
   7
 14 
18.43428      45.68395
18.43239      45.682
18.42847      45.68203
18.41033      45.69881
18.40125      45.70189
18.38269      45.70261
18.37964      45.70442
18.37506      45.71459
18.37558      45.7187
18.38892      45.7052
18.40767      45.70334
18.41675      45.6977
18.42392      45.68989
18.43428      45.68395
 1 
 1             36            
1
 -9999.0   ,   9990.0
   7
 11 
18.91419      45.7255
18.92389      45.72461
18.915        45.71717
18.91208      45.70772
18.93256      45.6897
18.92528      45.69189
18.91217      45.70128
18.90511      45.71439
18.90572      45.71873
18.91108      45.71975
18.91419      45.7255
 1 
 1             37            
1
 -9999.0   ,   9990.0
   7
 11 
18.32861      45.73036
18.33633      45.73447
18.3435       45.73425
18.35183      45.73028
18.35422      45.72578
18.35183      45.71995
18.35556      45.71581
18.35095      45.71542
18.34731      45.71773
18.34597      45.72536
18.32861      45.73036
 1 
 1             38            
1
 -9999.0   ,   9990.0
   7
 16 
18.96872      45.7527
18.96717      45.75342
18.96817      45.75486
18.96839      45.75517
18.97975      45.75186
18.98661      45.74703
18.98917      45.74178
18.98553      45.73445
18.97736      45.72512
18.97139      45.72461
18.96978      45.72725
18.97311      45.73
18.97839      45.73978
18.97906      45.74456
18.97425      45.75017
18.96872      45.7527
 1 
 1             39            
1
 -9999.0   ,   9990.0
   7
 15 
18.95203      45.75242
18.94722      45.75131
18.93956      45.75275
18.93511      45.75628
18.92972      45.75756
18.92697      45.76142
18.92261      45.76311
18.92831      45.7687
18.93383      45.7612
18.94086      45.7575
18.94397      45.75867
18.94433      45.7637
18.9507       45.76464
18.95575      45.75803
18.95203      45.75242
 1 
 1             40            
1
 -9999.0   ,   9990.0
   7
 37 
18.17539      45.77778
18.17561      45.77795
18.18697      45.78673
18.20458      45.78653
18.20497      45.78653
18.20633      45.78414
18.20994      45.78367
18.22308      45.78195
18.2282       45.7782
18.23231      45.77956
18.23742      45.77603
18.24094      45.76753
18.24517      45.76475
18.26053      45.76448
18.28011      45.75867
18.2837       45.7555
18.28542      45.75397
18.3017       45.74539
18.31172      45.7367
18.3147       45.7317
18.31328      45.72834
18.29186      45.74003
18.27542      45.75253
18.25811      45.76073
18.24528      45.76036
18.243        45.76184
18.21758      45.77809
18.21742      45.7782
18.21464      45.77995
18.20658      45.78103
18.20642      45.78106
18.20539      45.7812
18.19956      45.78289
18.19742      45.78353
18.19217      45.7832
18.19136      45.78314
18.17539      45.77778
 1 
 1             41            
1
 -9999.0   ,   9990.0
   7
 25 
18.02269      45.78014
18.0275       45.78192
18.04328      45.77959
18.05892      45.77636
18.07808      45.7697
18.08936      45.76808
18.09733      45.76897
18.10392      45.77203
18.1155       45.7835
18.12325      45.78808
18.13503      45.79059
18.14592      45.79106
18.15064      45.78961
18.15508      45.78567
18.15369      45.78548
18.15314      45.78539
18.14708      45.78456
18.12981      45.78539
18.12353      45.78231
18.10656      45.76681
18.07742      45.76422
18.07053      45.76692
18.03958      45.77362
18.02522      45.77917
18.02269      45.78014
 1 
 1             42            
1
 -9999.0   ,   9990.0
   7
 8 
18.85356      45.80714
18.84736      45.81714
18.85922      45.8345
18.86147      45.85089
18.86392      45.84959
18.86456      45.83253
18.85564      45.81772
18.85356      45.80714
 1 
 1             43            
1
 -9999.0   ,   9990.0
   7
 14 
18.79967      45.84536
18.78311      45.8467
18.77206      45.8525
18.76295      45.86022
18.76681      45.86456
18.77144      45.86725
18.7745       45.86567
18.77695      45.857
18.787        45.85128
18.79328      45.849
18.80647      45.8495
18.80817      45.84756
18.80561      45.84567
18.79967      45.84536
 1 
 1             44            
1
 -9999.0   ,   9990.0
   7
 7 
20.2435       45.86898
20.23683      45.867
20.22867      45.86125
20.2265       45.86295
20.23025      45.86984
20.23636      45.87086
20.2435       45.86898
 1 
 1             45            
1
 -9999.0   ,   9990.0
   7
 6 
18.12106      45.87386
18.12414      45.87453
18.12542      45.872
18.12156      45.86995
18.1177       45.87317
18.12106      45.87386
 1 
 1             46            
1
 -9999.0   ,   9990.0
   7
 6 
18.14614      45.87511
18.14325      45.87297
18.13775      45.87356
18.13439      45.87578
18.13656      45.87706
18.14614      45.87511
 1 
 1             47            
1
 -9999.0   ,   9990.0
   7
 11 
18.95453      45.88531
18.95583      45.89717
18.96097      45.90095
18.96242      45.90431
18.96592      45.90589
18.9735       45.90608
18.97347      45.90353
18.96936      45.90222
18.96042      45.89225
18.96044      45.88764
18.95453      45.88531
 1 
 1             48            
1
 -9999.0   ,   9990.0
   7
 7 
18.69975      45.89839
18.69547      45.90075
18.69183      45.91042
18.69417      45.91072
18.70306      45.90348
18.704        45.89834
18.69975      45.89839
 1 
 1             49            
1
 -9999.0   ,   9990.0
   7
 9 
18.78314      45.90047
18.77695      45.9032
18.77392      45.91489
18.77897      45.91592
18.78386      45.91306
18.78242      45.90972
18.786        45.90464
18.78586      45.90122
18.78314      45.90047
 1 
 1             50            
1
 -9999.0   ,   9990.0
   7
 6 
18.40031      45.91675
18.40725      45.89956
18.40511      45.89556
18.40236      45.89456
18.40019      45.89564
18.40031      45.91675
 1 
 1             51            
1
 -9999.0   ,   9990.0
   7
 5 
19            45.92895
18.99725      45.93042
18.99853      45.93234
19            45.932
19            45.92895
 1 
 1             52            
1
 -9999.0   ,   9990.0
   7
 8 
18.88936      45.92761
18.88842      45.93022
18.89614      45.93867
18.90203      45.94078
18.90322      45.9375
18.89878      45.93389
18.8957       45.92811
18.88936      45.92761
 1 
 1             53            
1
 -9999.0   ,   9990.0
   7
 15 
18.77428      45.9955
18.77472      46.00122
18.76614      46.01075
18.75939      46.01189
18.75397      46.01086
18.74819      46.00458
18.74456      46.00436
18.74436      46.01036
18.74789      46.0145
18.75964      46.01625
18.76886      46.01378
18.77872      46.00395
18.78067      45.99878
18.77822      45.99547
18.77428      45.9955
 1 
 1             54            
1
 -9999.0   ,   9990.0
   7
 16 
19.72672      46.07436
19.71956      46.07645
19.7117       46.08353
19.71286      46.08728
19.7285       46.08114
19.73775      46.081
19.74733      46.08322
19.75295      46.08586
19.754        46.09053
19.75133      46.09839
19.7537       46.10062
19.76425      46.10056
19.76581      46.09859
19.75917      46.07845
19.7395       46.07767
19.72672      46.07436
 1 
 1             55            
1
 -9999.0   ,   9990.0
   7
 17 
19.837        46.10917
19.83869      46.10881
19.83497      46.10422
19.83483      46.09756
19.83975      46.08222
19.83811      46.07431
19.83331      46.07059
19.83097      46.07089
19.83231      46.07856
19.82306      46.0865
19.81975      46.09961
19.81764      46.10064
19.80983      46.0997
19.81108      46.10803
19.81311      46.11022
19.81895      46.11106
19.837        46.10917
 1 
 1             56            
1
 -9999.0   ,   9990.0
   7
 9 
19.93986      46.18567
19.93217      46.18728
19.93214      46.18728
19.93139      46.18745
19.92172      46.19606
19.92247      46.19792
19.93661      46.1905
19.9375       46.1892
19.93986      46.18567
 1 
 1             57            
1
 -9999.0   ,   9990.0
   7
 8 
19.97017      46.20083
19.97153      46.19903
19.96814      46.197
19.96561      46.19923
19.96036      46.20386
19.9607       46.20917
19.96719      46.20475
19.97017      46.20083
 1 
 1             58            
1
 -9999.0   ,   9990.0
   7
 7 
19.95392      46.21842
19.94683      46.22214
19.94717      46.22489
19.9517       46.22817
19.9565       46.22684
19.95919      46.22378
19.95392      46.21842
 1 
 1             59            
1
 -9999.0   ,   9990.0
   7
 10 
18.86639      46.26928
18.86219      46.27
18.86164      46.27325
18.86528      46.27806
18.87253      46.28034
18.87714      46.28028
18.88019      46.27592
18.87639      46.27228
18.87333      46.27661
18.86639      46.26928
 1 
 1             60            
1
 -9999.0   ,   9990.0
   7
 8 
19.99131      46.2762
19.98567      46.27656
19.97825      46.28025
19.97411      46.28437
19.97761      46.28525
19.99325      46.27931
19.9935       46.27725
19.99131      46.2762
 1 
 1             61            
1
 -9999.0   ,   9990.0
   7
 7 
18.90842      46.31767
18.91161      46.31728
18.91283      46.31509
18.9067       46.31256
18.90411      46.31395
18.905        46.31667
18.90842      46.31767
 1 
 1             62            
1
 -9999.0   ,   9990.0
   7
 17 
20.10258      46.35134
20.12206      46.34795
20.13061      46.34295
20.13344      46.33875
20.12861      46.3295
20.08756      46.30831
20.08292      46.30825
20.07736      46.31045
20.07547      46.31342
20.07286      46.31753
20.07295      46.32211
20.08103      46.32628
20.08358      46.33239
20.08208      46.34745
20.08653      46.35161
20.09433      46.35278
20.10258      46.35134
 1 
 1             63            
1
 -9999.0   ,   9990.0
   7
 10 
18.77553      46.36606
18.77192      46.36717
18.76794      46.36331
18.76603      46.36323
18.76475      46.36525
18.76597      46.36953
18.77144      46.37047
18.78358      46.36531
18.78219      46.36431
18.77553      46.36606
 1 
 1             64            
1
 -9999.0   ,   9990.0
   7
 6 
18.78881      46.38192
18.7917       46.38128
18.79581      46.36767
18.79436      46.36434
18.79164      46.36634
18.78881      46.38192
 1 
 1             65            
1
 -9999.0   ,   9990.0
   7
 9 
18.82733      46.38261
18.82372      46.38283
18.82292      46.38428
18.82658      46.38678
18.82322      46.38883
18.82378      46.39064
18.82983      46.39117
18.83422      46.38697
18.82733      46.38261
 1 
 1             66            
1
 -9999.0   ,   9990.0
   7
 11 
19.38617      46.3712
19.38275      46.37214
19.3672       46.39136
19.36731      46.3955
19.36889      46.39606
19.37203      46.39489
19.38028      46.38531
19.3912       46.38072
19.39433      46.37703
19.39069      46.3722
19.38617      46.3712
 1 
 1             67            
1
 -9999.0   ,   9990.0
   7
 8 
21.85261      46.4132
21.84833      46.413
21.83725      46.41825
21.83895      46.42153
21.84384      46.4222
21.84967      46.41995
21.85439      46.41534
21.85261      46.4132
 1 
 1             68            
1
 -9999.0   ,   9990.0
   7
 7 
20.64347      46.47547
20.63239      46.46973
20.61156      46.46633
20.60892      46.46917
20.61064      46.47156
20.63656      46.47684
20.64347      46.47547
 1 
 1             69            
1
 -9999.0   ,   9990.0
   7
 20 
18.84264      46.47233
18.84811      46.47586
18.86006      46.47828
18.86714      46.47667
18.86717      46.47461
18.85639      46.47578
18.85164      46.47298
18.84411      46.46856
18.84547      46.45928
18.85625      46.45075
18.85989      46.45075
18.87311      46.44067
18.89481      46.43211
18.89389      46.43033
18.88731      46.43053
18.87031      46.43717
18.86011      46.4427
18.84186      46.45698
18.83772      46.46806
18.84264      46.47233
 1 
 1             70            
1
 -9999.0   ,   9990.0
   7
 6 
20.10436      46.57048
20.10678      46.57392
20.11222      46.57467
20.11547      46.57297
20.10914      46.5697
20.10436      46.57048
 1 
 1             71            
1
 -9999.0   ,   9990.0
   7
 23 
20.07678      46.56795
20.07189      46.56972
20.06506      46.57945
20.05669      46.57986
20.05375      46.58198
20.05314      46.587
20.05747      46.59484
20.06836      46.59822
20.07119      46.59678
20.06236      46.59031
20.06639      46.58731
20.07097      46.58531
20.07811      46.58662
20.083        46.58484
20.09153      46.58559
20.09395      46.58228
20.08733      46.57936
20.07392      46.57767
20.07214      46.57572
20.07631      46.57161
20.08311      46.57039
20.08367      46.56859
20.07678      46.56795
 1 
 1             72            
1
 -9999.0   ,   9990.0
   7
 7 
19.15417      46.59703
19.15078      46.60234
19.1515       46.6065
19.16328      46.60567
19.16658      46.60336
19.15806      46.59775
19.15417      46.59703
 1 
 1             73            
1
 -9999.0   ,   9990.0
   7
 15 
19.89117      46.59025
19.89403      46.59386
19.90122      46.59475
19.90014      46.59814
19.89164      46.60498
19.89272      46.60686
19.89914      46.60611
19.90961      46.60214
19.91475      46.59831
19.91256      46.59728
19.90728      46.58639
19.90236      46.58333
19.8992       46.58453
19.89417      46.5902
19.89117      46.59025
 1 
 1             74            
1
 -9999.0   ,   9990.0
   7
 9 
19.15895      46.61045
19.15447      46.61384
19.14936      46.61464
19.14817      46.61848
19.144        46.62208
19.15203      46.62422
19.15531      46.62217
19.1595       46.616
19.15895      46.61045
 1 
 1             75            
1
 -9999.0   ,   9990.0
   7
 10 
19.12875      46.6027
19.1237       46.60559
19.12189      46.6112
19.11986      46.63267
19.12283      46.63286
19.12506      46.62428
19.13047      46.6212
19.13292      46.61331
19.13147      46.60472
19.12875      46.6027
 1 
 1             76            
1
 -9999.0   ,   9990.0
   7
 10 
19.169        46.61709
19.16425      46.6225
19.16667      46.62911
19.1657       46.63364
19.15797      46.63887
19.16261      46.64378
19.1662       46.64195
19.17169      46.63128
19.17253      46.618
19.169        46.61709
 1 
 1             77            
1
 -9999.0   ,   9990.0
   7
 9 
19.97989      46.6357
19.97608      46.63686
19.97517      46.63887
19.97939      46.64234
19.98017      46.64675
19.98233      46.648
19.99592      46.64308
19.98539      46.63695
19.97989      46.6357
 1 
 1             78            
1
 -9999.0   ,   9990.0
   7
 6 
18.24922      46.64509
18.24595      46.6455
18.25139      46.65436
18.25686      46.65814
18.25756      46.65558
18.24922      46.64509
 1 
 1             79            
1
 -9999.0   ,   9990.0
   7
 13 
19.10458      46.65925
19.10494      46.65673
19.09686      46.647
19.09108      46.64317
19.08042      46.64084
19.07017      46.64039
19.06153      46.64256
19.05294      46.64912
19.05383      46.65217
19.07242      46.64559
19.08214      46.64509
19.08981      46.64745
19.10458      46.65925
 1 
 1             80            
1
 -9999.0   ,   9990.0
   7
 8 
19.49783      46.64453
19.49583      46.652
19.48864      46.65842
19.49525      46.66367
19.4995       46.65933
19.50647      46.66209
19.5085       46.65922
19.49783      46.64453
 1 
 1             81            
1
 -9999.0   ,   9990.0
   7
 8 
19.57295      46.703
19.56286      46.70878
19.56392      46.71092
19.56056      46.71853
19.56447      46.72175
19.5687       46.72248
19.57958      46.71581
19.57295      46.703
 1 
 1             82            
1
 -9999.0   ,   9990.0
   7
 14 
19.16978      46.79722
19.17072      46.80006
19.18183      46.80653
19.18481      46.80672
19.18825      46.8012
19.19678      46.80245
19.19317      46.7875
19.19006      46.78845
19.18742      46.79286
19.18445      46.79267
19.18144      46.7902
19.18047      46.79053
19.17653      46.79192
19.16978      46.79722
 1 
 1             83            
1
 -9999.0   ,   9990.0
   7
 10 
18.90631      46.82367
18.90067      46.82864
18.89417      46.82997
18.89025      46.833
18.89297      46.83581
18.89828      46.83545
18.90958      46.83034
18.91172      46.82653
18.90903      46.82395
18.90631      46.82367
 1 
 1             84            
1
 -9999.0   ,   9990.0
   7
 10 
19.16914      46.83025
19.1655       46.83256
19.16533      46.84312
19.16747      46.84461
19.17556      46.84423
19.17775      46.84278
19.17186      46.83711
19.17939      46.83345
19.17731      46.83172
19.16914      46.83025
 1 
 1             85            
1
 -9999.0   ,   9990.0
   7
 7 
19.16989      46.86314
19.16608      46.86406
19.16325      46.86753
19.16389      46.87011
19.17045      46.87581
19.17358      46.87258
19.16989      46.86314
 1 
 1             86            
1
 -9999.0   ,   9990.0
   7
 7 
19.18911      46.86672
19.18567      46.8697
19.18614      46.87364
19.19061      46.87736
19.20164      46.87028
19.19997      46.86789
19.18911      46.86672
 1 
 1             87            
1
 -9999.0   ,   9990.0
   7
 8 
18.55853      46.96442
18.55592      46.96756
18.54797      46.96556
18.54522      46.96756
18.54628      46.97047
18.56319      46.97192
18.56422      46.96956
18.55853      46.96442
 1 
 1             88            
1
 -9999.0   ,   9990.0
   7
 9 
18.4945       46.99392
18.48392      47.00239
18.479        47.016
18.48072      47.01889
18.48431      47.01797
18.48653      47.01209
18.49347      47.00386
18.49689      46.99675
18.4945       46.99392
 1 
 1             89            
1
 -9999.0   ,   9990.0
   7
 8 
19.08245      47.02917
19.07897      47.02986
19.07778      47.03709
19.07656      47.04462
19.07978      47.04783
19.08689      47.04025
19.08406      47.0332
19.08245      47.02917
 1 
 1             90            
1
 -9999.0   ,   9990.0
   7
 5 
19.06217      47.07323
19.05481      47.07587
19.05631      47.08003
19.06097      47.07978
19.06217      47.07323
 1 
 1             91            
1
 -9999.0   ,   9990.0
   7
 6 
19.0685       47.08681
19.07997      47.07242
19.08028      47.06784
19.07764      47.06514
19.0682       47.08198
19.0685       47.08681
 1 
 1             92            
1
 -9999.0   ,   9990.0
   7
 7 
19.07839      47.08889
19.07378      47.08875
19.06558      47.09247
19.06878      47.09678
19.07317      47.09653
19.07375      47.09267
19.07839      47.08889
 1 
 1             93            
1
 -9999.0   ,   9990.0
   7
 5 
19.04436      47.1085
19.04625      47.105
19.04467      47.10142
19.04189      47.10298
19.04436      47.1085
 1 
 1             94            
1
 -9999.0   ,   9990.0
   7
 6 
19.11747      47.11078
19.11944      47.10664
19.11695      47.10328
19.11303      47.10395
19.11311      47.10881
19.11747      47.11078
 1 
 1             95            
1
 -9999.0   ,   9990.0
   7
 11 
19.06672      47.11417
19.07036      47.11367
19.06964      47.10189
19.06467      47.09689
19.05111      47.09631
19.05269      47.09848
19.05542      47.09848
19.05703      47.10231
19.05958      47.09989
19.06156      47.10131
19.06672      47.11417
 1 
 1             96            
1
 -9999.0   ,   9990.0
   7
 6 
19.10872      47.11447
19.11056      47.11142
19.10692      47.10839
19.10436      47.10895
19.10475      47.11195
19.10872      47.11447
 1 
 1             97            
1
 -9999.0   ,   9990.0
   7
 14 
18.79281      47.11531
18.80558      47.1127
18.80878      47.10903
18.81206      47.10873
18.81572      47.10836
18.8267       47.11248
18.82761      47.10942
18.81483      47.10517
18.81145      47.10406
18.80847      47.10448
18.80369      47.1087
18.79578      47.10967
18.7925       47.11309
18.79281      47.11531
 1 
 1             98            
1
 -9999.0   ,   9990.0
   7
 22 
21.36933      47.08992
21.36658      47.09392
21.35806      47.09947
21.35545      47.1012
21.35656      47.10353
21.35997      47.10433
21.36278      47.10498
21.36792      47.10361
21.37106      47.10584
21.36736      47.10909
21.36581      47.1145
21.37117      47.11453
21.37992      47.11081
21.38886      47.11856
21.39395      47.11789
21.39625      47.11503
21.3935       47.10572
21.37884      47.10184
21.3777       47.09973
21.38006      47.0932
21.37631      47.09048
21.36933      47.08992
 1 
 1             99            
1
 -9999.0   ,   9990.0
   7
 6 
19.04222      47.11558
19.03917      47.11814
19.05003      47.1315
19.05342      47.12897
19.04603      47.11722
19.04222      47.11558
 1 
 1             100           
1
 -9999.0   ,   9990.0
   7
 5 
19.06608      47.135
19.06761      47.13187
19.06536      47.12997
19.06019      47.13339
19.06608      47.135
 1 
 1             101           
1
 -9999.0   ,   9990.0
   7
 6 
20.88958      47.16192
20.87433      47.16117
20.87058      47.16464
20.87158      47.16767
20.87547      47.16903
20.88958      47.16192
 1 
 1             102           
1
 -9999.0   ,   9990.0
   7
 32 
18.5487       47.19134
18.5445       47.20031
18.54514      47.20486
18.54889      47.20783
18.55394      47.20798
18.561        47.2105
18.56264      47.21522
18.56825      47.21442
18.57292      47.21664
18.58081      47.2127
18.59045      47.21186
18.60311      47.2237
18.61378      47.23036
18.629        47.23353
18.6307       47.2342
18.64108      47.23825
18.65206      47.23734
18.65606      47.23456
18.66292      47.2332
18.6695       47.22728
18.66339      47.22192
18.64186      47.21181
18.60483      47.19903
18.59678      47.19173
18.58786      47.19023
18.57633      47.18453
18.56639      47.18247
18.55422      47.17998
18.54989      47.18022
18.55153      47.18495
18.54903      47.19056
18.5487       47.19134
 1 
 1             103           
1
 -9999.0   ,   9990.0
   7
 64 
19.00639      47.28498
19.00922      47.27942
19.008        47.27384
19            47.2625
18.98622      47.24745
18.98508      47.23734
18.97636      47.22359
18.97597      47.22298
18.97325      47.21653
18.96483      47.1965
18.96581      47.19062
18.95758      47.17411
18.95711      47.16586
18.96067      47.14842
18.97511      47.13183
18.97867      47.12006
18.98386      47.11492
19            47.10642
19            47.11125
19.00728      47.10867
19.00892      47.10673
19.00886      47.09906
19.00886      47.09775
19.00403      47.0917
19.00178      47.08961
19            47.08795
18.99044      47.07714
18.98353      47.07461
18.97653      47.07409
18.96753      47.06972
18.965        47.06492
18.96611      47.05197
18.96192      47.05617
18.96092      47.06445
18.96397      47.07295
18.97833      47.07648
18.99736      47.08964
18.99547      47.10692
18.98008      47.11245
18.9762       47.1157
18.97069      47.12664
18.97114      47.12981
18.95906      47.14164
18.95464      47.15089
18.95428      47.15311
18.953        47.16064
18.95414      47.18053
18.95989      47.19808
18.96539      47.20664
18.96564      47.21059
18.97239      47.21928
18.97258      47.22411
18.97261      47.22508
18.97756      47.23389
18.98128      47.24695
18.98664      47.2545
18.98711      47.26403
18.97664      47.27178
18.97414      47.27589
18.99419      47.27081
18.99706      47.27167
19            47.27478
19.00064      47.27586
19.00639      47.28498
 1 
 1             104           
1
 -9999.0   ,   9990.0
   7
 9 
20.81472      47.26514
20.8082       47.26639
20.80136      47.27039
20.79653      47.28047
20.7975       47.2867
20.80164      47.28578
20.81036      47.27706
20.81575      47.26795
20.81472      47.26514
 1 
 1             105           
1
 -9999.0   ,   9990.0
   7
 9 
20.70125      47.30506
20.6947       47.30953
20.69403      47.31225
20.70525      47.32017
20.71353      47.31831
20.71558      47.31523
20.71317      47.30684
20.70622      47.30878
20.70125      47.30506
 1 
 1             106           
1
 -9999.0   ,   9990.0
   7
 29 
21.12061      47.44475
21.12006      47.431
21.12645      47.42467
21.12261      47.41967
21.11508      47.42067
21.105        47.43003
21.10434      47.42359
21.10639      47.41681
21.11644      47.40792
21.11392      47.4032
21.09206      47.40281
21.08339      47.39575
21.07731      47.39592
21.06372      47.40006
21.06864      47.40145
21.08072      47.39858
21.086        47.40275
21.08906      47.40564
21.10586      47.40603
21.10903      47.408
21.10258      47.41478
21.09875      47.42859
21.10233      47.43264
21.10847      47.43203
21.11731      47.42514
21.11878      47.42703
21.11486      47.43211
21.11714      47.44253
21.12061      47.44475
 1 
 1             107           
1
 -9999.0   ,   9990.0
   7
 7 
21.098        47.5247
21.10109      47.5245
21.10242      47.52078
21.09992      47.51881
21.0977       47.51931
21.09653      47.52317
21.098        47.5247
 1 
 1             108           
1
 -9999.0   ,   9990.0
   7
 8 
21.28372      47.54881
21.27692      47.55261
21.28495      47.55986
21.29078      47.5622
21.29333      47.55728
21.29942      47.55389
21.29764      47.55153
21.28372      47.54881
 1 
 1             109           
1
 -9999.0   ,   9990.0
   7
 6 
21.14184      47.56834
21.14514      47.57217
21.16345      47.56525
21.159        47.56253
21.14592      47.56167
21.14184      47.56834
 1 
 1             110           
1
 -9999.0   ,   9990.0
   7
 9 
21.16345      47.56525
21.15753      47.57323
21.15747      47.57686
21.16895      47.57698
21.17245      47.57578
21.17217      47.57209
21.16789      47.568
21.16486      47.56784
21.16345      47.56525
 1 
 1             111           
1
 -9999.0   ,   9990.0
   7
 8 
21.083        47.57186
21.07789      47.57209
21.07775      47.57345
21.08542      47.58389
21.09117      47.58695
21.09306      47.58497
21.09003      47.57864
21.083        47.57186
 1 
 1             112           
1
 -9999.0   ,   9990.0
   7
 41 
20.71797      47.60725
20.71967      47.60139
20.71747      47.59098
20.71053      47.57206
20.70836      47.57011
20.69333      47.56567
20.68211      47.56047
20.66889      47.552
20.66397      47.54486
20.65419      47.54161
20.6445       47.54086
20.63314      47.53684
20.62547      47.53575
20.61161      47.5302
20.60431      47.5242
20.60297      47.52309
20.60053      47.51517
20.60006      47.51034
20.60242      47.50473
20.60844      47.49634
20.58639      47.48006
20.57831      47.47686
20.55731      47.48034
20.54347      47.48622
20.53436      47.4862
20.51814      47.48328
20.51658      47.49075
20.51803      47.49861
20.57278      47.51256
20.61561      47.54022
20.61644      47.54075
20.6387       47.54423
20.64889      47.55256
20.66547      47.561
20.65989      47.57147
20.68983      47.57556
20.70125      47.57914
20.70058      47.58506
20.68722      47.59536
20.69728      47.60206
20.71797      47.60725
 1 
 1             113           
1
 -9999.0   ,   9990.0
   7
 8 
18.34603      47.62862
18.34217      47.62684
18.33414      47.63281
18.32761      47.64489
18.32886      47.64664
18.33472      47.64745
18.34878      47.63606
18.34603      47.62862
 1 
 1             114           
1
 -9999.0   ,   9990.0
   7
 9 
18.25558      47.65359
18.2522       47.65608
18.2455       47.66725
18.24564      47.67345
18.24853      47.67486
18.25239      47.67325
18.25367      47.6622
18.25708      47.65464
18.25558      47.65359
 1 
 1             115           
1
 -9999.0   ,   9990.0
   7
 8 
18.19983      47.67528
18.19992      47.67089
18.20253      47.66753
18.19594      47.66906
18.1932       47.67656
18.19481      47.67853
18.19878      47.67784
18.19983      47.67528
 1 
 1             116           
1
 -9999.0   ,   9990.0
   7
 9 
21.36828      47.65628
21.36         47.65453
21.34495      47.66275
21.34178      47.66717
21.34208      47.67061
21.34767      47.6757
21.36247      47.67981
21.36858      47.66637
21.36828      47.65628
 1 
 1             117           
1
 -9999.0   ,   9990.0
   7
 8 
18.19894      47.69228
18.20683      47.69295
18.20753      47.69039
18.20047      47.68575
18.20072      47.68192
18.19811      47.68064
18.19489      47.68447
18.19894      47.69228
 1 
 1             118           
1
 -9999.0   ,   9990.0
   7
 71 
20.71797      47.60725
20.69728      47.60206
20.68722      47.59536
20.70058      47.58506
20.70125      47.57914
20.68983      47.57556
20.65989      47.57147
20.66547      47.561
20.64889      47.55256
20.6387       47.54423
20.61644      47.54075
20.61561      47.54022
20.57278      47.51256
20.51803      47.49861
20.51925      47.50456
20.51975      47.50698
20.52353      47.5122
20.52678      47.51331
20.55911      47.51411
20.574        47.5195
20.59164      47.53325
20.60078      47.542
20.60622      47.55603
20.6112       47.55997
20.61206      47.56414
20.60786      47.57103
20.61133      47.579
20.62445      47.58839
20.62969      47.5922
20.63567      47.59653
20.63947      47.60453
20.63697      47.61748
20.64044      47.62245
20.64914      47.62634
20.65356      47.63209
20.65222      47.64072
20.65703      47.64303
20.66542      47.64347
20.66747      47.64525
20.67011      47.64753
20.67745      47.65392
20.68789      47.66297
20.69675      47.6655
20.70994      47.67442
20.71047      47.67859
20.707        47.68825
20.70872      47.69086
20.71592      47.69603
20.72222      47.69431
20.73533      47.68628
20.75753      47.6817
20.76317      47.68292
20.77606      47.68564
20.78781      47.69264
20.79597      47.69217
20.80294      47.69045
20.8055       47.68578
20.80481      47.67703
20.79506      47.67928
20.76711      47.68083
20.76261      47.67875
20.75422      47.67511
20.75331      47.6565
20.75025      47.64764
20.71842      47.64784
20.71656      47.64622
20.71047      47.64097
20.70795      47.63881
20.70778      47.6285
20.716        47.61267
20.71797      47.60725
 1 
 1             119           
1
 -9999.0   ,   9990.0
   7
 20 
20.716        47.61267
20.70778      47.6285
20.70795      47.63881
20.71047      47.64097
20.71656      47.64622
20.71842      47.64784
20.75025      47.64764
20.75331      47.6565
20.75422      47.67511
20.76261      47.67875
20.76711      47.68083
20.79506      47.67928
20.80481      47.67703
20.78264      47.66056
20.78083      47.65542
20.76547      47.64181
20.75228      47.63584
20.74928      47.63392
20.74089      47.62856
20.716        47.61267
 1 
 1             120           
1
 -9999.0   ,   9990.0
   7
 5 
23.60992      47.73908
23.61806      47.72811
23.61561      47.7237
23.60489      47.73278
23.60992      47.73908
 1 
 1             121           
1
 -9999.0   ,   9990.0
   7
 8 
21.11464      47.77447
21.10681      47.778
21.10681      47.7812
21.11731      47.79064
21.12558      47.79403
21.12739      47.79478
21.12645      47.79328
21.11464      47.77447
 1 
 1             122           
1
 -9999.0   ,   9990.0
   7
 11 
18.17008      47.83045
18.16869      47.82861
18.16439      47.82681
18.16075      47.82748
18.16047      47.8307
18.16606      47.8345
18.16711      47.83992
18.16775      47.8397
18.17036      47.83881
18.17117      47.83189
18.17008      47.83045
 1 
 1             123           
1
 -9999.0   ,   9990.0
   7
 41 
20.89364      47.83706
20.89647      47.83606
20.89758      47.8322
20.89164      47.82459
20.8782       47.82025
20.86475      47.82506
20.8655       47.83058
20.87197      47.83939
20.88553      47.84878
20.89589      47.8532
20.89947      47.85773
20.89739      47.86128
20.88881      47.86525
20.88767      47.86595
20.88475      47.86611
20.88292      47.86592
20.88214      47.86584
20.88164      47.86531
20.87006      47.86264
20.85797      47.85517
20.85258      47.85467
20.84964      47.85681
20.86803      47.86553
20.87667      47.86733
20.88314      47.86698
20.88483      47.86714
20.88686      47.86661
20.88922      47.86631
20.8905       47.86609
20.89339      47.86659
20.89972      47.86462
20.90253      47.86087
20.90311      47.85561
20.90072      47.85275
20.88397      47.84434
20.8737       47.83628
20.86856      47.82753
20.87225      47.82475
20.87944      47.8242
20.88853      47.82809
20.89364      47.83706
 1 
 1             124           
1
 -9999.0   ,   9990.0
   7
 9 
18.0585       47.88089
18.05364      47.88278
18.05856      47.88684
18.05747      47.89422
18.06078      47.89611
18.06267      47.89509
18.06439      47.8872
18.06292      47.88361
18.0585       47.88089
 1 
 1             125           
1
 -9999.0   ,   9990.0
   7
 20 
21.19878      47.87714
21.1782       47.87509
21.17458      47.87697
21.17745      47.87892
21.20153      47.88236
21.21353      47.88775
21.21714      47.89234
21.218        47.89823
21.21403      47.89984
21.21125      47.90095
21.20656      47.89892
21.20311      47.89928
21.20272      47.90281
21.21283      47.90383
21.21772      47.90283
21.22147      47.90092
21.22228      47.9005
21.22261      47.89414
21.20995      47.88203
21.19878      47.87714
 1 
 1             126           
1
 -9999.0   ,   9990.0
   7
 93 
20.95097      47.72406
20.95392      47.73131
20.97306      47.74509
20.97422      47.74995
20.96483      47.76436
20.96483      47.77056
20.968        47.77253
20.97839      47.77375
20.98584      47.77686
20.99292      47.78659
20.99945      47.78875
21.00367      47.78758
21.01731      47.78367
21.03056      47.78364
21.03509      47.7857
21.0317       47.80431
21.02872      47.80667
21.02028      47.80925
21.0147       47.81378
21.01378      47.819
21.0175       47.82536
21.04039      47.83039
21.05495      47.83684
21.05534      47.83959
21.05017      47.84345
21.04756      47.84539
21.04642      47.85289
21.05275      47.86006
21.05383      47.86225
21.05917      47.87297
21.05703      47.88137
21.05625      47.88445
21.05442      47.89173
21.05378      47.90064
21.05628      47.90581
21.05811      47.90778
21.05961      47.90939
21.07272      47.91392
21.07447      47.91503
21.08258      47.92014
21.08872      47.92936
21.09997      47.93242
21.10589      47.93728
21.10833      47.94611
21.11272      47.95892
21.12058      47.98184
21.12681      48
21.13131      48
21.12467      47.98197
21.12431      47.98097
21.1235       47.9695
21.11953      47.95986
21.11092      47.93906
21.11056      47.9382
21.10483      47.93128
21.09147      47.92606
21.08617      47.9155
21.07953      47.91128
21.07725      47.90981
21.0617       47.90584
21.05884      47.90111
21.06483      47.88786
21.06686      47.88342
21.06592      47.88022
21.06414      47.87414
21.05736      47.86131
21.05147      47.85014
21.05497      47.84598
21.06086      47.8387
21.05958      47.83475
21.04375      47.82756
21.02478      47.82389
21.02006      47.8207
21.0187       47.81442
21.02417      47.81103
21.03561      47.80862
21.03964      47.80609
21.0425       47.79545
21.03892      47.78153
21.03292      47.77759
21.02483      47.77695
21.0012       47.78517
20.99714      47.7852
20.99539      47.78278
20.988        47.77261
20.98284      47.77028
20.97231      47.77045
20.96989      47.76758
20.97756      47.75353
20.97895      47.74697
20.97728      47.7437
20.95433      47.72423
20.95097      47.72406
 1 
 1             127           
1
 -9999.0   ,   9990.0
   7
 22 
21.08547      48.03214
21.09517      48.03475
21.10333      48.035
21.10889      48.03334
21.11533      48.02417
21.11992      48.02684
21.12964      48.03858
21.1347       48.03964
21.14072      48.03617
21.14206      48.03186
21.13642      48.02484
21.13597      48.01636
21.13089      48.0162
21.13114      48.032
21.12561      48.02839
21.11997      48.02133
21.11695      48.02056
21.11167      48.02314
21.10428      48.03136
21.09878      48.03189
21.08367      48.02889
21.08547      48.03214
 1 
 1             128           
1
 -9999.0   ,   9990.0
   7
 15 
22.85489      48.0985
22.86028      48.10064
22.86644      48.09981
22.87083      48.10081
22.87853      48.10503
22.88364      48.10534
22.88647      48.10195
22.88478      48.09209
22.88867      48.08803
22.88467      48.08547
22.87884      48.08628
22.87603      48.08853
22.87575      48.09675
22.86078      48.09561
22.85489      48.0985
 1 
 1             129           
1
 -9999.0   ,   9990.0
   7
 7 
23.28925      48.15875
23.27958      48.16578
23.27256      48.17089
23.27384      48.17411
23.2895       48.16242
23.28936      48.16053
23.28925      48.15875
 2 
 1             130           
1
 -9999.0   ,   9990.0
   7
 71 
23.03697      48.10734
23.04261      48.1122
23.05847      48.11745
23.06528      48.118
23.08039      48.12598
23.08656      48.12514
23.09728      48.131
23.09586      48.14059
23.09517      48.14514
23.09833      48.15275
23.10889      48.16545
23.11636      48.1667
23.12439      48.1725
23.13089      48.17167
23.13456      48.17492
23.15111      48.18083
23.15397      48.17564
23.16142      48.1787
23.16653      48.17853
23.16156      48.17345
23.15147      48.16828
23.13689      48.16511
23.11953      48.16353
23.10845      48.15723
23.10675      48.14553
23.10356      48.14131
23.10183      48.13906
23.10281      48.12925
23.0995       48.12533
23.08606      48.1192
23.07889      48.10814
23.0735       48.10556
23.06361      48.10586
23.06083      48.1072
23.06683      48.11186
23.0597       48.11109
23.05739      48.10853
23.05847      48.10647
23.05578      48.10578
23.04617      48.09625
23.02686      48.09281
23.01953      48.08789
23.01136      48.08756
22.99389      48.09028
22.983        48.08967
22.97097      48.08264
22.96186      48.07975
22.95461      48.07164
22.93795      48.07164
22.92958      48.07678
22.91995      48.07936
22.91956      48.0815
22.93458      48.07981
22.94261      48.07445
22.94633      48.0752
22.94861      48.07797
22.94814      48.08253
22.95117      48.08395
22.96106      48.08317
22.96578      48.08484
22.98042      48.09603
22.98883      48.09889
23.00684      48.10075
23.02228      48.10895
23.02906      48.10998
23.03697      48.10734
23.03134      48.10222
23.03314      48.0995
23.045        48.10173
23.04864      48.10475
23.03697      48.10734
 1             130           2 
1
 -9999.0   ,   9990.0
   7
 7 
23.00572      48.0932
23.01836      48.09245
23.02339      48.09481
23.02767      48.10012
23.02622      48.10214
23.02217      48.10164
23.00572      48.0932
 1 
 1             131           
1
 -9999.0   ,   9990.0
   7
 9 
23.65931      48.39231
23.6502       48.38334
23.64197      48.36589
23.63681      48.36745
23.64039      48.37731
23.63925      48.383
23.64428      48.38831
23.65178      48.39181
23.65931      48.39231
 1 
 1             132           
1
 -9999.0   ,   9990.0
   7
 22 
22.00806      48.77787
22.00078      48.77814
21.9867       48.78286
21.96889      48.7925
21.96722      48.7975
21.97261      48.80036
21.97742      48.80095
21.99736      48.79706
22.01397      48.79675
22.02245      48.79864
22.02764      48.79981
22.03642      48.80414
22.04961      48.81634
22.05339      48.81686
22.0682       48.8117
22.08958      48.81311
22.09183      48.80995
22.09         48.80487
22.08284      48.79647
22.07445      48.79103
22.01975      48.77881
22.00806      48.77787
 1 
 1             133           
1
 -9999.0   ,   9990.0
   7
 6 
23.99122      48.98095
23.99578      48.97822
23.99439      48.97639
23.99058      48.97592
23.98711      48.9775
23.99122      48.98095
 1 
 1             134           
1
 -9999.0   ,   9990.0
   7
 28 
21.71383      49.03433
21.71842      49.03903
21.7165       49.04789
21.71092      49.05395
21.70261      49.059
21.69122      49.06328
21.6835       49.07589
21.66828      49.08625
21.66433      49.11706
21.66589      49.12009
21.66964      49.12131
21.67508      49.11756
21.68128      49.10003
21.68181      49.09853
21.68942      49.08773
21.70658      49.0742
21.70361      49.06567
21.71836      49.06328
21.72414      49.05978
21.72842      49.05212
21.73528      49.02412
21.7327       49.00942
21.72672      48.99872
21.72028      48.99606
21.70647      49.01173
21.7015       49.01961
21.70286      49.02559
21.71383      49.03433
 1 
 1             135           
1
 -9999.0   ,   9990.0
   7
 5 
19.09911      49.14125
19.10047      49.12481
19.09447      49.12681
19.09575      49.1372
19.09911      49.14125
 1 
 1             136           
1
 -9999.0   ,   9990.0
   7
 28 
18.34481      49.12314
18.34444      49.12356
18.34233      49.126
18.34664      49.13059
18.35881      49.13634
18.36447      49.13573
18.378        49.12845
18.38331      49.12806
18.38545      49.14928
18.38986      49.15298
18.40111      49.15772
18.41131      49.15739
18.42464      49.15148
18.4267       49.141
18.4165       49.14964
18.40981      49.14995
18.402        49.14814
18.3885       49.14189
18.38861      49.13795
18.3887       49.13561
18.38903      49.12422
18.38725      49.12184
18.38053      49.12239
18.37433      49.12709
18.36228      49.13122
18.35583      49.12973
18.35203      49.12745
18.34481      49.12314
 1 
 1             137           
1
 -9999.0   ,   9990.0
   7
 7 
20.03892      49.20545
20.04206      49.20922
20.04714      49.21103
20.04845      49.20833
20.04622      49.20573
20.04083      49.20367
20.03892      49.20545
 1 
 1             138           
1
 -9999.0   ,   9990.0
   7
 6 
20.01745      49.23642
20.02431      49.22964
20.02408      49.226
20.02045      49.22658
20.01742      49.22948
20.01745      49.23642
 1 
 1             139           
1
 -9999.0   ,   9990.0
   7
 16 
23.86947      49.2227
23.871        49.22806
23.87189      49.22842
23.87856      49.23106
23.89094      49.23109
23.89575      49.23661
23.90133      49.23734
23.90656      49.24217
23.90767      49.23892
23.90392      49.23409
23.89431      49.23278
23.89245      49.22986
23.89775      49.22911
23.88725      49.22834
23.87281      49.22375
23.86947      49.2227
 1 
 1             140           
1
 -9999.0   ,   9990.0
   7
 8 
18.66289      49.25856
18.67303      49.26064
18.67958      49.25986
18.68006      49.2597
18.67572      49.25645
18.67264      49.25711
18.66519      49.25692
18.66289      49.25856
 1 
 1             141           
1
 -9999.0   ,   9990.0
   7
 16 
22.44742      49.41173
22.44731      49.41173
22.44461      49.41142
22.43772      49.41678
22.4285       49.41914
22.42186      49.42656
22.41839      49.42581
22.41592      49.43423
22.41861      49.43445
22.41942      49.43453
22.42736      49.428
22.42814      49.42736
22.42897      49.42464
22.44253      49.41917
22.4472       49.41206
22.44742      49.41173
 1 
 1             142           
1
 -9999.0   ,   9990.0
   7
 49 
19.595        49.40822
19.59856      49.40425
19.59283      49.39528
19.59947      49.38895
19.59592      49.38581
19.584        49.38573
19.573        49.38364
19.56425      49.37681
19.56011      49.37617
19.552        49.37995
19.546        49.38036
19.53953      49.38512
19.53528      49.38539
19.52531      49.39661
19.50983      49.40372
19.49661      49.40267
19.48811      49.39997
19.48281      49.40042
19.48867      49.40459
19.49317      49.40525
19.49758      49.40981
19.50622      49.41111
19.51022      49.41978
19.52883      49.4165
19.53322      49.41464
19.53475      49.41033
19.53897      49.40686
19.55683      49.404
19.56211      49.39714
19.56564      49.39683
19.569        49.39836
19.57203      49.40283
19.57414      49.41281
19.57236      49.41984
19.57514      49.43003
19.59867      49.44025
19.60408      49.43867
19.61089      49.44081
19.6155       49.44031
19.61942      49.43659
19.61258      49.43125
19.59772      49.42578
19.59431      49.4215
19.59703      49.41886
19.59703      49.41564
19.59111      49.41517
19.58819      49.41273
19.59064      49.40942
19.595        49.40822
 1 
 1             143           
1
 -9999.0   ,   9990.0
   7
 5 
23.90175      49.56445
23.89853      49.56811
23.90303      49.57317
23.90589      49.56975
23.90175      49.56445
 1 
 1             144           
1
 -9999.0   ,   9990.0
   7
 7 
23.69522      49.59878
23.70892      49.60095
23.71184      49.59478
23.70939      49.59317
23.69567      49.59467
23.69247      49.59648
23.69522      49.59878
 1 
 1             145           
1
 -9999.0   ,   9990.0
   7
 9 
23.7227       49.66939
23.72534      49.66695
23.72358      49.66603
23.7222       49.66637
23.70239      49.67092
23.70264      49.67617
23.7065       49.67689
23.72211      49.66992
23.7227       49.66939
 1 
 1             146           
1
 -9999.0   ,   9990.0
   7
 10 
23.8925       49.72298
23.88264      49.72381
23.88167      49.72428
23.87694      49.72653
23.87406      49.73109
23.87686      49.73339
23.88147      49.73022
23.8885       49.72767
23.89636      49.72481
23.8925       49.72298
 1 
 1             147           
1
 -9999.0   ,   9990.0
   7
 7 
23.7092       49.74211
23.7          49.74367
23.69567      49.74959
23.69708      49.74981
23.70306      49.75009
23.70628      49.74806
23.7092       49.74211
 1 
 1             148           
1
 -9999.0   ,   9990.0
   7
 15 
23.94842      49.7347
23.94484      49.73859
23.94761      49.74317
23.94406      49.74497
23.94225      49.75
23.9415       49.75206
23.9372       49.75617
23.95136      49.75303
23.94822      49.75
23.94753      49.74933
23.95109      49.74662
23.95886      49.74436
23.9607       49.73912
23.95578      49.73864
23.94842      49.7347
 1 
 1             149           
1
 -9999.0   ,   9990.0
   7
 55 
20.66314      49.76461
20.66736      49.76478
20.67228      49.76081
20.6775       49.76167
20.68653      49.76795
20.6932       49.76864
20.69736      49.76511
20.69947      49.7567
20.70425      49.75434
20.71303      49.75489
20.71942      49.759
20.72311      49.75683
20.73511      49.757
20.73667      49.75545
20.73325      49.75397
20.73158      49.74817
20.7252       49.74428
20.72867      49.74075
20.72422      49.73464
20.71594      49.72795
20.70644      49.72303
20.69881      49.72161
20.68072      49.71495
20.67686      49.71353
20.67364      49.71378
20.66444      49.71448
20.66286      49.71236
20.67142      49.70695
20.67303      49.70036
20.66631      49.70034
20.66714      49.70336
20.66472      49.70695
20.6602       49.70609
20.65617      49.708
20.64911      49.71648
20.65197      49.72025
20.66564      49.72553
20.67         49.72506
20.67383      49.72467
20.68239      49.72817
20.69294      49.72853
20.69969      49.7322
20.71008      49.73484
20.71545      49.73847
20.71822      49.74336
20.71714      49.74792
20.71458      49.74898
20.70408      49.7477
20.69758      49.74953
20.69175      49.76034
20.68536      49.76081
20.6745       49.75539
20.66806      49.75631
20.66272      49.76095
20.66314      49.76461
 1 
 1             150           
1
 -9999.0   ,   9990.0
   7
 6 
23.64528      49.8025
23.65292      49.79089
23.64764      49.7897
23.64197      49.79034
23.6397       49.79878
23.64528      49.8025
 1 
 1             151           
1
 -9999.0   ,   9990.0
   7
 10 
19.20286      49.78123
19.19944      49.78314
19.19994      49.79117
19.19147      49.7972
19.19675      49.80686
19.20219      49.80873
19.20606      49.80592
19.20269      49.80142
19.2107       49.78711
19.20286      49.78123
 1 
 1             152           
1
 -9999.0   ,   9990.0
   7
 8 
20.65083      49.79787
20.65083      49.80223
20.65386      49.80395
20.68397      49.81187
20.68531      49.8087
20.67817      49.805
20.66306      49.80403
20.65083      49.79787
 1 
 1             153           
1
 -9999.0   ,   9990.0
   7
 5 
23.63364      49.87403
23.62861      49.87812
23.63275      49.88272
23.64172      49.87639
23.63364      49.87403
 1 
 1             154           
1
 -9999.0   ,   9990.0
   7
 8 
18.11878      49.90878
18.10339      49.90972
18.10097      49.91167
18.10422      49.91392
18.11153      49.91503
18.11878      49.91406
18.12264      49.91175
18.11878      49.90878
 1 
 1             155           
1
 -9999.0   ,   9990.0
   7
 11 
23.75386      49.91361
23.74856      49.91586
23.74161      49.93
23.74645      49.93031
23.74939      49.9305
23.75778      49.92595
23.75939      49.92509
23.76122      49.92145
23.75734      49.91731
23.75722      49.9172
23.75386      49.91361
 1 
 1             156           
1
 -9999.0   ,   9990.0
   7
 33 
18.93795      49.93653
18.92219      49.91845
18.91953      49.91539
18.91714      49.91656
18.90369      49.92311
18.89836      49.92306
18.89406      49.92056
18.88861      49.90972
18.86264      49.9045
18.85683      49.90836
18.86553      49.91567
18.86503      49.91978
18.85842      49.92175
18.8432       49.9212
18.8235       49.91675
18.81664      49.92053
18.80647      49.91381
18.79997      49.91464
18.79453      49.91275
18.79025      49.913
18.79358      49.91753
18.80664      49.92395
18.81775      49.93184
18.81495      49.93445
18.81758      49.9362
18.84178      49.94156
18.86256      49.94306
18.87495      49.94645
18.89222      49.94456
18.91378      49.94542
18.92539      49.94047
18.93403      49.93953
18.93795      49.93653
 1 
 1             157           
1
 -9999.0   ,   9990.0
   7
 8 
22.57125      49.9477
22.57014      49.94472
22.56545      49.94158
22.54631      49.941
22.54261      49.94353
22.5597       49.94548
22.56853      49.95039
22.57125      49.9477
 1 
 1             158           
1
 -9999.0   ,   9990.0
   7
 6 
23.6902       49.9525
23.67908      49.95906
23.68225      49.96045
23.68795      49.95911
23.69192      49.95573
23.6902       49.9525
