 223 
 1 
 1             1             
1
 -9999.0   ,   9990.0
   7
 14 
16.65651     -25
16.69959     -25
16.69638     -25.00201
16.69362     -25.00128
16.68756     -25.00255
16.6859      -25.00586
16.68336     -25.01096
16.67398     -25.01424
16.65985     -25.01583
16.65445     -25.02146
16.65041     -25.02231
16.64821     -25.01883
16.64932     -25.01404
16.65651     -25
 1 
 1             2             
1
 -9999.0   ,   9990.0
   7
 26 
16.76799     -25
16.77893     -25
16.77708     -25.00589
16.77797     -25.01187
16.78265     -25.01722
16.78664     -25.01958
16.79091     -25.01965
16.79543     -25.00711
16.79773     -25.00532
16.79458     -25
16.81635     -25
16.81489     -25.00308
16.79714     -25.02319
16.78564     -25.03195
16.77849     -25.0371
16.76924     -25.04704
16.75269     -25.05639
16.7315      -25.05856
16.72698     -25.05756
16.73931     -25.04539
16.74714     -25.04392
16.75492     -25.04542
16.76174     -25.04416
16.76319     -25.03455
16.75742     -25.02024
16.76799     -25
 1 
 1             3             
1
 -9999.0   ,   9990.0
   7
 43 
16.81635     -25
16.84891     -25
16.84837     -25.01577
16.84654     -25.01986
16.84815     -25.02769
16.84457     -25.03038
16.84171     -25.03538
16.83818     -25.03578
16.8341      -25.0254
16.82778     -25.02644
16.82493     -25.03098
16.82219     -25.06923
16.82035     -25.07333
16.81582     -25.07325
16.81284     -25.07091
16.80852     -25.05961
16.80494     -25.03616
16.80149     -25.03266
16.79742     -25.03466
16.79501     -25.04242
16.79493     -25.05938
16.79607     -25.06536
16.80932     -25.09699
16.80944     -25.10388
16.80503     -25.11068
16.80258     -25.11057
16.79723     -25.11032
16.79568     -25.12521
16.79771     -25.15092
16.79527     -25.15959
16.79147     -25.16068
16.78695     -25.15992
16.78301     -25.15503
16.78232     -25.15181
16.78494     -25.14635
16.79173     -25.13431
16.78284     -25.07271
16.7842      -25.04155
16.78732     -25.0361
16.78564     -25.03195
16.79714     -25.02319
16.81489     -25.00308
16.81635     -25
 1 
 1             4             
1
 -9999.0   ,   9990.0
   7
 14 
16.87552     -25
16.89167     -25
16.89284     -25.00638
16.89071     -25.05381
16.88894     -25.0547
16.88674     -25.0643
16.88656     -25.07461
16.88249     -25.08991
16.87624     -25.08752
16.87515     -25.07879
16.87809     -25.06943
16.87387     -25.03864
16.87656     -25.01621
16.87552     -25
 1 
 1             5             
1
 -9999.0   ,   9990.0
   7
 12 
16.89167     -25
16.90459     -25
16.90524     -25.00291
16.90225     -25.01478
16.90372     -25.0171
16.90195     -25.03129
16.9029      -25.03428
16.901       -25.04182
16.89454     -25.05135
16.89071     -25.05381
16.89284     -25.00638
16.89167     -25
 1 
 1             6             
1
 -9999.0   ,   9990.0
   7
 13 
17.62436     -25
17.63764     -25
17.62015     -25.04767
17.61698     -25.06048
17.61944     -25.08664
17.61183     -25.09069
17.60781     -25.06887
17.61015     -25.0627
17.60918     -25.06017
17.6132      -25.03889
17.61148     -25.03589
17.6227      -25.00184
17.62436     -25
 1 
 1             7             
1
 -9999.0   ,   9990.0
   7
 119 
17.63764     -25
17.64923     -25
17.64855     -25.0083
17.64384     -25.02338
17.63977     -25.02747
17.63618     -25.03347
17.63309     -25.03863
17.63223     -25.04802
17.62992     -25.05167
17.63172     -25.07003
17.63605     -25.08727
17.63613     -25.1024
17.62521     -25.13118
17.61957     -25.13915
17.61648     -25.15427
17.61315     -25.17049
17.61296     -25.18677
17.61705     -25.20309
17.61695     -25.21135
17.61965     -25.21756
17.61848     -25.23131
17.61407     -25.24181
17.61072     -25.26884
17.61164     -25.27687
17.61258     -25.27788
17.61338     -25.27872
17.61579     -25.28861
17.61787     -25.30422
17.61726     -25.31293
17.62042     -25.34461
17.62956     -25.38323
17.63953     -25.40005
17.64269     -25.40538
17.66559     -25.45674
17.68368     -25.48765
17.70242     -25.50756
17.70564     -25.50943
17.71523     -25.51502
17.72333     -25.51417
17.72842     -25.51124
17.73791     -25.4978
17.74477     -25.49488
17.74891     -25.48598
17.7426      -25.46138
17.73278     -25.43537
17.72536     -25.41906
17.70023     -25.36375
17.69806     -25.35432
17.69118     -25.33775
17.67241     -25.30275
17.66819     -25.29487
17.65796     -25.26312
17.65732     -25.23078
17.66347     -25.20035
17.66679     -25.19603
17.67388     -25.19357
17.67967     -25.19478
17.6814      -25.19777
17.66999     -25.20294
17.66632     -25.21574
17.67108     -25.24032
17.66997     -25.24902
17.67359     -25.26396
17.67388     -25.28277
17.68248     -25.30281
17.69095     -25.31194
17.6947      -25.316
17.70061     -25.32889
17.7042      -25.34681
17.71131     -25.36546
17.72788     -25.39795
17.73681     -25.41248
17.7428      -25.41941
17.74299     -25.42704
17.74351     -25.4474
17.75192     -25.46445
17.7548      -25.47823
17.75162     -25.49242
17.74111     -25.50632
17.73089     -25.51631
17.72059     -25.53364
17.70007     -25.51395
17.68276     -25.50255
17.66246     -25.46543
17.64301     -25.44299
17.62926     -25.40868
17.62472     -25.38708
17.62177     -25.38017
17.61231     -25.36838
17.61035     -25.36354
17.60827     -25.3477
17.6063      -25.34309
17.60735     -25.31879
17.60479     -25.31059
17.60103     -25.29855
17.60211     -25.29283
17.5997      -25.2834
17.60002     -25.27767
17.59829     -25.27536
17.59841     -25.26504
17.60073     -25.26071
17.60184     -25.25223
17.59924     -25.23822
17.60054     -25.23434
17.59906     -25.2318
17.60214     -25.22747
17.60717     -25.20689
17.60487     -25.18852
17.60222     -25.17818
17.60068     -25.16028
17.60567     -25.14267
17.61654     -25.11894
17.6201      -25.11577
17.6232      -25.10938
17.62206     -25.09951
17.61944     -25.08664
17.61698     -25.06048
17.62015     -25.04767
17.63764     -25
 1 
 1             8             
1
 -9999.0   ,   9990.0
   7
 27 
16.78564     -25.03195
16.78732     -25.0361
16.7842      -25.04155
16.78284     -25.07271
16.79173     -25.13431
16.78494     -25.14635
16.78353     -25.14106
16.78469     -25.13351
16.78281     -25.1266
16.78338     -25.12271
16.77961     -25.10958
16.77614     -25.0804
16.77055     -25.06999
16.76632     -25.06739
16.75954     -25.06682
16.73918     -25.07749
16.72883     -25.07892
16.72155     -25.07765
16.71907     -25.07577
16.71892     -25.07073
16.72465     -25.06096
16.72698     -25.05756
16.7315      -25.05856
16.75269     -25.05639
16.76924     -25.04704
16.77849     -25.0371
16.78564     -25.03195
 1 
 1             9             
1
 -9999.0   ,   9990.0
   7
 8 
18.29854     -25.05381
18.28648     -25.04962
18.28499     -25.04641
18.28652     -25.04343
18.29434     -25.03981
18.29786     -25.04097
18.30033     -25.04901
18.29854     -25.05381
 1 
 1             10            
1
 -9999.0   ,   9990.0
   7
 48 
17.16697     -25.06565
17.17176     -25.06549
17.18341     -25.06129
17.18665     -25.06317
17.19171     -25.07745
17.18947     -25.09233
17.19216     -25.09718
17.19698     -25.09518
17.2089      -25.0731
17.21497     -25.07157
17.21772     -25.07298
17.22028     -25.08632
17.21936     -25.09754
17.22868     -25.09743
17.23138     -25.1016
17.23206     -25.10665
17.22976     -25.10914
17.20807     -25.11046
17.20347     -25.11476
17.20107     -25.12344
17.20204     -25.12574
17.2005      -25.12756
17.19571     -25.12772
17.19056     -25.11917
17.19088     -25.11481
17.18798     -25.10652
17.18249     -25.10369
17.17014     -25.10399
17.16127     -25.10754
17.14841     -25.10828
17.14167     -25.10451
17.14088     -25.10318
17.13578     -25.09457
17.12508     -25.10268
17.12053     -25.10353
17.11403     -25.10046
17.11034     -25.09514
17.11066     -25.09078
17.11349     -25.08738
17.11624     -25.08811
17.12257     -25.08637
17.13202     -25.07801
17.14055     -25.06483
17.14591     -25.06032
17.1573      -25.05658
17.16307     -25.05735
17.16631     -25.05968
17.16697     -25.06565
 1 
 1             11            
1
 -9999.0   ,   9990.0
   7
 10 
18.71564     -25.07206
18.71691     -25.06724
18.72145     -25.06129
18.72523     -25.0613
18.73025     -25.07094
18.73074     -25.07506
18.72871     -25.08285
18.71588     -25.07687
18.71438     -25.07549
18.71564     -25.07206
 1 
 1             12            
1
 -9999.0   ,   9990.0
   7
 5 
17.61944     -25.08664
17.62206     -25.09951
17.6132      -25.10151
17.61183     -25.09069
17.61944     -25.08664
 1 
 1             13            
1
 -9999.0   ,   9990.0
   7
 15 
17.6132      -25.10151
17.62206     -25.09951
17.6232      -25.10938
17.6201      -25.11577
17.61654     -25.11894
17.60567     -25.14267
17.60068     -25.16028
17.60222     -25.17818
17.60487     -25.18852
17.59265     -25.19351
17.58979     -25.16429
17.59195     -25.15239
17.59951     -25.13183
17.61082     -25.11246
17.6132      -25.10151
 1 
 1             14            
1
 -9999.0   ,   9990.0
   7
 9 
18.76085     -25.14459
18.75808     -25.1416
18.76011     -25.13656
18.76944     -25.13176
18.77321     -25.13131
18.77473     -25.13315
18.77144     -25.14139
18.76715     -25.14391
18.76085     -25.14459
 1 
 1             15            
1
 -9999.0   ,   9990.0
   7
 43 
17.59265     -25.19351
17.60487     -25.18852
17.60717     -25.20689
17.60214     -25.22747
17.59906     -25.2318
17.60054     -25.23434
17.59924     -25.23822
17.60184     -25.25223
17.60073     -25.26071
17.59841     -25.26504
17.59829     -25.27536
17.60002     -25.27767
17.5997      -25.2834
17.60211     -25.29283
17.60103     -25.29855
17.60479     -25.31059
17.60735     -25.31879
17.6063      -25.34309
17.60827     -25.3477
17.61035     -25.36354
17.61231     -25.36838
17.62177     -25.38017
17.62472     -25.38708
17.62926     -25.40868
17.62293     -25.40999
17.61285     -25.40874
17.6068      -25.40753
17.59663     -25.40254
17.60172     -25.38891
17.60207     -25.38065
17.60035     -25.37674
17.60047     -25.36642
17.59877     -25.36067
17.59601     -25.31799
17.59563     -25.31624
17.59099     -25.29454
17.58573     -25.25001
17.59028     -25.22804
17.58885     -25.22137
17.59018     -25.21566
17.59426     -25.21203
17.59584     -25.20631
17.59265     -25.19351
 1 
 1             16            
1
 -9999.0   ,   9990.0
   7
 83 
17.6814      -25.19777
17.68411     -25.20307
17.6782      -25.21311
17.67608     -25.2218
17.678       -25.23076
17.67925     -25.2537
17.68438     -25.26518
17.71815     -25.34075
17.73931     -25.38093
17.74437     -25.39053
17.74408     -25.39397
17.74832     -25.39883
17.76561     -25.43568
17.78185     -25.47802
17.78247     -25.4911
17.7792      -25.49835
17.77238     -25.51348
17.76813     -25.53271
17.76192     -25.54618
17.76162     -25.55054
17.76808     -25.56184
17.76951     -25.56988
17.77322     -25.57794
17.77287     -25.58734
17.76301     -25.61041
17.76668     -25.61706
17.76798     -25.6194
17.78435     -25.62666
17.78765     -25.626
17.79468     -25.63134
17.79764     -25.63824
17.79686     -25.64076
17.80345     -25.66467
17.8067      -25.66883
17.8261      -25.67726
17.83668     -25.68354
17.84495     -25.69164
17.84692     -25.69762
17.84583     -25.70518
17.83378     -25.69453
17.82706     -25.68323
17.82177     -25.67997
17.81115     -25.6785
17.79828     -25.67449
17.78379     -25.65647
17.7791      -25.6445
17.77536     -25.63965
17.77232     -25.63939
17.76999     -25.63755
17.76203     -25.63127
17.75297     -25.62683
17.74478     -25.61185
17.74412     -25.60244
17.7419      -25.59714
17.74673     -25.57173
17.74575     -25.56897
17.74685     -25.56004
17.74093     -25.54645
17.72582     -25.54011
17.72059     -25.53364
17.73089     -25.51631
17.74111     -25.50632
17.75162     -25.49242
17.7548      -25.47823
17.75192     -25.46445
17.74351     -25.4474
17.74299     -25.42704
17.7428      -25.41941
17.73681     -25.41248
17.72788     -25.39795
17.71131     -25.36546
17.7042      -25.34681
17.70061     -25.32889
17.6947      -25.316
17.69095     -25.31194
17.68248     -25.30281
17.67388     -25.28277
17.67359     -25.26396
17.66997     -25.24902
17.67108     -25.24032
17.66632     -25.21574
17.66999     -25.20294
17.6814      -25.19777
 1 
 1             17            
1
 -9999.0   ,   9990.0
   7
 9 
18.85294     -25.32287
18.84385     -25.32263
18.83957     -25.31185
18.84084     -25.3052
18.84412     -25.30749
18.85597     -25.30957
18.86127     -25.31508
18.85824     -25.32425
18.85294     -25.32287
 1 
 1             18            
1
 -9999.0   ,   9990.0
   7
 75 
17.59663     -25.40254
17.6068      -25.40753
17.61285     -25.40874
17.62293     -25.40999
17.62926     -25.40868
17.64301     -25.44299
17.66246     -25.46543
17.68276     -25.50255
17.70007     -25.51395
17.72059     -25.53364
17.72582     -25.54011
17.74093     -25.54645
17.74685     -25.56004
17.74575     -25.56897
17.74673     -25.57173
17.7419      -25.59714
17.74412     -25.60244
17.74478     -25.61185
17.75297     -25.62683
17.76203     -25.63127
17.76999     -25.63755
17.77232     -25.63939
17.77536     -25.63965
17.7791      -25.6445
17.78379     -25.65647
17.79828     -25.67449
17.81115     -25.6785
17.82177     -25.67997
17.82706     -25.68323
17.83378     -25.69453
17.84583     -25.70518
17.83722     -25.70556
17.82713     -25.70112
17.81358     -25.68884
17.80377     -25.68302
17.7934      -25.68201
17.78255     -25.67848
17.77931     -25.67294
17.76953     -25.66437
17.75914     -25.66519
17.75684     -25.667
17.75425     -25.66775
17.73602     -25.67301
17.73096     -25.67296
17.72693     -25.67086
17.72019     -25.66185
17.71725     -25.65379
17.71935     -25.64647
17.72728     -25.63875
17.73006     -25.63946
17.7329      -25.63444
17.72803     -25.61605
17.72689     -25.60526
17.73532     -25.58198
17.73732     -25.57646
17.73987     -25.57442
17.74152     -25.56205
17.74056     -25.55745
17.72804     -25.5461
17.71896     -25.54326
17.71246     -25.53678
17.70718     -25.53374
17.70238     -25.5337
17.68994     -25.53794
17.67607     -25.536
17.66754     -25.52923
17.65548     -25.51076
17.64916     -25.50107
17.63782     -25.47573
17.63269     -25.46077
17.62969     -25.43666
17.62124     -25.42465
17.59794     -25.40928
17.59597     -25.4049
17.59663     -25.40254
 1 
 1             19            
1
 -9999.0   ,   9990.0
   7
 29 
17.37345     -25.4244
17.37803     -25.44007
17.38172     -25.44677
17.3882      -25.45349
17.39383     -25.4664
17.40032     -25.47221
17.40325     -25.47982
17.40189     -25.48668
17.39788     -25.48434
17.39106     -25.48357
17.3822      -25.48484
17.37476     -25.49255
17.36202     -25.49724
17.36364     -25.49242
17.36276     -25.483
17.36105     -25.47908
17.35125     -25.47529
17.34951     -25.47298
17.34992     -25.46175
17.35627     -25.45953
17.36761     -25.46173
17.37217     -25.46087
17.37451     -25.45654
17.37432     -25.45195
17.37142     -25.44251
17.366       -25.43281
17.36735     -25.42664
17.37067     -25.42416
17.37345     -25.4244
 1 
 1             20            
1
 -9999.0   ,   9990.0
   7
 30 
17.37975     -25.42495
17.38425     -25.42845
17.38895     -25.43584
17.38864     -25.43974
17.39157     -25.44734
17.39604     -25.45244
17.40159     -25.45365
17.40508     -25.45713
17.42802     -25.49754
17.43117     -25.50067
17.44923     -25.51865
17.462       -25.52774
17.46522     -25.53282
17.46468     -25.53534
17.46213     -25.53737
17.4553      -25.53707
17.44677     -25.53239
17.43619     -25.52951
17.42355     -25.52936
17.4188      -25.52541
17.40571     -25.50301
17.39971     -25.49766
17.40189     -25.48668
17.40325     -25.47982
17.40032     -25.47221
17.39383     -25.4664
17.3882      -25.45349
17.38172     -25.44677
17.37803     -25.44007
17.37345     -25.4244
 1 
 1             21            
1
 -9999.0   ,   9990.0
   7
 15 
17.40189     -25.48668
17.39971     -25.49766
17.39596     -25.4951
17.39027     -25.49559
17.38293     -25.50503
17.37808     -25.50841
17.36948     -25.50854
17.36471     -25.50642
17.36148     -25.50225
17.36202     -25.49724
17.37476     -25.49255
17.3822      -25.48484
17.39106     -25.48357
17.39788     -25.48434
17.40189     -25.48668
 1 
 1             22            
1
 -9999.0   ,   9990.0
   7
 9 
19.17873     -25.55327
19.17494     -25.55282
19.1724      -25.54961
19.16961     -25.54319
19.17187     -25.53837
19.17617     -25.53997
19.17846     -25.54341
19.18024     -25.55028
19.17873     -25.55327
 1 
 1             23            
1
 -9999.0   ,   9990.0
   7
 59 
15.759       -25.65066
15.75452     -25.65532
15.75209     -25.66077
15.7518      -25.66403
15.75059     -25.67771
15.74107     -25.70042
15.74276     -25.71217
15.74042     -25.74033
15.73858     -25.74281
15.72931     -25.74786
15.7271      -25.75423
15.72368     -25.75851
15.72114     -25.75867
15.71895     -25.75541
15.71942     -25.75363
15.72038     -25.74994
15.71933     -25.74234
15.71556     -25.73958
15.71512     -25.73926
15.70217     -25.74009
15.70053     -25.73965
15.69988     -25.73948
15.69212     -25.73709
15.68328     -25.73618
15.67488     -25.73758
15.66131     -25.73381
15.64658     -25.72633
15.65737     -25.71283
15.66115     -25.70489
15.66004     -25.698
15.65922     -25.69292
15.6599      -25.6872
15.66058     -25.68602
15.66417     -25.67973
15.67705     -25.66376
15.67793     -25.66353
15.68598     -25.66145
15.68838     -25.66587
15.69115     -25.66663
15.7045      -25.6603
15.72179     -25.64925
15.72623     -25.64756
15.73484     -25.64429
15.73694     -25.64182
15.73894     -25.64255
15.7474      -25.63806
15.75051     -25.63641
15.76227     -25.63256
15.77202     -25.63042
15.7773      -25.62925
15.80809     -25.60567
15.8204      -25.59976
15.82681     -25.60565
15.81582     -25.61846
15.80268     -25.62687
15.78786     -25.6318
15.77054     -25.64183
15.76314     -25.64612
15.759       -25.65066
 1 
 1             24            
1
 -9999.0   ,   9990.0
   7
 51 
17.58493     -25.6277
17.59213     -25.61815
17.6052      -25.61225
17.61624     -25.61121
17.61777     -25.61107
17.63494     -25.61423
17.64274     -25.61797
17.64648     -25.6226
17.65284     -25.64193
17.65278     -25.64675
17.65846     -25.65942
17.70229     -25.69954
17.70607     -25.703
17.71638     -25.70975
17.74491     -25.74098
17.75546     -25.75002
17.76979     -25.75979
17.79281     -25.76389
17.79911     -25.76716
17.8026      -25.77224
17.80084     -25.77805
17.79524     -25.77309
17.78742     -25.77027
17.76876     -25.76884
17.7601      -25.76612
17.75071     -25.76741
17.74385     -25.76941
17.71953     -25.79166
17.70846     -25.76151
17.69269     -25.74461
17.68616     -25.73951
17.66551     -25.72852
17.66027     -25.72182
17.65931     -25.71699
17.66114     -25.71266
17.67155     -25.71
17.6736      -25.70773
17.67259     -25.69945
17.6783      -25.69562
17.68516     -25.69362
17.6783      -25.69562
17.67259     -25.69945
17.67023     -25.69233
17.66745     -25.69208
17.65193     -25.67655
17.64871     -25.67033
17.64392     -25.66844
17.6257      -25.6467
17.61768     -25.6402
17.60712     -25.63459
17.58493     -25.6277
 1 
 1             25            
1
 -9999.0   ,   9990.0
   7
 9 
19.06782     -25.63388
19.06932     -25.61965
19.07235     -25.61644
19.0764      -25.61828
19.07768     -25.6263
19.07516     -25.63479
19.07162     -25.63915
19.06859     -25.63961
19.06782     -25.63388
 1 
 1             26            
1
 -9999.0   ,   9990.0
   7
 21 
18.40442     -25.71289
18.40164     -25.71082
18.40574     -25.70166
18.40301     -25.68927
18.40102     -25.68261
18.40491     -25.66244
18.40847     -25.65901
18.41303     -25.65858
18.42136     -25.66343
18.42667     -25.66414
18.43352     -25.66256
18.43955     -25.67245
18.43799     -25.68024
18.43948     -25.68759
18.43839     -25.70524
18.4371      -25.71051
18.42693     -25.71987
18.42364     -25.71848
18.42008     -25.72191
18.41501     -25.72166
18.40442     -25.71289
 1 
 1             27            
1
 -9999.0   ,   9990.0
   7
 10 
18.85241     -25.71295
18.85545     -25.7102
18.85975     -25.71204
18.8638      -25.71457
18.8681      -25.72031
18.86582     -25.72558
18.86227     -25.7281
18.85113     -25.72763
18.84885     -25.72396
18.85241     -25.71295
 1 
 1             28            
1
 -9999.0   ,   9990.0
   7
 16 
17.71953     -25.79166
17.74385     -25.76941
17.75071     -25.76741
17.7601      -25.76612
17.76876     -25.76884
17.78742     -25.77027
17.79524     -25.77309
17.80084     -25.77805
17.79794     -25.78183
17.78274     -25.78192
17.76675     -25.7843
17.74895     -25.78941
17.73867     -25.80262
17.73359     -25.80372
17.72929     -25.80322
17.71953     -25.79166
 1 
 1             29            
1
 -9999.0   ,   9990.0
   7
 12 
18.54105     -25.81513
18.54309     -25.81618
18.54658     -25.82
18.54814     -25.8217
18.54885     -25.83524
18.54757     -25.83822
18.54276     -25.83866
18.53847     -25.83108
18.53291     -25.82807
18.53089     -25.82417
18.53373     -25.81133
18.54105     -25.81513
 1 
 1             30            
1
 -9999.0   ,   9990.0
   7
 10 
18.47118     -25.85675
18.4666      -25.86247
18.46051     -25.86267
18.45545     -25.86059
18.45749     -25.85647
18.45195     -25.84865
18.46136     -25.84157
18.47273     -25.85011
18.47323     -25.85309
18.47118     -25.85675
 1 
 1             31            
1
 -9999.0   ,   9990.0
   7
 11 
18.43386     -25.86807
18.43642     -25.86235
18.43921     -25.86121
18.44556     -25.86055
18.45062     -25.86149
18.45239     -25.86333
18.45109     -25.87112
18.44853     -25.87524
18.44549     -25.87569
18.44093     -25.87383
18.43386     -25.86807
 1 
 1             32            
1
 -9999.0   ,   9990.0
   7
 29 
15.92465     -25.89814
15.92883     -25.89388
15.93751     -25.89156
15.94268     -25.88189
15.94561     -25.88302
15.96936     -25.90558
15.97294     -25.91392
15.97418     -25.9245
15.9586      -25.92828
15.95008     -25.9336
15.94445     -25.9353
15.93979     -25.92923
15.93724     -25.92963
15.93572     -25.93151
15.93142     -25.93677
15.92989     -25.93865
15.92477     -25.94037
15.92225     -25.93962
15.91937     -25.93359
15.92118     -25.92308
15.9209      -25.92232
15.92023     -25.92053
15.91749     -25.91937
15.91622     -25.91883
15.91597     -25.91602
15.91583     -25.91446
15.92551     -25.90367
15.92255     -25.90062
15.92465     -25.89814
 1 
 1             33            
1
 -9999.0   ,   9990.0
   7
 12 
18.98072     -25.93299
18.98826     -25.93276
18.99283     -25.93689
18.9941      -25.94171
18.99207     -25.94675
18.98624     -25.95363
18.9804      -25.95638
18.97609     -25.95501
18.97076     -25.95042
18.96619     -25.9417
18.96568     -25.93528
18.98072     -25.93299
 1 
 1             34            
1
 -9999.0   ,   9990.0
   7
 11 
18.52744     -25.93678
18.53403     -25.93956
18.53579     -25.94346
18.53248     -25.94666
18.52107     -25.94341
18.51803     -25.94088
18.5127      -25.94132
18.50966     -25.93993
18.50917     -25.93717
18.51526     -25.93605
18.52744     -25.93678
 1 
 1             35            
1
 -9999.0   ,   9990.0
   7
 12 
18.57588     -25.94382
18.57918     -25.94406
18.57993     -25.94727
18.57712     -25.95254
18.57051     -25.95756
18.55349     -25.96049
18.54588     -25.96069
18.5436      -25.9584
18.54488     -25.95588
18.55327     -25.952
18.56698     -25.95067
18.57588     -25.94382
 1 
 1             36            
1
 -9999.0   ,   9990.0
   7
 11 
18.85854     -26.00587
18.85245     -26.00494
18.85042     -26.00288
18.85093     -26.00081
18.85703     -25.99485
18.86059     -25.98752
18.86465     -25.98798
18.87277     -25.99235
18.87302     -25.99716
18.86489     -26.0045
18.85854     -26.00587
 1 
 1             37            
1
 -9999.0   ,   9990.0
   7
 49 
17.80357     -26.04981
17.79666     -26.05479
17.78776     -26.05586
17.78673     -26.05723
17.78139     -26.05764
17.78064     -26.05626
17.77249     -26.05847
17.75536     -26.06864
17.73827     -26.07468
17.73031     -26.08194
17.72591     -26.08924
17.72353     -26.0984
17.7259      -26.11402
17.72573     -26.12957
17.72572     -26.13008
17.72336     -26.13648
17.70863     -26.1586
17.6988      -26.19567
17.69648     -26.19817
17.69216     -26.1979
17.69042     -26.19513
17.69382     -26.18644
17.69257     -26.18414
17.69296     -26.17221
17.68995     -26.16851
17.68454     -26.13015
17.68493     -26.09551
17.69005     -26.09235
17.69087     -26.08685
17.69608     -26.07566
17.69815     -26.0493
17.70954     -26.05308
17.72861     -26.05211
17.74137     -26.04649
17.74396     -26.04193
17.75241     -26.03558
17.75499     -26.03125
17.75401     -26.02803
17.74573     -26.01923
17.74124     -26.01162
17.74028     -26.00611
17.74133     -25.99885
17.75036     -26.01308
17.76089     -26.02579
17.76593     -26.02951
17.77303     -26.03095
17.78389     -26.03724
17.793       -26.04008
17.80357     -26.04981
 1 
 1             38            
1
 -9999.0   ,   9990.0
   7
 10 
19.22677     -26.02339
19.226       -26.01903
19.23971     -26.019
19.24629     -26.01142
19.25162     -26.01164
19.25468     -26.01462
19.24709     -26.02404
19.23389     -26.0259
19.22855     -26.02568
19.22677     -26.02339
 1 
 1             39            
1
 -9999.0   ,   9990.0
   7
 14 
18.52558     -26.02669
18.5276      -26.03106
18.52707     -26.03633
18.52426     -26.04252
18.52171     -26.04503
18.5184      -26.04548
18.51334     -26.0411
18.51311     -26.03583
18.50932     -26.02916
18.51212     -26.02756
18.51239     -26.02436
18.51698     -26.01795
18.52079     -26.0175
18.52558     -26.02669
 1 
 1             40            
1
 -9999.0   ,   9990.0
   7
 12 
18.64336     -26.05251
18.64896     -26.04587
18.67259     -26.04501
18.67588     -26.0503
18.6718      -26.05465
18.65248     -26.06079
18.63901     -26.06122
18.63291     -26.06303
18.63089     -26.06096
18.6314      -26.05798
18.63776     -26.0564
18.64336     -26.05251
 1 
 1             41            
1
 -9999.0   ,   9990.0
   7
 10 
19.01984     -26.07474
19.0178      -26.07291
19.02236     -26.058
19.02617     -26.05226
19.03252     -26.04859
19.03659     -26.05524
19.03456     -26.06098
19.03126     -26.0674
19.0239      -26.07383
19.01984     -26.07474
 1 
 1             42            
1
 -9999.0   ,   9990.0
   7
 62 
18.40222     -26.06613
18.40731     -26.06454
18.42408     -26.06438
18.4309      -26.07267
18.43266     -26.07704
18.43213     -26.08116
18.42906     -26.08551
18.42776     -26.09307
18.42902     -26.09583
18.43535     -26.10045
18.44144     -26.10139
18.44956     -26.10555
18.46733     -26.10952
18.48514     -26.10615
18.50058     -26.09655
18.50348     -26.09474
18.52082     -26.0799
18.54371     -26.07172
18.56329     -26.06742
18.5737      -26.06883
18.57699     -26.07159
18.57875     -26.08009
18.57694     -26.08765
18.57312     -26.09177
18.56319     -26.0977
18.54698     -26.10057
18.53903     -26.10198
18.52502     -26.11065
18.51864     -26.11705
18.51583     -26.12255
18.51453     -26.13011
18.50944     -26.13009
18.5018      -26.13534
18.49056     -26.14884
18.48467     -26.15845
18.47906     -26.16302
18.47674     -26.16989
18.46523     -26.18522
18.45938     -26.19061
18.45655     -26.19321
18.44867     -26.1918
18.44641     -26.1856
18.44676     -26.16519
18.45086     -26.15763
18.47508     -26.14144
18.47968     -26.13503
18.47944     -26.13182
18.47641     -26.12699
18.46015     -26.12418
18.43975     -26.11334
18.43403     -26.11031
18.4226      -26.1098
18.42059     -26.1036
18.41857     -26.10244
18.40689     -26.10033
18.38401     -26.10229
18.38046     -26.09998
18.36863     -26.07676
18.37043     -26.0731
18.37298     -26.07081
18.39001     -26.06905
18.40222     -26.06613
 1 
 1             43            
1
 -9999.0   ,   9990.0
   7
 14 
18.83918     -26.09003
18.83486     -26.0859
18.8214      -26.08061
18.82598     -26.07556
18.83259     -26.0742
18.83792     -26.07535
18.85214     -26.08225
18.86205     -26.08914
18.86662     -26.09488
18.86941     -26.10108
18.86712     -26.10566
18.86153     -26.10611
18.85162     -26.10221
18.83918     -26.09003
 1 
 1             44            
1
 -9999.0   ,   9990.0
   7
 26 
18.68817     -26.11868
18.68437     -26.11546
18.677       -26.11246
18.67193     -26.10718
18.66763     -26.0996
18.66866     -26.0957
18.675       -26.09778
18.6994      -26.0999
18.70219     -26.1022
18.72403     -26.10637
18.73089     -26.1096
18.73875     -26.11993
18.74254     -26.13187
18.74151     -26.13829
18.74278     -26.14127
18.74386     -26.14204
18.74761     -26.14473
18.74607     -26.15298
18.73768     -26.15205
18.73209     -26.14974
18.72981     -26.14538
18.73109     -26.1369
18.72729     -26.13505
18.70364     -26.13592
18.6978      -26.13316
18.68817     -26.11868
 1 
 1             45            
1
 -9999.0   ,   9990.0
   7
 10 
17.16155     -26.10206
17.1635      -26.10713
17.15926     -26.11763
17.15542     -26.11964
17.15212     -26.11937
17.14691     -26.11149
17.14821     -26.10944
17.15332     -26.10814
17.15852     -26.10064
17.16155     -26.10206
 1 
 1             46            
1
 -9999.0   ,   9990.0
   7
 11 
18.81907     -26.118
18.81552     -26.11684
18.81298     -26.10927
18.82823     -26.10952
18.83535     -26.11159
18.84043     -26.11687
18.84322     -26.12307
18.84194     -26.12651
18.83737     -26.12696
18.82721     -26.11961
18.81907     -26.118
 1 
 1             47            
1
 -9999.0   ,   9990.0
   7
 9 
19.50323     -26.15177
19.49637     -26.15134
19.49152     -26.14815
19.49125     -26.14493
19.49632     -26.14216
19.51436     -26.14164
19.51769     -26.14483
19.50755     -26.15107
19.50323     -26.15177
 1 
 1             48            
1
 -9999.0   ,   9990.0
   7
 10 
17.24437     -26.15385
17.2387      -26.15883
17.22953     -26.1614
17.23166     -26.15617
17.23645     -26.15628
17.23961     -26.1524
17.24219     -26.14717
17.24525     -26.14652
17.24649     -26.14815
17.24437     -26.15385
 1 
 1             49            
1
 -9999.0   ,   9990.0
   7
 11 
17.72531     -26.16747
17.72253     -26.1663
17.72205     -26.16354
17.72541     -26.15829
17.72652     -26.15028
17.72932     -26.15007
17.73258     -26.15377
17.72997     -26.16017
17.73096     -26.16271
17.7294      -26.16567
17.72531     -26.16747
 1 
 1             50            
1
 -9999.0   ,   9990.0
   7
 7 
17.28058     -26.18139
17.28156     -26.18392
17.27672     -26.18409
17.26944     -26.17758
17.27125     -26.17599
17.27785     -26.17654
17.28058     -26.18139
 1 
 1             51            
1
 -9999.0   ,   9990.0
   7
 11 
19.32491     -26.19684
19.32209     -26.19042
19.3269      -26.18536
19.33657     -26.18694
19.34244     -26.19289
19.34476     -26.19885
19.34324     -26.20275
19.33767     -26.2085
19.33487     -26.2092
19.33156     -26.20806
19.32491     -26.19684
 1 
 1             52            
1
 -9999.0   ,   9990.0
   7
 17 
18.83625     -26.23868
18.83168     -26.2334
18.8416      -26.2286
18.85281     -26.21301
18.85562     -26.20406
18.85918     -26.20085
18.87419     -26.1988
18.88206     -26.22519
18.88053     -26.23116
18.87773     -26.23414
18.86475     -26.24215
18.85517     -26.24997
18.84845     -26.25544
18.83777     -26.25612
18.83497     -26.25451
18.8337      -26.24694
18.83625     -26.23868
 1 
 1             53            
1
 -9999.0   ,   9990.0
   7
 15 
18.77879     -26.20442
18.78337     -26.20558
18.78693     -26.20834
18.79314     -26.22437
18.79886     -26.23313
18.78966     -26.26088
18.7632      -26.25556
18.76143     -26.25097
18.76881     -26.24777
18.77416     -26.24296
18.77723     -26.23425
18.77191     -26.21542
18.77192     -26.209
18.77396     -26.20533
18.77879     -26.20442
 1 
 1             54            
1
 -9999.0   ,   9990.0
   7
 11 
19.55029     -26.22164
19.55168     -26.22086
19.5695      -26.22377
19.57029     -26.22881
19.56701     -26.23364
19.56754     -26.23708
19.56552     -26.23938
19.54363     -26.23703
19.54264     -26.23506
19.54838     -26.22271
19.55029     -26.22164
 1 
 1             55            
1
 -9999.0   ,   9990.0
   7
 9 
16.4231      -26.22838
16.42164     -26.22493
16.42629     -26.22158
16.43033     -26.22326
16.43176     -26.22719
16.42864     -26.23034
16.42702     -26.23065
16.42429     -26.23118
16.4231      -26.22838
 1 
 1             56            
1
 -9999.0   ,   9990.0
   7
 11 
18.90521     -26.24861
18.89579     -26.25939
18.89044     -26.25938
18.88866     -26.25594
18.89274     -26.24355
18.90216     -26.23323
18.90597     -26.23255
18.90801     -26.23416
18.90979     -26.23989
18.90801     -26.24586
18.90521     -26.24861
 1 
 1             57            
1
 -9999.0   ,   9990.0
   7
 8 
17.67988     -26.29368
17.67865     -26.28977
17.68619     -26.27653
17.69438     -26.27225
17.69612     -26.27617
17.68859     -26.28895
17.68345     -26.29325
17.67988     -26.29368
 1 
 1             58            
1
 -9999.0   ,   9990.0
   7
 21 
18.89171     -26.29173
18.88814     -26.30136
18.87693     -26.32085
18.87361     -26.33026
18.87284     -26.34058
18.87844     -26.35068
18.87844     -26.35435
18.87232     -26.35526
18.86238     -26.36214
18.84736     -26.3612
18.84328     -26.35776
18.84354     -26.35432
18.85574     -26.33766
18.86419     -26.32612
18.87235     -26.30295
18.8777      -26.29332
18.87898     -26.28621
18.88331     -26.28117
18.88738     -26.28026
18.89145     -26.28393
18.89171     -26.29173
 1 
 1             59            
1
 -9999.0   ,   9990.0
   7
 18 
18.9915      -26.28786
18.99404     -26.28534
18.99811     -26.28465
19.00372     -26.28764
19.0134      -26.29658
19.019       -26.29933
19.03733     -26.30323
19.04574     -26.31034
19.04702     -26.31928
19.04525     -26.32663
19.0394      -26.33145
19.03379     -26.33053
19.01647     -26.32159
19.0045      -26.31792
18.99602     -26.31251
18.99049     -26.30897
18.98819     -26.2936
18.9915      -26.28786
 1 
 1             60            
1
 -9999.0   ,   9990.0
   7
 14 
19.2237      -26.30327
19.22777     -26.30005
19.23184     -26.29981
19.23237     -26.30646
19.24104     -26.31264
19.25481     -26.31835
19.25457     -26.32317
19.25152     -26.32593
19.24719     -26.32685
19.23265     -26.31656
19.21636     -26.31819
19.21253     -26.31452
19.21456     -26.31085
19.2237      -26.30327
 1 
 1             61            
1
 -9999.0   ,   9990.0
   7
 12 
18.9495      -26.35393
18.9439      -26.35714
18.94135     -26.35691
18.93269     -26.36218
18.93269     -26.35484
18.93575     -26.34773
18.94237     -26.33856
18.95637     -26.32319
18.95867     -26.32824
18.9574      -26.34338
18.95434     -26.35095
18.9495      -26.35393
 1 
 1             62            
1
 -9999.0   ,   9990.0
   7
 15 
19.12343     -26.32933
19.12435     -26.32893
19.12827     -26.32725
19.13133     -26.33161
19.13058     -26.33872
19.1352      -26.35753
19.13164     -26.36258
19.12019     -26.36994
19.11382     -26.36902
19.10286     -26.36284
19.09597     -26.35734
19.09112     -26.35115
19.09162     -26.34541
19.09748     -26.34128
19.12343     -26.32933
 1 
 1             63            
1
 -9999.0   ,   9990.0
   7
 11 
18.92581     -26.35094
18.91512     -26.36103
18.91333     -26.35736
18.91537     -26.35025
18.91945     -26.34291
18.9248      -26.33855
18.92963     -26.33144
18.93498     -26.328
18.93906     -26.33007
18.93728     -26.33557
18.92581     -26.35094
 1 
 1             64            
1
 -9999.0   ,   9990.0
   7
 11 
19.65089     -26.33581
19.66026     -26.32888
19.66434     -26.32932
19.66846     -26.33618
19.66628     -26.35225
19.6602      -26.35802
19.65434     -26.35782
19.6441      -26.35007
19.64331     -26.34594
19.64481     -26.34157
19.65089     -26.33581
 1 
 1             65            
1
 -9999.0   ,   9990.0
   7
 17 
19.24142     -26.35508
19.24066     -26.35667
19.23509     -26.3684
19.22952     -26.37355
19.2295      -26.37598
19.22187     -26.38081
19.21703     -26.38151
19.19688     -26.37167
19.19586     -26.37007
19.1961      -26.3664
19.19839     -26.36456
19.20501     -26.36157
19.21417     -26.36018
19.23756     -26.34178
19.24188     -26.34109
19.2447      -26.34613
19.24142     -26.35508
 1 
 1             66            
1
 -9999.0   ,   9990.0
   7
 11 
19.31618     -26.39186
19.31567     -26.39324
19.31134     -26.39417
19.30471     -26.39005
19.30418     -26.38432
19.30593     -26.37651
19.30923     -26.37329
19.31459     -26.37466
19.31613     -26.37741
19.31871     -26.38818
19.31618     -26.39186
 1 
 1             67            
1
 -9999.0   ,   9990.0
   7
 6 
18.21245     -26.41571
18.20636     -26.41155
18.20566     -26.40168
18.21531     -26.40632
18.21606     -26.40839
18.21245     -26.41571
 1 
 1             68            
1
 -9999.0   ,   9990.0
   7
 10 
18.94365     -26.42505
18.93767     -26.41932
18.94747     -26.41633
18.95716     -26.40831
18.96174     -26.40808
18.96404     -26.41244
18.96353     -26.4168
18.95945     -26.42207
18.9462      -26.42918
18.94365     -26.42505
 1 
 1             69            
1
 -9999.0   ,   9990.0
   7
 12 
19.4465      -26.47132
19.44292     -26.46904
19.44927     -26.46352
19.45355     -26.45111
19.45814     -26.45293
19.4648      -26.45887
19.46585     -26.46392
19.46357     -26.46851
19.45849     -26.47289
19.45544     -26.47405
19.44983     -26.47338
19.4465      -26.47132
 1 
 1             70            
1
 -9999.0   ,   9990.0
   7
 9 
18.36448     -26.4718
18.3598      -26.4699
18.35772     -26.46534
18.3631      -26.45894
18.3682      -26.45896
18.37049     -26.46012
18.37301     -26.46564
18.36865     -26.47158
18.36448     -26.4718
 1 
 1             71            
1
 -9999.0   ,   9990.0
   7
 31 
19.33846     -26.49184
19.33434     -26.501
19.32657     -26.51825
19.32735     -26.52352
19.33069     -26.52994
19.3274      -26.53523
19.31365     -26.54375
19.29377     -26.55251
19.28995     -26.55275
19.2833      -26.54955
19.27284     -26.55026
19.2529      -26.53585
19.24675     -26.52852
19.24583     -26.52635
19.2447      -26.52371
19.24621     -26.51888
19.24493     -26.51522
19.25432     -26.5012
19.25917     -26.50211
19.26225     -26.50532
19.26659     -26.50646
19.27397     -26.50254
19.27727     -26.49886
19.29052     -26.49379
19.30914     -26.4942
19.31652     -26.48937
19.31956     -26.48477
19.33206     -26.48589
19.33715     -26.48106
19.33996     -26.48472
19.33846     -26.49184
 1 
 1             72            
1
 -9999.0   ,   9990.0
   7
 27 
19.48026     -26.54256
19.4823      -26.54118
19.4869      -26.54323
19.49072     -26.54184
19.49353     -26.54251
19.49559     -26.54549
19.48004     -26.54945
19.47115     -26.55728
19.46329     -26.56878
19.46248     -26.56964
19.45085     -26.5819
19.4458      -26.59316
19.44325     -26.59432
19.4371      -26.58906
19.42892     -26.58679
19.42738     -26.58473
19.42406     -26.58382
19.43244     -26.57576
19.43573     -26.56956
19.43981     -26.56702
19.4421      -26.56724
19.44744     -26.56241
19.45279     -26.56055
19.46602     -26.5511
19.47208     -26.53823
19.47719     -26.53959
19.48026     -26.54256
 1 
 1             73            
1
 -9999.0   ,   9990.0
   7
 11 
17.54066     -26.57264
17.53862     -26.57193
17.53969     -26.56827
17.53793     -26.56618
17.53873     -26.56344
17.5451      -26.56443
17.54795     -26.56101
17.54967     -26.56631
17.54859     -26.57112
17.54652     -26.5727
17.54066     -26.57264
 1 
 1             74            
1
 -9999.0   ,   9990.0
   7
 7 
19.83774     -26.6351
19.84484     -26.62817
19.85196     -26.62514
19.85682     -26.62626
19.85991     -26.629
19.85511     -26.63545
19.83774     -26.6351
 1 
 1             75            
1
 -9999.0   ,   9990.0
   7
 9 
19.30201     -26.64725
19.29585     -26.64061
19.29661     -26.63763
19.3045      -26.62935
19.30833     -26.62842
19.31192     -26.63484
19.30889     -26.64334
19.30533     -26.64702
19.30201     -26.64725
 1 
 1             76            
1
 -9999.0   ,   9990.0
   7
 11 
19.23488     -26.64192
19.23916     -26.63981
19.2504      -26.64071
19.25524     -26.6384
19.25936     -26.64895
19.25835     -26.65262
19.25094     -26.65126
19.24046     -26.64922
19.23543     -26.64438
19.23354     -26.64257
19.23488     -26.64192
 1 
 1             77            
1
 -9999.0   ,   9990.0
   7
 8 
16.86388     -26.67272
16.85857     -26.66988
16.85492     -26.65995
16.85498     -26.65697
16.85679     -26.65608
16.8665      -26.66909
16.86594     -26.6716
16.86388     -26.67272
 1 
 1             78            
1
 -9999.0   ,   9990.0
   7
 14 
19.25434     -26.68016
19.25996     -26.68038
19.26329     -26.68267
19.26562     -26.6923
19.26283     -26.6985
19.25824     -26.70333
19.25314     -26.70609
19.24956     -26.70564
19.24879     -26.70243
19.25082     -26.6999
19.25003     -26.69256
19.2449      -26.68523
19.24515     -26.6811
19.25434     -26.68016
 1 
 1             79            
1
 -9999.0   ,   9990.0
   7
 9 
19.46618     -26.69037
19.46568     -26.69267
19.46339     -26.69405
19.45956     -26.6943
19.45366     -26.68881
19.45592     -26.68192
19.46334     -26.68281
19.46693     -26.68693
19.46618     -26.69037
 1 
 1             80            
1
 -9999.0   ,   9990.0
   7
 10 
16.76865     -26.69506
16.77318     -26.69835
16.77488     -26.70319
16.77153     -26.70429
16.76264     -26.70184
16.76114     -26.70021
16.75868     -26.69535
16.75979     -26.69078
16.76362     -26.69108
16.76865     -26.69506
 1 
 1             81            
1
 -9999.0   ,   9990.0
   7
 12 
19.36429     -26.76893
19.35841     -26.7678
19.35506     -26.76116
19.34892     -26.76071
19.34481     -26.75522
19.34684     -26.75039
19.36162     -26.73934
19.3647      -26.7414
19.36549     -26.74828
19.36503     -26.76159
19.36658     -26.7648
19.36429     -26.76893
 1 
 1             82            
1
 -9999.0   ,   9990.0
   7
 9 
19.41207     -26.76007
19.40233     -26.75391
19.4041      -26.75046
19.41049     -26.75021
19.41558     -26.74584
19.41917     -26.74835
19.42124     -26.75293
19.41922     -26.7589
19.41207     -26.76007
 1 
 1             83            
1
 -9999.0   ,   9990.0
   7
 8 
19.54255     -26.77704
19.53845     -26.77591
19.5369      -26.77156
19.54071     -26.76741
19.54377     -26.76671
19.54941     -26.76807
19.54536     -26.77657
19.54255     -26.77704
 1 
 1             84            
1
 -9999.0   ,   9990.0
   7
 13 
19.72242     -26.85154
19.72257     -26.84876
19.72588     -26.84501
19.7466      -26.8449
19.74843     -26.84948
19.74505     -26.86275
19.74445     -26.8651
19.74204     -26.86552
19.74036     -26.86581
19.72673     -26.85763
19.72431     -26.85505
19.72228     -26.85289
19.72242     -26.85154
 1 
 1             85            
1
 -9999.0   ,   9990.0
   7
 10 
19.45808     -26.86455
19.45398     -26.86457
19.43604     -26.85706
19.42708     -26.85594
19.42425     -26.85388
19.42833     -26.85065
19.44008     -26.84695
19.45779     -26.85767
19.4596      -26.86065
19.45808     -26.86455
 1 
 1             86            
1
 -9999.0   ,   9990.0
   7
 12 
19.25647     -26.87955
19.24856     -26.88806
19.23344     -26.88097
19.22856     -26.87708
19.23213     -26.87271
19.23674     -26.87225
19.24417     -26.87544
19.2554      -26.86602
19.26844     -26.86209
19.27126     -26.86277
19.26923     -26.86897
19.25647     -26.87955
 1 
 1             87            
1
 -9999.0   ,   9990.0
   7
 11 
19.78826     -26.90478
19.78594     -26.90181
19.78354     -26.88966
19.78735     -26.88574
19.79144     -26.88549
19.79555     -26.88707
19.79814     -26.89118
19.80022     -26.89553
19.80001     -26.90035
19.79722     -26.90404
19.78826     -26.90478
 1 
 1             88            
1
 -9999.0   ,   9990.0
   7
 8 
19.70553     -26.89881
19.70148     -26.90503
19.6976      -26.9
19.69704     -26.89289
19.7001      -26.89104
19.70574     -26.8917
19.70704     -26.89468
19.70553     -26.89881
 1 
 1             89            
1
 -9999.0   ,   9990.0
   7
 10 
17.54062     -26.93771
17.53688     -26.95007
17.53015     -26.95527
17.52571     -26.96234
17.51975     -26.96732
17.51697     -26.96477
17.51726     -26.96179
17.52304     -26.95038
17.53575     -26.93835
17.54062     -26.93771
 1 
 1             90            
1
 -9999.0   ,   9990.0
   7
 7 
19.88164     -26.98566
19.88029     -26.97764
19.88179     -26.97326
19.88874     -26.97666
19.89211     -26.98192
19.88881     -26.98538
19.88164     -26.98566
 1 
 1             91            
1
 -9999.0   ,   9990.0
   7
 8 
17.77292     -26.98382
17.76961     -26.98241
17.76963     -26.97989
17.77478     -26.97741
17.78119     -26.97724
17.78115     -26.98091
17.77857     -26.98295
17.77292     -26.98382
 1 
 1             92            
1
 -9999.0   ,   9990.0
   7
 12 
15.36648     -27.02619
15.36192     -27.03227
15.36757     -27.03976
15.36594     -27.0427
15.3575      -27.04202
15.3564      -27.03648
15.35913     -27.02347
15.35203     -27.01318
15.35348     -27.00817
15.35727     -27.00964
15.36268     -27.01691
15.36648     -27.02619
 1 
 1             93            
1
 -9999.0   ,   9990.0
   7
 12 
19.93762     -27.02727
19.93585     -27.03027
19.92843     -27.03146
19.92538     -27.03401
19.92231     -27.03426
19.91768     -27.03315
19.91534     -27.02949
19.91609     -27.02742
19.92242     -27.01889
19.92626     -27.01817
19.93501     -27.02178
19.93762     -27.02727
 1 
 1             94            
1
 -9999.0   ,   9990.0
   7
 13 
19.59673     -27.06593
19.59363     -27.06273
19.59231     -27.05585
19.59459     -27.05171
19.60047     -27.04893
19.61074     -27.05164
19.61743     -27.05574
19.61873     -27.05918
19.61827     -27.06698
19.61649     -27.06905
19.60933     -27.07207
19.60548     -27.07186
19.59673     -27.06593
 1 
 1             95            
1
 -9999.0   ,   9990.0
   7
 17 
19.95526     -27.13156
19.94904     -27.12472
19.94925     -27.12059
19.95257     -27.11827
19.96055     -27.12119
19.9678      -27.12803
19.96973     -27.14247
19.97335     -27.14588
19.97132     -27.14819
19.9644      -27.14893
19.95745     -27.14669
19.95151     -27.14283
19.95073     -27.141
19.95301     -27.13869
19.95789     -27.13865
19.95915     -27.13589
19.95526     -27.13156
 1 
 1             96            
1
 -9999.0   ,   9990.0
   7
 10 
19.49609     -27.18819
19.48784     -27.18088
19.48833     -27.17674
19.49242     -27.17443
19.50654     -27.1753
19.51198     -27.18491
19.51202     -27.19088
19.50997     -27.19341
19.50278     -27.19206
19.49609     -27.18819
 1 
 1             97            
1
 -9999.0   ,   9990.0
   7
 18 
19.95573     -27.18181
19.97962     -27.18393
19.98325     -27.18758
19.98483     -27.19216
19.98334     -27.19698
19.97919     -27.1985
19.97438     -27.20026
19.96643     -27.20078
19.95563     -27.19856
19.9533      -27.19628
19.94699     -27.19455
19.94352     -27.1936
19.93963     -27.19018
19.93883     -27.18675
19.93971     -27.18407
19.94033     -27.18215
19.94519     -27.18005
19.95573     -27.18181
 1 
 1             98            
1
 -9999.0   ,   9990.0
   7
 9 
15.28038     -27.23365
15.27732     -27.23109
15.27458     -27.20896
15.27676     -27.20926
15.27895     -27.213
15.28302     -27.22964
15.28184     -27.23371
15.28157     -27.23465
15.28038     -27.23365
 1 
 1             99            
1
 -9999.0   ,   9990.0
   7
 11 
16.20413     -27.32041
16.20159     -27.31921
16.19111     -27.30683
16.19247     -27.30365
16.20106     -27.29946
16.20299     -27.29422
16.20611     -27.29291
16.20813     -27.29433
16.20601     -27.30691
16.20886     -27.31661
16.20413     -27.32041
 1 
 1             100           
1
 -9999.0   ,   9990.0
   7
 8 
16.40144     -27.31374
16.39205     -27.3193
16.38612     -27.3201
16.38488     -27.31824
16.38664     -27.30887
16.38976     -27.30755
16.39694     -27.30815
16.40144     -27.31374
 1 
 1             101           
1
 -9999.0   ,   9990.0
   7
 9 
16.31653     -27.33896
16.30771     -27.33167
16.30879     -27.32939
16.31193     -27.32716
16.31809     -27.32751
16.32594     -27.33225
16.32468     -27.34233
16.32132     -27.34295
16.31653     -27.33896
 1 
 1             102           
1
 -9999.0   ,   9990.0
   7
 9 
16.24723     -27.3447
16.24147     -27.34917
16.23734     -27.34978
16.23506     -27.3378
16.23982     -27.33261
16.24523     -27.33203
16.24743     -27.33667
16.24596     -27.34421
16.24723     -27.3447
 1 
 1             103           
1
 -9999.0   ,   9990.0
   7
 11 
15.39098     -27.44097
15.38636     -27.44062
15.37989     -27.41795
15.38152     -27.41547
15.3866      -27.41721
15.38855     -27.4129
15.3919      -27.41276
15.39337     -27.41487
15.39047     -27.42489
15.39257     -27.43941
15.39098     -27.44097
 1 
 1             104           
1
 -9999.0   ,   9990.0
   7
 19 
15.42764     -27.48532
15.42209     -27.48173
15.41596     -27.47216
15.41092     -27.46905
15.40323     -27.46012
15.40431     -27.45854
15.4108      -27.45688
15.41971     -27.45986
15.42676     -27.46464
15.44033     -27.48313
15.4556      -27.49661
15.46334     -27.51242
15.46393     -27.51794
15.4603      -27.519
15.45986     -27.51853
15.45681     -27.51524
15.45192     -27.51511
15.4337      -27.48915
15.42764     -27.48532
 1 
 1             105           
1
 -9999.0   ,   9990.0
   7
 13 
19.40554     -27.49667
19.39806     -27.49394
19.39677     -27.49119
19.40442     -27.47579
19.4175      -27.46657
19.42367     -27.46472
19.42573     -27.46563
19.42652     -27.46838
19.42474     -27.47435
19.41988     -27.47942
19.41477     -27.48976
19.40837     -27.49712
19.40554     -27.49667
 1 
 1             106           
1
 -9999.0   ,   9990.0
   7
 10 
15.49641     -27.58597
15.49756     -27.58676
15.49942     -27.5929
15.49966     -27.5937
15.49793     -27.59939
15.49308     -27.59812
15.49327     -27.59193
15.49318     -27.58665
15.49479     -27.58485
15.49641     -27.58597
 1 
 1             107           
1
 -9999.0   ,   9990.0
   7
 10 
20           -27.65935
19.99752     -27.65583
19.98382     -27.64584
19.98042     -27.6415
19.9822      -27.63873
19.98606     -27.63756
19.99638     -27.63932
19.99753     -27.63999
20           -27.64143
20           -27.65935
 1 
 1             108           
1
 -9999.0   ,   9990.0
   7
 9 
16.21416     -27.67088
16.20937     -27.66642
16.20373     -27.66516
16.20151     -27.66121
16.2025      -27.65251
16.21705     -27.65831
16.218       -27.66154
16.21684     -27.66657
16.21416     -27.67088
 1 
 1             109           
1
 -9999.0   ,   9990.0
   7
 12 
15.52419     -27.66617
15.5293      -27.66791
15.52937     -27.67388
15.53443     -27.68526
15.53551     -27.69171
15.53463     -27.69536
15.53332     -27.69602
15.53078     -27.69458
15.5272      -27.6853
15.5264      -27.67794
15.52305     -27.67177
15.52419     -27.66617
 1 
 1             110           
1
 -9999.0   ,   9990.0
   7
 8 
20           -27.68989
19.99817     -27.68979
19.99749     -27.68855
19.99587     -27.68561
19.99528     -27.68453
19.99749     -27.68033
20           -27.67558
20           -27.68989
 1 
 1             111           
1
 -9999.0   ,   9990.0
   7
 9 
15.57199     -27.70502
15.57056     -27.70891
15.57155     -27.71493
15.56765     -27.71307
15.56431     -27.70299
15.56815     -27.69574
15.57492     -27.69385
15.57626     -27.70054
15.57199     -27.70502
 1 
 1             112           
1
 -9999.0   ,   9990.0
   7
 9 
15.54824     -27.73863
15.54146     -27.73272
15.53402     -27.72312
15.53569     -27.71926
15.53879     -27.71888
15.54831     -27.72807
15.55097     -27.73388
15.55109     -27.73824
15.54824     -27.73863
 1 
 1             113           
1
 -9999.0   ,   9990.0
   7
 17 
15.57559     -27.77214
15.56615     -27.7602
15.56241     -27.74771
15.55657     -27.73632
15.55967     -27.7279
15.56531     -27.72069
15.56964     -27.72264
15.57836     -27.73273
15.58744     -27.73938
15.5906      -27.74589
15.59182     -27.76474
15.59942     -27.77817
15.60407     -27.78639
15.60297     -27.78843
15.59118     -27.78562
15.58871     -27.78211
15.57559     -27.77214
 1 
 1             114           
1
 -9999.0   ,   9990.0
   7
 18 
19.8927      -27.80641
19.89554     -27.80593
19.89866     -27.80821
19.91625     -27.81245
19.93226     -27.81372
19.93566     -27.81759
19.93468     -27.82357
19.92122     -27.82022
19.91008     -27.82659
19.90864     -27.82741
19.90295     -27.82699
19.90237     -27.82635
19.892       -27.8149
19.88891     -27.81515
19.88139     -27.81176
19.88239     -27.80831
19.88496     -27.80692
19.8927      -27.80641
 1 
 1             115           
1
 -9999.0   ,   9990.0
   7
 13 
19.57394     -27.8554
19.56672     -27.85842
19.55587     -27.85732
19.53697     -27.84844
19.51938     -27.84254
19.51728     -27.83705
19.52086     -27.83015
19.51904     -27.82717
19.52186     -27.82326
19.53219     -27.82575
19.55835     -27.83895
19.57106     -27.84968
19.57394     -27.8554
 1 
 1             116           
1
 -9999.0   ,   9990.0
   7
 11 
19.99444     -27.83622
19.99734     -27.83686
20           -27.83745
20           -27.85439
19.99848     -27.85294
19.99733     -27.8525
19.97386     -27.84348
19.97154     -27.83757
19.97868     -27.83496
19.98334     -27.83653
19.99444     -27.83622
 1 
 1             117           
1
 -9999.0   ,   9990.0
   7
 20 
15.72988     -27.88861
15.72607     -27.89517
15.71798     -27.89773
15.70852     -27.90302
15.70178     -27.91227
15.69524     -27.91487
15.69113     -27.91408
15.68734     -27.91123
15.67996     -27.89866
15.67979     -27.89567
15.68297     -27.89299
15.69272     -27.89552
15.70314     -27.89279
15.7105      -27.87988
15.71013     -27.87505
15.71407     -27.87285
15.71861     -27.87663
15.72499     -27.87908
15.72538     -27.87984
15.72988     -27.88861
 1 
 1             118           
1
 -9999.0   ,   9990.0
   7
 5 
15.69637     -27.91916
15.6992      -27.92965
15.69671     -27.93397
15.69369     -27.92355
15.69637     -27.91916
 1 
 1             119           
1
 -9999.0   ,   9990.0
   7
 8 
15.68675     -27.93548
15.69009     -27.92993
15.69388     -27.9433
15.69711     -27.94774
15.69445     -27.94997
15.68676     -27.94795
15.68425     -27.94513
15.68675     -27.93548
 1 
 1             120           
1
 -9999.0   ,   9990.0
   7
 10 
18.6793      -27.99604
18.68111     -27.9965
18.68239     -28.00155
18.69039     -28.00914
18.68728     -28.01189
18.67926     -28.01118
18.67642     -28.00911
18.67488     -28.00589
18.67541     -27.99924
18.6793      -27.99604
 1 
 1             121           
1
 -9999.0   ,   9990.0
   7
 9 
19.19009     -28.03479
19.20073     -28.04855
19.20178     -28.05451
19.1992      -28.05727
19.19299     -28.05705
19.1891      -28.05476
19.17722     -28.03995
19.18        -28.0355
19.19009     -28.03479
 1 
 1             122           
1
 -9999.0   ,   9990.0
   7
 10 
19.36742     -28.06861
19.35454     -28.08356
19.3491      -28.08243
19.34546     -28.07854
19.34363     -28.07349
19.3462      -28.06912
19.35396     -28.06727
19.35707     -28.06864
19.36043     -28.06748
19.36742     -28.06861
 1 
 1             123           
1
 -9999.0   ,   9990.0
   7
 12 
19.40622     -28.12517
19.40363     -28.12449
19.39888     -28.10317
19.40735     -28.08616
19.4068      -28.08066
19.40886     -28.07698
19.42337     -28.08084
19.42467     -28.08336
19.42237     -28.08933
19.42502     -28.10378
19.42195     -28.11113
19.40622     -28.12517
 1 
 1             124           
1
 -9999.0   ,   9990.0
   7
 9 
19.43074     -28.16525
19.43305     -28.1602
19.43692     -28.15766
19.4473      -28.16061
19.4481      -28.16566
19.44475     -28.16888
19.43725     -28.17189
19.42766     -28.171
19.43074     -28.16525
 1 
 1             125           
1
 -9999.0   ,   9990.0
   7
 10 
18.87417     -28.17784
18.87988     -28.17234
18.8949      -28.16248
18.89853     -28.16272
18.89826     -28.16868
18.89049     -28.17304
18.88842     -28.17762
18.88246     -28.1806
18.87728     -28.18105
18.87417     -28.17784
 1 
 1             126           
1
 -9999.0   ,   9990.0
   7
 18 
17.96974     -28.19981
17.96636     -28.20116
17.96206     -28.21902
17.95985     -28.2245
17.95888     -28.22611
17.95733     -28.22675
17.95446     -28.22792
17.95137     -28.22583
17.94832     -28.21892
17.94928     -28.19896
17.9447      -28.18998
17.95353     -28.18775
17.96031     -28.18252
17.96442     -28.17648
17.96868     -28.17387
17.97256     -28.17459
17.97578     -28.1909
17.96974     -28.19981
 1 
 1             127           
1
 -9999.0   ,   9990.0
   7
 8 
19.96925     -28.216
19.97192     -28.20743
19.97632     -28.20694
19.97934     -28.2021
19.98308     -28.20873
19.98002     -28.2138
19.97406     -28.21676
19.96925     -28.216
 1 
 1             128           
1
 -9999.0   ,   9990.0
   7
 12 
19.86224     -28.2575
19.85887     -28.2573
19.85702     -28.25295
19.84555     -28.24545
19.84551     -28.24132
19.84991     -28.23992
19.86317     -28.24488
19.86602     -28.2444
19.86993     -28.24805
19.87153     -28.25332
19.87001     -28.25654
19.86224     -28.2575
 1 
 1             129           
1
 -9999.0   ,   9990.0
   7
 9 
19.49518     -28.25498
19.48686     -28.24973
19.48606     -28.24538
19.48811     -28.24147
19.49901     -28.24372
19.50395     -28.24646
19.505       -28.24875
19.50295     -28.25334
19.49518     -28.25498
 1 
 1             130           
1
 -9999.0   ,   9990.0
   7
 7 
18.40961     -28.26225
18.40598     -28.26224
18.40392     -28.25902
18.40917     -28.24573
18.42261     -28.25404
18.41844     -28.25793
18.40961     -28.26225
 1 
 1             131           
1
 -9999.0   ,   9990.0
   7
 16 
16.75937     -28.34937
16.76708     -28.35271
16.7649      -28.35818
16.7664      -28.36095
16.77256     -28.36427
16.7639      -28.36941
16.74727     -28.37005
16.7453      -28.36474
16.74138     -28.36629
16.7344      -28.36502
16.7334      -28.36294
16.73449     -28.36067
16.74051     -28.35801
16.75087     -28.3591
16.75507     -28.35641
16.75937     -28.34937
 1 
 1             132           
1
 -9999.0   ,   9990.0
   7
 10 
19.81116     -28.38068
19.8044      -28.38153
19.79555     -28.37791
19.79032     -28.37359
19.79083     -28.37129
19.79808     -28.3701
19.80485     -28.37304
19.81758     -28.37526
19.81581     -28.38009
19.81116     -28.38068
 1 
 1             133           
1
 -9999.0   ,   9990.0
   7
 41 
17.87778     -28.49142
17.87626     -28.48682
17.87689     -28.47581
17.8744      -28.46523
17.86408     -28.45735
17.86646     -28.45393
17.87088     -28.4535
17.87672     -28.46039
17.87737     -28.46116
17.88066     -28.4623
17.88433     -28.4582
17.88416     -28.44948
17.88056     -28.44578
17.88165     -28.44028
17.89007     -28.42911
17.89072     -28.41512
17.89288     -28.40618
17.88907     -28.39812
17.88863     -28.38963
17.88098     -28.3758
17.88153     -28.37237
17.8885      -28.37701
17.88847     -28.3793
17.89232     -28.38415
17.8962      -28.38579
17.90217     -28.38561
17.9045      -28.38608
17.90525     -28.38839
17.90418     -28.39228
17.90077     -28.39569
17.89618     -28.41493
17.8969      -28.42113
17.89302     -28.44634
17.89472     -28.45805
17.89309     -28.46584
17.88155     -28.47676
17.8922      -28.47777
17.89244     -28.47915
17.88903     -28.48279
17.88303     -28.48572
17.87778     -28.49142
 1 
 1             134           
1
 -9999.0   ,   9990.0
   7
 32 
18.00381     -28.42653
17.98387     -28.45002
17.97859     -28.45939
17.97776     -28.46489
17.96673     -28.4788
17.94711     -28.49403
17.93558     -28.50518
17.93163     -28.51089
17.92535     -28.51566
17.91902     -28.52593
17.91457     -28.52865
17.90807     -28.52883
17.90258     -28.53269
17.89099     -28.54866
17.88159     -28.55317
17.87954     -28.5504
17.87936     -28.54191
17.89274     -28.52917
17.89964     -28.51408
17.89994     -28.51041
17.91482     -28.50227
17.91927     -28.4984
17.92891     -28.49641
17.93467     -28.49118
17.9692      -28.46413
17.97237     -28.45796
17.97499     -28.45615
17.97583     -28.44858
17.98217     -28.43647
17.99685     -28.42028
18.00177     -28.42146
18.00381     -28.42653
 1 
 1             135           
1
 -9999.0   ,   9990.0
   7
 16 
16.43835     -28.58729
16.43932     -28.59029
16.43509     -28.59342
16.43151     -28.59083
16.42473     -28.59139
16.41724     -28.58919
16.41522     -28.58686
16.41632     -28.58412
16.42452     -28.57808
16.42432     -28.57532
16.42839     -28.56828
16.4427      -28.56763
16.44602     -28.57022
16.43911     -28.57674
16.43774     -28.57993
16.43835     -28.58729
 1 
 1             136           
1
 -9999.0   ,   9990.0
   7
 18 
16.6054      -28.77545
16.6039      -28.77267
16.60424     -28.76854
16.60816     -28.76815
16.61203     -28.76983
16.61627     -28.77345
16.6238      -28.7799
16.63067     -28.78758
16.63316     -28.79291
16.63294     -28.79739
16.6327      -28.8023
16.6256      -28.80517
16.62172     -28.80395
16.61969     -28.80139
16.6119      -28.80011
16.60916     -28.7941
16.60883     -28.7856
16.6054      -28.77545
 1 
 1             137           
1
 -9999.0   ,   9990.0
   7
 7 
16.59021     -28.81488
16.58632     -28.81413
16.58763     -28.80199
16.58947     -28.80087
16.59259     -28.80139
16.59525     -28.81107
16.59021     -28.81488
 1 
 1             138           
1
 -9999.0   ,   9990.0
   7
 10 
16.60755     -28.85671
16.60169     -28.85065
16.59995     -28.84649
16.60275     -28.83758
16.60668     -28.83651
16.61456     -28.84582
16.61933     -28.85462
16.61763     -28.86079
16.61526     -28.86189
16.60755     -28.85671
 1 
 1             139           
1
 -9999.0   ,   9990.0
   7
 11 
16.98746     -28.86663
16.98897     -28.86986
16.99671     -28.8741
16.9948      -28.87912
16.99362     -28.87925
16.99114     -28.87953
16.98415     -28.87667
16.98218     -28.87376
16.98009     -28.87065
16.98145     -28.86745
16.98746     -28.86663
 1 
 1             140           
1
 -9999.0   ,   9990.0
   7
 119 
19.15262     -29.01145
19.15767     -29.00997
19.16217     -29.01359
19.16403     -29.02941
19.1617      -29.03882
19.15312     -29.05534
19.15209     -29.06384
19.15917     -29.07346
19.15708     -29.07576
19.1495      -29.07347
19.14768     -29.07577
19.15399     -29.09755
19.15924     -29.1081
19.17102     -29.11909
19.17155     -29.12254
19.19092     -29.13673
19.19747     -29.14291
19.20113     -29.14428
19.21109     -29.15482
19.21321     -29.16468
19.21768     -29.17453
19.22266     -29.17934
19.22529     -29.1853
19.23132     -29.19011
19.24624     -29.19811
19.263       -29.20381
19.26745     -29.20816
19.26957     -29.21527
19.25543     -29.21094
19.24889     -29.20728
19.24286     -29.20454
19.24182     -29.20569
19.24631     -29.21852
19.24553     -29.22128
19.24187     -29.22243
19.2382      -29.21808
19.23422     -29.19928
19.23081     -29.19607
19.22348     -29.19264
19.21614     -29.18486
19.21403     -29.17706
19.20734     -29.16785
19.21041     -29.19244
19.20937     -29.19817
19.20799     -29.20119
19.20391     -29.21011
19.19948     -29.21356
19.19738     -29.21081
19.20308     -29.19245
19.20378     -29.15598
19.19696     -29.1491
19.17235     -29.13125
19.16701     -29.12514
19.1493      -29.1049
19.143       -29.0877
19.14142     -29.07922
19.14245     -29.07371
19.13853     -29.07302
19.12705     -29.07946
19.12889     -29.0845
19.12368     -29.09506
19.12031     -29.10814
19.11941     -29.1308
19.1102      -29.15471
19.11099     -29.15884
19.10943     -29.16366
19.09613     -29.18752
19.09404     -29.1873
19.09169     -29.18936
19.08205     -29.20841
19.07892     -29.2185
19.08443     -29.22859
19.09752     -29.23936
19.09812     -29.24144
19.09831     -29.24211
19.0923      -29.24693
19.08629     -29.24808
19.08445     -29.24694
19.07763     -29.23272
19.0771      -29.22814
19.0737      -29.22447
19.06742     -29.22241
19.04571     -29.22356
19.02798     -29.23325
19.02557     -29.22311
19.0172      -29.21944
19.00412     -29.21761
18.99129     -29.22353
18.98425     -29.22679
18.97954     -29.2238
18.98032     -29.21968
18.98477     -29.21532
18.99418     -29.21142
19.00307     -29.20958
19.00856     -29.21394
19.03394     -29.21783
19.04178     -29.21783
19.05904     -29.21484
19.06845     -29.21071
19.08448     -29.18853
19.09481     -29.17422
19.09922     -29.15587
19.10677     -29.13751
19.11041     -29.12352
19.10988     -29.11962
19.11144     -29.11755
19.11507     -29.09782
19.11557     -29.08612
19.11843     -29.07626
19.1226      -29.07121
19.12103     -29.06937
19.10483     -29.06778
19.09568     -29.06114
19.09463     -29.05793
19.09593     -29.05563
19.13042     -29.06477
19.14216     -29.06155
19.15492     -29.03906
19.15262     -29.01145
 1 
 1             141           
1
 -9999.0   ,   9990.0
   7
 10 
17.31012     -29.07991
17.31475     -29.08455
17.31523     -29.08754
17.3131      -29.09005
17.30654     -29.09203
17.30291     -29.09038
17.30149     -29.08073
17.30418     -29.07548
17.30782     -29.07644
17.31012     -29.07991
 1 
 1             142           
1
 -9999.0   ,   9990.0
   7
 16 
19.89807     -29.13299
19.87028     -29.15313
19.84523     -29.15764
19.84237     -29.15949
19.82801     -29.16119
19.81288     -29.16563
19.80582     -29.16476
19.8042      -29.15903
19.80679     -29.15558
19.81355     -29.15141
19.85739     -29.14357
19.88578     -29.13169
19.90006     -29.12196
19.90528     -29.12124
19.90712     -29.12284
19.89807     -29.13299
 1 
 1             143           
1
 -9999.0   ,   9990.0
   7
 9 
19.71978     -29.12365
19.71895     -29.12738
19.71121     -29.13225
19.70599     -29.13296
19.70363     -29.13137
19.70387     -29.12908
19.71166     -29.12284
19.71636     -29.1219
19.71978     -29.12365
 1 
 1             144           
1
 -9999.0   ,   9990.0
   7
 48 
19.8031      -29.18427
19.80235     -29.18817
19.80448     -29.19321
19.80427     -29.19963
19.81122     -29.2184
19.81491     -29.22067
19.82434     -29.22245
19.82724     -29.22542
19.82361     -29.22979
19.81735     -29.23144
19.81894     -29.23418
19.82972     -29.24123
19.8315      -29.24347
19.8366      -29.2499
19.83478     -29.25198
19.82902     -29.25109
19.81848     -29.24152
19.81456     -29.24224
19.81697     -29.24933
19.81522     -29.2592
19.81184     -29.26129
19.80789     -29.25856
19.80581     -29.25972
19.80299     -29.26708
19.80484     -29.26936
19.80516     -29.27601
19.80361     -29.279
19.80073     -29.27879
19.7958      -29.2834
19.78746     -29.28781
19.76241     -29.29781
19.75795     -29.29646
19.77684     -29.28375
19.78372     -29.27911
19.78968     -29.27128
19.79644     -29.26643
19.79658     -29.25152
19.80617     -29.23976
19.80847     -29.23287
19.80655     -29.22233
19.8073      -29.21865
19.80063     -29.20241
19.79694     -29.1983
19.7937      -29.18593
19.79053     -29.18136
19.79074     -29.17471
19.79281     -29.17194
19.8031      -29.18427
 1 
 1             145           
1
 -9999.0   ,   9990.0
   7
 14 
18.93743     -29.2332
18.93246     -29.23916
18.92854     -29.2403
18.92069     -29.2481
18.91022     -29.25383
18.90656     -29.25291
18.90421     -29.24763
18.91232     -29.24351
18.92017     -29.24145
18.939       -29.22425
18.95574     -29.21898
18.95705     -29.22174
18.95077     -29.22747
18.93743     -29.2332
 1 
 1             146           
1
 -9999.0   ,   9990.0
   7
 20 
18.89872     -29.22217
18.89297     -29.22744
18.87308     -29.23775
18.86366     -29.25196
18.85553     -29.2781
18.85172     -29.2796
18.84877     -29.28013
18.8448      -29.2829
18.83589     -29.29482
18.83248     -29.29505
18.82947     -29.2922
18.82909     -29.29183
18.83852     -29.27693
18.85214     -29.26112
18.85502     -29.25218
18.86052     -29.24301
18.86471     -29.23866
18.88434     -29.22514
18.89271     -29.22217
18.89872     -29.22217
 1 
 1             147           
1
 -9999.0   ,   9990.0
   7
 13 
19.97299     -29.28593
19.96405     -29.28369
19.95355     -29.27758
19.953       -29.27483
19.94666     -29.26869
19.92467     -29.23993
19.92544     -29.23763
19.92988     -29.23738
19.93938     -29.24603
19.94279     -29.24692
19.94493     -29.25241
19.9687      -29.27564
19.97299     -29.28593
 1 
 1             148           
1
 -9999.0   ,   9990.0
   7
 10 
19.91853     -29.28356
19.91715     -29.27531
19.91023     -29.26274
19.91178     -29.25997
19.91569     -29.25834
19.92094     -29.26106
19.92826     -29.28785
19.92646     -29.29153
19.92175     -29.29156
19.91853     -29.28356
 1 
 1             149           
1
 -9999.0   ,   9990.0
   7
 8 
19.88889     -29.27503
19.88678     -29.27321
19.89036     -29.26447
19.89478     -29.261
19.89844     -29.26098
19.90003     -29.26303
19.89358     -29.27294
19.88889     -29.27503
 1 
 1             150           
1
 -9999.0   ,   9990.0
   7
 9 
17.19025     -29.27133
17.19732     -29.27074
17.20016     -29.27307
17.19801     -29.27694
17.1925      -29.27779
17.18332     -29.27882
17.18075     -29.27603
17.185       -29.27195
17.19025     -29.27133
 1 
 1             151           
1
 -9999.0   ,   9990.0
   7
 19 
19.94042     -29.32859
19.9365      -29.32885
19.93359     -29.32612
19.93126     -29.32169
19.92613     -29.31195
19.9148      -29.30376
19.90481     -29.29993
19.8891      -29.29934
19.8862      -29.29615
19.89319     -29.28831
19.89844     -29.28965
19.90397     -29.29351
19.91866     -29.29732
19.9263      -29.303
19.93524     -29.30638
19.93845     -29.31415
19.93798     -29.31966
19.9409      -29.324
19.94042     -29.32859
 1 
 1             152           
1
 -9999.0   ,   9990.0
   7
 11 
16.9477      -29.33199
16.95185     -29.32769
16.95649     -29.3312
16.95911     -29.34546
16.958       -29.3496
16.95771     -29.35071
16.9553      -29.3532
16.95162     -29.35406
16.94662     -29.34114
16.94704     -29.33266
16.9477      -29.33199
 1 
 1             153           
1
 -9999.0   ,   9990.0
   7
 7 
20           -29.37307
20           -29.38173
19.98152     -29.38198
19.97704     -29.37903
19.98077     -29.37687
19.98668     -29.37345
20           -29.37307
 1 
 1             154           
1
 -9999.0   ,   9990.0
   7
 18 
19.84048     -29.42924
19.83731     -29.4265
19.84095     -29.42281
19.85428     -29.41952
19.85743     -29.41996
19.86141     -29.42544
19.87871     -29.42579
19.88057     -29.42876
19.87301     -29.43385
19.86122     -29.43347
19.84763     -29.43882
19.84157     -29.43496
19.83113     -29.43915
19.82614     -29.4385
19.82402     -29.43507
19.82661     -29.43207
19.83        -29.43045
19.84048     -29.42924
 1 
 1             155           
1
 -9999.0   ,   9990.0
   7
 93 
20           -29.5002
19.99345     -29.50115
19.97586     -29.49898
19.9675      -29.50225
19.94141     -29.51711
19.92918     -29.52751
19.91004     -29.52741
19.90719     -29.53179
19.90834     -29.53505
19.90881     -29.53636
19.91567     -29.54114
19.91649     -29.54526
19.91295     -29.55927
19.91645     -29.56911
19.91964     -29.57321
19.91864     -29.5785
19.90894     -29.57994
19.90577     -29.57697
19.90573     -29.57331
19.9091      -29.56824
19.90906     -29.56388
19.90066     -29.56325
19.88784     -29.56815
19.8852      -29.56564
19.88831     -29.56127
19.90317     -29.55085
19.90223     -29.54434
19.90205     -29.54306
19.89344     -29.54839
19.87991     -29.56155
19.87494     -29.56318
19.87105     -29.5678
19.87634     -29.57327
19.86804     -29.58387
19.86417     -29.59169
19.86103     -29.59286
19.85299     -29.60437
19.84414     -29.61291
19.83447     -29.61733
19.82997     -29.61346
19.82264     -29.61511
19.81864     -29.60802
19.81749     -29.60698
19.81256     -29.60255
19.80942     -29.60395
19.80684     -29.60992
19.80423     -29.61177
19.79687     -29.61021
19.78851     -29.61508
19.78594     -29.62243
19.78704     -29.6277
19.78601     -29.63068
19.78183     -29.63392
19.77232     -29.6264
19.76075     -29.62418
19.75968     -29.62166
19.79367     -29.60381
19.79809     -29.59943
19.79916     -29.59312
19.8016      -29.57877
19.80658     -29.57759
19.80975     -29.58101
19.81343     -29.58122
19.8165      -29.57157
19.81885     -29.56972
19.82358     -29.57153
19.8265      -29.57495
19.82526     -29.58413
19.82874     -29.59122
19.83427     -29.59394
19.84445     -29.587
19.84778     -29.57734
19.84561     -29.56933
19.84056     -29.56156
19.8341      -29.54566
19.83276     -29.53914
19.83588     -29.53683
19.8528      -29.5514
19.86359     -29.555
19.87146     -29.55564
19.8806      -29.55008
19.88683     -29.54293
19.89387     -29.53853
19.89981     -29.52817
19.90476     -29.52424
19.93585     -29.51073
19.9394      -29.50812
19.95069     -29.49985
19.95956     -29.4952
19.97474     -29.49165
19.97943     -29.4891
20           -29.49111
20           -29.5002
 1 
 1             156           
1
 -9999.0   ,   9990.0
   7
 7 
17.05932     -29.50786
17.05727     -29.51223
17.0549      -29.51266
17.05159     -29.50734
17.05097     -29.49792
17.05439     -29.49728
17.05932     -29.50786
 1 
 1             157           
1
 -9999.0   ,   9990.0
   7
 11 
19.96214     -29.5172
19.96679     -29.51074
19.97022     -29.51255
19.97238     -29.51919
19.96955     -29.52426
19.95544     -29.53032
19.95177     -29.52988
19.94965     -29.52783
19.95353     -29.52207
19.96111     -29.5195
19.96214     -29.5172
 1 
 1             158           
1
 -9999.0   ,   9990.0
   7
 9 
17.03545     -29.51934
17.03329     -29.51855
17.03439     -29.51581
17.03734     -29.51385
17.03811     -29.51334
17.04362     -29.51273
17.04668     -29.51805
17.04372     -29.52236
17.03545     -29.51934
 1 
 1             159           
1
 -9999.0   ,   9990.0
   7
 12 
19.57067     -29.53589
19.56354     -29.52697
19.56325     -29.52239
19.56508     -29.521
19.57296     -29.52327
19.57954     -29.52737
19.58192     -29.53056
19.58691     -29.53192
19.58851     -29.53489
19.59746     -29.54105
19.58988     -29.54452
19.57067     -29.53589
 1 
 1             160           
1
 -9999.0   ,   9990.0
   7
 8 
19.54914     -29.53185
19.55674     -29.53044
19.55754     -29.53296
19.54943     -29.53598
19.54024     -29.53463
19.53839     -29.53258
19.54204     -29.52798
19.54914     -29.53185
 1 
 1             161           
1
 -9999.0   ,   9990.0
   7
 11 
17.02741     -29.55424
17.0341      -29.547
17.03591     -29.5484
17.03565     -29.5513
17.03428     -29.5665
17.02951     -29.56872
17.02937     -29.57652
17.02776     -29.57856
17.02272     -29.57853
17.02099     -29.56126
17.02741     -29.55424
 1 
 1             162           
1
 -9999.0   ,   9990.0
   7
 9 
19.62265     -29.58267
19.61546     -29.56574
19.61649     -29.56321
19.61201     -29.55956
19.61619     -29.55656
19.62041     -29.55975
19.62891     -29.57599
19.62711     -29.58242
19.62265     -29.58267
 1 
 1             163           
1
 -9999.0   ,   9990.0
   7
 8 
19.51318     -29.57579
19.51212     -29.57304
19.51445     -29.56844
19.52072     -29.56338
19.52518     -29.56244
19.52598     -29.56427
19.51895     -29.57485
19.51318     -29.57579
 1 
 1             164           
1
 -9999.0   ,   9990.0
   7
 11 
19.98015     -29.58931
19.98288     -29.59984
19.97117     -29.61047
19.96535     -29.60547
19.96061     -29.60413
19.95821     -29.59956
19.96025     -29.59381
19.96885     -29.58756
19.97219     -29.58019
19.97613     -29.57994
19.98015     -29.58931
 1 
 1             165           
1
 -9999.0   ,   9990.0
   7
 9 
19.94176     -29.58155
19.94469     -29.58566
19.94445     -29.58841
19.94028     -29.59142
19.93712     -29.59007
19.93287     -29.58505
19.9344      -29.58046
19.93755     -29.57997
19.94176     -29.58155
 1 
 1             166           
1
 -9999.0   ,   9990.0
   7
 14 
19.74074     -29.61649
19.73333     -29.60873
19.72861     -29.6083
19.72674     -29.60533
19.73142     -29.59842
19.73797     -29.59655
19.74585     -29.59811
19.76551     -29.59434
19.76738     -29.59937
19.76012     -29.6095
19.7489      -29.61874
19.74261     -29.62083
19.74023     -29.61832
19.74074     -29.61649
 1 
 1             167           
1
 -9999.0   ,   9990.0
   7
 7 
19.69608     -29.61145
19.68741     -29.61034
19.68529     -29.60829
19.68815     -29.60414
19.69443     -29.60113
19.6976      -29.60433
19.69608     -29.61145
 1 
 1             168           
1
 -9999.0   ,   9990.0
   7
 8 
19.94468     -29.64001
19.94229     -29.63727
19.9488      -29.63172
19.95355     -29.63353
19.96405     -29.63368
19.96541     -29.63872
19.95943     -29.64495
19.94468     -29.64001
 1 
 1             169           
1
 -9999.0   ,   9990.0
   7
 12 
19.01835     -29.67353
19.01362     -29.67308
19.01204     -29.6639
19.01412     -29.63685
19.01622     -29.63478
19.02515     -29.63547
19.02804     -29.63822
19.02936     -29.6428
19.02727     -29.65588
19.02281     -29.66092
19.02229     -29.66734
19.01835     -29.67353
 1 
 1             170           
1
 -9999.0   ,   9990.0
   7
 7 
19.97949     -29.65513
19.9773      -29.64597
19.97884     -29.64229
19.98566     -29.64201
19.98703     -29.64728
19.98368     -29.65373
19.97949     -29.65513
 1 
 1             171           
1
 -9999.0   ,   9990.0
   7
 12 
19.84964     -29.67204
19.84621     -29.66977
19.84644     -29.66633
19.85033     -29.66057
19.85685     -29.65549
19.86235     -29.65408
19.86631     -29.65612
19.8679      -29.65794
19.86609     -29.6607
19.85956     -29.66464
19.85697     -29.6697
19.84964     -29.67204
 1 
 1             172           
1
 -9999.0   ,   9990.0
   7
 21 
19.78719     -29.67998
19.78428     -29.67655
19.78583     -29.67402
19.78526     -29.6683
19.78258     -29.66212
19.78545     -29.65889
19.78834     -29.65888
19.79389     -29.66412
19.79862     -29.66386
19.80175     -29.66132
19.80805     -29.6606
19.81331     -29.66171
19.8194      -29.66833
19.81892     -29.67292
19.81631     -29.67568
19.81264     -29.67639
19.80842     -29.67367
19.79948     -29.67234
19.79555     -29.6742
19.7906      -29.67927
19.78719     -29.67998
 1 
 1             173           
1
 -9999.0   ,   9990.0
   7
 6 
18.49093     -29.67723
18.48332     -29.67606
18.48152     -29.66619
18.49045     -29.66668
18.49228     -29.66921
18.49093     -29.67723
 1 
 1             174           
1
 -9999.0   ,   9990.0
   7
 8 
19.71415     -29.67717
19.7173      -29.67646
19.72021     -29.67989
19.71629     -29.68289
19.69638     -29.6901
19.70054     -29.68343
19.71178     -29.67649
19.71415     -29.67717
 1 
 1             175           
1
 -9999.0   ,   9990.0
   7
 7 
19.89553     -29.69239
19.89308     -29.68301
19.89487     -29.67818
19.89804     -29.6793
19.90388     -29.68615
19.90338     -29.6889
19.89553     -29.69239
 1 
 1             176           
1
 -9999.0   ,   9990.0
   7
 10 
19.75363     -29.68796
19.74757     -29.68547
19.7457      -29.68112
19.74753     -29.67974
19.75724     -29.67969
19.75989     -29.68174
19.76123     -29.68609
19.75995     -29.6893
19.75732     -29.68978
19.75363     -29.68796
 1 
 1             177           
1
 -9999.0   ,   9990.0
   7
 8 
19.66607     -29.71341
19.66291     -29.71205
19.66157     -29.7093
19.66127     -29.70426
19.66285     -29.70333
19.66863     -29.70445
19.66945     -29.70835
19.66607     -29.71341
 1 
 1             178           
1
 -9999.0   ,   9990.0
   7
 8 
19.58068     -29.71425
19.5783      -29.71289
19.57042     -29.71269
19.56646     -29.70858
19.56881     -29.70628
19.578       -29.70555
19.58328     -29.71034
19.58068     -29.71425
 1 
 1             179           
1
 -9999.0   ,   9990.0
   7
 19 
19.77278     -29.75091
19.77491     -29.7548
19.77444     -29.76077
19.76711     -29.76471
19.76106     -29.7652
19.75997     -29.7597
19.76336     -29.75578
19.7649      -29.75165
19.76409     -29.7489
19.75853     -29.74366
19.75272     -29.74071
19.74424     -29.73158
19.74633     -29.72905
19.7555      -29.72625
19.76844     -29.73443
19.77058     -29.73855
19.76641     -29.7427
19.76722     -29.74613
19.77278     -29.75091
 1 
 1             180           
1
 -9999.0   ,   9990.0
   7
 8 
19.87974     -29.74844
19.87395     -29.74756
19.87024     -29.74415
19.86938     -29.73635
19.87564     -29.73058
19.87775     -29.73149
19.87703     -29.73998
19.87974     -29.74844
 1 
 1             181           
1
 -9999.0   ,   9990.0
   7
 24 
20           -29.7648
19.99557     -29.76669
19.9845      -29.76379
19.97797     -29.76819
19.94879     -29.79522
19.9446      -29.79708
19.94229     -29.80306
19.9403      -29.80515
19.93109     -29.81483
19.92558     -29.8167
19.92345     -29.81397
19.92759     -29.80637
19.94141     -29.79367
19.95413     -29.77661
19.95042     -29.77297
19.9567      -29.7704
19.97682     -29.75765
19.98177     -29.75372
19.98644     -29.74704
19.98827     -29.74656
19.98914     -29.75458
19.99205     -29.75571
20           -29.75696
20           -29.7648
 1 
 1             182           
1
 -9999.0   ,   9990.0
   7
 9 
19.86431     -29.75702
19.85535     -29.75547
19.85195     -29.75664
19.85087     -29.75344
19.85609     -29.74997
19.87109     -29.75171
19.87217     -29.75468
19.87087     -29.75652
19.86431     -29.75702
 1 
 1             183           
1
 -9999.0   ,   9990.0
   7
 13 
19.80467     -29.76105
19.79649     -29.75743
19.80067     -29.75397
19.80461     -29.75371
19.81598     -29.7619
19.82076     -29.76761
19.82184     -29.77127
19.82054     -29.77288
19.81475     -29.77223
19.80892     -29.76722
19.80313     -29.76611
19.80207     -29.76428
19.80467     -29.76105
 1 
 1             184           
1
 -9999.0   ,   9990.0
   7
 9 
19.74306     -29.78341
19.73884     -29.78068
19.74115     -29.77333
19.7485      -29.77237
19.74983     -29.77374
19.74854     -29.77742
19.75044     -29.78543
19.74808     -29.78659
19.74306     -29.78341
 1 
 1             185           
1
 -9999.0   ,   9990.0
   7
 13 
18.98112     -29.80057
18.98453     -29.79644
18.98716     -29.79644
18.994       -29.79231
19.00477     -29.78131
19.00897     -29.78085
19.01003     -29.78521
19.00478     -29.7946
18.99243     -29.80768
18.9777      -29.80813
18.9756      -29.80676
18.97612     -29.80469
18.98112     -29.80057
 1 
 1             186           
1
 -9999.0   ,   9990.0
   7
 17 
19.75616     -29.81108
19.75514     -29.81453
19.74803     -29.81388
19.73859     -29.81714
19.73568     -29.81555
19.7299      -29.81627
19.72021     -29.82205
19.71653     -29.8223
19.71546     -29.82001
19.7288      -29.8094
19.74138     -29.80406
19.74448     -29.79716
19.74262     -29.79373
19.74654     -29.79096
19.75032     -29.80355
19.75667     -29.80901
19.75616     -29.81108
 1 
 1             187           
1
 -9999.0   ,   9990.0
   7
 8 
19.6951      -29.8043
19.69193     -29.80202
19.68925     -29.79561
19.69186     -29.79262
19.70005     -29.79785
19.70191     -29.80059
19.70009     -29.80312
19.6951      -29.8043
 1 
 1             188           
1
 -9999.0   ,   9990.0
   7
 6 
19.56836     -29.8074
19.56673     -29.79961
19.57277     -29.79729
19.57701     -29.80347
19.57651     -29.80691
19.56836     -29.8074
 1 
 1             189           
1
 -9999.0   ,   9990.0
   7
 10 
19.79352     -29.81271
19.78612     -29.80794
19.78688     -29.80449
19.78975     -29.80195
19.79475     -29.8017
19.79821     -29.80741
19.80717     -29.80942
19.80669     -29.81561
19.80224     -29.8177
19.79352     -29.81271
 1 
 1             190           
1
 -9999.0   ,   9990.0
   7
 14 
18.76362     -29.81598
18.77046     -29.81301
18.7802      -29.81142
18.78282     -29.81302
18.77914     -29.81646
18.77256     -29.81805
18.76861     -29.82126
18.74493     -29.82603
18.73704     -29.82373
18.74021     -29.81823
18.75073     -29.81596
18.75599     -29.81551
18.75888     -29.81712
18.76362     -29.81598
 1 
 1             191           
1
 -9999.0   ,   9990.0
   7
 17 
19.89701     -29.82675
19.89123     -29.82771
19.88522     -29.83256
19.87943     -29.83191
19.86857     -29.82395
19.86197     -29.82032
19.85354     -29.81877
19.85088     -29.8158
19.85243     -29.81304
19.85585     -29.81257
19.8709      -29.81935
19.88356     -29.82271
19.89852     -29.81963
19.90248     -29.82075
19.90488     -29.82486
19.902       -29.82649
19.89701     -29.82675
 1 
 1             192           
1
 -9999.0   ,   9990.0
   7
 19 
19.62337     -29.81496
19.62472     -29.81931
19.61952     -29.82827
19.61428     -29.83174
19.6132      -29.82853
19.60851     -29.83474
19.58856     -29.84217
19.57581     -29.86446
19.57162     -29.86883
19.569       -29.87114
19.56479     -29.86955
19.57127     -29.85393
19.57514     -29.84108
19.5746      -29.8381
19.57826     -29.8351
19.60608     -29.82581
19.62023     -29.81681
19.6226      -29.81657
19.62337     -29.81496
 1 
 1             193           
1
 -9999.0   ,   9990.0
   7
 14 
20           -29.82731
19.99321     -29.84627
19.99394     -29.86599
19.99004     -29.87083
19.98372     -29.87133
19.98134     -29.86997
19.97759     -29.86312
19.97965     -29.85829
19.98352     -29.8507
19.98449     -29.84266
19.98962     -29.82956
19.99274     -29.82541
19.99615     -29.82401
20           -29.82731
 1 
 1             194           
1
 -9999.0   ,   9990.0
   7
 47 
19.75514     -29.84869
19.76404     -29.84383
19.77211     -29.83232
19.77942     -29.82586
19.78232     -29.82653
19.78339     -29.82905
19.7808      -29.8341
19.7824      -29.83685
19.79315     -29.83266
19.79603     -29.83012
19.8018      -29.82871
19.80288     -29.83169
19.79794     -29.83882
19.78378     -29.84464
19.76361     -29.85575
19.76048     -29.85944
19.76156     -29.86195
19.76577     -29.86331
19.76911     -29.86648
19.77081     -29.86809
19.77845     -29.86874
19.81978     -29.87033
19.82817     -29.86684
19.83843     -29.86656
19.84454     -29.87431
19.84231     -29.89015
19.8482      -29.90157
19.84534     -29.90526
19.84191     -29.90436
19.83158     -29.88802
19.82777     -29.88198
19.82406     -29.87994
19.80858     -29.88462
19.80169     -29.87847
19.78615     -29.87764
19.77116     -29.87887
19.75665     -29.87413
19.74509     -29.87695
19.73959     -29.88019
19.73336     -29.89191
19.7289      -29.89354
19.72652     -29.89172
19.73452     -29.87712
19.73534     -29.87562
19.73892     -29.86047
19.74361     -29.8554
19.75514     -29.84869
 3 
 1             195           
1
 -9999.0   ,   9990.0
   7
 56 
19.7234      -29.82662
19.73788     -29.82861
19.73896     -29.83112
19.7319      -29.83712
19.73587     -29.841
19.73326     -29.84354
19.72906     -29.84448
19.72169     -29.84383
19.71039     -29.84595
19.69791     -29.85165
19.70651     -29.85537
19.7131      -29.85579
19.71602     -29.85968
19.71105     -29.8636
19.69764     -29.86481
19.69109     -29.86989
19.68188     -29.86856
19.67486     -29.87475
19.67351     -29.87594
19.6696      -29.88146
19.67725     -29.88486
19.69014     -29.8832
19.7122      -29.87712
19.71821     -29.87205
19.72138     -29.87272
19.72167     -29.87638
19.7196      -29.88121
19.71017     -29.88768
19.70306     -29.88748
19.67494     -29.89267
19.66254     -29.88929
19.65545     -29.89024
19.65476     -29.89061
19.64443     -29.89625
19.64156     -29.9004
19.63616     -29.9183
19.63092     -29.92245
19.62591     -29.92156
19.62325     -29.91722
19.6224      -29.90736
19.61686     -29.90578
19.63783     -29.89331
19.63992     -29.89054
19.64798     -29.87538
19.65895     -29.86317
19.6604      -29.85942
19.66179     -29.85582
19.66353     -29.84068
19.66849     -29.83515
19.67819     -29.83121
19.68953     -29.83505
19.69743     -29.83593
19.70347     -29.83406
19.70947     -29.82807
19.71525     -29.82643
19.7234      -29.82662
 1             195           2 
1
 -9999.0   ,   9990.0
   7
 6 
19.66976     -29.86771
19.67867     -29.8617
19.67786     -29.85849
19.67181     -29.85967
19.66713     -29.86726
19.66976     -29.86771
 1             195           3 
1
 -9999.0   ,   9990.0
   7
 7 
19.68117     -29.84312
19.67226     -29.8482
19.67098     -29.85348
19.67415     -29.85507
19.68175     -29.85114
19.68409     -29.84746
19.68117     -29.84312
 1 
 1             196           
1
 -9999.0   ,   9990.0
   7
 19 
19.53525     -29.85889
19.53595     -29.84307
19.53805     -29.84145
19.54306     -29.84304
19.54566     -29.83776
19.55011     -29.83545
19.55224     -29.83956
19.54991     -29.84599
19.55255     -29.84782
19.5442      -29.85977
19.54423     -29.86436
19.54794     -29.86939
19.5548      -29.87211
19.55719     -29.87508
19.55615     -29.87807
19.55195     -29.87877
19.54034     -29.87469
19.53503     -29.86508
19.53525     -29.85889
 1 
 1             197           
1
 -9999.0   ,   9990.0
   7
 12 
19.95403     -29.84792
19.95059     -29.84611
19.9524      -29.84266
19.95947     -29.83917
19.9605      -29.83733
19.9668      -29.83545
19.97706     -29.83584
19.97709     -29.83882
19.97264     -29.84137
19.96686     -29.84187
19.95849     -29.84697
19.95403     -29.84792
 1 
 1             198           
1
 -9999.0   ,   9990.0
   7
 9 
19.8255      -29.86296
19.81777     -29.85109
19.81878     -29.84581
19.82271     -29.84372
19.82928     -29.84345
19.83088     -29.84528
19.83174     -29.85353
19.82943     -29.86019
19.8255      -29.86296
 1 
 1             199           
1
 -9999.0   ,   9990.0
   7
 20 
18.95563     -29.88058
18.94931     -29.87118
18.95194     -29.86706
18.95246     -29.86178
18.95799     -29.85146
18.96298     -29.8478
18.96772     -29.84872
18.96852     -29.86751
18.97641     -29.87394
19.00144     -29.91314
19.00776     -29.91681
19.01038     -29.9203
19.01224     -29.92277
19.00829     -29.92667
19.00303     -29.92713
18.99039     -29.92323
18.98538     -29.91773
18.96195     -29.9003
18.96089     -29.89365
18.95563     -29.88058
 1 
 1             200           
1
 -9999.0   ,   9990.0
   7
 10 
19.96337     -29.86162
19.96365     -29.86345
19.96052     -29.86691
19.94371     -29.87023
19.94186     -29.86841
19.94418     -29.86381
19.95099     -29.8601
19.96043     -29.85751
19.96334     -29.85909
19.96337     -29.86162
 1 
 1             201           
1
 -9999.0   ,   9990.0
   7
 8 
19.92229     -29.8862
19.91276     -29.88076
19.91353     -29.87892
19.91903     -29.87613
19.93033     -29.87399
19.93301     -29.87902
19.92832     -29.88432
19.92229     -29.8862
 1 
 1             202           
1
 -9999.0   ,   9990.0
   7
 11 
18.90352     -29.88239
18.90589     -29.88125
18.90931     -29.88194
18.91115     -29.88423
18.90983     -29.88653
18.90773     -29.88607
18.90562     -29.88813
18.89194     -29.88881
18.88825     -29.88513
18.8951      -29.88147
18.90352     -29.88239
 1 
 1             203           
1
 -9999.0   ,   9990.0
   7
 7 
19.93498     -29.89322
19.93572     -29.88748
19.93988     -29.88195
19.94252     -29.88331
19.9431      -29.88812
19.93893     -29.89274
19.93498     -29.89322
 1 
 1             204           
1
 -9999.0   ,   9990.0
   7
 15 
19.89382     -29.91092
19.88965     -29.91484
19.88343     -29.92589
19.87792     -29.92822
19.87604     -29.92433
19.8781      -29.91858
19.88045     -29.91696
19.88744     -29.90408
19.88947     -29.89535
19.88811     -29.89009
19.89175     -29.88502
19.89962     -29.88268
19.90227     -29.88472
19.90606     -29.89593
19.89382     -29.91092
 1 
 1             205           
1
 -9999.0   ,   9990.0
   7
 13 
19.87074     -29.92024
19.86705     -29.9198
19.86281     -29.91707
19.86094     -29.91296
19.86325     -29.90653
19.8731      -29.88996
19.8778      -29.88557
19.88385     -29.88461
19.88571     -29.88667
19.87977     -29.90023
19.87855     -29.91056
19.87466     -29.91746
19.87074     -29.92024
 1 
 1             206           
1
 -9999.0   ,   9990.0
   7
 12 
19.53971     -29.90129
19.53839     -29.90198
19.53895     -29.90703
19.54107     -29.91023
19.54057     -29.91458
19.53716     -29.91666
19.52846     -29.91509
19.52608     -29.91281
19.52606     -29.90822
19.5284      -29.90294
19.5347      -29.89971
19.53971     -29.90129
 1 
 1             207           
1
 -9999.0   ,   9990.0
   7
 9 
19.75165     -29.90809
19.74401     -29.90699
19.74267     -29.90493
19.74476     -29.90217
19.76159     -29.89979
19.76924     -29.90181
19.76795     -29.90594
19.75666     -29.90876
19.75165     -29.90809
 1 
 1             208           
1
 -9999.0   ,   9990.0
   7
 7 
19.977       -29.90967
19.97462     -29.90854
19.97641     -29.90371
19.99272     -29.90268
19.9938      -29.90519
19.99197     -29.90658
19.977       -29.90967
 1 
 1             209           
1
 -9999.0   ,   9990.0
   7
 16 
19.81521     -29.92241
19.8057      -29.91902
19.80278     -29.91514
19.80407     -29.91239
19.80643     -29.91146
19.82067     -29.91412
19.8354      -29.91266
19.83991     -29.91699
19.82919     -29.92531
19.82524     -29.92602
19.81924     -29.93201
19.81222     -29.94352
19.80802     -29.94469
19.80693     -29.93965
19.8155      -29.92653
19.81521     -29.92241
 1 
 1             210           
1
 -9999.0   ,   9990.0
   7
 14 
19.90351     -29.93355
19.89901     -29.93152
19.90214     -29.92783
19.90583     -29.92804
19.90791     -29.92573
19.9076      -29.92115
19.91044     -29.91425
19.91305     -29.9124
19.91831     -29.91167
19.91964     -29.91327
19.91574     -29.91811
19.9127      -29.93051
19.91035     -29.93282
19.90351     -29.93355
 2 
 1             211           
1
 -9999.0   ,   9990.0
   7
 39 
19.68148     -29.92428
19.70965     -29.92437
19.73171     -29.91737
19.7338      -29.91484
19.73932     -29.91389
19.74278     -29.91846
19.73938     -29.92215
19.72601     -29.92887
19.72235     -29.93301
19.71577     -29.9335
19.71395     -29.93604
19.71693     -29.94771
19.69888     -29.96519
19.69836     -29.96569
19.69415     -29.96571
19.69232     -29.96756
19.68336     -29.96691
19.68102     -29.97059
19.679       -29.98367
19.67585     -29.98575
19.67447     -29.97681
19.66888     -29.96859
19.67332     -29.96169
19.68015     -29.96005
19.67829     -29.95708
19.67354     -29.95596
19.67272     -29.95206
19.67998     -29.93575
19.67849     -29.93268
19.6686      -29.92801
19.65912     -29.92714
19.65305     -29.92191
19.65118     -29.9203
19.65245     -29.91479
19.65429     -29.91317
19.65877     -29.91384
19.66382     -29.92093
19.66857     -29.92342
19.68148     -29.92428
 1             211           2 
1
 -9999.0   ,   9990.0
   7
 14 
19.70818     -29.93882
19.70839     -29.93194
19.70572     -29.92737
19.69891     -29.93222
19.69233     -29.93202
19.68788     -29.93617
19.68773     -29.95153
19.69172     -29.95747
19.69568     -29.95883
19.69907     -29.95399
19.69852     -29.95033
19.70008     -29.94734
19.70638     -29.94502
19.70818     -29.93882
 1 
 1             212           
1
 -9999.0   ,   9990.0
   7
 34 
19.60869     -29.9464
19.60397     -29.94917
19.60136     -29.95308
19.60668     -29.96177
19.62966     -29.97106
19.63153     -29.97564
19.62894     -29.98139
19.62342     -29.98439
19.61946     -29.98326
19.61548     -29.97732
19.60915     -29.97735
19.60357     -29.96958
19.593       -29.96343
19.59296     -29.9577
19.59082     -29.95221
19.5916      -29.94945
19.59944     -29.94094
19.59449     -29.9361
19.57746     -29.91948
19.58085     -29.91488
19.58427     -29.91533
19.59566     -29.92582
19.60181     -29.92899
19.59615     -29.92009
19.59904     -29.91824
19.60909     -29.92622
19.61414     -29.93422
19.62149     -29.92938
19.62832     -29.92774
19.63097     -29.93094
19.62784     -29.93485
19.61578     -29.94339
19.61173     -29.94511
19.60869     -29.9464
 1 
 1             213           
1
 -9999.0   ,   9990.0
   7
 11 
19.97998     -29.94518
19.97706     -29.94291
19.97489     -29.93651
19.9759      -29.93215
19.97425     -29.92482
19.98103     -29.91835
19.98867     -29.9183
19.99266     -29.92263
19.99012     -29.93227
19.98627     -29.94193
19.97998     -29.94518
 1 
 1             214           
1
 -9999.0   ,   9990.0
   7
 13 
19.5686      -29.93511
19.563       -29.92413
19.56613     -29.91907
19.57062     -29.9202
19.57514     -29.92912
19.57884     -29.9314
19.58332     -29.93046
19.58544     -29.93412
19.58758     -29.93846
19.58788     -29.94534
19.58553     -29.94856
19.57047     -29.93945
19.5686      -29.93511
 1 
 1             215           
1
 -9999.0   ,   9990.0
   7
 50 
20           -29.98146
19.99324     -29.98086
19.97514     -29.98878
19.96646     -29.99022
19.95378     -29.98641
19.94435     -29.99197
19.93915     -30
19.92941     -30
19.92753     -29.99644
19.92801     -29.9914
19.93475     -29.97989
19.93311     -29.97325
19.92829     -29.96549
19.90573     -29.94592
19.90569     -29.94225
19.90673     -29.94124
19.9083      -29.93971
19.91277     -29.93899
19.92471     -29.94809
19.93273     -29.96133
19.93645     -29.96429
19.93987     -29.96426
19.94327     -29.96195
19.93765     -29.95236
19.9281      -29.94439
19.92301     -29.93549
19.92534     -29.93089
19.94451     -29.92617
19.94846     -29.9266
19.95059     -29.92865
19.95063     -29.93324
19.94595     -29.93854
19.94252     -29.93811
19.94043     -29.93996
19.93774     -29.93925
19.93621     -29.93884
19.93517     -29.94114
19.94422     -29.95048
19.94737     -29.94954
19.95359     -29.93918
19.95752     -29.93755
19.95834     -29.94075
19.95138     -29.9557
19.95601     -29.97195
19.96348     -29.98153
19.97086     -29.9817
19.99027     -29.97331
19.99526     -29.97236
20           -29.97282
20           -29.98146
 1 
 1             216           
1
 -9999.0   ,   9990.0
   7
 8 
19.03442     -29.94571
19.03138     -29.95405
19.02648     -29.9528
19.02489     -29.94478
19.01857     -29.93653
19.02173     -29.93355
19.02594     -29.93446
19.03442     -29.94571
 1 
 1             217           
1
 -9999.0   ,   9990.0
   7
 19 
19.86977     -29.9599
19.87967     -29.947
19.88413     -29.94491
19.88504     -29.94391
19.89169     -29.93661
19.89463     -29.94209
19.89101     -29.94877
19.88055     -29.95755
19.87904     -29.96489
19.88385     -29.97288
19.88581     -29.98594
19.88481     -29.99168
19.87881     -29.99882
19.87239     -29.98763
19.87208     -29.98259
19.87493     -29.97753
19.87252     -29.97296
19.86432     -29.96819
19.86977     -29.9599
 1 
 1             218           
1
 -9999.0   ,   9990.0
   7
 6 
19.71774     -29.95651
19.72459     -29.95111
19.73038     -29.95039
19.73225     -29.95382
19.7291      -29.95544
19.71774     -29.95651
 1 
 1             219           
1
 -9999.0   ,   9990.0
   7
 13 
19.79375     -29.97068
19.78198     -29.9806
19.77365     -29.99349
19.76259     -29.99447
19.76099     -29.99127
19.762       -29.98691
19.76854     -29.98045
19.77773     -29.97673
19.79026     -29.96245
19.79551     -29.96058
19.79816     -29.96332
19.79872     -29.96675
19.79375     -29.97068
 1 
 1             220           
1
 -9999.0   ,   9990.0
   7
 9 
19.58017     -29.97679
19.57467     -29.98093
19.57229     -29.9798
19.57121     -29.97567
19.57276     -29.97063
19.58484     -29.96393
19.58934     -29.96735
19.58752     -29.97102
19.58017     -29.97679
 1 
 1             221           
1
 -9999.0   ,   9990.0
   7
 10 
19.3724      -29.98782
19.35869     -29.98602
19.35552     -29.98374
19.35734     -29.97869
19.36234     -29.9773
19.36604     -29.97867
19.3671      -29.98096
19.37238     -29.98346
19.37397     -29.98621
19.3724      -29.98782
 1 
 1             222           
1
 -9999.0   ,   9990.0
   7
 7 
19.66462     -29.99979
19.66432     -29.99406
19.66878     -29.9906
19.67168     -29.99104
19.67407     -29.99447
19.67384     -29.99981
19.66462     -29.99979
 1 
 1             223           
1
 -9999.0   ,   9990.0
   7
 8 
19.47048     -29.99292
19.47136     -29.99815
19.46695     -30
19.46106     -30
19.46252     -29.99374
19.46488     -29.99212
19.46884     -29.99417
19.47048     -29.99292
