 16 
 1 
 1             1             
1
 -9999.0   ,   9990.0
   7
 19 
-120.6613      76.68043
-120.6781      76.6886
-120.7007      76.69953
-120.7026      76.70526
-120.7201      76.71513
-120.7876      76.73135
-120.7696      76.7433
-120.7561      76.74764
-120.6768      76.75329
-120.6605      76.74845
-120.655       76.74426
-120.6588      76.73808
-120.6816      76.73404
-120.6831      76.73096
-120.6569      76.72286
-120.6518      76.71565
-120.6581      76.70517
-120.6548      76.69069
-120.6613      76.68043
 1 
 1             2             
1
 -9999.0   ,   9990.0
   7
 8 
-120.6316      76.59661
-120.6124      76.59515
-120.6059      76.5922
-120.6106      76.58711
-120.6276      76.58588
-120.6368      76.58732
-120.642       76.59103
-120.6316      76.59661
 1 
 1             3             
1
 -9999.0   ,   9990.0
   7
 9 
-121.346       76.57117
-121.3075      76.57628
-121.3039      76.57111
-121.3115      76.56841
-121.3104      76.56381
-121.3192      76.5613
-121.3242      76.56316
-121.3435      76.57026
-121.346       76.57117
 1 
 1             4             
1
 -9999.0   ,   9990.0
   7
 5 
-122.6776      76.24983
-122.6594      76.24428
-122.6541      76.23873
-122.6902      76.24664
-122.6776      76.24983
 1 
 1             5             
1
 -9999.0   ,   9990.0
   7
 13 
-122.6917      76.2168
-122.7059      76.21625
-122.7159      76.2185
-122.7268      76.22561
-122.7675      76.23108
-122.7786      76.23538
-122.7753      76.23603
-122.7502      76.23952
-122.7317      76.23987
-122.7149      76.23352
-122.7158      76.2274
-122.699       76.22224
-122.6917      76.2168
 1 
 1             6             
1
 -9999.0   ,   9990.0
   7
 10 
-120.6801      76.21637
-120.6262      76.21957
-120.6227      76.21892
-120.6135      76.21715
-120.6461      76.212
-120.6532      76.2109
-120.7101      76.20451
-120.7087      76.20853
-120.6955      76.21263
-120.6801      76.21637
 1 
 1             7             
1
 -9999.0   ,   9990.0
   7
 8 
-122.6598      76.21225
-122.6557      76.21411
-122.6422      76.21531
-122.6338      76.21274
-122.643       76.21012
-122.6433      76.20427
-122.6558      76.20405
-122.6598      76.21225
 1 
 1             8             
1
 -9999.0   ,   9990.0
   7
 12 
-120.6955      76.21263
-120.7087      76.20853
-120.7101      76.20451
-120.7335      76.19992
-120.7703      76.19706
-120.7964      76.18979
-120.8229      76.18645
-120.8377      76.18285
-120.8412      76.19093
-120.7407      76.21075
-120.7158      76.21355
-120.6955      76.21263
 1 
 1             9             
1
 -9999.0   ,   9990.0
   7
 10 
-120.8412      76.19093
-120.8377      76.18285
-120.8751      76.18373
-120.8878      76.18267
-120.8865      76.18924
-120.9043      76.19536
-120.8811      76.19902
-120.8722      76.20479
-120.858       76.20638
-120.8412      76.19093
 1 
 1             10            
1
 -9999.0   ,   9990.0
   7
 12 
-120.7335      76.19992
-120.7542      76.18575
-120.759       76.17623
-120.7544      76.1695
-120.7747      76.17062
-120.8024      76.17465
-120.8244      76.18243
-120.8377      76.18285
-120.8229      76.18645
-120.7964      76.18979
-120.7703      76.19706
-120.7335      76.19992
 1 
 1             11            
1
 -9999.0   ,   9990.0
   7
 6 
-122.81        76.14266
-122.8246      76.14076
-122.8452      76.1491
-122.8472      76.15414
-122.834       76.15464
-122.81        76.14266
 1 
 1             12            
1
 -9999.0   ,   9990.0
   7
 14 
-122.5647      76.13988
-122.5576      76.14681
-122.536       76.14565
-122.5109      76.151
-122.4981      76.15193
-122.4877      76.14923
-122.4944      76.14396
-122.5096      76.13939
-122.4826      76.13603
-122.4956      76.13244
-122.5189      76.13585
-122.5328      76.1351
-122.5501      76.13998
-122.5647      76.13988
 1 
 1             13            
1
 -9999.0   ,   9990.0
   7
 5 
-122.6321      76.11046
-122.672       76.10942
-122.666       76.11536
-122.6521      76.11613
-122.6321      76.11046
 1 
 1             14            
1
 -9999.0   ,   9990.0
   7
 8 
-122.0546      76.03273
-122.0962      76.02538
-122.1035      76.03431
-122.0964      76.0382
-122.0767      76.03995
-122.0692      76.03918
-122.0565      76.03588
-122.0546      76.03273
 1 
 1             15            
1
 -9999.0   ,   9990.0
   7
 11 
-122.5392      76.01511
-122.5467      76.01073
-122.5679      76.00651
-122.5651      76.00059
-122.5984      75.99898
-122.609       76.00914
-122.5804      76.0126
-122.5642      76.01794
-122.5623      76.02621
-122.5494      76.02786
-122.5392      76.01511
 2 
 1             16            
1
 -9999.0   ,   9990.0
   7
 22 
-122.6335      75.95226
-122.6173      75.95073
-122.583       75.94095
-122.541       75.93418
-122.504       75.93271
-122.4479      75.92718
-122.4162      75.92613
-122.3578      75.92956
-122.3613      75.9261
-122.3527      75.917
-122.3884      75.92111
-122.4473      75.92137
-122.4758      75.92308
-122.4832      75.92481
-122.5186      75.92676
-122.5255      75.92896
-122.5465      75.92569
-122.5995      75.92484
-122.6091      75.92173
-122.6476      75.92284
-122.6425      75.92454
-122.6335      75.95226
 1             16            2 
1
 -9999.0   ,   9990.0
   7
 7 
-122.5783      75.92883
-122.5643      75.93031
-122.5903      75.9354
-122.6027      75.93634
-122.6151      75.93519
-122.6142      75.9322
-122.5783      75.92883
