 2 
 1             1 
1
 -9999.0   ,   9990.0 
 37 
 169.5392     -.874556 
 169.5358     -.872028 
 169.534      -.871583 
 169.5305     -.871556 
 169.5278     -.872472 
 169.5253     -.870861 
 169.5234     -.868333 
 169.5225     -.865111 
 169.5228     -.860528 
 169.5232     -.859306 
 169.5241     -.856639 
 169.525      -.854639 
 169.5253     -.853861 
 169.5278     -.850889 
 169.5326     -.849528 
 169.5367     -.847917 
 169.5409     -.847944 
 169.5454     -.847944 
 169.5493     -.851861 
 169.5525     -.854167 
 169.5526     -.85425 
 169.5548     -.856 
 169.5561     -.859222 
 169.5561     -.859833 
 169.5559     -.860833 
 169.5555     -.863361 
 169.5555     -.866111 
 169.5548     -.869333 
 169.5538     -.872306 
 169.5529     -.873917 
 169.5508     -.8755 
 169.5483     -.876889 
 169.5456     -.877333 
 169.5435     -.878028 
 169.5415     -.877556 
 169.5403     -.876639 
 169.5392     -.874556 
 1             2 
1
 -9999.0   ,   9990.0 
 29 
 166.9353     -.541889 
 166.9336     -.5455 
 166.9335     -.545694 
 166.9303     -.548444 
 166.9248     -.551639 
 166.9189     -.552333 
 166.9188     -.552306 
 166.913      -.551389 
 166.9081     -.548611 
 166.904      -.545611 
 166.9013     -.542861 
 166.899      -.539639 
 166.9        -.533667 
 166.9005     -.532556 
 166.9022     -.529528 
 166.9041     -.525861 
 166.9042     -.525806 
 166.9121     -.516667 
 166.9195     -.5097781 
 166.9245     -.504972 
 166.932      -.5043061 
 166.94       -.5068331 
 166.9446     -.51075 
 166.9453     -.518111 
 166.9432     -.525944 
 166.9395     -.532139 
 166.9377     -.535111 
 166.9356     -.541083 
 166.9353     -.541889 
