 54 
 1             1 
1
 -9999.0   ,   9990.0 
 174 
 140.5417     -2.435722 
 140.5369     -2.435722 
 140.535      -2.432306 
 140.5341     -2.430667 
 140.5328     -2.425139 
 140.5264     -2.425111 
 140.524      -2.426667 
 140.5236     -2.426972 
 140.5202     -2.426028 
 140.5172     -2.424639 
 140.5151     -2.427639 
 140.5124     -2.427861 
 140.5094     -2.432472 
 140.5058     -2.435694 
 140.504      -2.439583 
 140.5001     -2.440056 
 140.4911     -2.435889 
 140.4896     -2.432222 
 140.4905     -2.428778 
 140.4738     -2.425972 
 140.4717     -2.426445 
 140.4691     -2.428639 
 140.4674     -2.430111 
 140.4617     -2.429417 
 140.4516     -2.423194 
 140.4459     -2.417222 
 140.4393     -2.416278 
 140.4361     -2.411917 
 140.4334     -2.412583 
 140.4306     -2.414667 
 140.4258     -2.414194 
 140.4224     -2.412583 
 140.4167     -2.412806 
 140.4126     -2.408667 
 140.4068     -2.406583 
 140.4048     -2.405667 
 140.3979     -2.406806 
 140.3947     -2.405195 
 140.3938     -2.404222 
 140.3899     -2.400111 
 140.3835     -2.399194 
 140.3733     -2.399639 
 140.3687     -2.402861 
 140.3609     -2.402389 
 140.3529     -2.398222 
 140.3504     -2.396389 
 140.3461     -2.396833 
 140.3438     -2.401889 
 140.3458     -2.406028 
 140.3492     -2.407417 
 140.3529     -2.40375 
 140.3566     -2.40375 
 140.3611     -2.411667 
 140.3655     -2.419417 
 140.3721     -2.420333 
 140.3739     -2.423556 
 140.3751     -2.433444 
 140.3732     -2.438528 
 140.37       -2.440583 
 140.3693     -2.443333 
 140.3714     -2.446556 
 140.3743     -2.447722 
 140.3734     -2.454389 
 140.3714     -2.461056 
 140.3677     -2.459222 
 140.3657     -2.45575 
 140.3611     -2.455055 
 140.3595     -2.447472 
 140.3556     -2.446556 
 140.3515     -2.459889 
 140.3483     -2.461944 
 140.3426     -2.463083 
 140.3375     -2.464 
 140.3355     -2.462861 
 140.3348     -2.459167 
 140.3408     -2.454111 
 140.3383     -2.448583 
 140.3318     -2.449722 
 140.3303     -2.448583 
 140.3275     -2.442833 
 140.3234     -2.447194 
 140.3204     -2.447417 
 140.3165     -2.44075 
 140.3099     -2.441195 
 140.3069     -2.445111 
 140.2983     -2.439556 
 140.2973     -2.435667 
 140.3003     -2.428528 
 140.2994     -2.425528 
 140.2958     -2.427361 
 140.2912     -2.426667 
 140.2873     -2.427806 
 140.2818     -2.424139 
 140.2763     -2.423445 
 140.2729     -2.416972 
 140.2704     -2.422278 
 140.266      -2.421806 
 140.262      -2.413056 
 140.2594     -2.408222 
 140.2558     -2.400861 
 140.2508     -2.399917 
 140.2478     -2.403833 
 140.2357     -2.403139 
 140.2329     -2.406111 
 140.2341     -2.411861 
 140.2329     -2.416417 
 140.2296     -2.414667 
 140.2298     -2.410472 
 140.2266     -2.410833 
 140.216      -2.41 
 140.2105     -2.405389 
 140.2035     -2.3925 
 140.1973     -2.386722 
 140.1939     -2.379611 
 140.1897     -2.37775 
 140.1822     -2.373833 
 140.1726     -2.373806 
 140.1708     -2.372444 
 140.1669     -2.365306 
 140.1642     -2.369889 
 140.1607     -2.368972 
 140.1585     -2.364805 
 140.163      -2.355611 
 140.1614     -2.351944 
 140.159      -2.352167 
 140.1546     -2.358361 
 140.1525     -2.353528 
 140.1534     -2.35125 
 140.1567     -2.344333 
 140.1608     -2.339528 
 140.1622     -2.332167 
 140.1608     -2.325472 
 140.1626     -2.32225 
 140.1558     -2.319944 
 140.1473     -2.320639 
 140.1462     -2.323167 
 140.1491     -2.328 
 140.1526     -2.330528 
 140.153      -2.333306 
 140.1496     -2.339028 
 140.1482     -2.346167 
 140.1407     -2.345 
 140.1304     -2.337389 
 140.1286     -2.335778 
 140.1185     -2.328639 
 140.1188     -2.324278 
 140.1224     -2.319889 
 140.1224     -2.317694 
 140.1224     -2.317139 
 140.1229     -2.314278 
 140.111      -2.314833 
 140.1054     -2.318333 
 140.1003     -2.322972 
 140.0929     -2.321389 
 140.0874     -2.326583 
 140.0854     -2.330889 
 140.0851     -2.333111 
 140.0847     -2.336167 
 140.0858     -2.342056 
 140.0844     -2.344611 
 140.0836     -2.346417 
 140.0825     -2.348972 
 140.0757     -2.35475 
 140.0751     -2.356417 
 140.0664     -2.357083 
 140.0627     -2.358 
 140.0559     -2.358222 
 140.0511     -2.358444 
 140.0492     -2.358444 
 140.0417     -2.358639 
 140.0367     -2.35725 
 140.023      -2.358611 
 140.01       -2.357445 
 140          -2.357417 
 1             2 
1
 -9999.0   ,   9990.0 
 74 
 144.7884     -4.081833 
 144.7955     -4.085472 
 144.81       -4.092778 
 144.8146     -4.096194 
 144.8176     -4.097111 
 144.8245     -4.101695 
 144.8348     -4.107389 
 144.8373     -4.108528 
 144.8479     -4.11425 
 144.8538     -4.117445 
 144.8575     -4.121583 
 144.8608     -4.127778 
 144.8631     -4.132139 
 144.8657     -4.141556 
 144.859      -4.140444 
 144.8538     -4.14025 
 144.8533     -4.140222 
 144.8519     -4.140028 
 144.8485     -4.139555 
 144.8462     -4.141889 
 144.8425     -4.146945 
 144.8407     -4.149722 
 144.8396     -4.158472 
 144.8422     -4.174583 
 144.8431     -4.176694 
 144.8448     -4.180305 
 144.848      -4.186056 
 144.8547     -4.194305 
 144.8593     -4.197972 
 144.8689     -4.201611 
 144.8787     -4.200889 
 144.8806     -4.20225 
 144.8851     -4.202944 
 144.8888     -4.197611 
 144.8929     -4.197611 
 144.8964     -4.19875 
 144.9007     -4.1955 
 144.9064     -4.193639 
 144.9078     -4.194778 
 144.9096     -4.197528 
 144.9124     -4.204889 
 144.9163     -4.210389 
 144.9203     -4.214278 
 144.9246     -4.2175 
 144.9297     -4.220695 
 144.9313     -4.223917 
 144.9293     -4.22875 
 144.9323     -4.232639 
 144.9412     -4.234917 
 144.9455     -4.2365 
 144.9501     -4.23625 
 144.9522     -4.23925 
 144.9527     -4.24475 
 144.9562     -4.248889 
 144.9653     -4.253222 
 144.9715     -4.258722 
 144.9723     -4.267694 
 144.9732     -4.270444 
 144.9698     -4.275528 
 144.9661     -4.279695 
 144.9691     -4.28475 
 144.966      -4.292333 
 144.9669     -4.298333 
 144.9726     -4.298306 
 144.9751     -4.300778 
 144.9754     -4.301055 
 144.9802     -4.296195 
 144.9846     -4.296167 
 144.9864     -4.298472 
 144.9871     -4.304695 
 144.9931     -4.310417 
 144.9932     -4.3105 
 144.997      -4.314778 
 145          -4.307472 
 1             3 
1
 -9999.0   ,   9990.0 
 4 
 144.7857     -4.0805 
 144.7834     -4.079306 
 144.7824     -4.078611 
 144.7819     -4.078333 
 1             4 
1
 -9999.0   ,   9990.0 
 18 
 144.7798     -4.077139 
 144.7739     -4.073805 
 144.7671     -4.070389 
 144.7577     -4.064917 
 144.7479     -4.061139 
 144.7464     -4.060583 
 144.7393     -4.055778 
 144.7333     -4.052805 
 144.7269     -4.049167 
 144.7179     -4.048028 
 144.7037     -4.041417 
 144.698      -4.040056 
 144.6836     -4.034139 
 144.6806     -4.032084 
 144.6743     -4.02825 
 144.6676     -4.026583 
 144.661      -4.028528 
 144.6606     -4.030861 
 1             5 
1
 -9999.0   ,   9990.0 
 42 
 145          -4.051445 
 144.9918     -4.050472 
 144.9907     -4.050333 
 144.9887     -4.060945 
 144.9884     -4.06175 
 144.9876     -4.063861 
 144.9868     -4.066 
 144.9866     -4.066694 
 144.9854     -4.069833 
 144.9853     -4.070139 
 144.9853     -4.070167 
 144.9854     -4.070611 
 144.9854     -4.070722 
 144.9873     -4.078222 
 144.9876     -4.079333 
 144.9876     -4.079444 
 144.9891     -4.085111 
 144.9899     -4.086195 
 144.9904     -4.086945 
 144.9904     -4.087722 
 144.9902     -4.089944 
 144.9903     -4.090278 
 144.9906     -4.092195 
 144.9914     -4.097445 
 144.9921     -4.101917 
 144.9922     -4.10225 
 144.9923     -4.102917 
 144.9923     -4.103278 
 144.993      -4.105834 
 144.9931     -4.106361 
 144.9935     -4.107861 
 144.9939     -4.109139 
 144.9944     -4.111139 
 144.9947     -4.112056 
 144.9948     -4.11275 
 144.9949     -4.113167 
 144.9958     -4.113389 
 144.9973     -4.11375 
 144.998      -4.113917 
 144.9984     -4.114028 
 144.9995     -4.114278 
 145          -4.114778 
 1             6 
1
 -9999.0   ,   9990.0 
 118 
 144.6563     -4.029028 
 144.6548     -4.024416 
 144.6565     -4.017722 
 144.66       -4.012195 
 144.6582     -4.010417 
 144.6562     -4.012611 
 144.648      -4.013111 
 144.6452     -4.011972 
 144.6365     -4.013389 
 144.6303     -4.013639 
 144.6223     -4.016194 
 144.6161     -4.017833 
 144.6013     -4.017667 
 144.5873     -4.012889 
 144.5758     -4.006028 
 144.5752     -4.005528 
 144.5668     -3.998694 
 144.5632     -3.995722 
 144.5494     -3.980333 
 144.5445     -3.973 
 144.5415     -3.968167 
 144.539      -3.963583 
 144.5371     -3.955306 
 144.5366     -3.95325 
 144.5348     -3.943111 
 144.5375     -3.927444 
 144.5393     -3.924 
 144.5411     -3.920167 
 144.5398     -3.916556 
 144.5367     -3.916 
 144.5321     -3.925195 
 144.5257     -3.937444 
 144.5216     -3.940556 
 144.5181     -3.945472 
 144.5213     -3.953889 
 144.5209     -3.966028 
 144.5168     -3.96975 
 144.5157     -3.976417 
 144.5243     -3.9885 
 144.5257     -3.993806 
 144.5229     -4.005361 
 144.5225     -4.006834 
 144.5207     -4.012583 
 144.5207     -4.012694 
 144.5176     -4.013361 
 144.5121     -4.007417 
 144.5065     -3.999056 
 144.5021     -3.993667 
 144.4988     -3.992278 
 144.4862     -3.986583 
 144.4832     -3.986361 
 144.4804     -3.982 
 144.4795     -3.977861 
 144.4795     -3.974639 
 144.4747     -3.969361 
 144.4746     -3.964056 
 144.4733     -3.962445 
 144.4664     -3.962111 
 144.4569     -3.960833 
 144.4538     -3.953583 
 144.4517     -3.954361 
 144.448      -3.955167 
 144.4421     -3.952361 
 144.4391     -3.945111 
 144.4427     -3.945028 
 144.4443     -3.949389 
 144.4487     -3.9515 
 144.4552     -3.951361 
 144.4589     -3.954944 
 144.4641     -3.9585 
 144.4684     -3.955472 
 144.469      -3.944472 
 144.4717     -3.935639 
 144.4775     -3.934056 
 144.4811     -3.933972 
 144.4864     -3.941195 
 144.4901     -3.944778 
 144.4961     -3.944195 
 144.5029     -3.943361 
 144.5096     -3.944444 
 144.5167     -3.937028 
 144.5226     -3.929639 
 144.5279     -3.924667 
 144.529      -3.917972 
 144.5301     -3.913111 
 144.5348     -3.909389 
 144.5379     -3.911139 
 144.5409     -3.911667 
 144.5422     -3.909945 
 144.5458     -3.898667 
 144.5508     -3.894028 
 144.557      -3.889861 
 144.5588     -3.886861 
 144.5581     -3.885722 
 144.5551     -3.87975 
 144.5505     -3.875861 
 144.5485     -3.870111 
 144.5425     -3.862306 
 144.5436     -3.857694 
 144.5431     -3.855639 
 144.5383     -3.856555 
 144.536      -3.858889 
 144.5312     -3.862806 
 144.5301     -3.864417 
 144.5272     -3.868333 
 144.5251     -3.876639 
 144.5234     -3.88175 
 144.5215     -3.88425 
 144.519      -3.888389 
 144.5123     -3.898333 
 144.504      -3.907 
 144.4994     -3.911028 
 144.4948     -3.915195 
 144.4886     -3.917528 
 144.4765     -3.916639 
 144.4692     -3.914139 
 144.4657     -3.91 
 144.463      -3.901472 
 1             7 
1
 -9999.0   ,   9990.0 
 19 
 144.4828     -3.959528 
 144.483      -3.972861 
 144.4971     -3.984083 
 144.5021     -3.988833 
 144.5107     -3.998945 
 144.5145     -4.004944 
 144.5199     -4.00725 
 144.5202     -4.006222 
 144.5227     -3.996278 
 144.5219     -3.989028 
 144.5133     -3.978917 
 144.5129     -3.978083 
 144.5101     -3.971694 
 144.5077     -3.97175 
 144.5028     -3.966389 
 144.5014     -3.958555 
 144.496      -3.957444 
 144.4869     -3.956417 
 144.4828     -3.959528 
 1             8 
1
 -9999.0   ,   9990.0 
 9 
 144.9619     -4.006972 
 144.9644     -4.004667 
 144.9658     -4.0005 
 144.9639     -3.995694 
 144.9554     -3.996639 
 144.9534     -3.997333 
 144.9529     -3.999639 
 144.9585     -4.006306 
 144.9619     -4.006972 
 1             9 
1
 -9999.0   ,   9990.0 
 13 
 144.5056     -3.95725 
 144.5064     -3.963889 
 144.5119     -3.968028 
 144.5155     -3.96675 
 144.5178     -3.963056 
 144.5177     -3.956389 
 144.5158     -3.952194 
 144.5103     -3.951083 
 144.506      -3.946333 
 144.5006     -3.945833 
 144.4982     -3.948306 
 144.5019     -3.952472 
 144.5056     -3.95725 
 1             10 
1
 -9999.0   ,   9990.0 
 9 
 144.475      -3.953139 
 144.4822     -3.953 
 144.4858     -3.950722 
 144.4827     -3.942 
 144.4789     -3.9355 
 144.4754     -3.9385 
 144.4733     -3.941472 
 144.4741     -3.950222 
 144.475      -3.953139 
 1             11 
1
 -9999.0   ,   9990.0 
 18 
 144.4685     -3.901333 
 144.4696     -3.903778 
 144.4735     -3.909278 
 144.4779     -3.9125 
 144.4893     -3.912222 
 144.4992     -3.907361 
 144.5062     -3.896639 
 144.5155     -3.885195 
 144.5191     -3.878194 
 144.5223     -3.864917 
 144.5239     -3.860528 
 144.5282     -3.84925 
 144.5293     -3.847611 
 144.5364     -3.832639 
 144.5368     -3.828028 
 144.535      -3.824139 
 144.534      -3.823222 
 144.5331     -3.822305 
 1             12 
1
 -9999.0   ,   9990.0 
 5 
 144.0796     -3.823778 
 144.083      -3.817278 
 144.0905     -3.814778 
 144.0963     -3.811167 
 144.0968     -3.811139 
 1             13 
1
 -9999.0   ,   9990.0 
 15 
 144.1645     -3.817361 
 144.168      -3.817306 
 144.1715     -3.814889 
 144.1719     -3.807861 
 144.1688     -3.797389 
 144.1675     -3.79275 
 144.1594     -3.7935 
 144.1553     -3.794167 
 144.1536     -3.795944 
 144.1544     -3.804722 
 144.1532     -3.805917 
 144.154      -3.814083 
 144.1581     -3.8175 
 144.161      -3.816278 
 144.1645     -3.817361 
 1             14 
1
 -9999.0   ,   9990.0 
 50 
 144.2385     -3.820528 
 144.2369     -3.824083 
 144.2364     -3.829361 
 144.2329     -3.830583 
 144.23       -3.830667 
 144.2295     -3.83125 
 144.2313     -3.837055 
 144.2343     -3.839917 
 144.2297     -3.841194 
 144.2225     -3.834889 
 144.2137     -3.830417 
 144.2101     -3.822889 
 144.2122     -3.814639 
 144.2157     -3.81575 
 144.2187     -3.816861 
 144.2145     -3.812833 
 144.211      -3.810583 
 144.2035     -3.813667 
 144.193      -3.812695 
 144.1855     -3.816361 
 144.1848     -3.814028 
 144.1887     -3.805194 
 144.1874     -3.794694 
 144.1779     -3.786111 
 144.1784     -3.783167 
 144.1854     -3.781278 
 144.197      -3.782805 
 144.2087     -3.784889 
 144.2227     -3.785778 
 144.2367     -3.786083 
 144.2494     -3.782889 
 144.2605     -3.782083 
 144.2634     -3.784361 
 144.2641     -3.789028 
 144.2642     -3.794861 
 144.2626     -3.799583 
 144.2579     -3.797333 
 144.2508     -3.795139 
 144.2398     -3.795361 
 144.2339     -3.792556 
 144.2298     -3.793806 
 144.2287     -3.795 
 144.2328     -3.796083 
 144.2399     -3.799472 
 144.2371     -3.804194 
 144.229      -3.808444 
 144.2238     -3.810889 
 144.2274     -3.814333 
 144.2293     -3.821889 
 144.2385     -3.820528 
 1             15 
1
 -9999.0   ,   9990.0 
 58 
 144.2385     -3.820528 
 144.2433     -3.826861 
 144.2457     -3.8315 
 144.2453     -3.835611 
 144.243      -3.837417 
 144.2453     -3.839111 
 144.246      -3.844944 
 144.2425     -3.845028 
 144.2379     -3.843945 
 144.2367     -3.845139 
 144.2386     -3.850361 
 144.245      -3.854333 
 144.2515     -3.857111 
 144.2657     -3.867361 
 144.2565     -3.873389 
 144.2547     -3.87225 
 144.2528     -3.864111 
 144.2475     -3.860694 
 144.2429     -3.861972 
 144.2377     -3.866167 
 144.2272     -3.866389 
 144.2178     -3.861305 
 144.2079     -3.859167 
 144.2048     -3.849306 
 144.2004     -3.832417 
 144.2037     -3.825917 
 144.2024     -3.821278 
 144.1983     -3.818444 
 144.1937     -3.820861 
 144.184      -3.8275 
 144.1846     -3.831 
 144.1858     -3.833306 
 144.1829     -3.835111 
 144.1783     -3.834639 
 144.1754     -3.837028 
 144.175      -3.844639 
 144.1762     -3.848139 
 144.1745     -3.849333 
 144.168      -3.845944 
 144.1603     -3.837917 
 144.1527     -3.83575 
 144.1393     -3.836 
 144.131      -3.830917 
 144.128      -3.824556 
 144.1251     -3.824028 
 144.1199     -3.826472 
 144.1168     -3.820083 
 144.1138     -3.811389 
 144.1131     -3.807889 
 144.1096     -3.807389 
 144.1067     -3.809778 
 144.1063     -3.816806 
 144.1029     -3.820972 
 144.0983     -3.823972 
 144.0949     -3.829889 
 144.0869     -3.835333 
 144.081      -3.83075 
 144.0796     -3.823778 
 1             16 
1
 -9999.0   ,   9990.0 
 11 
 144.1766     -3.808944 
 144.173      -3.802583 
 144.1717     -3.796167 
 144.1757     -3.793167 
 144.1804     -3.797167 
 144.184      -3.802944 
 144.1818     -3.808833 
 144.179      -3.81475 
 144.1749     -3.814833 
 144.1749     -3.813056 
 144.1766     -3.808944 
 1             17 
1
 -9999.0   ,   9990.0 
 21 
 144.0968     -3.811139 
 144.1015     -3.811056 
 144.1101     -3.804445 
 144.117      -3.800222 
 144.1229     -3.800083 
 144.1241     -3.804167 
 144.1305     -3.806361 
 144.1456     -3.800222 
 144.1495     -3.794278 
 144.1558     -3.788889 
 144.161      -3.788778 
 144.1698     -3.788028 
 144.1703     -3.785083 
 144.1592     -3.784139 
 144.1528     -3.786028 
 144.1447     -3.787361 
 144.1296     -3.788833 
 144.1193     -3.791556 
 144.1168     -3.79225 
 144.1088     -3.7925 
 144.09       -3.793611 
 1             18 
1
 -9999.0   ,   9990.0 
 18 
 144.8157     -3.627833 
 144.8191     -3.627139 
 144.8259     -3.620417 
 144.828      -3.619722 
 144.8298     -3.615111 
 144.8273     -3.607778 
 144.8206     -3.598583 
 144.8158     -3.599056 
 144.8143     -3.600528 
 144.8103     -3.604389 
 144.8069     -3.60625 
 144.8031     -3.613389 
 144.8029     -3.613806 
 144.8019     -3.615695 
 144.803      -3.617972 
 144.8044     -3.62075 
 144.8136     -3.625778 
 144.8157     -3.627833 
 1             19 
1
 -9999.0   ,   9990.0 
 10 
 144.5774     -3.617972 
 144.5813     -3.616806 
 144.584      -3.613333 
 144.5847     -3.610111 
 144.5821     -3.605056 
 144.5776     -3.604639 
 144.5743     -3.607167 
 144.5728     -3.611556 
 144.5746     -3.616139 
 144.5774     -3.617972 
 1             20 
1
 -9999.0   ,   9990.0 
 22 
 144.5898     -3.514361 
 144.5878     -3.513417 
 144.5863     -3.51275 
 144.5871     -3.510917 
 144.5876     -3.509583 
 144.5879     -3.508889 
 144.5896     -3.504667 
 144.5897     -3.504472 
 144.5902     -3.504 
 144.5938     -3.500306 
 144.5967     -3.499556 
 144.6011     -3.498445 
 144.6062     -3.499556 
 144.6105     -3.502778 
 144.6158     -3.510583 
 144.6186     -3.513778 
 144.6147     -3.520694 
 144.6067     -3.516833 
 144.6028     -3.516611 
 144.5971     -3.518 
 144.5907     -3.514361 
 144.5898     -3.514361 
 1             21 
1
 -9999.0   ,   9990.0 
 77 
 143.5907     -3.392694 
 143.581      -3.387389 
 143.5801     -3.386889 
 143.5788     -3.386167 
 143.5785     -3.386028 
 143.5745     -3.385333 
 143.5743     -3.385306 
 143.5725     -3.385 
 143.5664     -3.383972 
 143.5616     -3.382389 
 143.5587     -3.382722 
 143.5578     -3.382833 
 143.5556     -3.383083 
 143.5516     -3.383722 
 143.5516     -3.383722 
 143.5513     -3.383778 
 143.5511     -3.383694 
 143.5487     -3.382389 
 143.5483     -3.382195 
 143.5446     -3.382889 
 143.5414     -3.3835 
 143.5385     -3.384056 
 143.5376     -3.3845 
 143.5373     -3.385167 
 143.5364     -3.387278 
 143.5368     -3.388 
 143.5389     -3.391639 
 143.5534     -3.402194 
 143.5619     -3.405611 
 143.5685     -3.407667 
 143.572      -3.410667 
 143.5725     -3.412722 
 143.5713     -3.415722 
 143.5601     -3.415056 
 143.5511     -3.414389 
 143.5507     -3.417611 
 143.5542     -3.424056 
 143.5567     -3.426583 
 143.5562     -3.43025 
 143.5479     -3.431639 
 143.5478     -3.431667 
 143.5478     -3.43175 
 143.5471     -3.434667 
 143.5519     -3.437861 
 143.5606     -3.440833 
 143.5668     -3.446111 
 143.5741     -3.445861 
 143.578      -3.443556 
 143.5805     -3.441028 
 143.5837     -3.441472 
 143.5862     -3.443528 
 143.5899     -3.442833 
 143.5982     -3.441667 
 143.5961     -3.43775 
 143.5968     -3.434306 
 143.5981     -3.432917 
 143.6122     -3.432333 
 143.6164     -3.432167 
 143.6183     -3.428722 
 143.6184     -3.423889 
 143.6217     -3.421333 
 143.6294     -3.419945 
 143.631      -3.416945 
 143.6283     -3.414889 
 143.6278     -3.413917 
 143.626      -3.4105 
 143.6216     -3.40925 
 143.6205     -3.408917 
 143.6191     -3.409167 
 143.6155     -3.409861 
 143.6111     -3.408944 
 143.6058     -3.404583 
 143.601      -3.403222 
 143.596      -3.396556 
 143.5948     -3.394944 
 143.5923     -3.393556 
 143.5907     -3.392694 
 1             22 
1
 -9999.0   ,   9990.0 
 11 
 143.4392     -3.388583 
 143.4523     -3.392333 
 143.4571     -3.394833 
 143.4578     -3.396917 
 143.4564     -3.399 
 143.4525     -3.398528 
 143.4449     -3.393722 
 143.4415     -3.392639 
 143.4374     -3.391806 
 143.4369     -3.39 
 143.4392     -3.388583 
 1             23 
1
 -9999.0   ,   9990.0 
 23 
 144.3819     -3.395528 
 144.3803     -3.396861 
 144.3822     -3.398583 
 144.3833     -3.399611 
 144.386      -3.399583 
 144.3861     -3.399583 
 144.3863     -3.3995 
 144.3922     -3.397278 
 144.3966     -3.399555 
 144.4003     -3.4 
 144.406      -3.39675 
 144.4108     -3.396278 
 144.4165     -3.399472 
 144.4195     -3.398306 
 144.4186     -3.395555 
 144.4158     -3.392111 
 144.4133     -3.388917 
 144.4108     -3.387917 
 144.408      -3.386611 
 144.4025     -3.386639 
 144.394      -3.387139 
 144.3904     -3.388528 
 144.3819     -3.395528 
 1             24 
1
 -9999.0   ,   9990.0 
 14 
 144.2134     -3.364528 
 144.2148     -3.364305 
 144.2152     -3.359444 
 144.2134     -3.354389 
 144.2095     -3.352111 
 144.201      -3.350083 
 144.1966     -3.349639 
 144.1914     -3.351944 
 144.1893     -3.355639 
 144.1919     -3.360694 
 144.1976     -3.363667 
 144.2047     -3.363167 
 144.2093     -3.362695 
 144.2134     -3.364528 
 1             25 
1
 -9999.0   ,   9990.0 
 44 
 143.6133     -3.358333 
 143.6132     -3.358083 
 143.6129     -3.35775 
 143.6052     -3.350278 
 143.596      -3.347778 
 143.588      -3.343861 
 143.58       -3.335833 
 143.5752     -3.333778 
 143.5708     -3.328972 
 143.5661     -3.324861 
 143.5621     -3.321389 
 143.5566     -3.318861 
 143.5463     -3.313139 
 143.5444     -3.312695 
 143.5339     -3.310194 
 143.5232     -3.311361 
 143.5192     -3.312305 
 143.5124     -3.313917 
 143.5108     -3.317139 
 143.5127     -3.320139 
 143.5134     -3.3205 
 143.5168     -3.322194 
 143.5184     -3.332556 
 143.5157     -3.338528 
 143.5125     -3.340611 
 143.5088     -3.340167 
 143.5024     -3.33375 
 143.5013     -3.337417 
 143.5038     -3.347083 
 143.5068     -3.352611 
 143.513      -3.354417 
 143.5228     -3.359694 
 143.529      -3.361528 
 143.5389     -3.362639 
 143.549      -3.368833 
 143.5658     -3.376611 
 143.5682     -3.37775 
 143.5693     -3.377667 
 143.5844     -3.376333 
 143.5909     -3.37425 
 143.6018     -3.372361 
 143.6114     -3.368444 
 143.6139     -3.363139 
 143.6133     -3.358333 
 1             26 
1
 -9999.0   ,   9990.0 
 44 
 144.0753     -3.246694 
 144.0778     -3.250361 
 144.0784     -3.25075 
 144.0833     -3.253806 
 144.0851     -3.253695 
 144.0929     -3.253222 
 144.0995     -3.252833 
 144.1023     -3.250444 
 144.1057     -3.247528 
 144.1128     -3.244972 
 144.1141     -3.244472 
 144.1153     -3.244028 
 144.1169     -3.240806 
 144.1207     -3.232278 
 144.1278     -3.232722 
 144.129      -3.228555 
 144.1275     -3.222583 
 144.1206     -3.214111 
 144.1142     -3.208583 
 144.1094     -3.206306 
 144.1039     -3.201028 
 144.0988     -3.197361 
 144.098      -3.197028 
 144.0924     -3.194861 
 144.0885     -3.191889 
 144.0853     -3.191889 
 144.0819     -3.196056 
 144.0796     -3.197194 
 144.0698     -3.200444 
 144.0689     -3.200778 
 144.0609     -3.203694 
 144.0591     -3.207167 
 144.0589     -3.207556 
 144.0576     -3.210028 
 144.057      -3.211083 
 144.0582     -3.213611 
 144.06       -3.216389 
 144.0626     -3.220278 
 144.0686     -3.230611 
 144.0691     -3.231889 
 144.0722     -3.239917 
 144.0742     -3.244944 
 144.0743     -3.245306 
 144.0753     -3.246694 
 1             27 
1
 -9999.0   ,   9990.0 
 25 
 143.3012     -3.240917 
 143.305      -3.239861 
 143.3068     -3.23825 
 143.3111     -3.239167 
 143.3152     -3.240306 
 143.3216     -3.241889 
 143.3274     -3.241889 
 143.328      -3.239583 
 143.3239     -3.236583 
 143.3161     -3.23225 
 143.2994     -3.215472 
 143.2953     -3.213639 
 143.282      -3.213444 
 143.2783     -3.215055 
 143.2715     -3.220139 
 143.2749     -3.224972 
 143.2786     -3.225667 
 143.2818     -3.225889 
 143.2878     -3.232306 
 143.2914     -3.23575 
 143.2935     -3.236667 
 143.2985     -3.240111 
 143.3003     -3.240806 
 143.3008     -3.241028 
 143.3012     -3.240917 
 1             28 
1
 -9999.0   ,   9990.0 
 19 
 143.2488     -3.206611 
 143.2472     -3.200167 
 143.2476     -3.198444 
 143.2483     -3.195333 
 143.2506     -3.193056 
 143.2506     -3.193028 
 143.2506     -3.193028 
 143.2539     -3.193194 
 143.2552     -3.19325 
 143.2568     -3.194167 
 143.2593     -3.195555 
 143.2616     -3.200389 
 143.266      -3.210722 
 143.2644     -3.21625 
 143.2578     -3.214889 
 143.2557     -3.218583 
 143.2518     -3.217667 
 143.2493     -3.209611 
 143.2488     -3.206611 
 1             29 
1
 -9999.0   ,   9990.0 
 8 
 142.3988     -3.127778 
 142.4018     -3.119694 
 142.4009     -3.1165 
 142.3958     -3.116722 
 142.3935     -3.119722 
 142.3931     -3.123639 
 142.3952     -3.127528 
 142.3988     -3.127778 
 1             30 
1
 -9999.0   ,   9990.0 
 12 
 142.4555     -3.130917 
 142.4571     -3.132639 
 142.4601     -3.132583 
 142.4651     -3.127445 
 142.4654     -3.127139 
 142.4658     -3.126639 
 142.4672     -3.124694 
 142.4661     -3.121472 
 142.4622     -3.121694 
 142.4609     -3.123417 
 142.46       -3.124667 
 142.4555     -3.130917 
 1             31 
1
 -9999.0   ,   9990.0 
 7 
 142.8233     -1.750611 
 142.823      -1.74925 
 142.8275     -1.740056 
 142.8287     -1.737278 
 142.8296     -1.735917 
 142.8323     -1.727861 
 142.8376     -1.727139 
 1             32 
1
 -9999.0   ,   9990.0 
 10 
 144.0212     -1.650722 
 144.0227     -1.655361 
 144.0259     -1.654361 
 144.0268     -1.648722 
 144.0238     -1.642222 
 144.021      -1.640417 
 144.0192     -1.641389 
 144.0197     -1.643722 
 144.0207     -1.647444 
 144.0212     -1.650722 
 1             33 
1
 -9999.0   ,   9990.0 
 23 
 144.0279     -1.472111 
 144.031      -1.474028 
 144.0345     -1.476195 
 144.0379     -1.482222 
 144.0399     -1.489194 
 144.0376     -1.493472 
 144.0377     -1.495333 
 144.0428     -1.496167 
 144.0434     -1.495139 
 144.0435     -1.495 
 144.0455     -1.491444 
 144.0453     -1.490722 
 144.0445     -1.486778 
 144.0442     -1.486222 
 144.0405     -1.479194 
 144.0399     -1.478028 
 144.0394     -1.477 
 144.0392     -1.476583 
 144.0324     -1.467333 
 144.03       -1.466306 
 144.0282     -1.465556 
 144.0255     -1.467472 
 144.0279     -1.472111 
 1             34 
1
 -9999.0   ,   9990.0 
 19 
 143.0756     -1.462028 
 143.0676     -1.461333 
 143.06       -1.458139 
 143.0507     -1.459083 
 143.0486     -1.459306 
 143.0469     -1.459722 
 143.0447     -1.46025 
 143.0442     -1.4625 
 143.0441     -1.463222 
 143.0449     -1.464806 
 143.0451     -1.465222 
 143.0468     -1.468278 
 143.0453     -1.472417 
 143.045      -1.473333 
 143.0445     -1.477444 
 143.0443     -1.478639 
 143.0446     -1.479556 
 143.0451     -1.480861 
 143.0452     -1.481167 
 1             35 
1
 -9999.0   ,   9990.0 
 13 
 144.5002     -1.419556 
 144.4973     -1.420611 
 144.4983     -1.422556 
 144.5022     -1.4225 
 144.5051     -1.420444 
 144.5081     -1.420389 
 144.5115     -1.417361 
 144.5079     -1.412 
 144.5044     -1.408611 
 144.502      -1.410639 
 144.5041     -1.415528 
 144.5031     -1.418028 
 144.5002     -1.419556 
 1             36 
1
 -9999.0   ,   9990.0 
 6 
 144.1933     -1.411167 
 144.2026     -1.409972 
 144.2042     -1.406278 
 144.2028     -1.402833 
 144.198      -1.405861 
 144.1933     -1.411167 
 1             37 
1
 -9999.0   ,   9990.0 
 12 
 144.1428     -1.323694 
 144.1516     -1.327389 
 144.1576     -1.331722 
 144.16       -1.331667 
 144.1599     -1.328222 
 144.155      -1.325833 
 144.1475     -1.320556 
 144.1455     -1.319778 
 144.145      -1.319611 
 144.1426     -1.320667 
 144.1427     -1.323611 
 144.1428     -1.323694 
 1             38 
1
 -9999.0   ,   9990.0 
 10 
 144.2898     -1.219667 
 144.2859     -1.218889 
 144.2815     -1.217 
 144.2776     -1.218056 
 144.2796     -1.221472 
 144.2826     -1.222917 
 144.2847     -1.222861 
 144.288      -1.222806 
 144.2903     -1.219778 
 144.2898     -1.219667 
 1             39 
1
 -9999.0   ,   9990.0 
 11 
 144.2724     -1.222583 
 144.2642     -1.2215 
 144.264      -1.221472 
 144.261      -1.21825 
 144.2615     -1.217361 
 144.2628     -1.21525 
 144.2641     -1.214889 
 144.2653     -1.214556 
 144.27       -1.2175 
 144.2704     -1.21775 
 144.2724     -1.222583 
 1             40 
1
 -9999.0   ,   9990.0 
 11 
 144.2268     -1.216417 
 144.2268     -1.219278 
 144.2242     -1.220444 
 144.2195     -1.222528 
 144.2165     -1.222778 
 144.2158     -1.22225 
 144.2149     -1.221639 
 144.217      -1.216333 
 144.2226     -1.214944 
 144.2268     -1.216083 
 144.2268     -1.216417 
 1             41 
1
 -9999.0   ,   9990.0 
 11 
 144.4148     -1.15725 
 144.4207     -1.149417 
 144.4211     -1.141361 
 144.42       -1.137 
 144.4165     -1.136556 
 144.4123     -1.149667 
 144.4023     -1.161194 
 144.4046     -1.164639 
 144.4062     -1.165556 
 144.4105     -1.163472 
 144.4148     -1.15725 
 1             42 
1
 -9999.0   ,   9990.0 
 6 
 144.4952     -1.127306 
 144.4951     -1.124889 
 144.4951     -1.124111 
 144.4976     -1.125056 
 144.4979     -1.127389 
 144.498      -1.128722 
 1             43 
1
 -9999.0   ,   9990.0 
 3 
 144.4753     -1.11725 
 144.4777     -1.119528 
 144.4798     -1.119528 
 1             44 
1
 -9999.0   ,   9990.0 
 9 
 144.4006     -1.08075 
 144.4045     -1.08325 
 144.4058     -1.086 
 144.4065     -1.090611 
 144.4061     -1.092444 
 144.3979     -1.094083 
 144.396      -1.086056 
 144.3995     -1.082361 
 144.4006     -1.08075 
 1             45 
1
 -9999.0   ,   9990.0 
 122 
 144.5331     -3.822305 
 144.529      -3.818389 
 144.5185     -3.814972 
 144.5102     -3.812472 
 144.5033     -3.810444 
 144.499      -3.80975 
 144.4905     -3.808417 
 144.4839     -3.808444 
 144.4781     -3.807306 
 144.4674     -3.806417 
 144.4648     -3.806889 
 144.4596     -3.804611 
 144.4475     -3.803278 
 144.4371     -3.799861 
 144.4305     -3.798472 
 144.4263     -3.797611 
 144.4057     -3.794889 
 144.3916     -3.791083 
 144.3823     -3.788944 
 144.3648     -3.786944 
 144.3508     -3.7855 
 144.3293     -3.785944 
 144.3153     -3.786222 
 144.3048     -3.785861 
 144.2943     -3.784306 
 144.2814     -3.781639 
 144.2733     -3.780639 
 144.2693     -3.784833 
 144.2699     -3.788917 
 144.2764     -3.794028 
 144.2882     -3.801389 
 144.2953     -3.803583 
 144.2981     -3.800611 
 144.2962     -3.794806 
 144.2979     -3.792417 
 144.3032     -3.790555 
 144.309      -3.791028 
 144.3102     -3.79275 
 144.3039     -3.796389 
 144.304      -3.803417 
 144.3071     -3.811528 
 144.313      -3.816083 
 144.3171     -3.820694 
 144.3243     -3.827556 
 144.3272     -3.828083 
 144.3271     -3.822222 
 144.3276     -3.816972 
 144.3362     -3.813278 
 144.3415     -3.813167 
 144.3456     -3.814833 
 144.3527     -3.821694 
 144.352      -3.815278 
 144.3518     -3.807694 
 144.3569     -3.801139 
 144.3627     -3.797528 
 144.3674     -3.798611 
 144.3663     -3.804472 
 144.3605     -3.806333 
 144.3548     -3.811722 
 144.355      -3.818722 
 144.3627     -3.827945 
 144.3685     -3.826639 
 144.3749     -3.825333 
 144.3912     -3.82675 
 144.4046     -3.825305 
 144.4132     -3.820472 
 144.4188     -3.809806 
 144.4228     -3.803306 
 144.4263     -3.803222 
 144.4293     -3.810778 
 144.4258     -3.811417 
 144.4212     -3.813861 
 144.419      -3.817417 
 144.4093     -3.828139 
 144.3995     -3.830694 
 144.3849     -3.829222 
 144.3709     -3.830694 
 144.3651     -3.8355 
 144.3629     -3.837278 
 144.3643     -3.848944 
 144.3745     -3.862778 
 144.3791     -3.876972 
 144.3796     -3.880472 
 144.3801     -3.883722 
 144.3762     -3.888472 
 144.3622     -3.890222 
 144.3539     -3.891222 
 144.3477     -3.891972 
 144.3366     -3.889278 
 144.3303     -3.872222 
 144.3341     -3.880556 
 144.3389     -3.888083 
 144.3476     -3.888472 
 144.357      -3.889444 
 144.3755     -3.884972 
 144.3766     -3.880861 
 144.3725     -3.871333 
 144.3674     -3.858833 
 144.3597     -3.850222 
 144.3582     -3.836222 
 144.3557     -3.828667 
 144.3548     -3.828222 
 144.3487     -3.825305 
 144.3429     -3.825417 
 144.3343     -3.831445 
 144.3314     -3.835583 
 144.3256     -3.835139 
 144.3232     -3.831667 
 144.3109     -3.83075 
 144.3137     -3.821333 
 144.3067     -3.820306 
 144.2978     -3.812889 
 144.2953     -3.807694 
 144.2831     -3.805583 
 144.2719     -3.802305 
 144.2662     -3.804194 
 144.2597     -3.803722 
 144.2499     -3.804528 
 144.2423     -3.80525 
 144.2424     -3.809361 
 144.2425     -3.815778 
 144.2385     -3.820528 
 1             46 
1
 -9999.0   ,   9990.0 
 309 
 144.09       -3.793611 
 144.0761     -3.794445 
 144.0699     -3.795389 
 144.0417     -3.794778 
 144.031      -3.796667 
 144.0248     -3.79575 
 144.0237     -3.796833 
 144.0011     -3.797278 
 143.9953     -3.797417 
 143.9941     -3.796778 
 143.9818     -3.79475 
 143.9731     -3.792472 
 143.9689     -3.789722 
 143.96       -3.776639 
 143.9528     -3.771583 
 143.948      -3.768833 
 143.9459     -3.76425 
 143.9416     -3.761028 
 143.9368     -3.751861 
 143.931      -3.738278 
 143.9293     -3.729306 
 143.9222     -3.717833 
 143.9176     -3.713472 
 143.9057     -3.710056 
 143.899      -3.703639 
 143.8956     -3.698806 
 143.8919     -3.697222 
 143.8782     -3.696333 
 143.8612     -3.690389 
 143.8523     -3.687194 
 143.8385     -3.684472 
 143.8232     -3.675083 
 143.8179     -3.668889 
 143.814      -3.658306 
 143.8144     -3.652778 
 143.8222     -3.652306 
 143.8226     -3.649083 
 143.8189     -3.645861 
 143.8041     -3.638556 
 143.7967     -3.637639 
 143.7935     -3.635583 
 143.7912     -3.628917 
 143.7807     -3.621361 
 143.7724     -3.62 
 143.7669     -3.617472 
 143.7621     -3.617944 
 143.7589     -3.619361 
 143.7509     -3.618444 
 143.7381     -3.612722 
 143.7305     -3.611611 
 143.7161     -3.605194 
 143.7142     -3.603833 
 143.7094     -3.602695 
 143.7064     -3.601305 
 143.6968     -3.592583 
 143.6947     -3.588694 
 143.6931     -3.578333 
 143.6942     -3.572111 
 143.7013     -3.563583 
 143.7026     -3.55575 
 143.701      -3.551167 
 143.6971     -3.551167 
 143.6919     -3.554639 
 143.6889     -3.55925 
 143.688      -3.566389 
 143.6874     -3.574445 
 143.6848     -3.577889 
 143.6807     -3.579306 
 143.6668     -3.578417 
 143.6619     -3.576583 
 143.6594     -3.573361 
 143.6594     -3.568778 
 143.6562     -3.570167 
 143.6535     -3.574083 
 143.6489     -3.575472 
 143.6437     -3.572722 
 143.6399     -3.569972 
 143.6349     -3.569056 
 143.6294     -3.565389 
 143.6257     -3.560111 
 143.6253     -3.5555 
 143.626      -3.553889 
 143.6314     -3.549972 
 143.6301     -3.546278 
 143.6248     -3.546528 
 143.6211     -3.554139 
 143.6173     -3.556695 
 143.6111     -3.55625 
 143.5998     -3.548889 
 143.5953     -3.545472 
 143.5904     -3.539944 
 143.5881     -3.534667 
 143.5909     -3.525694 
 143.5936     -3.520389 
 143.5917     -3.51625 
 143.5883     -3.516722 
 143.5838     -3.520639 
 143.5794     -3.519944 
 143.5693     -3.511694 
 143.5638     -3.504361 
 143.5629     -3.502056 
 143.5599     -3.494694 
 143.5576     -3.480333 
 143.555      -3.474333 
 143.547      -3.47125 
 143.5399     -3.469194 
 143.5319     -3.466444 
 143.5291     -3.463944 
 143.5275     -3.453361 
 143.5256     -3.451528 
 143.5229     -3.44875 
 143.5135     -3.441195 
 143.4981     -3.437556 
 143.4931     -3.437556 
 143.4865     -3.437583 
 143.4762     -3.440361 
 143.4629     -3.439945 
 143.4533     -3.434194 
 143.4491     -3.430083 
 143.4475     -3.424556 
 143.4439     -3.421806 
 143.4313     -3.419306 
 143.4221     -3.414722 
 143.4182     -3.413805 
 143.415      -3.408306 
 143.4116     -3.407833 
 143.3985     -3.412694 
 143.3786     -3.411361 
 143.3667     -3.410722 
 143.3544     -3.4105 
 143.3434     -3.409833 
 143.3299     -3.405278 
 143.3196     -3.401611 
 143.3017     -3.397278 
 143.2848     -3.394333 
 143.2559     -3.394639 
 143.2399     -3.393055 
 143.2319     -3.391222 
 143.2294     -3.388944 
 143.2248     -3.3795 
 143.2163     -3.373556 
 143.2009     -3.366667 
 143.1794     -3.362111 
 143.1719     -3.360972 
 143.1671     -3.36075 
 143.1645     -3.359389 
 143.1591     -3.357333 
 143.1545     -3.356889 
 143.1387     -3.355056 
 143.1233     -3.355111 
 143.1128     -3.353055 
 143.1034     -3.353528 
 143.1002     -3.355389 
 143.097      -3.354222 
 143.0879     -3.35725 
 143.0785     -3.361639 
 143.0641     -3.365361 
 143.0581     -3.364667 
 143.0538     -3.36375 
 143.0422     -3.36425 
 143.0304     -3.362417 
 143.0179     -3.358305 
 143.0126     -3.355083 
 143.0103     -3.354417 
 143.0091     -3.3475 
 143.0018     -3.346361 
 142.9934     -3.346389 
 142.9831     -3.345472 
 142.97       -3.347361 
 142.9574     -3.348305 
 142.9513     -3.347167 
 142.943      -3.34325 
 142.9385     -3.341417 
 142.9295     -3.340972 
 142.9196     -3.333861 
 142.9135     -3.333194 
 142.8975     -3.333444 
 142.8837     -3.331861 
 142.8741     -3.331194 
 142.8627     -3.32775 
 142.8519     -3.324778 
 142.8377     -3.31975 
 142.8148     -3.309194 
 142.8095     -3.304611 
 142.8056     -3.305083 
 142.8038     -3.306 
 142.8011     -3.303472 
 142.7871     -3.300028 
 142.7711     -3.296833 
 142.7608     -3.295944 
 142.7528     -3.295028 
 142.7377     -3.291611 
 142.723      -3.285889 
 142.7015     -3.278556 
 142.6882     -3.274667 
 142.6843     -3.272583 
 142.6782     -3.270306 
 142.6672     -3.268694 
 142.6521     -3.263667 
 142.639      -3.257 
 142.6349     -3.254945 
 142.6273     -3.249444 
 142.6225     -3.248528 
 142.6152     -3.245083 
 142.5987     -3.244417 
 142.59       -3.242805 
 142.5795     -3.239611 
 142.5728     -3.237306 
 142.5628     -3.238028 
 142.5513     -3.237806 
 142.5465     -3.236194 
 142.5365     -3.235306 
 142.5317     -3.232083 
 142.5193     -3.228417 
 142.5127     -3.225194 
 142.4978     -3.213944 
 142.4918     -3.213722 
 142.4863     -3.209583 
 142.4792     -3.20475 
 142.4687     -3.199028 
 142.4566     -3.190056 
 142.4428     -3.185945 
 142.4346     -3.18225 
 142.4231     -3.176528 
 142.4083     -3.170333 
 142.3961     -3.162278 
 142.3849     -3.153083 
 142.3819     -3.152639 
 142.3737     -3.152639 
 142.3684     -3.149667 
 142.357      -3.149 
 142.354      -3.146472 
 142.352      -3.141389 
 142.354      -3.135417 
 142.3489     -3.130139 
 142.346      -3.123917 
 142.3238     -3.125778 
 142.3041     -3.123278 
 142.2949     -3.122361 
 142.2838     -3.118 
 142.2654     -3.113889 
 142.2547     -3.108361 
 142.2423     -3.100083 
 142.2359     -3.099861 
 142.2348     -3.101028 
 142.2318     -3.098028 
 142.2185     -3.098972 
 142.2135     -3.100361 
 142.2133     -3.104944 
 142.2128     -3.108861 
 142.2083     -3.108417 
 142.2034     -3.1045 
 142.2005     -3.102278 
 142.2044     -3.101778 
 142.2069     -3.101305 
 142.2086     -3.100833 
 142.2073     -3.098278 
 142.2043     -3.095778 
 142.2        -3.095861 
 142.1883     -3.094611 
 142.1748     -3.091194 
 142.1668     -3.086361 
 142.1496     -3.070945 
 142.1346     -3.060528 
 142.1262     -3.052361 
 142.1101     -3.041139 
 142.0971     -3.031139 
 142.0946     -3.028 
 142.0914     -3.029333 
 142.0927     -3.0325 
 142.1031     -3.041917 
 142.1204     -3.051833 
 142.1282     -3.06 
 142.1226     -3.062472 
 142.1172     -3.064778 
 142.1064     -3.063389 
 142.1034     -3.069833 
 142.097      -3.070528 
 142.0861     -3.069861 
 142.0813     -3.069167 
 142.0765     -3.064583 
 142.0712     -3.060444 
 142.07       -3.055833 
 142.0705     -3.052611 
 142.067      -3.047333 
 142.0663     -3.041333 
 142.0661     -3.039278 
 142.0682     -3.036278 
 142.075      -3.028917 
 142.0689     -3.028222 
 142.0645     -3.026139 
 142.0606     -3.025917 
 142.0583     -3.024778 
 142.0636     -3.019472 
 142.0691     -3.015556 
 142.0811     -3.023111 
 142.0843     -3.023695 
 142.083      -3.020528 
 142.0804     -3.018639 
 142.072      -3.0135 
 142.07       -3.010722 
 142.0563     -3.003833 
 142.0476     -3.000389 
 142.0345     -2.992111 
 142.023      -2.982445 
 142.0221     -2.981778 
 142.0089     -2.974195 
 141.9979     -2.969583 
 141.9945     -2.968917 
 1             47 
1
 -9999.0   ,   9990.0 
 153 
 141.9945     -2.968917 
 141.9917     -2.970056 
 141.9867     -2.967056 
 141.9768     -2.967083 
 141.9674     -2.967444 
 141.9521     -2.968 
 141.9448     -2.969639 
 141.9334     -2.970556 
 141.9243     -2.972167 
 141.9167     -2.974694 
 141.9048     -2.975639 
 141.8977     -2.978167 
 141.8797     -2.9775 
 141.8769     -2.976333 
 141.8716     -2.970833 
 141.8648     -2.966 
 141.8627     -2.963222 
 141.8588     -2.953556 
 141.8545     -2.949667 
 141.8437     -2.946667 
 141.8396     -2.943 
 141.8364     -2.937472 
 141.8327     -2.936083 
 141.8297     -2.934722 
 141.8279     -2.928972 
 141.8272     -2.921833 
 141.8098     -2.914 
 141.8009     -2.912167 
 141.7909     -2.9115 
 141.7856     -2.909194 
 141.7584     -2.899528 
 141.7531     -2.895639 
 141.7401     -2.8915 
 141.73       -2.886194 
 141.7289     -2.885528 
 141.727      -2.884361 
 141.7147     -2.878611 
 141.687      -2.863444 
 141.6728     -2.856306 
 141.6714     -2.8565 
 141.6685     -2.85425 
 141.6577     -2.8485 
 141.6426     -2.84275 
 141.631      -2.838139 
 141.6111     -2.829167 
 141.6086     -2.827417 
 141.5987     -2.820444 
 141.5861     -2.814445 
 141.5788     -2.809222 
 141.572      -2.804333 
 141.5624     -2.798111 
 141.5466     -2.789611 
 141.5326     -2.782139 
 141.531      -2.781333 
 141.5198     -2.77625 
 141.5045     -2.769833 
 141.4898     -2.765 
 141.483      -2.763389 
 141.4752     -2.762917 
 141.4745     -2.762667 
 141.4592     -2.757639 
 141.4551     -2.753944 
 141.448      -2.7475 
 141.4446     -2.745889 
 141.435      -2.741528 
 141.4243     -2.737695 
 141.4203     -2.736222 
 141.3938     -2.732083 
 141.3828     -2.73025 
 141.3764     -2.72725 
 141.3638     -2.725639 
 141.3584     -2.722889 
 141.3524     -2.721722 
 141.3476     -2.71875 
 141.3359     -2.716667 
 141.3332     -2.714361 
 141.3257     -2.707222 
 141.3181     -2.705611 
 141.3142     -2.704944 
 141.3085     -2.700333 
 141.3056     -2.693417 
 141.3085     -2.690444 
 141.3122     -2.687667 
 141.3125     -2.6865 
 141.3135     -2.683306 
 141.3122     -2.678 
 141.3074     -2.673639 
 141.3016     -2.673639 
 141.2989     -2.674083 
 141.2988     -2.67425 
 141.2968     -2.679167 
 141.2978     -2.684667 
 141.2998     -2.688583 
 141.2969     -2.692055 
 141.2907     -2.6925 
 141.2793     -2.689972 
 141.2733     -2.686056 
 141.2722     -2.684667 
 141.2708     -2.679167 
 141.2728     -2.674778 
 141.2799     -2.670417 
 141.2804     -2.667194 
 141.2788     -2.665583 
 141.2749     -2.666028 
 141.2708     -2.668333 
 141.2674     -2.667639 
 141.2626     -2.663278 
 141.2575     -2.660972 
 141.2514     -2.66075 
 141.247      -2.662806 
 141.2392     -2.661889 
 141.2358     -2.6605 
 141.2287     -2.650611 
 141.2262     -2.649472 
 141.2235     -2.649694 
 141.2216     -2.651305 
 141.2177     -2.650611 
 141.217      -2.648306 
 141.2154     -2.643945 
 141.2066     -2.635889 
 141.2024     -2.635417 
 141.189      -2.636806 
 141.1851     -2.635861 
 141.1743     -2.638639 
 141.167      -2.643472 
 141.1599     -2.643694 
 141.1533     -2.642306 
 141.1483     -2.637472 
 141.1421     -2.636778 
 141.1373     -2.6315 
 141.1281     -2.630111 
 141.1044     -2.631028 
 141.1        -2.629417 
 141.0962     -2.624805 
 141.0938     -2.620417 
 141.0863     -2.619278 
 141.081      -2.616972 
 141.0717     -2.6165 
 141.0678     -2.614444 
 141.0616     -2.609139 
 141.0548     -2.609139 
 141.0424     -2.6105 
 141.0374     -2.6105 
 141.0365     -2.610139 
 141.0335     -2.608889 
 141.0301     -2.608889 
 141.0281     -2.610917 
 141.0259     -2.613028 
 141.0168     -2.615333 
 141.0106     -2.611583 
 141.0065     -2.609111 
 141.001      -2.608639 
 140.999      -2.60875 
 1             48 
1
 -9999.0   ,   9990.0 
 185 
 140.999      -2.60875 
 140.9862     -2.609333 
 140.9823     -2.610667 
 140.9802     -2.611389 
 140.9697     -2.610028 
 140.9673     -2.6095 
 140.9642     -2.608861 
 140.9639     -2.609222 
 140.9588     -2.614833 
 140.9562     -2.614833 
 140.9549     -2.616444 
 140.9505     -2.61575 
 140.9478     -2.617361 
 140.943      -2.616667 
 140.9386     -2.616889 
 140.9354     -2.615528 
 140.9325     -2.614139 
 140.9297     -2.614583 
 140.9276     -2.616194 
 140.926      -2.619667 
 140.9267     -2.628861 
 140.9199     -2.624028 
 140.9112     -2.622861 
 140.9036     -2.620778 
 140.895      -2.619861 
 140.8817     -2.618028 
 140.8746     -2.615472 
 140.8625     -2.615 
 140.8518     -2.611083 
 140.8406     -2.610028 
 140.8397     -2.609944 
 140.8255     -2.609222 
 140.8182     -2.606694 
 140.8145     -2.606 
 140.8072     -2.600472 
 140.8051     -2.5985 
 140.8035     -2.597028 
 140.7987     -2.595639 
 140.796      -2.596083 
 140.7953     -2.597194 
 140.7919     -2.602778 
 140.7898     -2.604611 
 140.7919     -2.608056 
 140.7958     -2.608528 
 140.7983     -2.612195 
 140.7985     -2.618194 
 140.7971     -2.621167 
 140.7928     -2.625556 
 140.7884     -2.629 
 140.7788     -2.63175 
 140.7653     -2.632417 
 140.7596     -2.631972 
 140.7496     -2.627361 
 140.7439     -2.623445 
 140.7381     -2.619333 
 140.729      -2.608861 
 140.7228     -2.601139 
 140.7206     -2.602861 
 140.7224     -2.610111 
 140.7268     -2.611139 
 140.7308     -2.618917 
 140.7348     -2.621083 
 140.7404     -2.624361 
 140.7452     -2.632861 
 140.745      -2.636083 
 140.7431     -2.638861 
 140.7317     -2.639528 
 140.7283     -2.632389 
 140.7251     -2.634472 
 140.7208     -2.633778 
 140.7159     -2.631472 
 140.7116     -2.631 
 140.7096     -2.626861 
 140.711      -2.624778 
 140.715      -2.623222 
 140.7159     -2.620833 
 140.7135     -2.619944 
 140.7088     -2.622583 
 140.702      -2.620861 
 140.6963     -2.619028 
 140.6952     -2.615806 
 140.6998     -2.607972 
 140.7016     -2.605222 
 140.6986     -2.599917 
 140.6998     -2.59625 
 140.705      -2.593722 
 140.7071     -2.591889 
 140.7085     -2.584972 
 140.7066     -2.580611 
 140.7029     -2.577611 
 140.7059     -2.573694 
 140.708      -2.572778 
 140.7133     -2.579472 
 140.713      -2.584972 
 140.7123     -2.589111 
 140.716      -2.593278 
 140.7228     -2.592361 
 140.7173     -2.580167 
 140.7178     -2.574639 
 140.7224     -2.568667 
 140.7251     -2.565194 
 140.7274     -2.562222 
 140.7283     -2.560139 
 140.7267     -2.554861 
 140.7279     -2.551417 
 140.7262     -2.550167 
 140.7215     -2.546556 
 140.7178     -2.546111 
 140.7162     -2.543333 
 140.7199     -2.539444 
 140.7275     -2.53875 
 140.7361     -2.536695 
 140.738      -2.525861 
 140.7393     -2.522667 
 140.7396     -2.522 
 140.74       -2.521028 
 140.7413     -2.520778 
 140.7428     -2.520472 
 140.7434     -2.520361 
 140.746      -2.529833 
 140.7464     -2.531389 
 140.7521     -2.539 
 140.7571     -2.540611 
 140.7597     -2.537861 
 140.7551     -2.531417 
 140.7551     -2.53025 
 140.7533     -2.520028 
 140.753      -2.518278 
 140.745      -2.50725 
 140.7416     -2.500806 
 140.7371     -2.500333 
 140.7304     -2.493889 
 140.7263     -2.492972 
 140.7233     -2.490195 
 140.7222     -2.486528 
 140.7145     -2.484 
 140.7094     -2.482361 
 140.7037     -2.476361 
 140.6987     -2.4805 
 140.6939     -2.478194 
 140.6886     -2.478667 
 140.6836     -2.479805 
 140.6783     -2.474056 
 140.6728     -2.473361 
 140.6685     -2.475417 
 140.6614     -2.474722 
 140.6575     -2.471972 
 140.6559     -2.468972 
 140.6568     -2.464833 
 140.6561     -2.462528 
 140.6511     -2.463444 
 140.6454     -2.467806 
 140.642      -2.466667 
 140.6404     -2.461833 
 140.6413     -2.455389 
 140.6412     -2.45525 
 140.6399     -2.452611 
 140.6365     -2.452389 
 140.6319     -2.453528 
 140.6237     -2.444333 
 140.6209     -2.44225 
 140.6157     -2.439472 
 140.6127     -2.442694 
 140.6086     -2.448444 
 140.6083     -2.451889 
 140.6082     -2.452806 
 140.6052     -2.454417 
 140.599      -2.453278 
 140.5931     -2.451417 
 140.5923     -2.450639 
 140.5862     -2.444278 
 140.5773     -2.446805 
 140.5719     -2.446972 
 140.57       -2.447028 
 140.5684     -2.446056 
 140.5677     -2.445639 
 140.5657     -2.43575 
 140.5618     -2.435528 
 140.5578     -2.442528 
 140.5574     -2.443111 
 140.5533     -2.442639 
 140.5503     -2.445167 
 140.5462     -2.444695 
 140.5437     -2.440083 
 140.5429     -2.43625 
 1             49 
1
 -9999.0   ,   9990.0 
 3 
 140.5429     -2.43625 
 140.5428     -2.435722 
 140.5417     -2.435722 
 1             50 
1
 -9999.0   ,   9990.0 
 34 
 142.8376     -1.727139 
 142.8453     -1.732417 
 142.8524     -1.732889 
 142.854      -1.731028 
 142.8561     -1.732167 
 142.8591     -1.731861 
 142.8624     -1.731472 
 142.8659     -1.73125 
 142.8698     -1.730778 
 142.8764     -1.733306 
 142.8785     -1.739278 
 142.8766     -1.745944 
 142.8735     -1.752833 
 142.8698     -1.756528 
 142.8698     -1.756528 
 142.8648     -1.756528 
 142.8638     -1.755472 
 142.8596     -1.750944 
 142.8591     -1.750333 
 142.8534     -1.746444 
 142.8506     -1.745972 
 142.8506     -1.745972 
 142.8504     -1.745944 
 142.8503     -1.745944 
 142.8481     -1.745528 
 142.8445     -1.746917 
 142.8426     -1.751972 
 142.8395     -1.752222 
 142.8367     -1.757972 
 142.8335     -1.762333 
 142.8313     -1.762806 
 142.8283     -1.761667 
 142.8244     -1.755 
 142.8233     -1.750611 
 1             51 
1
 -9999.0   ,   9990.0 
 13 
 143.0452     -1.481167 
 143.0469     -1.481306 
 143.048      -1.481389 
 143.0539     -1.48 
 143.0548     -1.479778 
 143.055      -1.479667 
 143.0619     -1.473889 
 143.0623     -1.473583 
 143.0623     -1.473528 
 143.0637     -1.472917 
 143.0742     -1.468 
 143.0763     -1.465694 
 143.0756     -1.462028 
 1             52 
1
 -9999.0   ,   9990.0 
 22 
 144.1933     -1.411167 
 144.1871     -1.409111 
 144.1825     -1.408444 
 144.1747     -1.407083 
 144.172      -1.406639 
 144.169      -1.404111 
 144.1663     -1.396306 
 144.1663     -1.396278 
 144.1649     -1.392167 
 144.1651     -1.39125 
 144.1617     -1.391722 
 144.1601     -1.395056 
 144.1601     -1.395167 
 144.1608     -1.401611 
 144.1631     -1.404917 
 144.1648     -1.407306 
 144.1698     -1.414444 
 144.1748     -1.416722 
 144.1781     -1.416945 
 144.1812     -1.417167 
 144.1905     -1.414167 
 144.1933     -1.411167 
 1             53 
1
 -9999.0   ,   9990.0 
 8 
 144.498      -1.128722 
 144.4982     -1.130972 
 144.4955     -1.140417 
 144.4933     -1.146611 
 144.4907     -1.142472 
 144.4934     -1.138333 
 144.4953     -1.131028 
 144.4952     -1.127306 
 1             54 
1
 -9999.0   ,   9990.0 
 10 
 144.4798     -1.119528 
 144.4845     -1.1195 
 144.4882     -1.120417 
 144.4885     -1.118694 
 144.4886     -1.117889 
 144.4856     -1.115139 
 144.4842     -1.114778 
 144.4822     -1.114222 
 144.4778     -1.114944 
 144.4753     -1.11725 
