 3 
 1             1 
1
 -9999.0   ,   9990.0 
 174 
-89.27309     -.702449 
-89.27558     -.705785 
-89.27992     -.706837 
-89.28734     -.701617 
-89.29662     -.697505 
-89.30466     -.689285 
-89.31426     -.68976 
-89.31821     -.692888 
-89.32569     -.690424 
-89.33391     -.690241 
-89.34272     -.686139 
-89.35329     -.689578 
-89.35516     -.690583 
-89.36231     -.694432 
-89.36175     -.700876 
-89.36751     -.703734 
-89.37271     -.711659 
-89.37566     -.710674 
-89.38807     -.714762 
-89.38952     -.719324 
-89.39312     -.716257 
-89.39704     -.718236 
-89.39858     -.714986 
-89.40061     -.714022 
-89.40812     -.723732 
-89.41752     -.726049 
-89.42239     -.729616 
-89.42443     -.728881 
-89.42588     -.732294 
-89.43028     -.735642 
-89.43504     -.733927 
-89.43671     -.737566 
-89.43995     -.73956 
-89.43658     -.741934 
-89.43747     -.744887 
-89.43829     -.747639 
-89.44604     -.747006 
-89.44767     -.748348 
-89.44797     -.751558 
-89.45026     -.751736 
-89.45427     -.758079 
-89.45994     -.756803 
-89.46091     -.759078 
-89.45776     -.761217 
-89.45626     -.766076 
-89.46144     -.773541 
-89.45922     -.776349 
-89.46786     -.785804 
-89.46636     -.790204 
-89.46896     -.794052 
-89.46599     -.794577 
-89.46563     -.798722 
-89.46962     -.803917 
-89.48265     -.815571 
-89.49318     -.816943 
-89.49726     -.815702 
-89.49869     -.817286 
-89.50194     -.820881 
-89.50534     -.819656 
-89.50928     -.822554 
-89.51268     -.821099 
-89.51825     -.825569 
-89.52087     -.819765 
-89.52976     -.818876 
-89.53314     -.816961 
-89.53754     -.820079 
-89.53806     -.822824 
-89.53474     -.827954 
-89.53896     -.833144 
-89.53647     -.834349 
-89.53656     -.838483 
-89.53933     -.840029 
-89.54104     -.845275 
-89.54999     -.847141 
-89.55608     -.854816 
-89.56807     -.860289 
-89.57211     -.867781 
-89.57485     -.867719 
-89.57709     -.869056 
-89.58595     -.874361 
-89.59049     -.87311 
-89.59403     -.878545 
-89.59797     -.880983 
-89.60183     -.879976 
-89.60468     -.885427 
-89.60859     -.886487 
-89.61024     -.889437 
-89.60671     -.894802 
-89.60747     -.898461 
-89.61709     -.899623 
-89.62404     -.915091 
-89.62154     -.915837 
-89.62002     -.919318 
-89.60934     -.921858 
-89.60211     -.936269 
-89.59701     -.932708 
-89.59182     -.935104 
-89.58186     -.939715 
-89.57477     -.939186 
-89.56985     -.944123 
-89.55779     -.946464 
-89.55811     -.950133 
-89.55424     -.95114 
-89.54961     -.948257 
-89.54694     -.951534 
-89.53618     -.950168 
-89.5335      -.952987 
-89.52666     -.953601 
-89.51247     -.951853 
-89.50895     -.947336 
-89.50464     -.948812 
-89.50367     -.946076 
-89.49342     -.936425 
-89.49012     -.942704 
-89.48926     -.942493 
-89.48668     -.941862 
-89.48341     -.93803 
-89.47428     -.938005 
-89.46896     -.935137 
-89.45806     -.93768 
-89.44377     -.931797 
-89.43351     -.932487 
-89.42822     -.930767 
-89.42634     -.928511 
-89.42626     -.924606 
-89.41938     -.922922 
-89.41359     -.919146 
-89.40952     -.921305 
-89.4039      -.914537 
-89.40002     -.914165 
-89.39875     -.908219 
-89.39453     -.903028 
-89.3937      -.896382 
-89.39126     -.894882 
-89.38792     -.892835 
-89.38641     -.885975 
-89.37324     -.867887 
-89.37079     -.860359 
-89.36822     -.85697 
-89.36574     -.858404 
-89.3618      -.855965 
-89.36048     -.847263 
-89.36086     -.832778 
-89.35851     -.829155 
-89.35138     -.827016 
-89.35108     -.823576 
-89.35221     -.822862 
-89.35078     -.820136 
-89.32674     -.817226 
-89.32204     -.813645 
-89.31004     -.804502 
-89.30642     -.795162 
-89.30104     -.789078 
-89.28511     -.780473 
-89.27661     -.766876 
-89.27388     -.756368 
-89.26942     -.750264 
-89.26486     -.751054 
-89.25491     -.744383 
-89.25325     -.741663 
-89.25267     -.735472 
-89.25187     -.734568 
-89.24326     -.724853 
-89.23986     -.72335 
-89.24066     -.717819 
-89.25261     -.710661 
-89.25096     -.70817 
-89.25367     -.706731 
-89.25097     -.697602 
-89.25321     -.695714 
-89.25915     -.695812 
-89.26216     -.698042 
-89.27087     -.699457 
-89.27309     -.702449 
 1             2 
1
 -9999.0   ,   9990.0 
 8 
-89.63546     -1.342333 
-89.63614     -1.338656 
-89.64162     -1.33681 
-89.64482     -1.339105 
-89.6462      -1.34347 
-89.64574     -1.345079 
-89.64392     -1.345081 
-89.63546     -1.342333 
 1             3 
1
 -9999.0   ,   9990.0 
 58 
-89.73712     -1.373116 
-89.74226     -1.370863 
-89.74234     -1.367845 
-89.73601     -1.363942 
-89.73309     -1.355497 
-89.72466     -1.356373 
-89.71725     -1.352167 
-89.7165      -1.348964 
-89.70136     -1.346768 
-89.70099     -1.346619 
-89.69814     -1.34546 
-89.69764     -1.343401 
-89.68716     -1.345012 
-89.68515     -1.347125 
-89.67875     -1.347266 
-89.6783      -1.346205 
-89.67731     -1.343848 
-89.66959     -1.346089 
-89.66335     -1.343236 
-89.65814     -1.34519 
-89.65801     -1.350022 
-89.65666     -1.351202 
-89.64329     -1.356096 
-89.63748     -1.362663 
-89.63023     -1.365811 
-89.62759     -1.370469 
-89.62284     -1.372873 
-89.62321     -1.379534 
-89.62212     -1.381858 
-89.61601     -1.384982 
-89.61493     -1.387765 
-89.61596     -1.393492 
-89.62381     -1.397229 
-89.62431     -1.398829 
-89.62169     -1.404865 
-89.62289     -1.407599 
-89.62638     -1.410052 
-89.63205     -1.409763 
-89.63436     -1.409647 
-89.6409      -1.405593 
-89.64596     -1.407322 
-89.65348     -1.405777 
-89.65716     -1.406846 
-89.67494     -1.404845 
-89.67742     -1.40318 
-89.68066     -1.405409 
-89.69161     -1.393438 
-89.69549     -1.393123 
-89.69968     -1.39671 
-89.70219     -1.396425 
-89.70213     -1.393667 
-89.70414     -1.391322 
-89.70645     -1.392651 
-89.71454     -1.386171 
-89.72151     -1.38059 
-89.73107     -1.378769 
-89.73491     -1.376615 
-89.73712     -1.373116 
