 10 
 1             1 
1
 -9999.0   ,   9990.0 
 19 
-46.04002     -60.59556 
-46.04421     -60.59567 
-46.04792     -60.59577 
-46.05223     -60.59473 
-46.05585     -60.59574 
-46.05796     -60.59786 
-46.0624      -60.59982 
-46.06784     -60.60134 
-46.07327     -60.60285 
-46.07588     -60.60453 
-46.07606     -60.60728 
-46.07109     -60.60578 
-46.06394     -60.60284 
-46.05898     -60.60134 
-46.05311     -60.59958 
-46.04892     -60.59947 
-46.04381     -60.59933 
-46.04019     -60.59832 
-46.04002     -60.59556 
 1             2 
1
 -9999.0   ,   9990.0 
 14 
-44.83341     -60.609 
-44.83311     -60.61106 
-44.8267      -60.61336 
-44.82183     -60.61479 
-44.81914     -60.61723 
-44.81495     -60.61708 
-44.80848     -60.61663 
-44.80201     -60.61617 
-44.80136     -60.61109 
-44.80697     -60.60784 
-44.81234     -60.60619 
-44.82137     -60.60513 
-44.82767     -60.60673 
-44.83341     -60.609 
 1             3 
1
 -9999.0   ,   9990.0 
 373 
-45.68373     -60.51829 
-45.6764      -60.5213 
-45.67084     -60.52504 
-45.66396     -60.52806 
-45.65509     -60.53216 
-45.65144     -60.5316 
-45.64068     -60.53588 
-45.63582     -60.54148 
-45.62776     -60.54652 
-45.62249     -60.55165 
-45.61055     -60.55406 
-45.60597     -60.55347 
-45.59699     -60.55068 
-45.58894     -60.55182 
-45.58368     -60.54914 
-45.5791      -60.54464 
-45.57506     -60.54727 
-45.5718      -60.55108 
-45.57526     -60.55325 
-45.57426     -60.55758 
-45.57027     -60.55976 
-45.56256     -60.56183 
-45.55924     -60.55852 
-45.55459     -60.56228 
-45.54855     -60.5621 
-45.54222     -60.56053 
-45.53649     -60.56174 
-45.53048     -60.56134 
-45.52284     -60.55904 
-45.51847     -60.56052 
-45.51224     -60.56193 
-45.50577     -60.56151 
-45.50286     -60.55867 
-45.5041      -60.5525 
-45.50582     -60.54613 
-45.5023      -60.54074 
-45.49438     -60.53705 
-45.48244     -60.53945 
-45.47604     -60.53857 
-45.4694      -60.53951 
-45.46734     -60.54106 
-45.46152     -60.54295 
-45.45552     -60.54254 
-45.45302     -60.54016 
-45.44546     -60.54476 
-45.44161     -60.54946 
-45.43392     -60.55497 
-45.43044     -60.56037 
-45.42696     -60.5621 
-45.41535     -60.56542 
-45.40604     -60.56536 
-45.40392     -60.57104 
-45.40493     -60.57406 
-45.40243     -60.57904 
-45.39633     -60.58666 
-45.39406     -60.5898 
-45.39458     -60.59671 
-45.3901      -60.60254 
-45.38175     -60.6094 
-45.36907     -60.6136 
-45.3605      -60.61495 
-45.35115     -60.61511 
-45.34957     -60.62012 
-45.34221     -60.62287 
-45.33201     -60.62232 
-45.32429     -60.6207 
-45.3195      -60.61803 
-45.3135      -60.62105 
-45.31026     -60.6244 
-45.30625     -60.62657 
-45.29709     -60.62513 
-45.28615     -60.62318 
-45.28095     -60.62715 
-45.27476     -60.6281 
-45.25985     -60.62786 
-45.24913     -60.62774 
-45.24365     -60.63032 
-45.23392     -60.62978 
-45.2217      -60.62686 
-45.21791     -60.62376 
-45.21663     -60.61935 
-45.2108      -60.61756 
-45.20569     -60.62084 
-45.20146     -60.62805 
-45.19752     -60.62953 
-45.19263     -60.62776 
-45.1908      -60.63092 
-45.18643     -60.63216 
-45.17924     -60.63009 
-45.17434     -60.62832 
-45.17134     -60.62983 
-45.16854     -60.63319 
-45.1683      -60.63846 
-45.17084     -60.64383 
-45.17621     -60.64561 
-45.18027     -60.64322 
-45.18445     -60.63991 
-45.19109     -60.64265 
-45.19534     -60.64577 
-45.19888     -60.64727 
-45.19947     -60.64981 
-45.19814     -60.65275 
-45.19827     -60.65528 
-45.19148     -60.65713 
-45.18661     -60.65858 
-45.17553     -60.65753 
-45.16402     -60.65624 
-45.15946     -60.65541 
-45.15341     -60.65865 
-45.14739     -60.66167 
-45.14187     -60.66448 
-45.14233     -60.66794 
-45.13981     -60.67268 
-45.1308      -60.68043 
-45.13285     -60.68601 
-45.14055     -60.68787 
-45.14477     -60.68778 
-45.15359     -60.68829 
-45.1525      -60.69285 
-45.14896     -60.6948 
-45.14539     -60.69699 
-45.15579     -60.69962 
-45.16092     -60.69979 
-45.16567     -60.7027 
-45.16987     -60.70628 
-45.16968     -60.7111 
-45.17171     -60.71691 
-45.17031     -60.72031 
-45.16471     -60.72357 
-45.16487     -60.72587 
-45.17006     -60.72903 
-45.17861     -60.7316 
-45.19071     -60.73223 
-45.19801     -60.73016 
-45.212       -60.72717 
-45.22145     -60.72311 
-45.22483     -60.7223 
-45.23133     -60.72274 
-45.23303     -60.72049 
-45.232       -60.7177 
-45.23068     -60.71352 
-45.23575     -60.7107 
-45.2413      -60.70766 
-45.24996     -60.70587 
-45.25798     -60.70544 
-45.26205     -60.70648 
-45.26702     -60.70434 
-45.26834     -60.7014 
-45.27386     -60.69859 
-45.27924     -60.70037 
-45.28586     -60.69989 
-45.29032     -60.69796 
-45.29487     -60.69535 
-45.29815     -60.69177 
-45.30405     -60.68967 
-45.31171     -60.6883 
-45.31359     -60.6918 
-45.32085     -60.68996 
-45.32359     -60.68683 
-45.32538     -60.68391 
-45.32763     -60.68099 
-45.33174     -60.67813 
-45.33748     -60.67716 
-45.34263     -60.67709 
-45.34318     -60.68009 
-45.34198     -60.68212 
-45.34404     -60.68426 
-45.34826     -60.68416 
-45.35418     -60.68181 
-45.35814     -60.6801 
-45.36373     -60.68027 
-45.36787     -60.67719 
-45.36817     -60.6749 
-45.36721     -60.67143 
-45.36859     -60.66802 
-45.37694     -60.66851 
-45.385       -60.66761 
-45.38644     -60.66375 
-45.39098     -60.66114 
-45.39825     -60.65906 
-45.4055      -60.65722 
-45.41966     -60.65605 
-45.43523     -60.65859 
-45.45266     -60.66118 
-45.46136     -60.6626 
-45.46566     -60.66181 
-45.47171     -60.66199 
-45.47331     -60.66411 
-45.48024     -60.66478 
-45.4835      -60.6612 
-45.47957     -60.65901 
-45.48081     -60.65653 
-45.48069     -60.65377 
-45.48875     -60.65286 
-45.49599     -60.65101 
-45.50128     -60.64979 
-45.51154     -60.6462 
-45.52023     -60.64393 
-45.53042     -60.64079 
-45.53831     -60.64126 
-45.54808     -60.64155 
-45.55143     -60.64463 
-45.55745     -60.64504 
-45.56178     -60.64402 
-45.56841     -60.6433 
-45.56949     -60.64585 
-45.56765     -60.64947 
-45.56591     -60.65218 
-45.56747     -60.65475 
-45.57442     -60.65518 
-45.58064     -60.65399 
-45.58513     -60.6555 
-45.58616     -60.65851 
-45.58996     -60.66184 
-45.59566     -60.66109 
-45.5992      -60.6589 
-45.60271     -60.65303 
-45.60557     -60.64875 
-45.613       -60.64529 
-45.61807     -60.642 
-45.62385     -60.64056 
-45.63102     -60.63916 
-45.63961     -60.63757 
-45.64955     -60.63648 
-45.65423     -60.63639 
-45.66217     -60.64419 
-45.65951     -60.65078 
-45.65991     -60.65515 
-45.66772     -60.65629 
-45.67936     -60.65663 
-45.69214     -60.65516 
-45.71044     -60.65453 
-45.71643     -60.65126 
-45.7242      -60.64873 
-45.72888     -60.64863 
-45.73564     -60.64675 
-45.7421      -60.64349 
-45.73626     -60.64149 
-45.73858     -60.63765 
-45.74399     -60.63528 
-45.74699     -60.62962 
-45.75267     -60.62496 
-45.75579     -60.62229 
-45.75198     -60.61897 
-45.75145     -60.61552 
-45.75305     -60.60982 
-45.75457     -60.60481 
-45.75904     -60.59851 
-45.76329     -60.59403 
-45.77055     -60.59171 
-45.77418     -60.5886 
-45.78403     -60.58406 
-45.79182     -60.58519 
-45.80106     -60.58591 
-45.80568     -60.58626 
-45.81334     -60.58855 
-45.81341     -60.59199 
-45.81446     -60.595 
-45.81773     -60.599 
-45.82976     -60.59979 
-45.83374     -60.60174 
-45.8414      -60.60401 
-45.84879     -60.60468 
-45.85269     -60.60318 
-45.85816     -60.60425 
-45.86046     -60.60867 
-45.86438     -60.61108 
-45.87195     -60.61426 
-45.8773      -60.61648 
-45.88336     -60.62055 
-45.88796     -60.62113 
-45.89427     -60.62314 
-45.90262     -60.62773 
-45.90828     -60.63132 
-45.9029      -60.63347 
-45.90213     -60.63621 
-45.90857     -60.63707 
-45.91255     -60.63488 
-45.91689     -60.63362 
-45.92384     -60.63404 
-45.93452     -60.63455 
-45.94372     -60.63572 
-45.9528      -60.63389 
-45.96434     -60.63076 
-45.97275     -60.63075 
-45.98224     -60.63353 
-45.98819     -60.6346 
-45.99248     -60.6338 
-45.99543     -60.63663 
-45.99645     -60.6401 
-46.00054     -60.64113 
-46.00226     -60.63819 
-46.00639     -60.63462 
-46.01337     -60.63481 
-46.02032     -60.63522 
-46.02349     -60.63186 
-46.01671     -60.62984 
-46.01194     -60.62651 
-46.01528     -60.62154 
-46.02185     -60.6169 
-46.02886     -60.61249 
-46.03582     -60.60854 
-46.03152     -60.60521 
-46.02712     -60.6028 
-46.02519     -60.59908 
-46.02605     -60.59543 
-46.02756     -60.59019 
-46.02612     -60.58625 
-46.02221     -60.58362 
-46.01407     -60.58134 
-46.00329     -60.57761 
-45.99393     -60.57806 
-45.98549     -60.57852 
-45.9819      -60.57728 
-45.97575     -60.5739 
-45.97667     -60.56979 
-45.97891     -60.56641 
-45.97439     -60.56514 
-45.97018     -60.56526 
-45.9659      -60.56193 
-45.96181     -60.55677 
-45.95782     -60.5507 
-45.95173     -60.54686 
-45.95314     -60.54254 
-45.95404     -60.53866 
-45.95527     -60.53593 
-45.95585     -60.53067 
-45.95571     -60.52768 
-45.95272     -60.52531 
-45.94625     -60.5249 
-45.94321     -60.52299 
-45.9404      -60.51901 
-45.93694     -60.51662 
-45.92865     -60.51594 
-45.9244      -60.51651 
-45.91946     -60.51913 
-45.92234     -60.52243 
-45.91979     -60.52442 
-45.92114     -60.52905 
-45.91454     -60.52979 
-45.90491     -60.52861 
-45.90076     -60.52827 
-45.90137     -60.53104 
-45.90547     -60.53597 
-45.90496     -60.54055 
-45.90171     -60.54459 
-45.89522     -60.54855 
-45.88503     -60.55218 
-45.87118     -60.55524 
-45.85502     -60.55411 
-45.84174     -60.55214 
-45.82625     -60.54918 
-45.81777     -60.54596 
-45.8192      -60.54164 
-45.81986     -60.53592 
-45.81487     -60.53073 
-45.80632     -60.5282 
-45.8004      -60.52711 
-45.79298     -60.5269 
-45.7857      -60.52946 
-45.78083     -60.53139 
-45.77626     -60.5347 
-45.77315     -60.53737 
-45.76044     -60.53862 
-45.75331     -60.53589 
-45.74449     -60.53174 
-45.74028     -60.52795 
-45.72704     -60.52183 
-45.71256     -60.51843 
-45.70113     -60.51673 
-45.69148     -60.51576 
-45.6836      -60.51554 
-45.68373     -60.51829 
 1             4 
1
 -9999.0   ,   9990.0 
 55 
-44.98941     -60.70789 
-44.99161     -60.70222 
-44.99874     -60.69488 
-44.99936     -60.68709 
-45.00514     -60.67924 
-45.00751     -60.67243 
-45.00974     -60.66653 
-45.00942     -60.66215 
-45.01025     -60.65621 
-45.00897     -60.65203 
-45.00709     -60.64875 
-45.00953     -60.64469 
-45.01342     -60.64023 
-45.01745     -60.63485 
-45.02006     -60.63287 
-45.02261     -60.63135 
-45.02801     -60.6228 
-45.03709     -60.6146 
-45.041       -60.61335 
-45.04529     -60.61603 
-45.05706     -60.61872 
-45.0595      -60.62133 
-45.0548      -60.62484 
-45.05368     -60.62963 
-45.05264     -60.63373 
-45.0489      -60.6405 
-45.04826     -60.64507 
-45.04642     -60.64823 
-45.04106     -60.65311 
-45.05009     -60.65547 
-45.05888     -60.65944 
-45.06064     -60.66364 
-45.05854     -60.66862 
-45.06328     -60.67154 
-45.06711     -60.67764 
-45.06268     -60.68599 
-45.05764     -60.68858 
-45.04921     -60.69197 
-45.05088     -60.69686 
-45.04865     -60.70275 
-45.04372     -60.70787 
-45.04098     -60.71077 
-45.03214     -60.71369 
-45.02473     -60.71643 
-45.01872     -60.71921 
-45.01504     -60.72208 
-45.01493     -60.72621 
-45.01543     -60.73266 
-45.00991     -60.73523 
-45.0057      -60.73188 
-45.00511     -60.72611 
-45.00411     -60.71987 
-44.99916     -60.71511 
-44.99222     -60.7112 
-44.98941     -60.70789 
 1             5 
1
 -9999.0   ,   9990.0 
 54 
-45.63166     -60.67247 
-45.63787     -60.67908 
-45.64165     -60.68264 
-45.64885     -60.68881 
-45.6537      -60.69125 
-45.65575     -60.69751 
-45.65729     -60.70031 
-45.66367     -60.70555 
-45.66606     -60.70906 
-45.67289     -60.71063 
-45.67426     -60.7148 
-45.67228     -60.71957 
-45.66965     -60.72202 
-45.66926     -60.72523 
-45.67629     -60.7252 
-45.67258     -60.72876 
-45.6641      -60.73311 
-45.66034     -60.73714 
-45.65539     -60.73929 
-45.6471      -60.73813 
-45.64321     -60.7394 
-45.63851     -60.73949 
-45.64035     -60.73587 
-45.63964     -60.73402 
-45.63083     -60.7333 
-45.62301     -60.73215 
-45.61344     -60.73004 
-45.60764     -60.73148 
-45.60311     -60.7302 
-45.59749     -60.73026 
-45.589       -60.7307 
-45.58761     -60.72676 
-45.5932      -60.72325 
-45.59581     -60.72103 
-45.59917     -60.71654 
-45.59187     -60.71494 
-45.58795     -60.71253 
-45.58931     -60.70913 
-45.59639     -60.70865 
-45.60478     -60.70889 
-45.61465     -60.70849 
-45.61655     -60.70441 
-45.61313     -60.70179 
-45.60858     -60.70074 
-45.60511     -60.69857 
-45.60355     -60.696 
-45.60095     -60.69431 
-45.60049     -60.69039 
-45.60318     -60.68749 
-45.60845     -60.6865 
-45.60794     -60.68304 
-45.61112     -60.67992 
-45.61844     -60.67737 
-45.63166     -60.67247 
 1             6 
1
 -9999.0   ,   9990.0 
 14 
-45.67404     -60.73615 
-45.67722     -60.73303 
-45.68304     -60.73136 
-45.69054     -60.73134 
-45.69457     -60.73284 
-45.69762     -60.73476 
-45.69443     -60.73788 
-45.70174     -60.73947 
-45.70721     -60.74077 
-45.70361     -60.74343 
-45.6951      -60.7441 
-45.68878     -60.74208 
-45.68013     -60.74 
-45.67404     -60.73615 
 1             7 
1
 -9999.0   ,   9990.0 
 18 
-44.97115     -60.71118 
-44.97648     -60.71319 
-44.97994     -60.7186 
-44.98072     -60.72299 
-44.9797      -60.72686 
-44.97742     -60.72977 
-44.9782      -60.73416 
-44.97995     -60.73836 
-44.97631     -60.74421 
-44.96979     -60.7472 
-44.96342     -60.74584 
-44.9623      -60.74052 
-44.95935     -60.7349 
-44.9618      -60.73085 
-44.95799     -60.72475 
-44.96126     -60.71819 
-44.9638      -60.71345 
-44.97115     -60.71118 
 1             8 
1
 -9999.0   ,   9990.0 
 19 
-45.15044     -60.73551 
-45.15467     -60.73542 
-45.1598      -60.73559 
-45.16639     -60.73534 
-45.17041     -60.73685 
-45.1719      -60.73966 
-45.16988     -60.74419 
-45.16313     -60.74902 
-45.15793     -60.75276 
-45.14891     -60.75706 
-45.14016     -60.7593 
-45.13546     -60.75938 
-45.13385     -60.75749 
-45.13382     -60.75427 
-45.14064     -60.75242 
-45.14627     -60.74893 
-45.15        -60.74561 
-45.15093     -60.74219 
-45.15044     -60.73551 
 1             9 
1
 -9999.0   ,   9990.0 
 199 
-44.57614     -60.71886 
-44.57287     -60.71811 
-44.57065     -60.7171 
-44.5673      -60.71418 
-44.56483     -60.71176 
-44.56526     -60.70898 
-44.56579     -60.7055 
-44.56626     -60.70249 
-44.56777     -60.69882 
-44.56657     -60.69737 
-44.56385     -60.69657 
-44.56446     -60.69415 
-44.5654      -60.69115 
-44.56641     -60.6877 
-44.56633     -60.68513 
-44.56375     -60.6834 
-44.55562     -60.6838 
-44.55163     -60.68505 
-44.54471     -60.68992 
-44.54061     -60.69338 
-44.53202     -60.6968 
-44.52788     -60.69594 
-44.52732     -60.69493 
-44.52686     -60.69192 
-44.53054     -60.6893 
-44.53437     -60.68577 
-44.53565     -60.68053 
-44.53721     -60.67645 
-44.54404     -60.67164 
-44.5391      -60.67031 
-44.53037     -60.66929 
-44.5284      -60.66692 
-44.52729     -60.66504 
-44.52271     -60.66441 
-44.51906     -60.6668 
-44.51938     -60.67073 
-44.52183     -60.6761 
-44.52484     -60.68081 
-44.52126     -60.68574 
-44.51654     -60.68901 
-44.51027     -60.68717 
-44.50694     -60.68451 
-44.50135     -60.67832 
-44.49763     -60.6752 
-44.49355     -60.67734 
-44.49259     -60.68352 
-44.48915     -60.68753 
-44.48374     -60.68916 
-44.47862     -60.68897 
-44.47293     -60.68645 
-44.46889     -60.68837 
-44.46076     -60.68944 
-44.45417     -60.69264 
-44.45137     -60.69852 
-44.45176     -60.70198 
-44.44363     -60.70305 
-44.43861     -60.70516 
-44.4381      -60.70836 
-44.43631     -60.71082 
-44.42885     -60.71353 
-44.42121     -60.71438 
-44.41315     -60.715 
-44.40644     -60.71888 
-44.40454     -60.72203 
-44.41166     -60.72437 
-44.41353     -60.72145 
-44.41837     -60.72048 
-44.42382     -60.71862 
-44.43199     -60.71732 
-44.44479     -60.71643 
-44.45748     -60.71323 
-44.4687      -60.71342 
-44.47693     -60.71465 
-44.48177     -60.71667 
-44.48851     -60.71854 
-44.49707     -60.72069 
-44.50392     -60.72187 
-44.50621     -60.72518 
-44.50693     -60.72957 
-44.50876     -60.73286 
-44.51558     -60.73426 
-44.52383     -60.73549 
-44.53007     -60.73756 
-44.53584     -60.73961 
-44.52839     -60.74232 
-44.52449     -60.74631 
-44.53047     -60.747 
-44.53768     -60.74589 
-44.54267     -60.744 
-44.55353     -60.74348 
-44.55307     -60.74645 
-44.54931     -60.74954 
-44.55559     -60.75138 
-44.56022     -60.75178 
-44.56905     -60.75233 
-44.57133     -60.74966 
-44.56932     -60.74752 
-44.56917     -60.74544 
-44.5762      -60.74547 
-44.58255     -60.74686 
-44.59135     -60.74764 
-44.59838     -60.74766 
-44.59849     -60.74997 
-44.59516     -60.75329 
-44.6032      -60.7529 
-44.61022     -60.74994 
-44.62097     -60.74711 
-44.63843     -60.74637 
-44.64945     -60.74792 
-44.65554     -60.74492 
-44.66203     -60.73918 
-44.67013     -60.73832 
-44.68719     -60.7371 
-44.70541     -60.73752 
-44.7078      -60.74037 
-44.70428     -60.74507 
-44.70433     -60.74783 
-44.69927     -60.75339 
-44.69859     -60.75796 
-44.69491     -60.76059 
-44.6859      -60.76119 
-44.68409     -60.76388 
-44.68558     -60.76646 
-44.6847      -60.76919 
-44.67861     -60.77218 
-44.67277     -60.77358 
-44.67039     -60.77695 
-44.67832     -60.77723 
-44.68614     -60.77521 
-44.69735     -60.7724 
-44.70532     -60.77246 
-44.71639     -60.77377 
-44.72689     -60.77576 
-44.73403     -60.77509 
-44.73597     -60.77148 
-44.72317     -60.76919 
-44.71749     -60.76646 
-44.71697     -60.76046 
-44.71999     -60.75597 
-44.72272     -60.75033 
-44.7238      -60.74623 
-44.73101     -60.74189 
-44.73731     -60.7405 
-44.74511     -60.73848 
-44.75037     -60.74097 
-44.75226     -60.74402 
-44.75685     -60.74465 
-44.76131     -60.74618 
-44.76361     -60.74971 
-44.77133     -60.75136 
-44.77637     -60.74901 
-44.77681     -60.74604 
-44.77822     -60.74287 
-44.78315     -60.74121 
-44.78731     -60.74159 
-44.79495     -60.73749 
-44.80488     -60.73048 
-44.81914     -60.72271 
-44.82451     -60.71485 
-44.82321     -60.7109 
-44.81473     -60.70808 
-44.80654     -60.70963 
-44.80081     -60.71035 
-44.79086     -60.71436 
-44.78246     -60.7205 
-44.77107     -60.72148 
-44.76225     -60.72093 
-44.75295     -60.72359 
-44.74395     -60.72741 
-44.73289     -60.72932 
-44.72885     -60.73124 
-44.71746     -60.73221 
-44.70965     -60.72802 
-44.71033     -60.72345 
-44.68914     -60.72108 
-44.66171     -60.71963 
-44.64576     -60.71974 
-44.63829     -60.71648 
-44.64073     -60.70968 
-44.64521     -60.70179 
-44.65151     -60.69421 
-44.66233     -60.6877 
-44.66002     -60.6844 
-44.65524     -60.68193 
-44.65343     -60.67842 
-44.65366     -60.67383 
-44.64844     -60.66812 
-44.64345     -60.67024 
-44.63906     -60.67445 
-44.63537     -60.68029 
-44.63529     -60.68695 
-44.63358     -60.68896 
-44.62942     -60.69478 
-44.6238      -60.704 
-44.61663     -60.7111 
-44.60648     -60.71923 
-44.59445     -60.72132 
-44.58244     -60.72019 
-44.57614     -60.71886 
 1             10 
1
 -9999.0   ,   9990.0 
 9 
-45.1479      -60.79539 
-45.15416     -60.79077 
-45.15834     -60.78769 
-45.15581     -60.78554 
-45.15616     -60.78302 
-45.15008     -60.78627 
-45.14503     -60.78886 
-45.14404     -60.79273 
-45.1479      -60.79539 
