 6 
 1             1 
 2 
 -9998.0  ,   -9997.0
  1999.0  ,    9990.0
 15 
-179.9983      21.52332 
-179.9983      21.52933 
-179.9994      24.0817 
-179.9994      24.165 
-179.9994      24.2483 
-179.9994      24.3316 
-179.9994      24.4149 
-179.9994      24.4982 
-179.9994      24.5815 
-179.9994      24.6648 
-179.9994      24.7481 
-179.9994      24.8314 
-179.9994      24.9147 
-179.9994      24.998 
-179.9994      25 
 1             2 
 2 
 -9998.0  ,   -9997.0
  1999.0  ,    9990.0
 2 
-179.9986      21.09012 
-179.9983      21.52332 
 1             3 
 2 
 -9998.0  ,   -9997.0
  1999.0  ,    9990.0
 3 
-179.999       20.66692 
-179.9986      21.07921 
-179.9986      21.09012 
 1             4 
 2 
 -9998.0  ,   -9997.0
  1999.0  ,    9990.0
 4 
-179.9991      20.5667 
-179.9991      20.59753 
-179.999       20.65019 
-179.999       20.66692 
 1             5 
 2 
 -9998.0  ,   -9997.0
  1999.0  ,    9990.0
 2 
-179.9994      20.03883 
-179.9991      20.5667 
 1             6 
 2 
 -9998.0  ,   -9997.0
  1999.0  ,    9990.0
 2 
-179.9994      20 
-179.9994      20.03883 
