 3 
 1             1 
 2 
 -9998.0  ,   -9997.0
  1999.0  ,    9990.0
 69 
-73.35032      9.182608 
-73.35408      9.241742 
-73.31675      9.237057 
-73.30631      9.258292 
-73.30361      9.269977 
-73.29486      9.285949 
-73.27903      9.318059 
-73.27172      9.333864 
-73.26706      9.343956 
-73.26293      9.359529 
-73.25508      9.376892 
-73.24755      9.386445 
-73.23803      9.407462 
-73.2181       9.42857 
-73.21202      9.433314 
-73.196        9.438385 
-73.19293      9.443169 
-73.18898      9.463262 
-73.18846      9.465864 
-73.18809      9.477121 
-73.18433      9.480978 
-73.17665      9.485701 
-73.17332      9.491861 
-73.17264      9.508402 
-73.15618      9.528404 
-73.14577      9.545272 
-73.1343       9.556376 
-73.1266       9.55949 
-73.1187       9.562598 
-73.10738      9.560603 
-73.09186      9.561767 
-73.08024      9.565972 
-73.07971      9.571251 
-73.0737       9.605418 
-73.0737       9.622429 
-73.0708       9.630434 
-73.06112      9.644321 
-73.05871      9.651642 
-73.05591      9.669995 
-73.04992      9.684622 
-73.03722      9.699846 
-73.01943      9.73017 
-73.00627      9.744237 
-73.0019       9.758888 
-72.99506      9.784079 
-72.98583      9.798431 
-72.96895      9.813133 
-72.96332      9.818341 
-72.95883      9.824483 
-72.94773      9.840187 
-72.94694      9.847074 
-72.95032      9.853559 
-72.95698      9.857564 
-72.96613      9.865742 
-72.97875      9.875119 
-72.9836       9.875879 
-72.99045      9.882874 
-72.98058      9.89285 
-72.98558      9.899818 
-72.98638      9.909026 
-72.98951      9.917578 
-72.9896       9.928616 
-72.98707      9.943065 
-72.97917      9.960886 
-72.97757      9.976038 
-72.97114      9.988592 
-72.96081      9.9981 
-72.96041      9.999999 
-72.96041      10 
 1             2 
 2 
 -9998.0  ,   -9997.0
  1999.0  ,    9990.0
 499 
-70.76606      7.08595 
-70.77223      7.082233 
-70.78171      7.075194 
-70.78883      7.076405 
-70.79502      7.078756 
-70.804        7.077916 
-70.80953      7.075666 
-70.82936      7.067568 
-70.83855      7.068796 
-70.8514       7.070974 
-70.85706      7.054023 
-70.85938      7.051286 
-70.86719      7.051813 
-70.87658      7.056029 
-70.88783      7.056815 
-70.88783      7.057963 
-70.89703      7.057353 
-70.90259      7.051888 
-70.9004       7.037625 
-70.90205      7.033044 
-70.91382      7.026711 
-70.91569      7.022593 
-70.9267       7.025445 
-70.93114      7.016752 
-70.94363      7.007208 
-70.95299      6.985921 
-70.95877      6.981375 
-70.96291      6.980262 
-70.97118      6.981481 
-70.98258      6.993525 
-70.98716      6.994942 
-70.99385      6.992931 
-71.00771      6.984096 
-71.01556      6.979099 
-71.06586      6.982968 
-71.08563      6.983135 
-71.09298      6.983195 
-71.10422      6.986735 
-71.11381      6.994627 
-71.11699      6.999249 
-71.10868      7.004464 
-71.11508      7.008652 
-71.12817      7.01014 
-71.1331       7.026032 
-71.13952      7.029072 
-71.15308      7.029184 
-71.15746      7.027543 
-71.16806      7.023565 
-71.18625      7.01981 
-71.212        7.019102 
-71.22692      7.021292 
-71.23428      7.019744 
-71.2433       7.012925 
-71.25111      7.012989 
-71.27169      7.02809 
-71.27956      7.026975 
-71.2809       7.026786 
-71.28943      7.02272 
-71.30461      7.021464 
-71.31613      7.018341 
-71.32236      7.014715 
-71.3302       7.012481 
-71.34558      7.014442 
-71.36786      7.01577 
-71.38095      7.017942 
-71.38506      7.020042 
-71.38848      7.024436 
-71.39443      7.029078 
-71.40428      7.032144 
-71.42106      7.033195 
-71.4328       7.03145 
-71.4374       7.030108 
-71.44275      7.020961 
-71.45866      7.014194 
-71.46374      7.011248 
-71.46627      7.011037 
-71.46938      7.025766 
-71.47211      7.029924 
-71.47787      7.02836 
-71.49153      7.015142 
-71.50685      7.02652 
-71.52571      7.02529 
-71.54017      7.027011 
-71.55326      7.02964 
-71.55846      7.027808 
-71.57053      7.023571 
-71.5786       7.020418 
-71.59009      7.020736 
-71.59348      7.028344 
-71.59316      7.041667 
-71.59703      7.046751 
-71.60391      7.047723 
-71.61546      7.040001 
-71.62168      7.038211 
-71.62527      7.038821 
-71.63018      7.039654 
-71.64001      7.046392 
-71.64566      7.048066 
-71.65088      7.051333 
-71.6557       7.051168 
-71.6595       7.047648 
-71.66099      7.043481 
-71.65961      7.033017 
-71.66012      7.022361 
-71.66327      7.021134 
-71.66516      7.021778 
-71.67926      7.035491 
-71.68719      7.037442 
-71.69619      7.037313 
-71.69975      7.036299 
-71.70143      7.036523 
-71.71881      7.035631 
-71.71965      7.034801 
-71.72693      7.038628 
-71.72921      7.041157 
-71.73263      7.057909 
-71.73448      7.061688 
-71.73991      7.061945 
-71.74516      7.059692 
-71.75486      7.050371 
-71.75885      7.049778 
-71.75988      7.051877 
-71.76068      7.056901 
-71.75955      7.066298 
-71.76013      7.071738 
-71.7639       7.07198 
-71.76788      7.070133 
-71.77426      7.057856 
-71.77848      7.052876 
-71.7816       7.055203 
-71.78263      7.058765 
-71.78693      7.068836 
-71.78924      7.067184 
-71.79263      7.061779 
-71.79602      7.056583 
-71.79877      7.054099 
-71.80167      7.057468 
-71.80441      7.055193 
-71.80865      7.048122 
-71.81306      7.046279 
-71.81723      7.047569 
-71.82035      7.045744 
-71.82397      7.036986 
-71.82222      7.022959 
-71.83311      7.011323 
-71.8405       7.007701 
-71.84623      7.008664 
-71.87358      7.009096 
-71.9048       7.014152 
-71.92091      7.010593 
-71.93907      7.010267 
-71.95976      7.010188 
-71.96713      7.008634 
-71.98873      7.010858 
-72.00781      7.008928 
-72.01836      7.011073 
-72.02433      7.013873 
-72.03391      7.023821 
-72.04983      7.049437 
-72.06347      7.072738 
-72.08576      7.109424 
-72.12488      7.172185 
-72.14718      7.207488 
-72.16126      7.233772 
-72.16561      7.238166 
-72.17311      7.251312 
-72.1742       7.260507 
-72.17206      7.271287 
-72.17611      7.284408 
-72.17257      7.298623 
-72.16838      7.307781 
-72.16601      7.31741 
-72.16594      7.328435 
-72.17278      7.336522 
-72.18107      7.346526 
-72.18846      7.357519 
-72.194        7.370103 
-72.19961      7.375791 
-72.20333      7.381046 
-72.20917      7.384437 
-72.21315      7.385515 
-72.22063      7.390383 
-72.22753      7.390647 
-72.23025      7.391297 
-72.23528      7.39092 
-72.24095      7.388249 
-72.2481       7.38371 
-72.25335      7.381664 
-72.25968      7.375656 
-72.26511      7.375491 
-72.2699       7.379082 
-72.28118      7.382099 
-72.29331      7.384078 
-72.30311      7.387918 
-72.30876      7.387546 
-72.31192      7.384647 
-72.31575      7.377573 
-72.32142      7.374902 
-72.33147      7.374147 
-72.33774      7.375242 
-72.34378      7.379888 
-72.34625      7.385341 
-72.35228      7.389778 
-72.36062      7.393814 
-72.36335      7.393836 
-72.36734      7.390316 
-72.37194      7.391397 
-72.37902      7.395216 
-72.38385      7.395672 
-72.38824      7.394244 
-72.39215      7.392115 
-72.40856      7.397397 
-72.43866      7.400355 
-72.44346      7.406128 
-72.44686      7.416255 
-72.4494       7.448652 
-72.45576      7.462244 
-72.46595      7.474775 
-72.46633      7.475936 
-72.47697      7.480198 
-72.48071      7.484615 
-72.4773       7.491483 
-72.47741      7.505483 
-72.47797      7.514262 
-72.47668      7.519057 
-72.4674       7.528804 
-72.46166      7.540876 
-72.45823      7.550878 
-72.45671      7.560476 
-72.4581       7.567799 
-72.4618       7.578691 
-72.47435      7.606576 
-72.47741      7.61809 
-72.47923      7.626878 
-72.47929      7.646515 
-72.47784      7.673034 
-72.47895      7.691633 
-72.47508      7.705598 
-72.47828      7.726302 
-72.47906      7.733411 
-72.47538      7.750301 
-72.47488      7.76095 
-72.4754       7.775156 
-72.47401      7.784566 
-72.47386      7.785588 
-72.46938      7.796622 
-72.46323      7.807225 
-72.45645      7.817197 
-72.45075      7.824461 
-72.44902      7.830923 
-72.4503       7.855369 
-72.45126      7.866445 
-72.45351      7.873563 
-72.4591       7.883214 
-72.46011      7.888652 
-72.4599       7.89141 
-72.45964      7.894704 
-72.46313      7.904756 
-72.46431      7.914371 
-72.46846      7.919834 
-72.47701      7.924913 
-72.4814       7.9262 
-72.4839       7.928517 
-72.48513      7.930824 
-72.48638      7.932713 
-72.4872       7.933972 
-72.48018      7.948744 
-72.4747       7.955592 
-72.47132      7.956818 
-72.46336      7.957799 
-72.45853      7.960268 
-72.44638      7.960171 
-72.44531      7.96246 
-72.44653      7.967063 
-72.44546      7.970187 
-72.44253      7.970582 
-72.43916      7.973479 
-72.44036      7.981214 
-72.4395       7.984131 
-72.43238      7.98491 
-72.42713      7.986539 
-72.42121      7.992756 
-72.4193       7.996291 
-72.4162       8 
-72.41611      8.001516 
-72.4176       8.011404 
-72.415        8.017168 
-72.41306      8.021397 
-72.41098      8.026011 
-72.41092      8.030603 
-72.41382      8.038215 
-72.40653      8.03836 
-72.39978      8.038495 
-72.39055      8.040902 
-72.3881       8.040565 
-72.3832       8.03989 
-72.37955      8.037548 
-72.37458      8.02991 
-72.36595      8.021305 
-72.35671      8.005805 
-72.35543      8.009996 
-72.35032      8.012667 
-72.34865      8.016312 
-72.3489       8.028023 
-72.34905      8.034912 
-72.34582      8.049091 
-72.34994      8.079003 
-72.35         8.089793 
-72.35212      8.092994 
-72.3529       8.094171 
-72.36753      8.098001 
-72.37071      8.101026 
-72.37339      8.107259 
-72.37286      8.11345 
-72.35955      8.128661 
-72.3639       8.149381 
-72.36293      8.153271 
-72.35688      8.158704 
-72.3545       8.165101 
-72.35512      8.17062 
-72.36453      8.190946 
-72.36746      8.196493 
-72.37155      8.19999 
-72.36893      8.20417 
-72.36826      8.205229 
-72.36846      8.208216 
-72.37231      8.212628 
-72.3777       8.224866 
-72.38538      8.254356 
-72.39041      8.257635 
-72.39103      8.263382 
-72.38748      8.271374 
-72.386        8.279621 
-72.38721      8.292496 
-72.38414      8.299116 
-72.38498      8.306015 
-72.38116      8.31676 
-72.38087      8.321577 
-72.39231      8.328613 
-72.39513      8.341279 
-72.39177      8.352718 
-72.39481      8.366995 
-72.40266      8.366405 
-72.40856      8.37337 
-72.41286      8.379395 
-72.41186      8.385123 
-72.4148       8.389983 
-72.41986      8.392344 
-72.42476      8.385746 
-72.42636      8.387665 
-72.43851      8.402213 
-72.46293      8.431478 
-72.47743      8.447788 
-72.48176      8.452671 
-72.48888      8.460689 
-72.5026       8.476136 
-72.51095      8.485534 
-72.53745      8.515356 
-72.542        8.519792 
-72.55153      8.529591 
-72.55463      8.532993 
-72.58415      8.567546 
-72.61013      8.593311 
-72.61184      8.595528 
-72.62271      8.601125 
-72.62506      8.608597 
-72.63074      8.609434 
-72.63268      8.614569 
-72.63945      8.613096 
-72.64616      8.613662 
-72.64997      8.621406 
-72.65141      8.623521 
-72.65313      8.626049 
-72.65603      8.638761 
-72.65875      8.650714 
-72.66658      8.682764 
-72.66855      8.690374 
-72.67306      8.712037 
-72.69086      8.786512 
-72.70407      8.845068 
-72.72142      8.920003 
-72.73193      8.958763 
-72.73161      8.964961 
-72.73705      8.987332 
-72.74379      9.015926 
-72.75616      9.04916 
-72.76183      9.081264 
-72.76216      9.083103 
-72.76281      9.086099 
-72.76808      9.089835 
-72.76687      9.094878 
-72.76844      9.099261 
-72.77006      9.09882 
-72.77258      9.101147 
-72.77278      9.103906 
-72.76882      9.106619 
-72.77795      9.116374 
-72.78396      9.115982 
-72.79142      9.109173 
-72.79419      9.109893 
-72.79598      9.114739 
-72.7952       9.123462 
-72.80652      9.122901 
-72.80856      9.12683 
-72.80617      9.133699 
-72.80867      9.136943 
-72.8183       9.143715 
-72.82017      9.141668 
-72.81959      9.131779 
-72.82148      9.127205 
-72.82403      9.126774 
-72.83806      9.131986 
-72.84444      9.132116 
-72.86253      9.132486 
-72.86946      9.133482 
-72.87405      9.13583 
-72.87936      9.135428 
-72.88266      9.12972 
-72.88189      9.115463 
-72.88354      9.112035 
-72.89007      9.105902 
-72.90678      9.098041 
-72.91604      9.096303 
-72.9226       9.088101 
-72.92861      9.086788 
-72.93708      9.093313 
-72.93937      9.093948 
-72.944        9.095226 
-72.94625      9.100764 
-72.94387      9.106484 
-72.945        9.109254 
-72.95326      9.113938 
-72.95761      9.118811 
-72.96848      9.138689 
-72.97238      9.141948 
-72.9832       9.145969 
-72.98524      9.148978 
-72.96665      9.159582 
-72.96268      9.164596 
-72.96096      9.17377 
-72.9618       9.184367 
-72.96361      9.207809 
-72.96885      9.215679 
-72.97828      9.219916 
-72.98355      9.224798 
-72.99139      9.225571 
-72.99322      9.227658 
-72.98669      9.234024 
-72.98522      9.241132 
-72.98529      9.257681 
-72.98711      9.260458 
-72.99377      9.264206 
-72.99441      9.268579 
-72.99275      9.274078 
-72.99385      9.278916 
-72.9999       9.28112 
-73.001        9.281519 
-73.00326      9.284761 
-73.00069      9.28841 
-73.0009       9.291859 
-73.01078      9.296101 
-73.01797      9.293878 
-73.02543      9.286831 
-73.02796      9.288466 
-73.03143      9.288043 
-73.03516      9.285093 
-73.0392       9.274564 
-73.04085      9.270674 
-73.04481      9.266808 
-73.05176      9.264812 
-73.07051      9.262936 
-73.07331      9.259978 
-73.0739       9.247343 
-73.07531      9.24391 
-73.08365      9.241927 
-73.08741      9.234612 
-73.09205      9.234199 
-73.10033      9.236351 
-73.12923      9.234805 
-73.13303      9.224042 
-73.14815      9.213851 
-73.15149      9.202854 
-73.16221      9.192619 
-73.16643      9.186226 
-73.17432      9.182859 
-73.2138       9.185543 
-73.21958      9.18468 
-73.22795      9.180165 
-73.24401      9.165613 
-73.2498       9.164061 
-73.25878      9.166215 
-73.28095      9.167806 
-73.29564      9.177368 
-73.29933      9.178321 
-73.31713      9.177799 
-73.34181      9.181017 
-73.34493      9.182794 
-73.34756      9.184288 
-73.35032      9.182608 
 1             3 
 2 
 -9998.0  ,   -9997.0
  1999.0  ,    9990.0
 89 
-70            6.881001 
-70.0119       6.896951 
-70.02461      6.915226 
-70.03029      6.921714 
-70.03526      6.931413 
-70.03618      6.931422 
-70.07113      6.980697 
-70.08269      6.998269 
-70.08932      7.002468 
-70.09415      7.002055 
-70.10871      6.993004 
-70.11985      6.982968 
-70.12192      6.980511 
-70.12948      6.977247 
-70.13659      6.977115 
-70.14556      6.980346 
-70.15391      6.981063 
-70.16923      6.976837 
-70.17805      6.973587 
-70.18642      6.973049 
-70.18853      6.972235 
-70.19249      6.972904 
-70.20065      6.972364 
-70.21655      6.972116 
-70.22241      6.971968 
-70.2369       6.966686 
-70.24323      6.961527 
-70.25207      6.955976 
-70.26348      6.9446 
-70.27063      6.940703 
-70.27566      6.939292 
-70.28989      6.939234 
-70.30145      6.934546 
-70.30983      6.932545 
-70.31903      6.932851 
-70.32779      6.935661 
-70.33841      6.940162 
-70.3515       6.948452 
-70.36106      6.956496 
-70.3667       6.956765 
-70.36808      6.965141 
-70.36933      6.965363 
-70.37328      6.967286 
-70.37513      6.970859 
-70.37966      6.977597 
-70.38695      6.981435 
-70.39343      6.98213 
-70.40263      6.98118 
-70.40618      6.982471 
-70.41036      6.982515 
-70.41317      6.981695 
-70.42575      6.984251 
-70.43235      6.990973 
-70.43779      6.999753 
-70.44145      7.002544 
-70.45156      7.004475 
-70.45658      7.006588 
-70.46049      7.006623 
-70.4723       6.996392 
-70.48125      6.998542 
-70.48856      7.003892 
-70.49958      7.005371 
-70.50826      7.011652 
-70.51324      7.020428 
-70.51548      7.026651 
-70.5214       7.033368 
-70.53423      7.037848 
-70.53993      7.043643 
-70.54097      7.056519 
-70.54777      7.068067 
-70.5608       7.076914 
-70.57438      7.074968 
-70.58568      7.070475 
-70.59123      7.066389 
-70.59953      7.064166 
-70.61425      7.064528 
-70.63745      7.064274 
-70.64616      7.067569 
-70.65805      7.075255 
-70.66745      7.079015 
-70.6878       7.09091 
-70.69147      7.092551 
-70.70163      7.087357 
-70.71679      7.087491 
-70.73912      7.084241 
-70.75101      7.087453 
-70.75495      7.088515 
-70.76207      7.088347 
-70.76606      7.08595 
