 2 
 1             1 
 2 
 -9998.0  ,   -9997.0
  1999.0  ,    9990.0
 6 
-53.96059      5.750963 
-53.97415      5.726309 
-53.99192      5.689311 
-54.00864      5.653334 
-54.0109       5.625508 
-54.01162      5.621387 
 1             2 
 2 
 -9998.0  ,   -9997.0
  1999.0  ,    9990.0
 43 
-54.01162      5.621387 
-54.01007      5.596631 
-54.01024      5.571884 
-54.01337      5.549604 
-54.01453      5.543812 
-54.02419      5.525429 
-54.03684      5.509351 
-54.06188      5.485013 
-54.07682      5.469859 
-54.09682      5.441601 
-54.11773      5.416105 
-54.12669      5.405309 
-54.13267      5.393588 
-54.13545      5.37335 
-54.13615      5.365531 
-54.14074      5.357258 
-54.15291      5.348536 
-54.17541      5.341671 
-54.18046      5.337999 
-54.20366      5.311583 
-54.2156       5.30263 
-54.23419      5.293227 
-54.24666      5.284518 
-54.26312      5.273029 
-54.27368      5.265913 
-54.30078      5.239499 
-54.31295      5.218813 
-54.32559      5.198128 
-54.33846      5.173761 
-54.34834      5.156753 
-54.35363      5.143647 
-54.36304      5.138139 
-54.36878      5.131015 
-54.3743       5.11308 
-54.38578      5.097452 
-54.39795      5.088956 
-54.40299      5.086432 
-54.4154       5.066204 
-54.42436      5.04091 
-54.43609      5.013779 
-54.43577      5.012317 
-54.43796      5.007124 
-54.43986      5 
