 15 
 1             1 
 2 
 -9998.0  ,   -9997.0
  1999.0  ,    9990.0
 116 
 48            47.76662 
 48.0015       47.76692 
 48.04403      47.76467 
 48.05234      47.76272 
 48.05825      47.76064 
 48.06983      47.754 
 48.08333      47.74245 
 48.10403      47.73006 
 48.11833      47.7215 
 48.12345      47.71831 
 48.13447      47.71303 
 48.16295      47.6917 
 48.18231      47.67806 
 48.18297      47.67734 
 48.19978      47.65875 
 48.21697      47.63697 
 48.23367      47.617 
 48.248        47.5935 
 48.26089      47.57645 
 48.26823      47.56128 
 48.27783      47.5455 
 48.31711      47.50809 
 48.32583      47.49828 
 48.34083      47.48139 
 48.35853      47.46206 
 48.36597      47.44867 
 48.37753      47.43922 
 48.3807       47.43358 
 48.42747      47.42234 
 48.47303      47.41614 
 48.53639      47.41231 
 48.58948      47.41373 
 48.60775      47.41447 
 48.6172       47.36525 
 48.62567      47.31311 
 48.64197      47.25598 
 48.642        47.25584 
 48.64323      47.25159 
 48.66139      47.20906 
 48.6662       47.201 
 48.67287      47.18981 
 48.68545      47.16875 
 48.712        47.12717 
 48.73364      47.08673 
 48.76878      47.03487 
 48.78134      47.01089 
 48.8027       46.99106 
 48.82756      46.9667 
 48.83859      46.95761 
 48.87372      46.92867 
 48.89284      46.90411 
 48.9045       46.89503 
 48.90806      46.89228 
 48.90981      46.89092 
 48.90998      46.89078 
 48.91931      46.88281 
 48.93523      46.86925 
 48.97098      46.83514 
 48.98509      46.81447 
 48.99895      46.78514 
 49.00534      46.76717 
 49.00206      46.75861 
 48.99281      46.75014 
 48.97367      46.73323 
 48.95592      46.71695 
 48.93445      46.70634 
 48.93431      46.70625 
 48.91406      46.69314 
 48.82622      46.6842 
 48.80089      46.68408 
 48.78164      46.68456 
 48.76108      46.68534 
 48.75134      46.68786 
 48.73189      46.70256 
 48.72834      46.705 
 48.70639      46.72009 
 48.69464      46.7257 
 48.68828      46.75464 
 48.65697      46.77128 
 48.64317      46.77306 
 48.618        46.77495 
 48.59231      46.77481 
 48.58123      46.77395 
 48.57311      46.76953 
 48.55045      46.75295 
 48.52303      46.73864 
 48.5115       46.73323 
 48.50467      46.72484 
 48.49764      46.71439 
 48.49525      46.70717 
 48.49203      46.69472 
 48.48761      46.6837 
 48.48145      46.67872 
 48.48128      46.67745 
 48.48009      46.66798 
 48.48         46.66733 
 48.4807       46.65767 
 48.48156      46.65736 
 48.48861      46.65484 
 48.49914      46.65175 
 48.50967      46.64803 
 48.51073      46.64809 
 48.51972      46.64853 
 48.53067      46.64862 
 48.53503      46.64864 
 48.54367      46.64511 
 48.54703      46.63972 
 48.54767      46.6387 
 48.54803      46.63811 
 48.54759      46.63709 
 48.54236      46.62511 
 48.54183      46.62389 
 48.54309      46.61956 
 48.55431      46.61145 
 48.5587       46.60828 
 48.56647      46.60661 
 1             2 
 2 
 -9998.0  ,   -9997.0
  1999.0  ,    9990.0
 65 
 48.85086      50 
 48.84353      49.99536 
 48.74459      49.93284 
 48.735        49.92675 
 48.66228      49.90392 
 48.64464      49.89839 
 48.61995      49.89136 
 48.57084      49.87736 
 48.43325      49.83797 
 48.4292       49.825 
 48.43273      49.81161 
 48.43089      49.81061 
 48.4302       49.81023 
 48.42456      49.80709 
 48.41548      49.80958 
 48.39853      49.81425 
 48.39489      49.81511 
 48.3937       49.82672 
 48.38964      49.82934 
 48.38659      49.83131 
 48.37709      49.83742 
 48.36892      49.83287 
 48.35161      49.82958 
 48.34806      49.82892 
 48.34603      49.83125 
 48.34356      49.83409 
 48.34259      49.83773 
 48.34         49.84745 
 48.33678      49.84909 
 48.33275      49.85111 
 48.32517      49.85147 
 48.32395      49.85303 
 48.32328      49.85389 
 48.32189      49.85567 
 48.31181      49.86859 
 48.30892      49.869 
 48.29423      49.87108 
 48.2845       49.86792 
 48.28097      49.86678 
 48.27642      49.86423 
 48.27564      49.86378 
 48.27281      49.86222 
 48.26103      49.86473 
 48.24478      49.8682 
 48.24292      49.86859 
 48.23531      49.86895 
 48.23003      49.86753 
 48.22256      49.87095 
 48.21792      49.87306 
 48.22447      49.88592 
 48.22342      49.89917 
 48.22292      49.89995 
 48.21689      49.90937 
 48.19472      49.93464 
 48.18973      49.94034 
 48.18695      49.94167 
 48.1757       49.94706 
 48.16303      49.95311 
 48.15161      49.9652 
 48.15109      49.97175 
 48.15053      49.97842 
 48.14928      49.98034 
 48.14834      49.98181 
 48.12925      49.99425 
 48.12989      50 
 1             3 
 2 
 -9998.0  ,   -9997.0
  1999.0  ,    9990.0
 8 
 48.56647      46.60661 
 48.57692      46.60606 
 48.58525      46.60495 
 48.603        46.6012 
 48.61739      46.59967 
 48.626        46.6037 
 48.63489      46.60725 
 48.63503      46.60731 
 1             4 
 2 
 -9998.0  ,   -9997.0
  1999.0  ,    9990.0
 36 
 48.63503      46.60731 
 48.63547      46.60753 
 48.63642      46.60797 
 48.63853      46.60897 
 48.64459      46.605 
 48.64472      46.60492 
 48.64525      46.60456 
 48.64967      46.59661 
 48.65006      46.59592 
 48.65439      46.58967 
 48.66061      46.58295 
 48.66603      46.56717 
 48.66639      46.56614 
 48.67192      46.56275 
 48.67264      46.56231 
 48.68367      46.56039 
 48.70481      46.55895 
 48.71009      46.55653 
 48.71353      46.55461 
 48.71364      46.55456 
 48.71653      46.55289 
 48.72423      46.54853 
 48.7245       46.54837 
 48.7272       46.5485 
 48.73411      46.54886 
 48.74128      46.54886 
 48.74131      46.54886 
 48.74706      46.54695 
 48.75186      46.54406 
 48.75714      46.54022 
 48.75798      46.54 
 48.76381      46.53853 
 48.76547      46.53817 
 48.77589      46.53589 
 48.78164      46.52678 
 48.78211      46.51956 
 1             5 
 2 
 -9998.0  ,   -9997.0
  1999.0  ,    9990.0
 26 
 48.78211      46.51956 
 48.78934      46.51045 
 48.797        46.50275 
 48.80325      46.49553 
 48.8095       46.48689 
 48.81623      46.48017 
 48.82486      46.47586 
 48.83495      46.47586 
 48.84648      46.47731 
 48.8597       46.47786 
 48.86859      46.47345 
 48.87531      46.46864 
 48.88345      46.46481 
 48.8945       46.45809 
 48.9017       46.44992 
 48.91131      46.44609 
 48.92381      46.44272 
 48.93245      46.43984 
 48.93628      46.43792 
 48.94         46.43664 
 48.94695      46.43425 
 48.95309      46.43214 
 48.96461      46.4312 
 48.98142      46.42831 
 49.00545      46.4187 
 49.02128      46.4115 
 1             6 
 2 
 -9998.0  ,   -9997.0
  1999.0  ,    9990.0
 16 
 49.16681      46.35961 
 49.15981      46.36292 
 49.15961      46.363 
 49.15925      46.36328 
 49.15097      46.36972 
 49.13848      46.37309 
 49.11447      46.37645 
 49.09909      46.37981 
 49.07556      46.38556 
 49.06375      46.38731 
 49.05212      46.38903 
 49.04353      46.39109 
 49.04206      46.39145 
 49.03889      46.39223 
 49.02945      46.399 
 49.02128      46.4115 
 1             7 
 1 
 -9999.0  ,   -9998.0
 50 
48.7522 , 46.4999
48.7487 , 46.5184
48.7429 , 46.5363
48.7348 , 46.5534
48.7248 , 46.5693
48.7127 , 46.5838
48.699 , 46.5967
48.6838 , 46.6078
48.6673 , 46.6168
48.6498 , 46.6238
48.6315 , 46.6284
48.6128 , 46.6308
48.594 , 46.6308
48.5753 , 46.6284
48.557 , 46.6238
48.5395 , 46.6168
48.523 , 46.6078
48.5078 , 46.5967
48.4941 , 46.5838
48.482 , 46.5693
48.472 , 46.5534
48.4639 , 46.5363
48.4581 , 46.5184
48.4546 , 46.4999
48.4534 , 46.4811
48.4546 , 46.4623
48.4581 , 46.4438
48.4639 , 46.4259
48.472 , 46.4088
48.482 , 46.3929
48.4941 , 46.3784
48.5078 , 46.3655
48.523 , 46.3545
48.5395 , 46.3454
48.557 , 46.3384
48.5753 , 46.3338
48.594 , 46.3314
48.6128 , 46.3314
48.6315 , 46.3338
48.6498 , 46.3384
48.6673 , 46.3454
48.6838 , 46.3545
48.699 , 46.3655
48.7127 , 46.3784
48.7248 , 46.3929
48.7348 , 46.4088
48.7429 , 46.4259
48.7487 , 46.4438
48.7522 , 46.4623
48.7534 , 46.4811
 1             8 
 1 
 -9999.0  ,   -9998.0
 50 
49.8901 , 47.0406
49.8866 , 47.0591
49.8808 , 47.077
49.8727 , 47.0941
49.8627 , 47.11
49.8506 , 47.1245
49.8369 , 47.1374
49.8217 , 47.1485
49.8052 , 47.1575
49.7877 , 47.1645
49.7694 , 47.1691
49.7507 , 47.1715
49.7319 , 47.1715
49.7132 , 47.1691
49.6949 , 47.1645
49.6774 , 47.1575
49.6609 , 47.1485
49.6457 , 47.1374
49.632 , 47.1245
49.6199 , 47.11
49.6099 , 47.0941
49.6018 , 47.077
49.596 , 47.0591
49.5925 , 47.0406
49.5913 , 47.0218
49.5925 , 47.003
49.596 , 46.9845
49.6018 , 46.9666
49.6099 , 46.9495
49.6199 , 46.9336
49.632 , 46.9191
49.6457 , 46.9062
49.6609 , 46.8952
49.6774 , 46.8861
49.6949 , 46.8791
49.7132 , 46.8745
49.7319 , 46.8721
49.7507 , 46.8721
49.7694 , 46.8745
49.7877 , 46.8791
49.8052 , 46.8861
49.8217 , 46.8952
49.8369 , 46.9062
49.8506 , 46.9191
49.8627 , 46.9336
49.8727 , 46.9495
49.8808 , 46.9666
49.8866 , 46.9845
49.8901 , 47.003
49.8913 , 47.0218
 1             9 
 1 
 -9999.0  ,   -9998.0
 50 
48.7936 , 48.279
48.7901 , 48.2975
48.7843 , 48.3154
48.7762 , 48.3325
48.7662 , 48.3484
48.7541 , 48.3629
48.7404 , 48.3758
48.7252 , 48.3869
48.7087 , 48.3959
48.6912 , 48.4029
48.6729 , 48.4075
48.6542 , 48.4099
48.6354 , 48.4099
48.6167 , 48.4075
48.5984 , 48.4029
48.5809 , 48.3959
48.5644 , 48.3869
48.5492 , 48.3758
48.5355 , 48.3629
48.5234 , 48.3484
48.5134 , 48.3325
48.5053 , 48.3154
48.4995 , 48.2975
48.496 , 48.279
48.4948 , 48.2602
48.496 , 48.2414
48.4995 , 48.2229
48.5053 , 48.205
48.5134 , 48.1879
48.5234 , 48.172
48.5355 , 48.1575
48.5492 , 48.1446
48.5644 , 48.1336
48.5809 , 48.1245
48.5984 , 48.1175
48.6167 , 48.1129
48.6354 , 48.1105
48.6542 , 48.1105
48.6729 , 48.1129
48.6912 , 48.1175
48.7087 , 48.1245
48.7252 , 48.1336
48.7404 , 48.1446
48.7541 , 48.1575
48.7662 , 48.172
48.7762 , 48.1879
48.7843 , 48.205
48.7901 , 48.2229
48.7936 , 48.2414
48.7948 , 48.2602
 1             10 
 1 
 -9999.0  ,   -9998.0
 50 
50.5109 , 48.9069
50.5074 , 48.9254
50.5016 , 48.9433
50.4935 , 48.9604
50.4835 , 48.9763
50.4714 , 48.9908
50.4577 , 49.0037
50.4425 , 49.0148
50.426 , 49.0238
50.4085 , 49.0308
50.3902 , 49.0354
50.3715 , 49.0378
50.3527 , 49.0378
50.334 , 49.0354
50.3157 , 49.0308
50.2982 , 49.0238
50.2817 , 49.0148
50.2665 , 49.0037
50.2528 , 48.9908
50.2407 , 48.9763
50.2307 , 48.9604
50.2226 , 48.9433
50.2168 , 48.9254
50.2133 , 48.9069
50.2121 , 48.8881
50.2133 , 48.8693
50.2168 , 48.8508
50.2226 , 48.8329
50.2307 , 48.8158
50.2407 , 48.7999
50.2528 , 48.7854
50.2665 , 48.7725
50.2817 , 48.7615
50.2982 , 48.7524
50.3157 , 48.7454
50.334 , 48.7408
50.3527 , 48.7384
50.3715 , 48.7384
50.3902 , 48.7408
50.4085 , 48.7454
50.426 , 48.7524
50.4425 , 48.7615
50.4577 , 48.7725
50.4714 , 48.7854
50.4835 , 48.7999
50.4935 , 48.8158
50.5016 , 48.8329
50.5074 , 48.8508
50.5109 , 48.8693
50.5121 , 48.8881
 1             11 
 1 
 -9999.0  ,   -9998.0
 50 
51.8557 , 47.3022
51.8522 , 47.3207
51.8464 , 47.3386
51.8383 , 47.3557
51.8283 , 47.3716
51.8162 , 47.3861
51.8025 , 47.399
51.7873 , 47.4101
51.7708 , 47.4191
51.7533 , 47.4261
51.735 , 47.4307
51.7163 , 47.4331
51.6975 , 47.4331
51.6788 , 47.4307
51.6605 , 47.4261
51.643 , 47.4191
51.6265 , 47.4101
51.6113 , 47.399
51.5976 , 47.3861
51.5855 , 47.3716
51.5755 , 47.3557
51.5674 , 47.3386
51.5616 , 47.3207
51.5581 , 47.3022
51.5569 , 47.2834
51.5581 , 47.2646
51.5616 , 47.2461
51.5674 , 47.2282
51.5755 , 47.2111
51.5855 , 47.1952
51.5976 , 47.1807
51.6113 , 47.1678
51.6265 , 47.1568
51.643 , 47.1477
51.6605 , 47.1407
51.6788 , 47.1361
51.6975 , 47.1337
51.7163 , 47.1337
51.735 , 47.1361
51.7533 , 47.1407
51.7708 , 47.1477
51.7873 , 47.1568
51.8025 , 47.1678
51.8162 , 47.1807
51.8283 , 47.1952
51.8383 , 47.2111
51.8464 , 47.2282
51.8522 , 47.2461
51.8557 , 47.2646
51.8569 , 47.2834
 1             12 
 1 
 -9999.0  ,   -9998.0
 50 
53.3867 , 46.5697
53.3832 , 46.5882
53.3774 , 46.6061
53.3693 , 46.6232
53.3593 , 46.6391
53.3472 , 46.6536
53.3335 , 46.6665
53.3183 , 46.6776
53.3018 , 46.6866
53.2843 , 46.6936
53.266 , 46.6982
53.2473 , 46.7006
53.2285 , 46.7006
53.2098 , 46.6982
53.1915 , 46.6936
53.174 , 46.6866
53.1575 , 46.6776
53.1423 , 46.6665
53.1286 , 46.6536
53.1165 , 46.6391
53.1065 , 46.6232
53.0984 , 46.6061
53.0926 , 46.5882
53.0891 , 46.5697
53.0879 , 46.5509
53.0891 , 46.5321
53.0926 , 46.5136
53.0984 , 46.4957
53.1065 , 46.4786
53.1165 , 46.4627
53.1286 , 46.4482
53.1423 , 46.4353
53.1575 , 46.4243
53.174 , 46.4152
53.1915 , 46.4082
53.2098 , 46.4036
53.2285 , 46.4012
53.2473 , 46.4012
53.266 , 46.4036
53.2843 , 46.4082
53.3018 , 46.4152
53.3183 , 46.4243
53.3335 , 46.4353
53.3472 , 46.4482
53.3593 , 46.4627
53.3693 , 46.4786
53.3774 , 46.4957
53.3832 , 46.5136
53.3867 , 46.5321
53.3879 , 46.5509
 1             13 
 1 
 -9999.0  ,   -9998.0
 50 
52.2488 , 49.0813
52.2453 , 49.0998
52.2395 , 49.1177
52.2314 , 49.1348
52.2214 , 49.1507
52.2093 , 49.1652
52.1956 , 49.1781
52.1804 , 49.1892
52.1639 , 49.1982
52.1464 , 49.2052
52.1281 , 49.2098
52.1094 , 49.2122
52.0906 , 49.2122
52.0719 , 49.2098
52.0536 , 49.2052
52.0361 , 49.1982
52.0196 , 49.1892
52.0044 , 49.1781
51.9907 , 49.1652
51.9786 , 49.1507
51.9686 , 49.1348
51.9605 , 49.1177
51.9547 , 49.0998
51.9512 , 49.0813
51.95 , 49.0625
51.9512 , 49.0437
51.9547 , 49.0252
51.9605 , 49.0073
51.9686 , 48.9902
51.9786 , 48.9743
51.9907 , 48.9598
52.0044 , 48.9469
52.0196 , 48.9359
52.0361 , 48.9268
52.0536 , 48.9198
52.0719 , 48.9152
52.0906 , 48.9128
52.1094 , 48.9128
52.1281 , 48.9152
52.1464 , 48.9198
52.1639 , 48.9268
52.1804 , 48.9359
52.1956 , 48.9469
52.2093 , 48.9598
52.2214 , 48.9743
52.2314 , 48.9902
52.2395 , 49.0073
52.2453 , 49.0252
52.2488 , 49.0437
52.25 , 49.0625
 1             14 
 1 
 -9999.0  ,   -9998.0
 50 
53.5936 , 48.1569
53.5901 , 48.1754
53.5843 , 48.1933
53.5762 , 48.2104
53.5662 , 48.2263
53.5541 , 48.2408
53.5404 , 48.2537
53.5252 , 48.2648
53.5087 , 48.2738
53.4912 , 48.2808
53.4729 , 48.2854
53.4542 , 48.2878
53.4354 , 48.2878
53.4167 , 48.2854
53.3984 , 48.2808
53.3809 , 48.2738
53.3644 , 48.2648
53.3492 , 48.2537
53.3355 , 48.2408
53.3234 , 48.2263
53.3134 , 48.2104
53.3053 , 48.1933
53.2995 , 48.1754
53.296 , 48.1569
53.2948 , 48.1381
53.296 , 48.1193
53.2995 , 48.1008
53.3053 , 48.0829
53.3134 , 48.0658
53.3234 , 48.0499
53.3355 , 48.0354
53.3492 , 48.0225
53.3644 , 48.0115
53.3809 , 48.0024
53.3984 , 47.9954
53.4167 , 47.9908
53.4354 , 47.9884
53.4542 , 47.9884
53.4729 , 47.9908
53.4912 , 47.9954
53.5087 , 48.0024
53.5252 , 48.0115
53.5404 , 48.0225
53.5541 , 48.0354
53.5662 , 48.0499
53.5762 , 48.0658
53.5843 , 48.0829
53.5901 , 48.1008
53.5936 , 48.1193
53.5948 , 48.1381
 1             15 
 2 
 -9998.0  ,   -9997.0
  -520.5  ,    -1.0
 30
52.82017	46.07089
52.8175 , 46.0742
52.8175 , 46.0742
52.8542 , 46.0675
52.9025 , 46.0675
52.9392 , 46.0675
52.9608 , 46.0542
52.9908 , 46.0358
53.0258 , 46.0342
53.0608 , 46.0342
53.0725 , 46.0308
53.1058 , 46.0258
53.1475 , 46.0225
53.1875 , 46.0225
53.2475 , 46.0375
53.2808 , 46.0192
53.3158 , 45.9892
53.3725 , 45.9675
53.4408 , 45.9508
53.5158 , 45.9458
53.5875 , 45.9392
53.6425 , 45.9392
53.7142 , 45.9425
53.7675 , 45.9475
53.8208 , 45.9625
53.8575 , 45.9775
53.8908 , 45.9908
53.9308 , 46.0108
53.9575 , 46.0408
54 , 46.0658
