 22 
 1             1 
 2 
 -9998.0  ,   -9997.0
  1999.0  ,    9990.0
 239 
 18            45.13703 
 17.98922      45.13075 
 17.98836      45.13003 
 17.98078      45.1237 
 17.97897      45.12208 
 17.97103      45.11495 
 17.96856      45.11259 
 17.96192      45.10623 
 17.95242      45.09795 
 17.95095      45.09634 
 17.94217      45.08678 
 17.94056      45.08503 
 17.93881      45.08386 
 17.92928      45.0775 
 17.92136      45.07281 
 17.91097      45.06581 
 17.90239      45.06131 
 17.89736      45.05834 
 17.88511      45.05111 
 17.87458      45.04825 
 17.86239      45.04547 
 17.85289      45.04409 
 17.83986      45.04397 
 17.82245      45.04586 
 17.81956      45.04617 
 17.81075      45.04948 
 17.79933      45.05622 
 17.78933      45.06239 
 17.76922      45.07517 
 17.76475      45.078 
 17.75486      45.0835 
 17.74744      45.08809 
 17.7375       45.0922 
 17.72533      45.0977 
 17.71553      45.10275 
 17.7082       45.10489 
 17.70306      45.10639 
 17.69817      45.10889 
 17.69436      45.11083 
 17.68761      45.11195 
 17.66972      45.11489 
 17.66108      45.11728 
 17.65081      45.11811 
 17.6447       45.11922 
 17.63253      45.12139 
 17.63239      45.12136 
 17.62881      45.12084 
 17.623        45.12 
 17.61433      45.11914 
 17.59981      45.11839 
 17.58414      45.11506 
 17.58161      45.11453 
 17.57158      45.11334 
 17.5695       45.11309 
 17.55861      45.11528 
 17.55181      45.11667 
 17.54103      45.11167 
 17.52822      45.10553 
 17.5172       45.10353 
 17.50725      45.10664 
 17.50047      45.10878 
 17.49561      45.11339 
 17.49561      45.114 
 17.49578      45.12564 
 17.49431      45.12884 
 17.49233      45.13314 
 17.48539      45.13795 
 17.48331      45.13656 
 17.47567      45.13148 
 17.47147      45.12906 
 17.46453      45.12506 
 17.45556      45.12964 
 17.45544      45.1297 
 17.45828      45.13992 
 17.46044      45.14545 
 17.45975      45.14842 
 17.45814      45.15536 
 17.45136      45.15814 
 17.44183      45.15836 
 17.43861      45.1542 
 17.43639      45.15134 
 17.43042      45.14359 
 17.4205       45.13936 
 17.41092      45.13523 
 17.40936      45.13456 
 17.39881      45.13512 
 17.38608      45.13659 
 17.375        45.13478 
 17.36717      45.1347 
 17.35908      45.13595 
 17.35303      45.13909 
 17.34153      45.14506 
 17.33417      45.15095 
 17.32592      45.15756 
 17.31945      45.16295 
 17.31728      45.16475 
 17.31236      45.16753 
 17.311        45.16828 
 17.30389      45.17103 
 17.29564      45.17298 
 17.29428      45.17328 
 17.29308      45.17311 
 17.28506      45.17189 
 17.27717      45.16578 
 17.26992      45.16111 
 17.2595       45.15292 
 17.25306      45.14925 
 17.24808      45.14642 
 17.248        45.14639 
 17.24581      45.1455 
 17.24053      45.14336 
 17.23181      45.14131 
 17.22333      45.13953 
 17.20353      45.14212 
 17.19686      45.14397 
 17.19622      45.14414 
 17.18039      45.14645 
 17.16394      45.1517 
 17.161        45.15309 
 17.15717      45.15489 
 17.14408      45.16106 
 17.11639      45.17342 
 17.10086      45.17987 
 17.096        45.18167 
 17.08278      45.18656 
 17.06992      45.19656 
 17.05414      45.20625 
 17.04531      45.21089 
 17.04097      45.21361 
 17.03778      45.21564 
 17.0295       45.21986 
 17.02383      45.22275 
 17.01633      45.22656 
 17.01433      45.22756 
 17.00622      45.22995 
 17.00106      45.23147 
 16.98761      45.2347 
 16.9852       45.23514 
 16.97467      45.23706 
 16.97358      45.2372 
 16.96456      45.23831 
 16.94636      45.2392 
 16.93725      45.238 
 16.92086      45.23583 
 16.90992      45.23331 
 16.89992      45.229 
 16.89881      45.22853 
 16.89789      45.22814 
 16.88556      45.22453 
 16.88231      45.22342 
 16.87578      45.2212 
 16.84753      45.21684 
 16.84125      45.21539 
 16.83631      45.21425 
 16.82497      45.21223 
 16.82397      45.21203 
 16.80589      45.20783 
 16.79797      45.20595 
 16.79714      45.20575 
 16.78856      45.20462 
 16.77194      45.20261 
 16.76286      45.20211 
 16.75461      45.20048 
 16.75061      45.19967 
 16.73486      45.19575 
 16.73444      45.19564 
 16.71631      45.19625 
 16.70806      45.19581 
 16.70725      45.19575 
 16.69222      45.19553 
 16.68336      45.1955 
 16.65681      45.1987 
 16.64397      45.20233 
 16.64319      45.20256 
 16.63208      45.20553 
 16.62781      45.20736 
 16.61656      45.21217 
 16.60967      45.21514 
 16.58736      45.22131 
 16.57603      45.22217 
 16.56806      45.2227 
 16.56628      45.22295 
 16.55417      45.22467 
 16.55106      45.22506 
 16.54356      45.226 
 16.54178      45.22623 
 16.53936      45.22653 
 16.5255       45.22389 
 16.51456      45.21692 
 16.51281      45.21575 
 16.50894      45.2132 
 16.50583      45.21114 
 16.50081      45.20781 
 16.49733      45.20489 
 16.48947      45.19825 
 16.48347      45.19011 
 16.48111      45.18692 
 16.47933      45.18089 
 16.47772      45.17545 
 16.47317      45.16478 
 16.47025      45.15567 
 16.46503      45.14517 
 16.46106      45.14009 
 16.46072      45.13967 
 16.45811      45.13631 
 16.45183      45.13056 
 16.43683      45.11989 
 16.43247      45.11639 
 16.43014      45.11453 
 16.41836      45.10561 
 16.41236      45.099 
 16.40808      45.09431 
 16.40731      45.09331 
 16.40372      45.08875 
 16.39911      45.08153 
 16.39353      45.07258 
 16.39319      45.07203 
 16.38753      45.06267 
 16.38644      45.05908 
 16.38564      45.05645 
 16.38417      45.05406 
 16.38394      45.0537 
 16.38217      45.05084 
 16.3812       45.04925 
 16.37964      45.04675 
 16.37956      45.04659 
 16.37889      45.04553 
 16.37436      45.03186 
 16.36983      45.0272 
 16.36939      45.0267 
 16.36536      45.02231 
 16.36489      45.02178 
 16.35775      45.01383 
 16.35281      45.01142 
 16.34978      45.00995 
 16.34789      45.00789 
 16.34481      45.00453 
 16.34292      45.00247 
 16.33281      45 
 1             2 
 2 
 -9998.0  ,   -9997.0
  1999.0  ,    9990.0
 72 
 16.2925       45 
 16.28061      45.00347 
 16.26697      45.00753 
 16.25322      45.01364 
 16.24114      45.01948 
 16.22928      45.02578 
 16.21308      45.03533 
 16.20045      45.04364 
 16.19036      45.04922 
 16.1715       45.06056 
 16.154        45.07295 
 16.13495      45.08495 
 16.12286      45.09353 
 16.10933      45.10428 
 16.09636      45.11534 
 16.07656      45.13209 
 16.07203      45.13761 
 16.06536      45.14681 
 16.06506      45.14714 
 16.06058      45.15206 
 16.05317      45.15725 
 16.04458      45.16184 
 16.02828      45.1702 
 16.01917      45.17425 
 16.00456      45.18373 
 15.99631      45.18973 
 15.98772      45.19572 
 15.97856      45.20139 
 15.96031      45.2095 
 15.947        45.21472 
 15.93197      45.2172 
 15.91164      45.21858 
 15.90333      45.21903 
 15.89272      45.21806 
 15.88081      45.21717 
 15.87114      45.21628 
 15.86028      45.21506 
 15.84886      45.21328 
 15.83331      45.21106 
 15.82478      45.20961 
 15.82356      45.20931 
 15.81981      45.20837 
 15.81608      45.20745 
 15.79808      45.20006 
 15.79044      45.19617 
 15.78436      45.1927 
 15.77108      45.18631 
 15.76439      45.18253 
 15.75864      45.1777 
 15.75294      45.16825 
 15.74892      45.15736 
 15.7462       45.14778 
 15.74483      45.14092 
 15.74714      45.12958 
 15.74889      45.12053 
 15.7522       45.1105 
 15.75181      45.10234 
 15.74947      45.09259 
 15.74417      45.08153 
 15.7395       45.07197 
 15.73442      45.0642 
 15.73072      45.05892 
 15.72767      45.0537 
 15.72433      45.04317 
 15.72408      45.04239 
 15.72519      45.03186 
 15.73308      45.02606 
 15.73922      45.01936 
 15.74564      45.01131 
 15.76197      45.00308 
 15.76494      45.00228 
 15.76917      45 
 1             3 
 2 
 -9998.0  ,   -9997.0
  1999.0  ,    9990.0
 384 
 12            47.62561 
 12.00992      47.62514 
 12.02228      47.61567 
 12.04295      47.62031 
 12.05033      47.61842 
 12.06356      47.62061 
 12.09111      47.61217 
 12.11681      47.61425 
 12.13564      47.60975 
 12.16064      47.61698 
 12.16536      47.61787 
 12.182        47.62097 
 12.19369      47.62314 
 12.19611      47.62359 
 12.20506      47.62528 
 12.20597      47.62545 
 12.20014      47.64225 
 12.19864      47.64653 
 12.194        47.65547 
 12.19281      47.65778 
 12.1927       47.65795 
 12.17808      47.67983 
 12.17083      47.68814 
 12.16528      47.70189 
 12.17486      47.70306 
 12.17831      47.70503 
 12.18164      47.70698 
 12.18819      47.71073 
 12.20617      47.71306 
 12.22119      47.72047 
 12.24219      47.73923 
 12.25381      47.74414 
 12.26025      47.74409 
 12.26517      47.73672 
 12.24697      47.7072 
 12.24536      47.69375 
 12.24928      47.68687 
 12.25425      47.68342 
 12.25528      47.6827 
 12.2637       47.68125 
 12.29003      47.6947 
 12.33003      47.69956 
 12.35631      47.69495 
 12.366        47.68936 
 12.37442      47.68814 
 12.38767      47.69097 
 12.39086      47.69184 
 12.41695      47.69889 
 12.42981      47.69967 
 12.44122      47.69611 
 12.44358      47.68125 
 12.45489      47.6692 
 12.45947      47.66431 
 12.47325      47.64961 
 12.47494      47.64958 
 12.48789      47.64031 
 12.49442      47.63089 
 12.50042      47.62692 
 12.51122      47.62681 
 12.51122      47.62773 
 12.53514      47.63839 
 12.55272      47.63864 
 12.57361      47.63611 
 12.57842      47.63972 
 12.59156      47.66378 
 12.60089      47.67167 
 12.61797      47.67806 
 12.62881      47.67909 
 12.6422       47.67433 
 12.65031      47.674 
 12.65044      47.67409 
 12.66925      47.68611 
 12.6885       47.68517 
 12.70531      47.6822 
 12.70528      47.68131 
 12.71839      47.67817 
 12.74306      47.67806 
 12.75008      47.675 
 12.75303      47.67147 
 12.75628      47.66761 
 12.77089      47.6697 
 12.77878      47.67392 
 12.77881      47.6735 
 12.77956      47.66592 
 12.76742      47.65556 
 12.76856      47.64778 
 12.77631      47.63603 
 12.77731      47.63512 
 12.7887       47.63222 
 12.79675      47.63003 
 12.82025      47.61442 
 12.82186      47.6112 
 12.8042       47.608 
 12.7812       47.58364 
 12.78034      47.57795 
 12.78253      47.57153 
 12.80858      47.55173 
 12.82808      47.54895 
 12.84736      47.55075 
 12.85231      47.54725 
 12.85061      47.54728 
 12.85603      47.53622 
 12.86431      47.53175 
 12.883        47.52578 
 12.89333      47.51123 
 12.91695      47.50083 
 12.93861      47.49364 
 12.9672       47.48086 
 12.97761      47.4805 
 12.9822       47.48636 
 13.005        47.47345 
 13.01006      47.47289 
 13.02245      47.4807 
 13.02817      47.4902 
 13.04142      47.49342 
 13.04695      47.4977 
 13.04864      47.50795 
 13.04414      47.524 
 13.0365       47.53739 
 13.0402       47.5467 
 13.05867      47.56422 
 13.05739      47.56631 
 13.04367      47.56925 
 13.04195      47.57797 
 13.04583      47.58361 
 13.06406      47.58333 
 13.07028      47.58756 
 13.07261      47.59667 
 13.07247      47.61198 
 13.07678      47.61875 
 13.09053      47.62609 
 13.09936      47.63667 
 13.09669      47.64745 
 13.08358      47.66914 
 13.07553      47.68984 
 13.04425      47.71239 
 13.04086      47.71483 
 13.02483      47.72103 
 13.01669      47.72 
 12.99272      47.7117 
 12.98172      47.70706 
 12.93286      47.71236 
 12.93083      47.71242 
 12.91567      47.7252 
 12.90808      47.72995 
 12.90958      47.73625 
 12.9392       47.75181 
 12.94411      47.75675 
 12.94508      47.76684 
 12.94511      47.76725 
 12.94194      47.77345 
 12.94547      47.77798 
 12.96353      47.79164 
 12.988        47.8237 
 12.99528      47.82992 
 12.99875      47.83287 
 13.00045      47.83431 
 13.00195      47.83559 
 13.00961      47.84667 
 13.01008      47.84733 
 13.01011      47.84739 
 13.01197      47.85008 
 13.01195      47.85008 
 13.00867      47.85267 
 13.00631      47.85453 
 12.99583      47.86453 
 12.97519      47.8932 
 12.96772      47.90359 
 12.95731      47.91584 
 12.95006      47.92206 
 12.94183      47.92911 
 12.93958      47.93303 
 12.93908      47.93806 
 12.94206      47.94509 
 12.94042      47.94739 
 12.93703      47.947 
 12.9355       47.94606 
 12.93045      47.943 
 12.92436      47.94356 
 12.92039      47.95686 
 12.91033      47.95997 
 12.88358      47.96223 
 12.87695      47.96667 
 12.86986      47.97798 
 12.86178      48.00006 
 12.86019      48.00978 
 12.85572      48.01784 
 12.85245      48.01892 
 12.844        48.02317 
 12.82581      48.03231 
 12.82189      48.03578 
 12.81536      48.04159 
 12.77886      48.06106 
 12.77756      48.06175 
 12.76803      48.06756 
 12.76575      48.06914 
 12.76556      48.06928 
 12.76017      48.07303 
 12.75458      48.08317 
 12.74683      48.1065 
 12.74939      48.11072 
 12.75728      48.1167 
 12.75725      48.12495 
 12.76028      48.1275 
 12.76183      48.12881 
 12.76581      48.1287 
 12.77236      48.12847 
 12.78186      48.12223 
 12.78589      48.12178 
 12.79364      48.13642 
 12.79775      48.1442 
 12.79789      48.14448 
 12.80606      48.14975 
 12.80733      48.14995 
 12.81631      48.15136 
 12.81897      48.15181 
 12.82697      48.15295 
 12.8282       48.15473 
 12.83111      48.15892 
 12.83578      48.16622 
 12.84439      48.16689 
 12.84761      48.17084 
 12.84867      48.1765 
 12.85631      48.18295 
 12.86078      48.18592 
 12.86261      48.19031 
 12.86356      48.19253 
 12.86489      48.19572 
 12.86611      48.19867 
 12.87778      48.20445 
 12.8935       48.20425 
 12.90858      48.20623 
 12.91181      48.20664 
 12.92656      48.20859 
 12.94525      48.20753 
 12.95739      48.21167 
 12.96142      48.21398 
 12.99058      48.23064 
 12.99156      48.23145 
 13.00358      48.24136 
 13.00908      48.25228 
 13.01283      48.25481 
 13.01917      48.25881 
 13.02703      48.25859 
 13.03011      48.26045 
 13.03186      48.2615 
 13.03742      48.26309 
 13.05675      48.26859 
 13.05731      48.26881 
 13.06053      48.27009 
 13.06531      48.27195 
 13.07658      48.27639 
 13.079        48.27733 
 13.0867       48.28036 
 13.12258      48.27945 
 13.13578      48.28075 
 13.15125      48.28684 
 13.16575      48.29253 
 13.16783      48.29289 
 13.17708      48.29447 
 13.18961      48.29664 
 13.1932       48.29645 
 13.24956      48.29336 
 13.25731      48.29497 
 13.29339      48.30873 
 13.30572      48.31342 
 13.30936      48.3152 
 13.32442      48.32258 
 13.326        48.32336 
 13.32669      48.3237 
 13.32995      48.32528 
 13.34017      48.33239 
 13.34456      48.33545 
 13.35117      48.34006 
 13.36053      48.35095 
 13.39583      48.36831 
 13.41339      48.37873 
 13.42056      48.40625 
 13.42364      48.41083 
 13.43911      48.43381 
 13.43819      48.43728 
 13.43519      48.44336 
 13.43469      48.44439 
 13.43183      48.44867 
 13.42658      48.45484 
 13.42503      48.45667 
 13.42597      48.45859 
 13.42728      48.46123 
 13.42889      48.4645 
 13.42975      48.46622 
 13.44578      48.49025 
 13.44864      48.49353 
 13.45011      48.5017 
 13.45336      48.51295 
 13.45272      48.51828 
 13.45242      48.5187 
 13.44589      48.52767 
 13.44489      48.52906 
 13.44903      48.53661 
 13.44758      48.53978 
 13.44611      48.54298 
 13.43925      48.54845 
 13.43711      48.55353 
 13.43656      48.55483 
 13.43639      48.55525 
 13.43728      48.55817 
 13.43825      48.56134 
 13.44775      48.56511 
 13.45858      48.56922 
 13.45975      48.56967 
 13.46275      48.57072 
 13.46333      48.57095 
 13.47375      48.57467 
 13.47572      48.57536 
 13.48303      48.57639 
 13.4905       48.57745 
 13.50119      48.58253 
 13.50153      48.58547 
 13.50247      48.59414 
 13.5175       48.5955 
 13.53006      48.589 
 13.53728      48.58375 
 13.54106      48.581 
 13.55794      48.56872 
 13.57356      48.56181 
 13.5795       48.56237 
 13.58333      48.56697 
 13.58695      48.57131 
 13.59436      48.57245 
 13.60445      48.57045 
 13.60858      48.5675 
 13.61825      48.56064 
 13.62875      48.55678 
 13.65081      48.55425 
 13.65567      48.54959 
 13.66203      48.53842 
 13.66639      48.53517 
 13.68014      48.53247 
 13.71375      48.51658 
 13.72411      48.51664 
 13.72981      48.52039 
 13.73144      48.52614 
 13.73192      48.52783 
 13.74703      48.53467 
 13.74806      48.53945 
 13.74478      48.54789 
 13.75122      48.55436 
 13.74995      48.56225 
 13.75153      48.56606 
 13.75447      48.56747 
 13.75839      48.56586 
 13.76214      48.55828 
 13.76781      48.557 
 13.78225      48.571 
 13.79733      48.57509 
 13.80572      48.5805 
 13.80678      48.59261 
 13.80511      48.59447 
 13.80203      48.59795 
 13.80183      48.60392 
 13.80231      48.60433 
 13.80619      48.60778 
 13.81617      48.6122 
 13.82133      48.6192 
 13.82233      48.63336 
 13.82717      48.63811 
 13.82428      48.64678 
 13.81617      48.65281 
 13.81928      48.66478 
 13.81844      48.67331 
 13.81375      48.68392 
 13.81497      48.69234 
 13.81922      48.70089 
 13.81939      48.70125 
 13.814        48.70709 
 13.81336      48.71217 
 13.79817      48.71728 
 13.80778      48.72859 
 13.82106      48.73417 
 13.81917      48.74025 
 13.82214      48.74878 
 13.82186      48.75639 
 13.83645      48.76623 
 13.84239      48.77367 
 1             4 
 2 
 -9998.0  ,   -9997.0
  1999.0  ,    9990.0
 162 
 13.71564      46.52403 
 13.6895       46.52506 
 13.66717      46.52942 
 13.65511      46.53453 
 13.65414      46.53495 
 13.65245      46.53542 
 13.6427       46.53803 
 13.63731      46.53964 
 13.61489      46.54631 
 13.59175      46.54839 
 13.58153      46.54153 
 13.57225      46.54172 
 13.56364      46.54989 
 13.54861      46.55456 
 13.52431      46.55208 
 13.51056      46.55648 
 13.50564      46.5655 
 13.50142      46.56809 
 13.47361      46.56086 
 13.46833      46.56167 
 13.45131      46.55856 
 13.421        46.56328 
 13.41047      46.56553 
 13.40311      46.57253 
 13.3815       46.57912 
 13.37189      46.57931 
 13.36694      46.57139 
 13.36622      46.5705 
 13.34236      46.57072 
 13.34233      46.56981 
 13.32336      46.55917 
 13.31531      46.55681 
 13.29158      46.56067 
 13.25717      46.56198 
 13.24206      46.55745 
 13.23675      46.55731 
 13.22114      46.56536 
 13.19331      46.57456 
 13.16142      46.59203 
 13.10125      46.59806 
 13.08417      46.60292 
 13.07117      46.60064 
 13.04486      46.59761 
 13.03025      46.59717 
 13.01545      46.60084 
 12.98167      46.60275 
 12.96853      46.60661 
 12.95095      46.60667 
 12.94169      46.609 
 12.9335       46.61106 
 12.90167      46.61198 
 12.90169      46.61311 
 12.88403      46.60972 
 12.85539      46.60647 
 12.83722      46.6095 
 12.83478      46.61639 
 12.83383      46.62897 
 12.82861      46.63203 
 12.80945      46.63484 
 12.79517      46.646 
 12.76808      46.65073 
 12.75681      46.65067 
 12.73683      46.63767 
 12.72953      46.63731 
 12.71528      46.65008 
 12.69425      46.65836 
 12.67072      46.65959 
 12.65736      46.657 
 12.64406      46.65603 
 12.62797      46.66334 
 12.61903      46.66436 
 12.60367      46.66067 
 12.57475      46.65898 
 12.56572      46.65678 
 12.55614      46.6585 
 12.55375      46.65959 
 12.53939      46.66603 
 12.53064      46.67459 
 12.5285       46.6755 
 12.52503      46.67695 
 12.51714      46.68025 
 12.48522      46.679 
 12.47014      46.68695 
 12.45461      46.69011 
 12.44297      46.69023 
 12.43603      46.69192 
 12.42425      46.69936 
 12.40383      46.70736 
 12.38939      46.71506 
 12.38256      46.72245 
 12.37489      46.73553 
 12.37386      46.73786 
 12.37242      46.74109 
 12.36125      46.76634 
 12.34789      46.78045 
 12.31775      46.7867 
 12.28814      46.78631 
 12.28131      46.79458 
 12.28775      46.80073 
 12.28783      46.80414 
 12.28447      46.8195 
 12.30792      46.84189 
 12.29672      46.84772 
 12.2882       46.87067 
 12.28131      46.876 
 12.27325      46.89025 
 12.26861      46.89189 
 12.255        46.89409 
 12.25453      46.89409 
 12.24464      46.89395 
 12.21603      46.87911 
 12.20847      46.88536 
 12.20267      46.89456 
 12.204        46.89456 
 12.1912       46.90586 
 12.18325      46.90892 
 12.16361      46.91092 
 12.16358      46.91 
 12.16031      46.91131 
 12.14903      46.91584 
 12.15383      46.92481 
 12.15525      46.92745 
 12.16167      46.93242 
 12.163        46.93242 
 12.16339      46.93578 
 12.16403      46.94128 
 12.16419      46.9427 
 12.1547       46.95328 
 12.13886      46.96325 
 12.13622      46.96556 
 12.13356      46.98409 
 12.12161      47.00798 
 12.12811      47.01636 
 12.147        47.0265 
 12.16306      47.0275 
 12.1795       47.03056 
 12.18681      47.03175 
 12.20095      47.03403 
 12.21086      47.04606 
 12.21711      47.0572 
 12.23303      47.0687 
 12.23303      47.06875 
 12.23319      47.07039 
 12.23347      47.0735 
 12.22772      47.08142 
 12.22631      47.08339 
 12.21503      47.08831 
 12.21242      47.08834 
 12.20767      47.08836 
 12.18403      47.0952 
 12.17364      47.09325 
 12.15947      47.08675 
 12.14536      47.08459 
 12.11817      47.07772 
 12.09811      47.0797 
 12.08939      47.07772 
 12.07344      47.0637 
 12.05703      47.06175 
 12.0447       47.06414 
 12.03531      47.06261 
 12.01775      47.05247 
 12            47.05375 
 1             5 
 2 
 -9998.0  ,   -9997.0
  1999.0  ,    9990.0
 249 
 12.43706      50 
 12.43708      49.99881 
 12.43081      49.99361 
 12.43731      49.98873 
 12.4672       49.998 
 12.47092      49.9907 
 12.47911      49.98503 
 12.48792      49.98434 
 12.49361      49.97856 
 12.49303      49.96781 
 12.48908      49.96158 
 12.47858      49.95984 
 12.47386      49.95595 
 12.47197      49.94914 
 12.47797      49.93992 
 12.48514      49.93772 
 12.49097      49.93903 
 12.49381      49.93592 
 12.51136      49.93159 
 12.54342      49.92697 
 12.54742      49.92353 
 12.54792      49.92309 
 12.55153      49.91189 
 12.54995      49.90464 
 12.54172      49.89542 
 12.52825      49.88948 
 12.5242       49.88531 
 12.51933      49.87134 
 12.51222      49.86231 
 12.49978      49.85903 
 12.49692      49.84106 
 12.49083      49.84345 
 12.47681      49.84458 
 12.47233      49.83681 
 12.47264      49.82981 
 12.473        49.82164 
 12.46656      49.81509 
 12.47117      49.79148 
 12.46953      49.78947 
 12.40806      49.76597 
 12.40442      49.76203 
 12.40317      49.75453 
 12.40544      49.74684 
 12.41681      49.73528 
 12.42228      49.73414 
 12.42714      49.73314 
 12.44111      49.71114 
 12.44931      49.7057 
 12.46181      49.70414 
 12.4692       49.70103 
 12.48236      49.69897 
 12.48758      49.69231 
 12.49606      49.68959 
 12.50472      49.68822 
 12.52117      49.68992 
 12.52208      49.68 
 12.52975      49.67342 
 12.53133      49.669 
 12.52683      49.66373 
 12.52792      49.65589 
 12.52811      49.65459 
 12.51794      49.64858 
 12.52064      49.64456 
 12.52725      49.64375 
 12.52783      49.63983 
 12.52311      49.63272 
 12.52511      49.62895 
 12.53103      49.62842 
 12.53933      49.62114 
 12.55275      49.62433 
 12.56053      49.62164 
 12.55895      49.61737 
 12.5592       49.61698 
 12.564        49.60956 
 12.56422      49.5997 
 12.57689      49.591 
 12.57719      49.58481 
 12.57306      49.57675 
 12.57247      49.569 
 12.57464      49.562 
 12.575        49.56084 
 12.58556      49.54931 
 12.59208      49.54506 
 12.58908      49.54064 
 12.59494      49.53667 
 12.60806      49.53186 
 12.63492      49.53 
 12.64375      49.52175 
 12.64042      49.50589 
 12.64642      49.49481 
 12.64528      49.48545 
 12.63297      49.47967 
 12.64308      49.47195 
 12.65258      49.46467 
 12.66033      49.43356 
 12.68053      49.42653 
 12.70978      49.42453 
 12.71247      49.42189 
 12.72197      49.41264 
 12.73497      49.40989 
 12.75639      49.39867 
 12.76058      49.38978 
 12.76083      49.38928 
 12.76197      49.37317 
 12.77795      49.36359 
 12.78228      49.359 
 12.78067      49.34878 
 12.78408      49.34539 
 12.80717      49.34231 
 12.84836      49.34375 
 12.85364      49.34003 
 12.85608      49.33831 
 12.86822      49.33742 
 12.87656      49.33398 
 12.88025      49.33011 
 12.88695      49.33925 
 12.88233      49.3465 
 12.88475      49.35164 
 12.91195      49.34786 
 12.91744      49.34436 
 12.94892      49.34378 
 12.971        49.3357 
 12.97853      49.32958 
 12.99858      49.31328 
 13.01156      49.30522 
 13.02811      49.30339 
 13.02853      49.30284 
 13.03197      49.29814 
 13.03278      49.29075 
 13.02717      49.27731 
 13.02861      49.26942 
 13.03397      49.265 
 13.05167      49.26378 
 13.05781      49.26 
 13.06147      49.25061 
 13.06628      49.24714 
 13.08283      49.24528 
 13.08633      49.24278 
 13.09064      49.2382 
 13.08831      49.23097 
 13.09086      49.22647 
 13.10897      49.22064 
 13.11303      49.21697 
 13.11308      49.21275 
 13.11322      49.20528 
 13.11733      49.19931 
 13.13958      49.19047 
 13.15289      49.18009 
 13.1652       49.17295 
 13.17375      49.17156 
 13.17811      49.16764 
 13.17758      49.15825 
 13.1725       49.14639 
 13.17531      49.1412 
 13.20058      49.1292 
 13.21142      49.1222 
 13.21345      49.12089 
 13.22778      49.11592 
 13.23886      49.11528 
 13.26256      49.11781 
 13.27517      49.12075 
 13.28314      49.12028 
 13.34222      49.08792 
 13.346        49.07967 
 13.3527       49.07767 
 13.36708      49.06753 
 13.36856      49.0665 
 13.374        49.06264 
 13.37695      49.05628 
 13.39119      49.05336 
 13.39131      49.05428 
 13.40014      49.05009 
 13.40092      49.04798 
 13.39436      49.04353 
 13.39356      49.04014 
 13.40047      49.0347 
 13.40389      49.01889 
 13.4015       49.01422 
 13.40758      49.00789 
 13.40428      48.98631 
 13.4165       48.97892 
 13.42233      48.97834 
 13.42706      48.97231 
 13.43275      48.97145 
 13.43661      48.97084 
 13.44231      48.96681 
 13.463        48.96053 
 13.46853      48.95514 
 13.47375      48.95278 
 13.47897      48.9527 
 13.49286      48.94245 
 13.5032       48.94181 
 13.51008      48.94645 
 13.50583      48.9607 
 13.50958      48.96781 
 13.51867      48.96795 
 13.5345       48.97181 
 13.54753      48.9655 
 13.55558      48.9657 
 13.56295      48.9687 
 13.56361      48.9685 
 13.57231      48.96606 
 13.57725      48.96897 
 13.58347      48.96858 
 13.5915       48.96398 
 13.59267      48.96245 
 13.59444      48.96011 
 13.59367      48.95742 
 13.59308      48.95539 
 13.59439      48.95389 
 13.59936      48.94811 
 13.60311      48.94575 
 13.60545      48.94437 
 13.6055       48.94433 
 13.6167       48.94775 
 13.62956      48.94764 
 13.62197      48.94075 
 13.63461      48.92942 
 13.65506      48.8972 
 13.65758      48.89542 
 13.664        48.89561 
 13.66528      48.89564 
 13.66992      48.89167 
 13.67239      48.88211 
 13.67625      48.88003 
 13.69558      48.88159 
 13.70075      48.88381 
 13.70606      48.88267 
 13.71422      48.88089 
 13.71981      48.881 
 13.73247      48.88939 
 13.73567      48.88253 
 13.74178      48.87917 
 13.75342      48.86833 
 13.75103      48.86136 
 13.76917      48.83567 
 13.77395      48.83361 
 13.77603      48.83272 
 13.78739      48.832 
 13.79133      48.82809 
 13.79783      48.82262 
 13.80106      48.8137 
 13.81492      48.80181 
 13.8112       48.79034 
 13.80472      48.78409 
 13.81167      48.777 
 13.81592      48.77511 
 13.82194      48.77381 
 13.84239      48.77367 
 1             6 
 2 
 -9998.0  ,   -9997.0
  1999.0  ,    9990.0
 15 
 17.96517      50 
 17.95919      49.99711 
 17.93947      49.987 
 17.92695      49.98103 
 17.91083      49.97625 
 17.90547      49.97586 
 17.90306      49.9757 
 17.89289      49.9757 
 17.87964      49.97403 
 17.86786      49.97553 
 17.86211      49.97625 
 17.85564      49.97959 
 17.83394      49.9845 
 17.82003      49.99217 
 17.81375      50 
 1             7 
 2 
 -9998.0  ,   -9997.0
  1999.0  ,    9990.0
 119 
 18            49.0225 
 17.99736      49.02189 
 17.98883      49.02042 
 17.97056      49.01981 
 17.96061      49.01839 
 17.95042      49.01425 
 17.94042      49.00825 
 17.93139      49.00153 
 17.92172      48.99531 
 17.91011      48.98731 
 17.88858      48.97014 
 17.87911      48.96206 
 17.87758      48.96075 
 17.87503      48.95867 
 17.8655       48.95098 
 17.85758      48.94489 
 17.84678      48.93756 
 17.83317      48.93375 
 17.81542      48.93081 
 17.80586      48.92959 
 17.79353      48.92825 
 17.78386      48.92978 
 17.77167      48.93003 
 17.75886      48.93145 
 17.75128      48.92856 
 17.74092      48.92234 
 17.73275      48.91672 
 17.72314      48.90703 
 17.71858      48.899 
 17.71828      48.89839 
 17.71475      48.89114 
 17.71175      48.88711 
 17.70881      48.88314 
 17.70558      48.87839 
 17.70278      48.87425 
 17.69795      48.86711 
 17.687        48.85773 
 17.67653      48.85378 
 17.66306      48.85111 
 17.65061      48.84839 
 17.63639      48.84528 
 17.61975      48.84273 
 17.6002       48.83433 
 17.58542      48.82873 
 17.57308      48.82303 
 17.56192      48.81889 
 17.5482       48.81734 
 17.53383      48.8165 
 17.52458      48.81845 
 17.51861      48.82128 
 17.5162       48.82242 
 17.514        48.82364 
 17.50256      48.83003 
 17.48717      48.83789 
 17.46708      48.83956 
 17.4537       48.838 
 17.44372      48.83539 
 17.43431      48.83117 
 17.41945      48.8242 
 17.41111      48.82061 
 17.39056      48.81656 
 17.37406      48.81486 
 17.35908      48.81517 
 17.33717      48.82009 
 17.32939      48.82286 
 17.3175       48.82672 
 17.30661      48.83008 
 17.2955       48.83481 
 17.28817      48.83898 
 17.27875      48.84342 
 17.27142      48.84645 
 17.26186      48.85039 
 17.2465       48.85475 
 17.24345      48.85561 
 17.23181      48.859 
 17.22914      48.85978 
 17.21003      48.86067 
 17.19045      48.85586 
 17.17419      48.853 
 17.17256      48.85256 
 17.16136      48.84956 
 17.15344      48.84639 
 17.14106      48.84161 
 17.13764      48.84031 
 17.13722      48.84011 
 17.13067      48.83714 
 17.12969      48.8367 
 17.12631      48.83497 
 17.12594      48.83478 
 17.1217       48.83264 
 17.10967      48.8255 
 17.10233      48.82072 
 17.09525      48.81481 
 17.08706      48.80775 
 17.0795       48.80025 
 17.06917      48.79261 
 17.06292      48.78825 
 17.04989      48.78184 
 17.0385       48.77375 
 17.02886      48.76609 
 17.02161      48.75764 
 17.01353      48.74695 
 17.00869      48.73845 
 17.0045       48.72853 
 17.00153      48.72153 
 16.99872      48.71089 
 16.99814      48.70864 
 16.99428      48.70328 
 16.98195      48.69661 
 16.97206      48.68986 
 16.96711      48.68408 
 16.96553      48.67658 
 16.96392      48.66864 
 16.96242      48.65797 
 16.95906      48.65008 
 16.95333      48.64273 
 16.94867      48.63603 
 16.94392      48.6282 
 16.93633      48.61686 
 1             8 
 2 
 -9998.0  ,   -9997.0
  1999.0  ,    9990.0
 58 
 17.16272      48.00809 
 17.18144      48.01359 
 17.189        48.01578 
 17.19297      48.01695 
 17.21775      48.01553 
 17.22545      48.01639 
 17.23292      48.01725 
 17.25156      48.01939 
 17.26311      48.00645 
 17.26886      48 
 17.27164      47.99653 
 17.27828      47.98825 
 17.27922      47.98709 
 17.30511      47.989 
 17.31689      47.98989 
 17.3205       47.98709 
 17.32992      47.97967 
 17.342        47.97675 
 17.34894      47.97508 
 17.34961      47.97508 
 17.36214      47.97514 
 17.37028      47.97517 
 17.37725      47.96989 
 17.37883      47.9687 
 17.39825      47.954 
 17.41394      47.94211 
 17.41436      47.94181 
 17.45228      47.91711 
 17.47378      47.89173 
 17.47742      47.88745 
 17.47875      47.88586 
 17.49386      47.87731 
 17.4995       47.87411 
 17.51367      47.86609 
 17.52106      47.85925 
 17.52761      47.85317 
 17.53283      47.84833 
 17.53669      47.84547 
 17.54228      47.84131 
 17.5605       47.82775 
 17.57992      47.81237 
 17.58589      47.81275 
 17.59581      47.81336 
 17.61031      47.81428 
 17.62908      47.80847 
 17.6505       47.7967 
 17.65567      47.79386 
 17.68767      47.78017 
 17.70586      47.76959 
 17.71903      47.75159 
 17.7195       47.75095 
 17.72486      47.75003 
 17.74033      47.74739 
 17.76831      47.74461 
 17.77997      47.73809 
 17.78486      47.73533 
 17.80656      47.73886 
 17.82767      47.73767 
 1             9 
 2 
 -9998.0  ,   -9997.0
  1999.0  ,    9990.0
 17 
 17.82767      47.73767 
 17.84217      47.73772 
 17.85342      47.73881 
 17.86122      47.7395 
 17.86969      47.73903 
 17.88053      47.73667 
 17.89375      47.73303 
 17.90325      47.73364 
 17.91403      47.73764 
 17.92558      47.73772 
 17.94142      47.73781 
 17.9615       47.7545 
 17.97156      47.75278 
 17.97358      47.7522 
 17.98147      47.74989 
 17.99847      47.74431 
 18            47.74381 
 1             10 
 2 
 -9998.0  ,   -9997.0
  1999.0  ,    9990.0
 84 
 16.566        46.48373 
 16.55053      46.48934 
 16.54014      46.49531 
 16.53472      46.49764 
 16.52608      46.501 
 16.53464      46.50728 
 16.53447      46.50886 
 16.53411      46.51234 
 16.52492      46.52031 
 16.52525      46.52131 
 16.52858      46.53092 
 16.51972      46.53545 
 16.51906      46.54945 
 16.51772      46.5495 
 16.50897      46.56206 
 16.49092      46.56081 
 16.4825       46.5667 
 16.47836      46.57925 
 16.45747      46.59392 
 16.45642      46.59484 
 16.45256      46.59811 
 16.44392      46.6055 
 16.43933      46.60942 
 16.42572      46.61323 
 16.42214      46.61684 
 16.41142      46.62761 
 16.39881      46.63137 
 16.39211      46.63075 
 16.38492      46.64275 
 16.39         46.65125 
 16.39175      46.65917 
 16.39644      46.65967 
 16.40381      46.65658 
 16.41322      46.65756 
 16.41842      46.6635 
 16.41847      46.67134 
 16.41858      46.68297 
 16.42156      46.68628 
 16.42014      46.68909 
 16.411        46.69453 
 16.38447      46.6957 
 16.37272      46.69806 
 16.37181      46.70267 
 16.37661      46.71139 
 16.36703      46.71939 
 16.35753      46.71384 
 16.34956      46.71761 
 16.34358      46.73231 
 16.33308      46.74125 
 16.32836      46.74811 
 16.32092      46.75392 
 16.3222       46.76075 
 16.32794      46.76897 
 16.32711      46.77428 
 16.31428      46.7762 
 16.31044      46.78897 
 16.315        46.79497 
 16.32961      46.798 
 16.338        46.80586 
 16.33633      46.81306 
 16.33775      46.816 
 16.33961      46.81981 
 16.343        46.82683 
 16.34458      46.83011 
 16.34389      46.83723 
 16.33872      46.84617 
 16.32717      46.84759 
 16.31578      46.85792 
 16.31444      46.858 
 16.30253      46.85917 
 16.29183      46.86995 
 16.28145      46.87314 
 16.25792      46.87509 
 16.24456      46.8752 
 16.23444      46.87792 
 16.21719      46.87178 
 16.19222      46.86872 
 16.1795       46.86078 
 16.16072      46.85998 
 16.14367      46.85564 
 16.13886      46.85636 
 16.13314      46.85723 
 16.12347      46.86131 
 16.11189      46.8715 
 1             11 
 2 
 -9998.0  ,   -9997.0
  1999.0  ,    9990.0
 557 
 16.566        46.48373 
 16.54178      46.48717 
 16.52778      46.49586 
 16.49975      46.50722 
 16.48356      46.51361 
 16.46506      46.52275 
 16.44428      46.52814 
 16.43906      46.52947 
 16.4335       46.53097 
 16.4237       46.53361 
 16.403        46.53303 
 16.39978      46.53367 
 16.39081      46.53545 
 16.38261      46.53709 
 16.37267      46.5365 
 16.35269      46.53875 
 16.3477       46.53823 
 16.34547      46.53797 
 16.34089      46.53747 
 16.32403      46.53336 
 16.31292      46.53056 
 16.30217      46.52614 
 16.30153      46.5255 
 16.29067      46.51472 
 16.288        46.50728 
 16.28797      46.49409 
 16.29225      46.48553 
 16.29669      46.47928 
 16.30658      46.46834 
 16.31217      46.46292 
 16.32364      46.45072 
 16.32961      46.43473 
 16.32858      46.42445 
 16.32161      46.41234 
 16.31636      46.40739 
 16.30261      46.40011 
 16.30108      46.39978 
 16.28889      46.39703 
 16.27681      46.39572 
 16.26758      46.39461 
 16.25758      46.39339 
 16.24475      46.39525 
 16.24264      46.3957 
 16.23172      46.398 
 16.21881      46.40031 
 16.21297      46.40036 
 16.20886      46.40042 
 16.20336      46.40047 
 16.19289      46.40233 
 16.18331      46.40209 
 16.18156      46.40203 
 16.17494      46.40203 
 16.16681      46.40206 
 16.16647      46.40211 
 16.15433      46.40392 
 16.15311      46.40372 
 16.14983      46.40325 
 16.14297      46.40222 
 16.14189      46.40211 
 16.12272      46.4 
 16.11153      46.39622 
 16.1012       46.39164 
 16.08939      46.38617 
 16.08178      46.3792 
 16.07661      46.37448 
 16.07472      46.37275 
 16.06908      46.35661 
 16.06067      46.34667 
 16.05408      46.34039 
 16.04589      46.33231 
 16.02697      46.31725 
 16.02633      46.31678 
 16.01986      46.31187 
 16.01089      46.30717 
 15.99706      46.30192 
 15.98475      46.29731 
 15.9737       46.29309 
 15.96428      46.29042 
 15.95044      46.28517 
 15.93467      46.28112 
 15.92172      46.27781 
 15.90589      46.27395 
 15.88753      46.27236 
 15.87842      46.27133 
 15.86217      46.2707 
 15.85175      46.26814 
 15.83483      46.26322 
 15.82883      46.25884 
 15.82494      46.25261 
 15.82158      46.24136 
 15.80928      46.23256 
 15.79744      46.23031 
 15.77811      46.2272 
 15.76644      46.22425 
 15.75289      46.22217 
 15.74756      46.22134 
 15.7445       46.22086 
 15.72861      46.21881 
 15.71672      46.21539 
 15.69792      46.21581 
 15.68625      46.21284 
 15.67606      46.21214 
 15.65795      46.20961 
 15.64942      46.20611 
 15.64631      46.20508 
 15.63422      46.20114 
 15.6197       46.19067 
 15.61658      46.18545 
 15.61403      46.17658 
 15.61383      46.17484 
 15.61331      46.16978 
 15.61272      46.15872 
 15.6127       46.15836 
 15.61272      46.15117 
 15.61203      46.143 
 15.61114      46.13686 
 15.61092      46.12942 
 15.61578      46.12164 
 15.61847      46.11595 
 15.6235       46.10525 
 15.6252       46.10164 
 15.63403      46.09614 
 15.63433      46.09595 
 15.63461      46.09578 
 15.64164      46.09286 
 15.65331      46.08845 
 15.65336      46.08842 
 15.66072      46.08556 
 15.67211      46.08248 
 15.68494      46.07775 
 15.68561      46.0775 
 15.69033      46.07545 
 15.69567      46.07311 
 15.70506      46.06861 
 15.71203      46.06453 
 15.71381      46.06264 
 15.7227       46.05325 
 15.72297      46.04961 
 15.72336      46.04475 
 15.72342      46.04342 
 15.72367      46.03656 
 15.72386      46.03136 
 15.72025      46.02064 
 15.72014      46.02031 
 15.71806      46.01359 
 15.716        45.99967 
 15.71639      45.99761 
 15.71856      45.98606 
 15.71856      45.98592 
 15.71906      45.97547 
 15.71864      45.96734 
 15.7185       45.95803 
 15.71756      45.94797 
 15.71489      45.93956 
 15.70983      45.93133 
 15.7067       45.92484 
 15.70403      45.91934 
 15.69764      45.91234 
 15.69742      45.91209 
 15.697        45.91128 
 15.69264      45.90275 
 15.69256      45.90198 
 15.69192      45.89595 
 15.69303      45.88981 
 15.69314      45.88911 
 15.69456      45.8805 
 15.69275      45.87403 
 15.69369      45.86581 
 15.692        45.86159 
 15.69056      45.85803 
 15.69009      45.85747 
 15.68558      45.85236 
 15.68303      45.85075 
 15.67922      45.84839 
 15.66647      45.84045 
 15.65964      45.83711 
 15.65117      45.83639 
 15.64303      45.83567 
 15.62975      45.83717 
 15.62156      45.83809 
 15.59861      45.83542 
 15.58817      45.83608 
 15.57606      45.83678 
 15.56392      45.83189 
 15.55364      45.82908 
 15.54331      45.8265 
 15.53172      45.82075 
 15.52375      45.81658 
 15.51395      45.80897 
 15.50842      45.803 
 15.49928      45.79267 
 15.49228      45.78445 
 15.48669      45.7787 
 15.47578      45.77161 
 15.46747      45.76742 
 15.45878      45.76639 
 15.45461      45.766 
 15.44711      45.76528 
 15.43167      45.76461 
 15.42658      45.76395 
 15.4185       45.76286 
 15.40211      45.75931 
 15.39011      45.75536 
 15.37917      45.75128 
 15.36847      45.74886 
 15.35825      45.74442 
 15.34908      45.73986 
 15.33803      45.73347 
 15.32967      45.72831 
 15.31978      45.72253 
 15.31067      45.71633 
 15.30775      45.712 
 15.30506      45.70803 
 15.30439      45.69984 
 15.30695      45.69342 
 15.31019      45.68822 
 15.31628      45.68362 
 15.33522      45.6847 
 15.33572      45.68475 
 15.351        45.68656 
 15.36689      45.69075 
 15.38225      45.69023 
 15.39508      45.68642 
 15.40197      45.68259 
 15.40783      45.67747 
 15.41039      45.66967 
 15.41081      45.6637 
 15.40897      45.65211 
 15.40597      45.64581 
 15.40478      45.64328 
 15.39872      45.63814 
 15.39653      45.63628 
 15.38167      45.63478 
 15.36339      45.63517 
 15.35464      45.63578 
 15.34653      45.63645 
 15.34489      45.63636 
 15.33672      45.63597 
 15.33592      45.63539 
 15.32375      45.62656 
 15.31814      45.62103 
 15.31742      45.61903 
 15.31378      45.60892 
 15.31183      45.5992 
 15.31131      45.59312 
 15.31203      45.58739 
 15.31522      45.57828 
 15.32145      45.56625 
 15.32664      45.56109 
 15.32744      45.56053 
 15.33533      45.55514 
 15.34367      45.55081 
 15.35322      45.54684 
 15.35575      45.54597 
 15.36183      45.54392 
 15.36919      45.54084 
 15.37842      45.53684 
 15.38025      45.53553 
 15.38139      45.53472 
 15.39075      45.52809 
 15.39494      45.52161 
 15.3965       45.51231 
 15.39636      45.51031 
 15.39608      45.50575 
 15.39294      45.49681 
 15.38895      45.49147 
 15.38206      45.48442 
 15.37375      45.47728 
 15.37331      45.47689 
 15.36208      45.47 
 15.35306      45.465 
 15.3475       45.46225 
 15.34008      45.45859 
 15.33878      45.4582 
 15.33725      45.45775 
 15.32861      45.45525 
 15.32528      45.45428 
 15.31056      45.4537 
 15.3055       45.45289 
 15.29881      45.45183 
 15.2887       45.45412 
 15.27708      45.45436 
 15.26403      45.45236 
 15.26058      45.45137 
 15.25447      45.44959 
 15.254        45.44925 
 15.24831      45.44514 
 15.23828      45.43748 
 15.22969      45.43095 
 15.22742      45.42922 
 15.21775      45.42411 
 15.204        45.42028 
 15.20169      45.41964 
 15.19192      45.41778 
 15.18189      45.41706 
 15.16725      45.41345 
 15.16028      45.41328 
 15.15514      45.41314 
 15.1457       45.41525 
 15.13653      45.42181 
 15.13125      45.4272 
 15.12131      45.43412 
 15.11139      45.44103 
 15.1057       45.44939 
 15.10156      45.45423 
 15.10114      45.45473 
 15.09642      45.46034 
 15.09064      45.46775 
 15.0902       45.46858 
 15.08917      45.4705 
 15.08703      45.47453 
 15.08197      45.48295 
 15.08195      45.48297 
 15.07428      45.48875 
 15.05989      45.48973 
 15.0595       45.48975 
 15.05144      45.489 
 15.04347      45.48642 
 15.03081      45.4842 
 15.02228      45.48661 
 15.01875      45.48761 
 15.00383      45.49567 
 15.00336      45.49592 
 15            45.49773 
 14.99489      45.50678 
 14.98797      45.50981 
 14.98206      45.51328 
 14.97683      45.51692 
 14.97342      45.51889 
 14.9685       45.52253 
 14.96167      45.52672 
 14.95631      45.529 
 14.95028      45.53108 
 14.94586      45.53264 
 14.9445       45.5325 
 14.93795      45.53181 
 14.93456      45.53036 
 14.93119      45.52889 
 14.92775      45.52675 
 14.92772      45.5267 
 14.92506      45.52203 
 14.92403      45.51703 
 14.92342      45.51409 
 14.92308      45.51 
 14.92308      45.50884 
 14.92311      45.50633 
 14.92261      45.50039 
 14.92172      45.49745 
 14.91861      45.49161 
 14.91381      45.48472 
 14.91347      45.48442 
 14.9085       45.47989 
 14.90214      45.47556 
 14.90092      45.47473 
 14.89275      45.47047 
 14.88436      45.46761 
 14.86983      45.46522 
 14.86458      45.46483 
 14.85803      45.46434 
 14.85256      45.46545 
 14.84664      45.46456 
 14.83769      45.46286 
 14.83178      45.46242 
 14.82475      45.46384 
 14.82403      45.46398 
 14.82153      45.46442 
 14.81622      45.46717 
 14.81159      45.47034 
 14.79886      45.48617 
 14.79492      45.48978 
 14.79267      45.492 
 14.78886      45.49575 
 14.78125      45.50273 
 14.77581      45.50772 
 14.77075      45.51364 
 14.76994      45.51428 
 14.76492      45.51823 
 14.748        45.5267 
 14.73489      45.52995 
 14.73381      45.53023 
 14.724        45.53267 
 14.72039      45.53361 
 14.7157       45.53483 
 14.70678      45.53747 
 14.70117      45.54089 
 14.69225      45.54753 
 14.68947      45.54961 
 14.68928      45.55556 
 14.68958      45.55931 
 14.68975      45.56153 
 14.68983      45.56242 
 14.6905       45.56697 
 14.68864      45.57209 
 14.68461      45.57889 
 14.68061      45.582 
 14.67506      45.58612 
 14.6675       45.59042 
 14.66725      45.59056 
 14.65922      45.59247 
 14.65583      45.59389 
 14.65194      45.59556 
 14.64911      45.59675 
 14.64286      45.6002 
 14.63903      45.60395 
 14.63678      45.60617 
 14.63283      45.60975 
 14.63222      45.61053 
 14.62836      45.61542 
 14.62797      45.61647 
 14.62486      45.62472 
 14.62203      45.63031 
 14.61975      45.63475 
 14.61697      45.63692 
 14.61189      45.63872 
 14.606        45.6385 
 14.60197      45.63728 
 14.59525      45.635 
 14.58806      45.6307 
 14.57956      45.62208 
 14.57817      45.62009 
 14.57661      45.61787 
 14.57064      45.60825 
 14.56572      45.5995 
 14.56344      45.59111 
 14.55889      45.58281 
 14.5555       45.57698 
 14.55522      45.57439 
 14.55433      45.56625 
 14.55381      45.56397 
 14.55289      45.56014 
 14.55108      45.55378 
 14.54772      45.54798 
 14.54181      45.53903 
 14.54         45.53245 
 14.53958      45.52286 
 14.53928      45.51875 
 14.53922      45.5137 
 14.53967      45.50706 
 14.53961      45.50203 
 14.53525      45.496 
 14.52711      45.49195 
 14.52433      45.4912 
 14.51331      45.48817 
 14.51314      45.48811 
 14.50053      45.48539 
 14.49136      45.48486 
 14.48383      45.48442 
 14.47758      45.4835 
 14.46764      45.48136 
 14.45742      45.47967 
 14.44592      45.4785 
 14.44264      45.47839 
 14.43603      45.47703 
 14.42739      45.47484 
 14.42503      45.47397 
 14.41408      45.47003 
 14.4135       45.46984 
 14.41064      45.46881 
 14.40667      45.46781 
 14.39895      45.4667 
 14.39778      45.46653 
 14.39117      45.46539 
 14.37436      45.46281 
 14.35964      45.46197 
 14.339        45.46042 
 14.32792      45.46036 
 14.31697      45.46189 
 14.30969      45.462 
 14.30525      45.46208 
 14.28944      45.4645 
 14.27825      45.46525 
 14.27519      45.46545 
 14.27486      45.46548 
 14.26256      45.46659 
 14.24811      45.46781 
 14.248        45.46781 
 14.23658      45.46778 
 14.23528      45.46778 
 14.223        45.46914 
 14.21883      45.4695 
 14.21458      45.46989 
 14.21008      45.47072 
 14.20436      45.47237 
 14.19922      45.47386 
 14.19506      45.4742 
 14.18917      45.47467 
 14.18906      45.47467 
 14.17906      45.47434 
 14.16667      45.47453 
 14.15586      45.47353 
 14.14683      45.47475 
 14.13861      45.47848 
 14.1317       45.47978 
 14.12831      45.48042 
 14.12219      45.48156 
 14.10231      45.48611 
 14.08683      45.48873 
 14.07633      45.4925 
 14.06411      45.49475 
 14.05075      45.49472 
 14.03697      45.49336 
 14.02836      45.49122 
 14.01342      45.4875 
 13.99933      45.48134 
 13.98914      45.47525 
 13.97736      45.4697 
 13.96819      45.46406 
 13.95867      45.45756 
 13.95695      45.45639 
 13.94797      45.45373 
 13.93636      45.45042 
 13.92772      45.44886 
 13.9235       45.44811 
 13.91133      45.4462 
 13.90106      45.44334 
 13.88861      45.44236 
 13.87397      45.44284 
 13.8625       45.44158 
 13.85161      45.4392 
 13.84533      45.43822 
 13.84425      45.43806 
 13.84042      45.43748 
 13.82942      45.43853 
 13.81681      45.43961 
 13.80833      45.43986 
 13.80308      45.43889 
 13.79206      45.43467 
 13.78345      45.43217 
 13.77756      45.43189 
 13.75972      45.43314 
 13.75256      45.43314 
 13.7452       45.43497 
 13.74067      45.43534 
 13.73258      45.43628 
 13.72217      45.43636 
 13.71128      45.43417 
 13.70364      45.43145 
 13.69669      45.43006 
 13.69081      45.42931 
 13.68328      45.42861 
 13.67325      45.42878 
 13.66767      45.42886 
 13.65894      45.43028 
 13.65595      45.43136 
 13.64844      45.43403 
 13.63889      45.43775 
 13.63347      45.43973 
 13.62811      45.4422 
 13.61964      45.44795 
 13.61422      45.4552 
 13.60908      45.462 
 13.60545      45.46645 
 13.60122      45.47183 
 13.60006      45.47367 
 13.59853      45.47603 
 13.59786      45.47684 
 13.59036      45.4857 
 1             12 
 2 
 -9998.0  ,   -9997.0
  1999.0  ,    9990.0
 176 
 13.72108      45.59447 
 13.72442      45.59497 
 13.73395      45.59661 
 13.75119      45.59645 
 13.77292      45.58634 
 13.79611      45.58056 
 13.7965       45.58053 
 13.81722      45.57892 
 13.82836      45.57981 
 13.8372       45.58234 
 13.83903      45.58287 
 13.85578      45.58761 
 13.86908      45.59328 
 13.88         45.6102 
 13.88467      45.61306 
 13.89839      45.62145 
 13.90733      45.62925 
 13.90919      45.63423 
 13.90781      45.63931 
 13.89581      45.64761 
 13.87753      45.6525 
 13.87422      45.65339 
 13.858        45.66223 
 13.84045      45.68922 
 13.8382       45.6927 
 13.83667      45.69478 
 13.83358      45.699 
 13.82436      45.71156 
 13.82242      45.71162 
 13.79303      45.7402 
 13.78117      45.74553 
 13.75033      45.75033 
 13.73933      45.75308 
 13.72114      45.76267 
 13.71175      45.77225 
 13.70278      45.77611 
 13.68245      45.79006 
 13.6825       45.79098 
 13.67222      45.79556 
 13.66444      45.79709 
 13.65331      45.7967 
 13.65164      45.79664 
 13.63845      45.79617 
 13.6337       45.796 
 13.62447      45.79567 
 13.60964      45.80056 
 13.5975       45.80747 
 13.59522      45.81011 
 13.58845      45.81795 
 13.5902       45.82089 
 13.58961      45.82292 
 13.5895       45.82334 
 13.58678      45.83264 
 13.57753      45.84611 
 13.57731      45.86375 
 13.58208      45.86822 
 13.58936      45.88945 
 13.58956      45.89003 
 13.59339      45.89522 
 13.59308      45.89614 
 13.61281      45.90511 
 13.61756      45.91645 
 13.62575      45.92406 
 13.63806      45.93109 
 13.64178      45.93323 
 13.64392      45.93445 
 13.64522      45.93564 
 13.64803      45.93825 
 13.64567      45.94078 
 13.64175      45.945 
 13.64644      45.96359 
 13.6472       45.9665 
 13.6477       45.96847 
 13.64656      45.97181 
 13.64595      45.97353 
 13.64364      45.97436 
 13.64117      45.97523 
 13.64297      45.98022 
 13.63761      45.98784 
 13.6252       45.98703 
 13.62131      45.98689 
 13.60186      45.98614 
 13.58583      45.98764 
 13.56628      45.97545 
 13.54306      45.96953 
 13.537        45.96575 
 13.5292       45.96753 
 13.52658      45.96986 
 13.51528      45.97995 
 13.51395      45.9795 
 13.50072      45.98503 
 13.47853      46.00447 
 13.50461      46.02364 
 13.50995      46.03359 
 13.51036      46.04367 
 13.49736      46.05514 
 13.49636      46.06272 
 13.50342      46.0667 
 13.52092      46.06817 
 13.52764      46.07192 
 13.53764      46.08339 
 13.56931      46.09328 
 13.58439      46.10781 
 13.61995      46.12334 
 13.63667      46.13739 
 13.64747      46.14359 
 13.65919      46.15567 
 13.66086      46.17123 
 13.66695      46.18206 
 13.65842      46.19025 
 13.64547      46.19533 
 13.62995      46.19428 
 13.61528      46.19047 
 13.60133      46.19559 
 13.58647      46.19575 
 13.57992      46.19581 
 13.56667      46.19378 
 13.56275      46.195 
 13.55464      46.21325 
 13.54525      46.21759 
 13.52306      46.22214 
 13.52311      46.22353 
 13.51103      46.21828 
 13.50414      46.21934 
 13.49167      46.2285 
 13.46786      46.22647 
 13.46789      46.22736 
 13.45258      46.23203 
 13.44453      46.2205 
 13.43511      46.21589 
 13.42317      46.21339 
 13.41306      46.21656 
 13.41094      46.22139 
 13.42175      46.23583 
 13.42036      46.24203 
 13.40389      46.25928 
 13.39533      46.28487 
 13.38356      46.29584 
 13.38308      46.3002 
 13.38717      46.30356 
 13.40214      46.30773 
 13.40786      46.30931 
 13.41908      46.31781 
 13.424        46.32481 
 13.44242      46.33175 
 13.44664      46.33764 
 13.44556      46.34406 
 13.43844      46.35564 
 13.43936      46.36181 
 13.44875      46.3655 
 13.47192      46.3662 
 13.49925      46.37253 
 13.51742      46.38795 
 13.52886      46.39273 
 13.56         46.40195 
 13.56767      46.40361 
 13.57694      46.41167 
 13.58483      46.4337 
 13.59603      46.44009 
 13.62594      46.44314 
 13.64128      46.446 
 13.66103      46.44375 
 13.67606      46.43931 
 13.68933      46.44017 
 13.69581      46.44437 
 13.69664      46.44803 
 13.69528      46.462 
 13.70911      46.47542 
 13.71222      46.48567 
 13.70983      46.4912 
 13.7085       46.49514 
 13.70633      46.50159 
 13.71389      46.50759 
 13.72103      46.51134 
 13.71581      46.52083 
 13.71564      46.52403 
 1             13 
 2 
 -9998.0  ,   -9997.0
  1999.0  ,    9990.0
 220 
 13.71564      46.52403 
 13.751        46.52211 
 13.76878      46.51989 
 13.79517      46.51014 
 13.81344      46.51111 
 13.83695      46.51789 
 13.87356      46.52117 
 13.90633      46.52039 
 13.92975      46.51847 
 13.97564      46.50159 
 13.993        46.49134 
 13.99658      46.48986 
 14.0095       46.48339 
 14.01778      46.48342 
 14.04458      46.49581 
 14.05775      46.49456 
 14.08197      46.4887 
 14.09583      46.48789 
 14.12014      46.47767 
 14.13981      46.45475 
 14.15153      46.44506 
 14.15906      46.43709 
 14.19153      46.44403 
 14.22425      46.44317 
 14.23539      46.43511 
 14.24167      46.43517 
 14.26131      46.44139 
 14.2757       46.44595 
 14.28428      46.4455 
 14.30972      46.43886 
 14.31614      46.43547 
 14.33628      46.43447 
 14.35386      46.44086 
 14.37472      46.44123 
 14.42483      46.44945 
 14.43208      46.44856 
 14.43834      46.44245 
 14.43308      46.43731 
 14.44264      46.43086 
 14.45125      46.42839 
 14.4602       46.42581 
 14.46025      46.42673 
 14.48314      46.41622 
 14.49147      46.41736 
 14.50436      46.4225 
 14.50439      46.42342 
 14.51603      46.42972 
 14.52717      46.42092 
 14.52897      46.4195 
 14.55025      46.39347 
 14.55417      46.3817 
 14.56156      46.37803 
 14.58106      46.38298 
 14.57922      46.39125 
 14.591        46.40556 
 14.58203      46.42095 
 14.58145      46.42784 
 14.58711      46.43431 
 14.60367      46.43953 
 14.60953      46.44348 
 14.61775      46.44278 
 14.63195      46.44742 
 14.65711      46.44734 
 14.67333      46.45281 
 14.6775       46.45611 
 14.67803      46.46434 
 14.68053      46.46725 
 14.69369      46.46617 
 14.69747      46.46834 
 14.70322      46.48075 
 14.71225      46.48736 
 14.71383      46.4967 
 14.7125       46.49673 
 14.7172       46.50125 
 14.71781      46.50184 
 14.72558      46.50436 
 14.73358      46.49975 
 14.74086      46.50481 
 14.74789      46.50092 
 14.75667      46.50339 
 14.7715       46.50203 
 14.77795      46.49931 
 14.78761      46.50017 
 14.81706      46.50931 
 14.82136      46.5147 
 14.82147      46.52659 
 14.82922      46.5387 
 14.82958      46.54945 
 14.83545      46.5527 
 14.83522      46.55417 
 14.83342      46.56636 
 14.83978      46.57339 
 14.85264      46.58239 
 14.86531      46.59848 
 14.8682       46.60684 
 14.88214      46.61214 
 14.89075      46.61186 
 14.913        46.60659 
 14.92003      46.60773 
 14.91936      46.61759 
 14.93795      46.62431 
 14.9432       46.62622 
 14.95578      46.63039 
 14.96644      46.62731 
 14.96981      46.62634 
 14.97103      46.62278 
 14.97644      46.60706 
 14.98072      46.60142 
 14.98197      46.60303 
 14.98489      46.60673 
 14.98947      46.6125 
 14.99378      46.61795 
 14.99636      46.62153 
 15            46.62539 
 15.00825      46.63534 
 15.01603      46.64195 
 15.02208      46.64334 
 15.03894      46.65172 
 15.039        46.65264 
 15.06714      46.65584 
 15.08289      46.6482 
 15.08692      46.64853 
 15.10411      46.65689 
 15.11783      46.65728 
 15.11878      46.65731 
 15.12742      46.65289 
 15.14881      46.65906 
 15.16983      46.65558 
 15.18745      46.65567 
 15.20422      46.64578 
 15.20594      46.64475 
 15.22519      46.64453 
 15.23828      46.64158 
 15.27408      46.64492 
 15.28686      46.65156 
 15.29703      46.65442 
 15.31064      46.65417 
 15.32861      46.65445 
 15.32869      46.65558 
 15.34233      46.65097 
 15.351        46.65136 
 15.37292      46.65128 
 15.41656      46.65681 
 15.43578      46.64284 
 15.44892      46.64075 
 15.459        46.64223 
 15.45825      46.63242 
 15.46508      46.62164 
 15.46833      46.61647 
 15.4737       46.61306 
 15.49539      46.61845 
 15.50614      46.61578 
 15.51533      46.61886 
 15.52022      46.62189 
 15.54689      46.63578 
 15.55672      46.65023 
 15.55739      46.6512 
 15.54997      46.6627 
 15.54925      46.6705 
 15.56322      46.67481 
 15.57136      46.68114 
 15.60519      46.68833 
 15.60692      46.68461 
 15.61078      46.68309 
 15.62236      46.68242 
 15.63119      46.68484 
 15.64464      46.69136 
 15.64494      46.6915 
 15.65131      46.69339 
 15.65561      46.6947 
 15.65936      46.70439 
 15.67086      46.7067 
 15.68561      46.70384 
 15.70203      46.69703 
 15.71822      46.69572 
 15.73008      46.69825 
 15.74272      46.6982 
 15.76         46.69387 
 15.78797      46.70217 
 15.81161      46.71453 
 15.83495      46.71889 
 15.85958      46.71906 
 15.88011      46.71756 
 15.90067      46.71261 
 15.9342       46.69592 
 15.95203      46.68648 
 15.96617      46.68456 
 15.98456      46.68567 
 15.98658      46.68578 
 15.98872      46.68425 
 15.99986      46.67639 
 16.00822      46.67047 
 16.01428      46.66828 
 16.03467      46.66089 
 16.03961      46.67948 
 16.04008      46.68128 
 16.03767      46.6917 
 16.01072      46.71503 
 15.98667      46.74142 
 15.98692      46.75975 
 15.98945      46.76995 
 15.98442      46.78114 
 15.98939      46.79239 
 15.98861      46.80297 
 15.99539      46.81183 
 15.98828      46.81831 
 15.98575      46.82392 
 15.98742      46.83164 
 15.99108      46.83539 
 16.00197      46.83403 
 16.01606      46.83895 
 16.02014      46.83945 
 16.02989      46.84067 
 16.03364      46.83753 
 16.04236      46.842 
 16.06108      46.84259 
 16.06595      46.85225 
 16.09086      46.86634 
 16.09842      46.86486 
 16.11189      46.8715 
 1             14 
 2 
 -9998.0  ,   -9997.0
  1999.0  ,    9990.0
 285 
 16.11189      46.8715 
 16.13436      46.88261 
 16.14342      46.89047 
 16.15886      46.90631 
 16.17278      46.91262 
 16.17475      46.91595 
 16.1845       46.92647 
 16.19486      46.93767 
 16.20011      46.94331 
 16.22028      46.94656 
 16.22617      46.94881 
 16.23019      46.95275 
 16.23631      46.95397 
 16.2355       46.95964 
 16.24289      46.96367 
 16.26683      46.96561 
 16.26753      46.9667 
 16.27264      46.97478 
 16.27072      46.9845 
 16.27014      46.98748 
 16.27606      46.99728 
 16.28425      47.01389 
 16.28428      47.01389 
 16.29172      47.01517 
 16.29972      47.00728 
 16.308        47.00281 
 16.31936      47.0062 
 16.33761      47.00447 
 16.35708      47.00867 
 16.37028      47.01017 
 16.38089      47.00559 
 16.39514      47.00403 
 16.40878      47.00664 
 16.41878      47.00645 
 16.42567      47.00131 
 16.43478      46.99839 
 16.45311      47.00492 
 16.46011      47.00095 
 16.4782       46.99761 
 16.49353      47.00036 
 16.50997      47.001 
 16.51447      47.00559 
 16.51556      47.0067 
 16.51494      47.01086 
 16.50306      47.0162 
 16.48645      47.02442 
 16.47556      47.02981 
 16.46428      47.031 
 16.45033      47.02864 
 16.44583      47.03067 
 16.45506      47.04336 
 16.46978      47.04809 
 16.47753      47.05056 
 16.50422      47.05303 
 16.5177       47.06067 
 16.51753      47.06595 
 16.50819      47.06981 
 16.49261      47.07164 
 16.47514      47.07836 
 16.47453      47.08939 
 16.47203      47.09211 
 16.46814      47.09634 
 16.47022      47.10081 
 16.47525      47.10253 
 16.48686      47.10647 
 16.49203      47.11128 
 16.49936      47.11439 
 16.50525      47.12331 
 16.52328      47.12936 
 16.52767      47.13328 
 16.52256      47.14289 
 16.51353      47.1502 
 16.4922       47.14817 
 16.46589      47.14747 
 16.4535       47.14714 
 16.45078      47.15392 
 16.4505       47.15459 
 16.45445      47.16059 
 16.46047      47.16431 
 16.4687       47.16936 
 16.45992      47.17936 
 16.45795      47.18056 
 16.445        47.1885 
 16.43133      47.18956 
 16.42528      47.19303 
 16.42214      47.20011 
 16.4175       47.21056 
 16.42008      47.21356 
 16.42206      47.21583 
 16.4335       47.21625 
 16.43678      47.21886 
 16.44042      47.23611 
 16.44389      47.24442 
 16.43642      47.25092 
 16.45675      47.25575 
 16.47064      47.25698 
 16.47739      47.26081 
 16.48028      47.268 
 16.48489      47.27947 
 16.49272      47.28395 
 16.48019      47.30784 
 16.47503      47.31356 
 16.47333      47.31856 
 16.46897      47.33147 
 16.46072      47.34009 
 16.44797      47.34431 
 16.43828      47.35206 
 16.43661      47.35578 
 16.44122      47.35834 
 16.45314      47.35964 
 16.45956      47.36692 
 16.45606      47.37967 
 16.45564      47.39297 
 16.45431      47.39303 
 16.44933      47.40103 
 16.45383      47.40953 
 16.45944      47.41156 
 16.48317      47.40937 
 16.48903      47.40361 
 16.48797      47.39978 
 16.49783      47.39706 
 16.5035       47.39292 
 16.52228      47.40814 
 16.52386      47.40942 
 16.52964      47.40922 
 16.55892      47.40828 
 16.56483      47.41031 
 16.57639      47.41117 
 16.58783      47.42142 
 16.59697      47.4217 
 16.60864      47.42712 
 16.61078      47.42761 
 16.61103      47.42767 
 16.62175      47.43017 
 16.62936      47.439 
 16.65769      47.45709 
 16.65972      47.45839 
 16.65975      47.45839 
 16.66508      47.46436 
 16.671        47.47098 
 16.67067      47.47786 
 16.66133      47.48583 
 16.65442      47.49439 
 16.65572      47.50098 
 16.66556      47.50467 
 16.68033      47.50375 
 16.69136      47.50942 
 16.70461      47.52025 
 16.70636      47.52775 
 16.71278      47.53453 
 16.71181      47.53723 
 16.71039      47.54106 
 16.70294      47.54439 
 16.68786      47.55903 
 16.67692      47.56114 
 16.67028      47.56581 
 16.67781      47.57347 
 16.67672      47.5797 
 16.66945      47.59148 
 16.66769      47.59984 
 16.6667       47.60464 
 16.65842      47.60984 
 16.65328      47.61945 
 16.6427       47.62545 
 16.62808      47.62564 
 16.61445      47.6215 
 16.5985       47.61667 
 16.58892      47.61895 
 16.5757       47.61883 
 16.56756      47.6222 
 16.56567      47.62342 
 16.54522      47.63256 
 16.5302       47.63806 
 16.5232       47.6427 
 16.51745      47.64273 
 16.50414      47.63828 
 16.49794      47.63942 
 16.49583      47.63981 
 16.48831      47.64609 
 16.47275      47.64975 
 16.45594      47.65117 
 16.43958      47.65714 
 16.4302       47.658 
 16.42756      47.66247 
 16.43175      47.66733 
 16.43311      47.66728 
 16.44536      47.6752 
 16.4437       47.67528 
 16.44658      47.68798 
 16.44964      47.6915 
 16.45714      47.69186 
 16.46733      47.68156 
 16.47292      47.67972 
 16.47781      47.68133 
 16.48061      47.68945 
 16.49753      47.69967 
 16.49825      47.70011 
 16.51819      47.70656 
 16.526        47.71034 
 16.54195      47.71031 
 16.54333      47.7107 
 16.54831      47.71686 
 16.55222      47.72175 
 16.5505       47.72547 
 16.54661      47.73389 
 16.54083      47.73736 
 16.54392      47.73986 
 16.55817      47.75147 
 16.56814      47.75286 
 16.57856      47.75192 
 16.58908      47.75536 
 16.59917      47.751 
 16.61319      47.75906 
 16.61828      47.75906 
 16.62633      47.75481 
 16.63631      47.75598 
 16.64328      47.7545 
 16.65361      47.74581 
 16.65692      47.74439 
 16.66564      47.74067 
 16.69347      47.739 
 16.69667      47.73881 
 16.70761      47.73648 
 16.71397      47.7317 
 16.71867      47.72817 
 16.72939      47.71347 
 16.73056      47.71214 
 16.73478      47.70734 
 16.74339      47.6975 
 16.744        47.69661 
 16.75342      47.68284 
 16.77056      47.68136 
 16.81653      47.68037 
 16.82331      47.68064 
 16.82981      47.68089 
 16.83506      47.68592 
 16.84208      47.69817 
 16.85378      47.70631 
 16.85858      47.707 
 16.86633      47.71625 
 16.87208      47.71622 
 16.87458      47.69437 
 16.8807       47.68789 
 16.89092      47.68856 
 16.90878      47.68809 
 16.91256      47.68798 
 16.94875      47.69381 
 16.98686      47.69839 
 17.09075      47.71125 
 17.07617      47.72175 
 17.07208      47.73134 
 17.06975      47.75709 
 17.06833      47.77867 
 17.06008      47.7935 
 17.07186      47.80039 
 17.08072      47.80556 
 17.05947      47.82606 
 17.06111      47.83073 
 17.06292      47.83595 
 17.05789      47.84306 
 17.05706      47.84347 
 17.02297      47.85986 
 17.02383      47.86486 
 17.02778      47.86672 
 17.05025      47.86703 
 17.06356      47.87073 
 17.07161      47.87284 
 17.09383      47.88022 
 17.10544      47.89317 
 17.10333      47.90517 
 17.11169      47.91595 
 17.11361      47.91842 
 17.09903      47.92784 
 17.09675      47.92931 
 17.10042      47.93508 
 17.10139      47.93687 
 17.10561      47.9447 
 17.10617      47.94509 
 17.11131      47.94858 
 17.12025      47.9547 
 17.11997      47.96136 
 17.10117      47.96709 
 17.11117      47.97781 
 17.15661      48 
 17.16272      48.00809 
 1             15 
 2 
 -9998.0  ,   -9997.0
  1999.0  ,    9990.0
 84 
 17.16272      48.00809 
 17.1587       48.0102 
 17.143        48.02228 
 17.12917      48.02397 
 17.11675      48.0295 
 17.10172      48.02375 
 17.09033      48.02367 
 17.08364      48.02567 
 17.08228      48.03322 
 17.09067      48.04525 
 17.09017      48.05031 
 17.08253      48.05509 
 17.08233      48.05847 
 17.08794      48.06261 
 17.08592      48.0667 
 17.08267      48.07295 
 17.08872      48.08395 
 17.10058      48.09795 
 17.09967      48.10073 
 17.09472      48.10184 
 17.08289      48.10445 
 17.07742      48.10656 
 17.07397      48.11622 
 17.07225      48.11906 
 17.06895      48.12456 
 17.06125      48.13731 
 17.05672      48.1402 
 17.05103      48.14384 
 17.03575      48.14945 
 17.01889      48.16195 
 16.99317      48.17253 
 16.98914      48.18664 
 16.98622      48.19217 
 16.97542      48.21509 
 16.96364      48.23106 
 16.961        48.2392 
 16.95969      48.24317 
 16.96092      48.26164 
 16.96014      48.26873 
 16.95458      48.27339 
 16.93233      48.27506 
 16.91995      48.29025 
 16.91164      48.29497 
 16.90492      48.3092 
 16.915        48.31725 
 16.91622      48.3247 
 16.90956      48.33206 
 16.89381      48.33578 
 16.88692      48.34011 
 16.87847      48.35217 
 16.86397      48.35228 
 16.85539      48.35445 
 16.84775      48.37206 
 16.84942      48.38092 
 16.84997      48.38142 
 16.86181      48.39189 
 16.86328      48.39461 
 16.86581      48.39931 
 16.86733      48.41345 
 16.85606      48.43884 
 16.85631      48.44575 
 16.86497      48.4542 
 16.86411      48.45759 
 16.86747      48.46242 
 16.86936      48.46328 
 16.8752       48.46595 
 16.88497      48.47606 
 16.89611      48.47983 
 16.8982       48.49283 
 16.90261      48.49545 
 16.91764      48.49881 
 16.92125      48.51078 
 16.92478      48.5147 
 16.94383      48.52072 
 16.95264      48.54192 
 16.9502       48.54636 
 16.95036      48.55189 
 16.93822      48.56736 
 16.93672      48.57253 
 16.93831      48.58209 
 16.9365       48.60012 
 16.94625      48.60631 
 16.94758      48.61536 
 16.93633      48.61686 
 1             16 
 2 
 -9998.0  ,   -9997.0
  1999.0  ,    9990.0
 425 
 16.93633      48.61686 
 16.92953      48.61778 
 16.92253      48.62489 
 16.92275      48.63434 
 16.92728      48.65164 
 16.92389      48.66867 
 16.91581      48.67592 
 16.92047      48.68358 
 16.92181      48.69472 
 16.91122      48.70456 
 16.90703      48.71139 
 16.90314      48.71389 
 16.8935       48.71345 
 16.8925       48.71398 
 16.87353      48.71356 
 16.87036      48.71347 
 16.86519      48.71264 
 16.85375      48.71078 
 16.83472      48.71186 
 16.81133      48.70772 
 16.80264      48.70412 
 16.79672      48.70339 
 16.78481      48.71128 
 16.76897      48.70975 
 16.761        48.71197 
 16.75444      48.71884 
 16.75211      48.72311 
 16.74561      48.72381 
 16.73442      48.72759 
 16.72969      48.73264 
 16.71061      48.7345 
 16.70039      48.73117 
 16.68767      48.72314 
 16.68208      48.72492 
 16.67336      48.73336 
 16.67664      48.73958 
 16.6797       48.75497 
 16.66875      48.77089 
 16.65656      48.77781 
 16.63986      48.78197 
 16.63881      48.78225 
 16.62486      48.77489 
 16.61364      48.77467 
 16.60572      48.77636 
 16.60111      48.77733 
 16.58631      48.786 
 16.56947      48.78953 
 16.54556      48.80436 
 16.53642      48.80703 
 16.51931      48.79467 
 16.49486      48.79109 
 16.49067      48.79167 
 16.4817       48.79295 
 16.46747      48.79495 
 16.4512       48.79181 
 16.43808      48.77256 
 16.42364      48.75642 
 16.41242      48.74875 
 16.40222      48.73772 
 16.39231      48.73258 
 16.38147      48.72697 
 16.38128      48.72692 
 16.37403      48.72484 
 16.36625      48.72814 
 16.36269      48.73106 
 16.35506      48.73734 
 16.3485       48.73825 
 16.33633      48.72892 
 16.33353      48.72678 
 16.32947      48.72642 
 16.30183      48.73342 
 16.28158      48.73711 
 16.25278      48.73308 
 16.23725      48.73431 
 16.22153      48.73553 
 16.20308      48.73589 
 16.18783      48.74075 
 16.179        48.7417 
 16.13481      48.7395 
 16.11         48.73978 
 16.08628      48.74383 
 16.06847      48.74911 
 16.03872      48.75795 
 16.01936      48.76892 
 16.00811      48.77528 
 16            48.78253 
 16            48.77775 
 15.99467      48.77934 
 15.98189      48.78892 
 15.94861      48.80598 
 15.94864      48.81172 
 15.95672      48.81933 
 15.95253      48.82234 
 15.95089      48.8235 
 15.94597      48.82503 
 15.94242      48.82614 
 15.93972      48.82698 
 15.93589      48.81889 
 15.93508      48.81723 
 15.92214      48.82245 
 15.92481      48.83281 
 15.91975      48.8337 
 15.91558      48.83723 
 15.91556      48.83725 
 15.90975      48.836 
 15.90922      48.83589 
 15.89778      48.83342 
 15.89711      48.83481 
 15.89453      48.84014 
 15.8935       48.84037 
 15.88781      48.84159 
 15.87878      48.84353 
 15.86903      48.85131 
 15.86178      48.85114 
 15.84647      48.85492 
 15.84144      48.85786 
 15.84011      48.86006 
 15.84872      48.86508 
 15.84731      48.86867 
 15.83903      48.87281 
 15.8265       48.87106 
 15.81717      48.8732 
 15.81159      48.87264 
 15.80969      48.87245 
 15.77661      48.87445 
 15.76631      48.86217 
 15.75203      48.85275 
 15.71631      48.85725 
 15.70467      48.86025 
 15.68358      48.85736 
 15.67803      48.86311 
 15.67158      48.86592 
 15.65547      48.87875 
 15.65489      48.87923 
 15.64542      48.88459 
 15.63856      48.88531 
 15.62628      48.88659 
 15.61486      48.89648 
 15.59686      48.89722 
 15.57494      48.89553 
 15.55728      48.90361 
 15.50911      48.91478 
 15.50345      48.92006 
 15.5          48.93059 
 15.49917      48.93303 
 15.49492      48.93845 
 15.46983      48.94433 
 15.4692       48.9455 
 15.46617      48.95106 
 15.45617      48.94586 
 15.45203      48.9462 
 15.44547      48.95036 
 15.42458      48.95061 
 15.41217      48.95528 
 15.40067      48.96309 
 15.38944      48.96464 
 15.36783      48.98034 
 15.34928      48.982 
 15.32806      48.98228 
 15.32172      48.97608 
 15.31106      48.97898 
 15.30097      48.97722 
 15.29594      48.97831 
 15.28944      48.98892 
 15.27828      48.99484 
 15.27508      48.98864 
 15.28064      48.97856 
 15.27228      48.96678 
 15.26753      48.96553 
 15.26597      48.96267 
 15.26722      48.95798 
 15.2575       48.95412 
 15.23314      48.95748 
 15.22378      48.95875 
 15.20972      48.95617 
 15.1995       48.95142 
 15.19397      48.94586 
 15.18869      48.9435 
 15.18089      48.94478 
 15.1752       48.9482 
 15.16733      48.95295 
 15.16756      48.9642 
 15.16283      48.96914 
 15.16067      48.97667 
 15.14761      48.97995 
 15.15595      48.9837 
 15.15717      48.98867 
 15.15489      48.99367 
 15.13953      48.99758 
 15.12206      48.99761 
 15.11756      48.99764 
 15.11642      48.99822 
 15.11178      49.00059 
 15.10478      49.00042 
 15.09381      48.9955 
 15.07739      48.99742 
 15.0692       48.99642 
 15.06672      49.00236 
 15.06764      49.00964 
 15.06228      49.01303 
 15.04558      49.01128 
 15.03739      49.01236 
 15.02669      49.01706 
 15.01142      49.01153 
 15.00497      49.01131 
 15.00089      49.01117 
 15            49.01017 
 14.99875      49.00881 
 15            49.00614 
 15.00233      49.00117 
 15            48.99822 
 14.99633      48.99264 
 14.99475      48.99164 
 14.99047      48.98895 
 14.9895       48.98875 
 14.98542      48.98795 
 14.97978      48.98353 
 14.97808      48.97981 
 14.97756      48.97864 
 14.97875      48.96314 
 14.97611      48.9537 
 14.98142      48.93995 
 14.97453      48.93428 
 14.98925      48.91434 
 14.99194      48.90148 
 14.98806      48.89511 
 14.98858      48.89208 
 14.98297      48.88767 
 14.98178      48.87442 
 14.97992      48.87439 
 14.97445      48.87428 
 14.97247      48.87097 
 14.97322      48.85483 
 14.98197      48.84706 
 14.97189      48.84092 
 14.96942      48.83442 
 14.9625       48.82331 
 14.95603      48.81289 
 14.95839      48.80628 
 14.95536      48.80156 
 14.95458      48.80036 
 14.9545       48.79161 
 14.95758      48.78934 
 14.9685       48.786 
 14.98033      48.7842 
 14.98422      48.78203 
 14.98892      48.77942 
 14.98967      48.77678 
 14.99031      48.77453 
 14.99086      48.77261 
 14.98817      48.76889 
 14.98922      48.76697 
 14.98917      48.76695 
 14.97039      48.76034 
 14.96142      48.76084 
 14.95814      48.76103 
 14.95733      48.76108 
 14.94019      48.76236 
 14.93947      48.76275 
 14.93036      48.76789 
 14.91764      48.77067 
 14.89492      48.77395 
 14.88522      48.77397 
 14.88375      48.77984 
 14.87881      48.78134 
 14.86981      48.78156 
 14.85717      48.77856 
 14.85131      48.77875 
 14.84181      48.78428 
 14.8335       48.78236 
 14.82286      48.7852 
 14.80831      48.77914 
 14.80886      48.77611 
 14.80589      48.77289 
 14.81092      48.7677 
 14.81097      48.76378 
 14.80433      48.75625 
 14.80242      48.75406 
 14.80086      48.74889 
 14.80706      48.73603 
 14.79645      48.73267 
 14.78742      48.72642 
 14.78158      48.71836 
 14.76992      48.71278 
 14.75728      48.71184 
 14.75481      48.7095 
 14.74317      48.7062 
 14.7355       48.7017 
 14.72425      48.68803 
 14.72533      48.68198 
 14.7185       48.67398 
 14.71464      48.6622 
 14.71153      48.65264 
 14.71633      48.65023 
 14.71836      48.64572 
 14.71658      48.64125 
 14.71725      48.63459 
 14.7175       48.632 
 14.71469      48.62275 
 14.71375      48.61964 
 14.71458      48.61731 
 14.71756      48.60903 
 14.71747      48.60892 
 14.70539      48.59384 
 14.70581      48.59011 
 14.70036      48.58639 
 14.6915       48.58725 
 14.66181      48.58522 
 14.65317      48.60206 
 14.65103      48.60623 
 14.64561      48.6112 
 14.64045      48.61133 
 14.63114      48.6072 
 14.62636      48.60673 
 14.62306      48.60639 
 14.61422      48.62634 
 14.61392      48.62703 
 14.60383      48.63095 
 14.59136      48.6222 
 14.56442      48.6117 
 14.55917      48.607 
 14.55386      48.60886 
 14.55261      48.60931 
 14.543        48.61567 
 14.53981      48.61778 
 14.5242       48.6175 
 14.52042      48.62003 
 14.51764      48.62189 
 14.51189      48.62275 
 14.502        48.62009 
 14.50175      48.62 
 14.49347      48.62656 
 14.49331      48.63209 
 14.49133      48.63359 
 14.489        48.63536 
 14.48175      48.63692 
 14.48095      48.63709 
 14.46769      48.6495 
 14.44936      48.6475 
 14.44586      48.64711 
 14.44322      48.64567 
 14.441        48.64261 
 14.45239      48.6315 
 14.45147      48.62559 
 14.43772      48.60428 
 14.42747      48.59742 
 14.41789      48.59256 
 14.41289      48.5947 
 14.41206      48.59503 
 14.38628      48.59589 
 14.38114      48.59167 
 14.38125      48.58797 
 14.3902       48.57681 
 14.38492      48.57164 
 14.37414      48.56689 
 14.3697       48.57384 
 14.36533      48.57461 
 14.35575      48.57067 
 14.34133      48.55353 
 14.32806      48.54364 
 14.31861      48.54292 
 14.31334      48.55639 
 14.31245      48.55873 
 14.29825      48.56084 
 14.29444      48.56295 
 14.28228      48.57364 
 14.27456      48.57736 
 14.26567      48.58464 
 14.25358      48.58478 
 14.24267      48.58117 
 14.23758      48.58172 
 14.22545      48.58828 
 14.21492      48.58945 
 14.19331      48.59506 
 14.17864      48.59625 
 14.17392      48.59475 
 14.16358      48.59497 
 14.15153      48.59798 
 14.15095      48.59811 
 14.13944      48.5975 
 14.12592      48.59934 
 14.10858      48.59223 
 14.09372      48.59436 
 14.0935       48.60217 
 14.06478      48.60178 
 14.06297      48.61061 
 14.05639      48.60808 
 14.05061      48.6087 
 14.03919      48.61792 
 14.04575      48.62714 
 14.04481      48.62995 
 14.04039      48.63278 
 14.03317      48.63072 
 14.02672      48.63161 
 14.02531      48.63253 
 14.01283      48.64056 
 14.01153      48.64339 
 14.02544      48.65556 
 14.03442      48.65772 
 14.04836      48.65612 
 14.05567      48.66092 
 14.05681      48.66864 
 14.05245      48.6765 
 14.04933      48.67878 
 14.03397      48.68025 
 14.02542      48.68539 
 14.02264      48.68995 
 14.00839      48.7012 
 14.00594      48.708 
 14.0057       48.70872 
 13.99883      48.71147 
 13.99361      48.71203 
 13.98317      48.71317 
 13.9785       48.71211 
 13.97831      48.71214 
 13.95611      48.71598 
 13.9552       48.71614 
 13.95286      48.72017 
 13.95161      48.72233 
 13.93644      48.72517 
 13.9327       48.73022 
 13.89108      48.76067 
 13.86825      48.77039 
 13.85756      48.77314 
 13.84239      48.77367 
 1             17 
 2 
 -9998.0  ,   -9997.0
  1999.0  ,    9990.0
 231 
 16.566        46.48373 
 16.58928      46.47525 
 16.59314      46.47386 
 16.63439      46.4655 
 16.64767      46.46281 
 16.66111      46.46147 
 16.66989      46.4585 
 16.67136      46.458 
 16.67633      46.45478 
 16.67772      46.45198 
 16.67628      46.451 
 16.67133      46.4477 
 16.66683      46.44561 
 16.67347      46.44256 
 16.68375      46.44275 
 16.70622      46.41781 
 16.70647      46.41792 
 16.71592      46.40706 
 16.72358      46.39431 
 16.72845      46.38995 
 16.73472      46.39331 
 16.73481      46.39339 
 16.73856      46.39839 
 16.74206      46.4005 
 16.74603      46.40053 
 16.75056      46.38634 
 16.76147      46.38628 
 16.76606      46.37939 
 16.7707       46.3762 
 16.77636      46.38303 
 16.78572      46.3775 
 16.79467      46.3842 
 16.80397      46.38486 
 16.81078      46.38339 
 16.81297      46.38214 
 16.81431      46.37589 
 16.82011      46.37445 
 16.82433      46.37034 
 16.83061      46.37028 
 16.83522      46.36684 
 16.84131      46.36814 
 16.84153      46.3672 
 16.84728      46.36211 
 16.85569      46.36031 
 16.85875      46.35539 
 16.85967      46.35392 
 16.86436      46.35139 
 16.87036      46.35178 
 16.87145      46.34945 
 16.86917      46.34336 
 16.87653      46.34095 
 16.87714      46.33725 
 16.88056      46.33522 
 16.88736      46.33364 
 16.89186      46.33261 
 16.88783      46.33181 
 16.88275      46.33078 
 16.88192      46.3292 
 16.88136      46.32053 
 16.88822      46.30045 
 16.89028      46.29486 
 16.89311      46.2837 
 16.89858      46.27931 
 16.9005       46.27875 
 16.90744      46.27542 
 16.92025      46.26217 
 16.92636      46.2575 
 16.93239      46.25514 
 16.94003      46.25545 
 16.94278      46.24161 
 16.94283      46.24131 
 16.94325      46.24125 
 16.95703      46.23931 
 16.96828      46.23772 
 16.97206      46.2327 
 16.971        46.22542 
 16.99808      46.22225 
 17.02747      46.20933 
 17.05044      46.20153 
 17.08389      46.18675 
 17.10158      46.18542 
 17.10886      46.17931 
 17.12639      46.17636 
 17.13083      46.17153 
 17.15608      46.17003 
 17.16247      46.1587 
 17.17428      46.15489 
 17.17956      46.13925 
 17.1755       46.1257 
 17.17667      46.11806 
 17.18075      46.11378 
 17.18378      46.11059 
 17.18594      46.11128 
 17.193        46.11356 
 17.20339      46.11508 
 17.21269      46.10956 
 17.21322      46.10853 
 17.2182       46.09917 
 17.21669      46.09145 
 17.21997      46.08353 
 17.23728      46.07975 
 17.24236      46.07864 
 17.25108      46.0712 
 17.25325      46.06937 
 17.25056      46.06584 
 17.24022      46.06047 
 17.24589      46.0592 
 17.25889      46.05761 
 17.26217      46.05495 
 17.26314      46.05417 
 17.26286      46.0532 
 17.26158      46.04875 
 17.25347      46.04067 
 17.25492      46.02959 
 17.26464      46.03437 
 17.27006      46.03492 
 17.27497      46.03542 
 17.28839      46.0315 
 17.29403      46.02573 
 17.28433      46.02142 
 17.27544      46.02087 
 17.27008      46.02053 
 17.25653      46.01392 
 17.25645      46.013 
 17.25672      46.00953 
 17.26189      46.00536 
 17.28458      46.00292 
 17.29725      46.00153 
 17.29864      46.00139 
 17.30256      45.99797 
 17.29117      45.98686 
 17.29411      45.98422 
 17.29717      45.9815 
 17.30686      45.98306 
 17.31694      45.98803 
 17.319        45.98264 
 17.31378      45.97375 
 17.31711      45.96806 
 17.32142      45.96853 
 17.33228      45.97759 
 17.33381      45.98875 
 17.34758      45.97608 
 17.35536      45.97523 
 17.35903      45.9787 
 17.36228      45.99023 
 17.36931      45.98528 
 17.37011      45.98064 
 17.36536      45.97034 
 17.36117      45.96803 
 17.36464      45.96347 
 17.38756      45.9625 
 17.38397      45.95695 
 17.37192      45.95484 
 17.35692      45.95609 
 17.35028      45.95848 
 17.34108      45.96175 
 17.33956      45.95356 
 17.34403      45.94645 
 17.34564      45.94581 
 17.35003      45.94406 
 17.36953      45.94808 
 17.37833      45.94739 
 17.37867      45.94736 
 17.38131      45.94448 
 17.38111      45.9337 
 17.38756      45.92945 
 17.39353      45.93006 
 17.40422      45.9405 
 17.4102       45.93811 
 17.41811      45.92623 
 17.42636      45.92647 
 17.43172      45.93053 
 17.43033      45.93589 
 17.43583      45.93492 
 17.43714      45.93525 
 17.43589      45.94075 
 17.4342       45.94823 
 17.43753      45.95133 
 17.43778      45.95156 
 17.438        45.95156 
 17.43869      45.95156 
 17.44283      45.95156 
 17.44792      45.95156 
 17.45525      45.95036 
 17.47328      45.94742 
 17.50875      45.94325 
 17.52645      45.94064 
 17.53247      45.93864 
 17.56211      45.93809 
 17.57592      45.93567 
 17.58442      45.93056 
 17.58472      45.93037 
 17.59492      45.92422 
 17.61908      45.91031 
 17.63731      45.89236 
 17.65097      45.86922 
 17.65853      45.84698 
 17.67308      45.83795 
 17.69667      45.83931 
 17.71631      45.83381 
 17.74836      45.82759 
 17.7605       45.81817 
 17.78828      45.81545 
 17.81106      45.80375 
 17.81731      45.80617 
 17.81842      45.80659 
 17.82353      45.81011 
 17.82606      45.81122 
 17.82683      45.81156 
 17.83239      45.80753 
 17.83431      45.80239 
 17.83481      45.80022 
 17.83636      45.79353 
 17.85392      45.78375 
 17.85758      45.7762 
 17.86014      45.77087 
 17.86853      45.76925 
 17.88308      45.77986 
 17.90242      45.79125 
 17.91028      45.79186 
 17.92706      45.7887 
 17.93733      45.78972 
 17.94372      45.79098 
 17.95556      45.79189 
 17.97039      45.79211 
 17.97956      45.79045 
 17.98794      45.79239 
 17.99081      45.79306 
 17.99164      45.79356 
 17.99481      45.79392 
 18            45.79403 
 1             18 
 1 
 -9999.0  ,   -9998.0
 50 
15.7419 , 45.483
15.7384 , 45.5015
15.7326 , 45.5194
15.7245 , 45.5365
15.7145 , 45.5524
15.7024 , 45.5669
15.6887 , 45.5798
15.6735 , 45.5909
15.657 , 45.5999
15.6395 , 45.6069
15.6212 , 45.6115
15.6025 , 45.6139
15.5837 , 45.6139
15.565 , 45.6115
15.5467 , 45.6069
15.5292 , 45.5999
15.5127 , 45.5909
15.4975 , 45.5798
15.4838 , 45.5669
15.4717 , 45.5524
15.4617 , 45.5365
15.4536 , 45.5194
15.4478 , 45.5015
15.4443 , 45.483
15.4431 , 45.4642
15.4443 , 45.4454
15.4478 , 45.4269
15.4536 , 45.409
15.4617 , 45.3919
15.4717 , 45.376
15.4838 , 45.3615
15.4975 , 45.3486
15.5127 , 45.3376
15.5292 , 45.3285
15.5467 , 45.3215
15.565 , 45.3169
15.5837 , 45.3145
15.6025 , 45.3145
15.6212 , 45.3169
15.6395 , 45.3215
15.657 , 45.3285
15.6735 , 45.3376
15.6887 , 45.3486
15.7024 , 45.3615
15.7145 , 45.376
15.7245 , 45.3919
15.7326 , 45.409
15.7384 , 45.4269
15.7419 , 45.4454
15.7431 , 45.4642
 1             19 
 2 
 -9998.0  ,   -9997.0
  -515.5  ,    -400.1
 7 
12	45.2292
12.0358 , 45.23
12.08 , 45.2325
12.1367 , 45.2375
12.1975 , 45.2433
12.2192 , 45.25
12.23036	45.25373
 1             20 
 1 
 -9999.0  ,   -9998.0
 22 
13.0376 , 45.
12.9286 , 45.0597
12.8293 , 45.1114
12.7341 , 45.1693
12.6328 , 45.2272
12.521 , 45.2438
12.4383 , 45.25
12.3659 , 45.25
12.3141 , 45.2459
12.2914 , 45.2417
12.2583 , 45.2438
12.2024 , 45.25
12.2024 , 45.2066
12.2334 , 45.1817
12.2624 , 45.1983
12.2748 , 45.2272
12.2934 , 45.2355
12.3431 , 45.2231
12.4486 , 45.1983
12.579 , 45.1486
12.6948 , 45.0824
12.8059 , 45.
 1             21 
 1 
 -9999.0  ,   -9998.0
 15
12.2066 , 45.2438
12.1652 , 45.2479
12.1362 , 45.2624
12.1072 , 45.3038
12.0824 , 45.3638
12.0534 , 45.399
12.0286 , 45.4238
12. , 45.4404
12. , 45.3597
12.0266 , 45.31
12.0638 , 45.2583
12.1072 , 45.2169
12.1569 , 45.1941
12.1962 , 45.1941
12.2128 , 45.2107
 1             22 
 1 
 -9999.0  ,   -9998.0
 18
12. , 45.4486
12.0348 , 45.4217
12.0617 , 45.3907
12.0886 , 45.3328
12.1093 , 45.2935
12.13 , 45.2624
12.1714 , 45.2479
12.1983 , 45.2479
12.2128 , 45.2376
12.221 , 45.221
12.2252 , 45.2107
12.2252 , 45.1962
12.1941 , 45.1879
12.1424 , 45.2045
12.0969 , 45.2314
12.0493 , 45.2728
12.0183 , 45.3162
12. , 45.3348
