 21 
 1             1 
 2 
 -9998.0  ,   -9997.0
  1999.0  ,    9990.0
 174 
 7.036167      45.93695 
 7.035972      45.93439 
 7.031472      45.9285 
 7.013028      45.91572 
 7.013083      45.91481 
 7.008528      45.90525 
 7.009028      45.89361 
 7.00475       45.88497 
 6.993333      45.87953 
 6.986861      45.87914 
 6.977334      45.87853 
 6.959028      45.87331 
 6.950167      45.86864 
 6.935333      45.86558 
 6.926084      45.85723 
 6.922         45.85634 
 6.921945      45.85631 
 6.921722      45.85625 
 6.908667      45.85342 
 6.888639      45.84514 
 6.872833      45.84184 
 6.86825       45.83708 
 6.862361      45.82839 
 6.850306      45.8275 
 6.828833      45.83403 
 6.814417      45.8342 
 6.801944      45.82986 
 6.795861      45.81933 
 6.798611      45.81348 
 6.790972      45.77125 
 6.792139      45.76286 
 6.793083      45.7562 
 6.801278      45.74756 
 6.804917      45.72523 
 6.817695      45.7115 
 6.835166      45.69656 
 6.856722      45.68358 
 6.856667      45.6845 
 6.86925       45.68311 
 6.878722      45.68209 
 6.887472      45.68311 
 6.892639      45.67961 
 6.904722      45.65736 
 6.913528      45.65333 
 6.931361      45.65489 
 6.940028      45.65703 
 6.9565        45.65509 
 6.966639      45.65145 
 6.973945      45.64884 
 6.998222      45.65175 
 6.998528      45.64739 
 6.995695      45.64156 
 6.973444      45.63322 
 6.973166      45.63231 
 6.971528      45.62884 
 6.968639      45.62275 
 6.969722      45.60309 
 6.968889      45.59664 
 6.981278      45.57392 
 6.976944      45.55728 
 6.977361      45.55331 
 6.977972      45.54745 
 6.984917      45.53717 
 6.996278      45.5332 
 7.001306      45.52672 
 7.003389      45.52136 
 7.007278      45.51136 
 7.013583      45.50786 
 7.0205        45.50403 
 7.04375       45.50231 
 7.043833      45.50139 
 7.05275       45.49942 
 7.053389      45.49509 
 7.047945      45.48917 
 7.049361      45.48303 
 7.0555        45.47911 
 7.080472      45.48045 
 7.0935        45.47586 
 7.094555      45.47372 
 7.098139      45.46653 
 7.100667      45.46142 
 7.1035        45.45839 
 7.118972      45.44189 
 7.132555      45.43364 
 7.151139      45.42808 
 7.15125       45.42673 
 7.165417      45.41942 
 7.167083      45.41909 
 7.177278      45.41706 
 7.181056      45.40939 
 7.179222      45.40267 
 7.178417      45.40264 
 7.177945      45.40264 
 7.1665        45.39181 
 7.156861      45.3827 
 7.153722      45.367 
 7.152056      45.36536 
 7.149139      45.36248 
 7.139139      45.3617 
 7.134167      45.35808 
 7.129         45.3437 
 7.111028      45.33597 
 7.1085        45.32536 
 7.113278      45.32056 
 7.116889      45.31692 
 7.117917      45.30664 
 7.132167      45.28812 
 7.126945      45.27464 
 7.128861      45.26578 
 7.122278      45.25775 
 7.105333      45.25397 
 7.101472      45.24933 
 7.098111      45.24534 
 7.096639      45.24359 
 7.090833      45.24184 
 7.085528      45.24023 
 7.074417      45.2277 
 7.06875       45.22497 
 7.058444      45.22798 
 7.046916      45.23134 
 7.028278      45.22447 
 7.005028      45.2232 
 6.997167      45.22431 
 6.977028      45.21581 
 6.962333      45.21253 
 6.95425       45.20789 
 6.953389      45.20495 
 6.951917      45.19978 
 6.942139      45.19164 
 6.943417      45.1917 
 6.939833      45.18306 
 6.933055      45.17825 
 6.912639      45.17383 
 6.892305      45.17128 
 6.886944      45.17061 
 6.880556      45.16489 
 6.878778      45.15814 
 6.878528      45.15725 
 6.882083      45.15097 
 6.883         45.14939 
 6.878167      45.14464 
 6.865361      45.14256 
 6.852722      45.1382 
 6.848472      45.13811 
 6.838833      45.13792 
 6.818         45.14381 
 6.802972      45.15425 
 6.758417      45.16086 
 6.751389      45.15967 
 6.739778      45.14617 
 6.730333      45.14258 
 6.719333      45.14242 
 6.704583      45.14897 
 6.688556      45.14698 
 6.672972      45.1432 
 6.672194      45.14256 
 6.659667      45.13239 
 6.650417      45.12489 
 6.619555      45.11775 
 6.6165        45.11556 
 6.614889      45.11114 
 6.615695      45.10522 
 6.638889      45.08547 
 6.652722      45.0695 
 6.654806      45.05731 
 6.658028      45.03831 
 6.669305      45.02634 
 6.685472      45.03017 
 6.695028      45.02803 
 6.722583      45.03089 
 6.730361      45.02636 
 6.738722      45.00995 
 6.739333      45.00172 
 6.737556      45 
 1             2 
 2 
 -9998.0  ,   -9997.0
  1999.0  ,    9990.0
 262 
 6             46.23475 
 6.0175        46.24073 
 6.035         46.23711 
 6.049722      46.246 
 6.074833      46.24959 
 6.078195      46.24903 
 6.098195      46.25389 
 6.103416      46.25514 
 6.108639      46.2595 
 6.108111      46.26542 
 6.096472      46.28123 
 6.096833      46.29222 
 6.101861      46.2952 
 6.111972      46.30409 
 6.114944      46.31933 
 6.130472      46.33445 
 6.146861      46.35117 
 6.151667      46.36075 
 6.147361      46.36714 
 6.145889      46.36934 
 6.134972      46.38114 
 6.118667      46.3935 
 6.102334      46.40222 
 6.067         46.41609 
 6.063083      46.423 
 6.067194      46.43236 
 6.076556      46.44261 
 6.074778      46.45903 
 6.068666      46.46511 
 6.068583      46.4652 
 6.0735        46.47342 
 6.082583      46.48267 
 6.115472      46.5162 
 6.141389      46.5347 
 6.141472      46.54111 
 6.139555      46.54339 
 6.137361      46.54595 
 6.126306      46.55903 
 6.104028      46.57414 
 6.103167      46.58028 
 6.109305      46.58603 
 6.14225       46.60803 
 6.164694      46.62086 
 6.190278      46.63636 
 6.215639      46.65459 
 6.251722      46.67553 
 6.265111      46.69003 
 6.271972      46.69559 
 6.310139      46.70833 
 6.33275       46.72047 
 6.350806      46.72736 
 6.362861      46.7345 
 6.36475       46.73595 
 6.366583      46.73686 
 6.369222      46.73817 
 6.378445      46.74745 
 6.387028      46.75606 
 6.415333      46.76014 
 6.4295        46.76758 
 6.434166      46.77006 
 6.448889      46.7855 
 6.44875       46.78706 
 6.448306      46.79233 
 6.428333      46.80395 
 6.423111      46.81059 
 6.423417      46.8152 
 6.433333      46.82428 
 6.433361      46.83573 
 6.437139      46.84253 
 6.451611      46.85317 
 6.456611      46.86114 
 6.460222      46.89425 
 6.451889      46.90111 
 6.45175       46.90122 
 6.447139      46.90503 
 6.433694      46.91611 
 6.427972      46.92459 
 6.428555      46.92942 
 6.454722      46.95242 
 6.479111      46.97283 
 6.489083      46.97778 
 6.495361      46.97436 
 6.499722      46.97431 
 6.510361      46.97928 
 6.523695      46.97981 
 6.554         46.98942 
 6.565917      46.99078 
 6.586667      46.99889 
 6.614028      46.99992 
 6.623194      47.00231 
 6.634333      47.0135 
 6.647639      47.03139 
 6.66325       47.04133 
 6.690694      47.04578 
 6.68825       47.0512 
 6.676639      47.0542 
 6.677389      47.06156 
 6.678722      47.06795 
 6.678889      47.0687 
 6.692972      47.07264 
 6.699028      47.07628 
 6.705         47.09022 
 6.714389      47.09423 
 6.739028      47.09578 
 6.740917      47.09698 
 6.743306      47.10095 
 6.737889      47.11037 
 6.74025       47.11458 
 6.7465        47.11595 
 6.757611      47.12411 
 6.76475       47.12711 
 6.773472      47.12672 
 6.780611      47.1297 
 6.781278      47.12986 
 6.795389      47.1332 
 6.807194      47.14092 
 6.815028      47.14373 
 6.836         47.15884 
 6.855111      47.1675 
 6.85725       47.17008 
 6.854445      47.17206 
 6.84225       47.1737 
 6.839667      47.17706 
 6.839917      47.1782 
 6.843639      47.18198 
 6.860167      47.18506 
 6.868917      47.19359 
 6.874111      47.19561 
 6.8765        47.20417 
 6.896306      47.21764 
 6.900667      47.2195 
 6.904417      47.22111 
 6.911083      47.22614 
 6.920306      47.2285 
 6.92525       47.23417 
 6.933389      47.23742 
 6.937333      47.24303 
 6.94325       47.24459 
 6.952861      47.25086 
 6.946972      47.25342 
 6.945667      47.25748 
 6.94575       47.25795 
 6.948972      47.27681 
 6.942722      47.28439 
 6.941167      47.29164 
 6.943528      47.29608 
 6.947528      47.29667 
 6.96175       47.29484 
 6.977806      47.30042 
 6.990222      47.30014 
 6.994833      47.30167 
 6.999         47.30431 
 7.010972      47.31523 
 7.013417      47.32331 
 7.029333      47.3307 
 7.042278      47.33295 
 7.051111      47.3362 
 7.052083      47.33895 
 7.053945      47.34417 
 7.054278      47.34511 
 7.056695      47.34831 
 7.054167      47.35103 
 7.049028      47.35653 
 7.042806      47.36798 
 7.025417      47.37539 
 7.006583      47.37522 
 6.972333      47.36489 
 6.955028      47.36248 
 6.936278      47.3655 
 6.913389      47.36539 
 6.905194      47.36695 
 6.874166      47.359 
 6.872278      47.36625 
 6.883139      47.37831 
 6.896083      47.3895 
 6.906889      47.39378 
 6.91175       47.40059 
 6.913222      47.41228 
 6.914583      47.41234 
 6.929722      47.41698 
 6.932139      47.42023 
 6.934611      47.42356 
 6.938194      47.43878 
 6.95975       47.44361 
 6.97475       47.45467 
 6.995111      47.45764 
 6.99725       47.46525 
 6.979861      47.48595 
 6.980639      47.49809 
 6.98075       47.4982 
 6.985055      47.50214 
 6.996389      47.50431 
 7.002695      47.50553 
 7.003639      47.50572 
 7.012333      47.50739 
 7.021111      47.50748 
 7.042167      47.50109 
 7.065861      47.4972 
 7.078         47.4952 
 7.091444      47.49586 
 7.125805      47.50614 
 7.13175       47.505 
 7.142222      47.503 
 7.146555      47.50017 
 7.163         47.48936 
 7.174972      47.48831 
 7.174917      47.4892 
 7.189556      47.4922 
 7.191556      47.4877 
 7.1815        47.4677 
 7.178611      47.45595 
 7.174778      47.44828 
 7.185555      47.44359 
 7.201944      47.44039 
 7.204611      47.43989 
 7.20675       47.43947 
 7.229972      47.43997 
 7.238667      47.43614 
 7.245722      47.42675 
 7.254583      47.42498 
 7.273139      47.43473 
 7.3145        47.44081 
 7.317861      47.44092 
 7.338695      47.44181 
 7.367333      47.43675 
 7.387833      47.43761 
 7.398695      47.44136 
 7.412972      47.44959 
 7.436861      47.47067 
 7.441611      47.47011 
 7.446139      47.473 
 7.446805      47.47828 
 7.447834      47.47872 
 7.439055      47.48353 
 7.427889      47.48386 
 7.416945      47.48628 
 7.431111      47.50136 
 7.441278      47.50075 
 7.470445      47.48814 
 7.473         47.485 
 7.478806      47.48403 
 7.486444      47.48564 
 7.499222      47.4915 
 7.511445      47.50556 
 7.512084      47.50628 
 7.509555      47.514 
 7.496806      47.52345 
 7.499833      47.53931 
 7.518611      47.55353 
 7.522056      47.55614 
 7.5275        47.56025 
 7.537806      47.57311 
 7.542194      47.57725 
 7.5495        47.58411 
 7.550861      47.58539 
 7.552195      47.58567 
 7.556917      47.58584 
 7.561555      47.58597 
 7.566556      47.58614 
 7.56925       47.58295 
 7.579083      47.58248 
 7.580917      47.58239 
 1             3 
 2 
 -9998.0  ,   -9997.0
  1999.0  ,    9990.0
 133 
 7.036167      45.93695 
 7.036667      45.94311 
 7.041806      45.95384 
 7.039222      45.9627 
 7.031417      45.96609 
 7.013195      45.9682 
 7.005417      45.97159 
 7.003778      45.97589 
 7.017416      45.98736 
 7.000945      46.01061 
 6.987195      46.01911 
 6.984445      46.02081 
 6.978445      46.03114 
 6.960972      46.04542 
 6.95275       46.05886 
 6.951278      46.05964 
 6.9425        46.06436 
 6.940917      46.0652 
 6.933917      46.06898 
 6.926389      46.08198 
 6.918528      46.08125 
 6.912556      46.076 
 6.893806      46.05953 
 6.885305      46.05878 
 6.875278      46.06092 
 6.871722      46.06906 
 6.873305      46.07873 
 6.881861      46.08903 
 6.888417      46.09692 
 6.885167      46.10528 
 6.889139      46.11389 
 6.891139      46.12192 
 6.891667      46.12406 
 6.891583      46.12978 
 6.887         46.13378 
 6.886305      46.13439 
 6.853639      46.13942 
 6.841333      46.14103 
 6.800944      46.13933 
 6.781944      46.14667 
 6.777472      46.1502 
 6.776667      46.15084 
 6.775778      46.16247 
 6.783222      46.17306 
 6.799833      46.1842 
 6.804028      46.18986 
 6.800194      46.20986 
 6.8025        46.22325 
 6.8085        46.23103 
 6.815722      46.24481 
 6.829611      46.25308 
 6.844278      46.26873 
 6.851305      46.29373 
 6.846167      46.30064 
 6.824806      46.30789 
 6.819111      46.31775 
 6.813361      46.31939 
 6.80425       46.32639 
 6.795861      46.32814 
 6.788556      46.33292 
 6.786944      46.34086 
 6.774667      46.34567 
 6.762306      46.35623 
 6.760528      46.36211 
 6.763916      46.36545 
 6.782889      46.37256 
 6.792611      46.37956 
 6.792361      46.38806 
 6.792333      46.39111 
 6.792278      46.39672 
 6.793861      46.39945 
 6.797833      46.40631 
 6.805944      46.41736 
 6.808361      46.42478 
 6.806194      46.43133 
 6.775389      46.44031 
 6.759361      46.44178 
 6.716917      46.45122 
 6.695833      46.45386 
 6.69575       46.45478 
 6.668528      46.45995 
 6.626472      46.45953 
 6.581194      46.45806 
 6.517305      46.46156 
 6.500472      46.46067 
 6.487083      46.45445 
 6.470389      46.4437 
 6.450333      46.434 
 6.421528      46.42164 
 6.390778      46.41722 
 6.3875        46.41686 
 6.348333      46.41003 
 6.325972      46.40822 
 6.300778      46.39689 
 6.289389      46.38681 
 6.252972      46.36745 
 6.244278      46.36092 
 6.208278      46.31798 
 6.209055      46.31295 
 6.221111      46.31117 
 6.232         46.30059 
 6.232056      46.30031 
 6.23375       46.29106 
 6.232417      46.291 
 6.223834      46.27964 
 6.229861      46.2752 
 6.2485        46.26142 
 6.258611      46.25909 
 6.272361      46.26445 
 6.28375       46.27017 
 6.289583      46.26378 
 6.293972      46.26281 
 6.295556      46.25273 
 6.290389      46.24272 
 6.285083      46.23553 
 6.274028      46.22922 
 6.263167      46.22512 
 6.219972      46.21303 
 6.197805      46.19703 
 6.193944      46.19425 
 6.181         46.18236 
 6.172806      46.17486 
 6.139028      46.16497 
 6.122111      46.15489 
 6.086833      46.15867 
 6.078917      46.15895 
 6.068972      46.15928 
 6.049889      46.16258 
 6.041833      46.15675 
 6.031528      46.14667 
 6.021945      46.14695 
 6.004416      46.15125 
 6             46.15131 
 1             4 
 2 
 -9998.0  ,   -9997.0
  1999.0  ,    9990.0
 47 
 6             49.45656 
 6.002028      49.45609 
 6.007         49.452 
 6.015056      49.45183 
 6.028333      49.454 
 6.029222      49.4535 
 6.038222      49.44858 
 6.045944      49.44659 
 6.047945      49.45322 
 6.055167      49.4615 
 6.060361      49.46428 
 6.083806      49.46445 
 6.094333      49.46406 
 6.109334      49.46622 
 6.119611      49.46925 
 6.124333      49.47064 
 6.130972      49.49356 
 6.139417      49.49178 
 6.148278      49.48406 
 6.155917      49.48936 
 6.164278      49.49147 
 6.157166      49.4992 
 6.161667      49.5022 
 6.176694      49.50595 
 6.191916      49.50406 
 6.206861      49.50223 
 6.212833      49.50295 
 6.226056      49.50806 
 6.234334      49.50767 
 6.239028      49.50745 
 6.247778      49.50978 
 6.254083      49.50911 
 6.265695      49.50484 
 6.267139      49.50256 
 6.283611      49.5015 
 6.282639      49.49534 
 6.2855        49.49056 
 6.293639      49.48373 
 6.300611      49.48537 
 6.304222      49.47784 
 6.325944      49.47611 
 6.329139      49.47156 
 6.336916      49.46611 
 6.355139      49.46345 
 6.361139      49.45959 
 6.370417      49.45906 
 6.374583      49.45883 
 1             5 
 2 
 -9998.0  ,   -9997.0
  1999.0  ,    9990.0
 166 
 6.142334      50 
 6.150389      49.99742 
 6.153278      49.99356 
 6.158278      49.99109 
 6.161778      49.99058 
 6.16275       49.99045 
 6.16925       49.98953 
 6.169917      49.98906 
 6.172472      49.98728 
 6.167361      49.97512 
 6.170639      49.96897 
 6.180666      49.95967 
 6.181528      49.95975 
 6.189778      49.96061 
 6.196917      49.96136 
 6.199111      49.95634 
 6.199306      49.95623 
 6.199944      49.95589 
 6.20375       49.95386 
 6.217583      49.95211 
 6.219778      49.94595 
 6.226944      49.93867 
 6.226167      49.93059 
 6.226139      49.93025 
 6.226028      49.92939 
 6.226028      49.92928 
 6.231417      49.92231 
 6.231972      49.92159 
 6.235         49.91767 
 6.234639      49.91725 
 6.230472      49.91239 
 6.234583      49.90772 
 6.242694      49.89853 
 6.249055      49.89672 
 6.257278      49.89128 
 6.26275       49.88411 
 6.263         49.88378 
 6.263222      49.8837 
 6.276861      49.87903 
 6.285666      49.87978 
 6.289611      49.87533 
 6.29475       49.86956 
 6.297389      49.86945 
 6.304861      49.86911 
 6.314361      49.87214 
 6.322694      49.85481 
 6.322861      49.854 
 6.323333      49.8517 
 6.324194      49.8475 
 6.322472      49.84339 
 6.322639      49.84325 
 6.32675       49.83975 
 6.327055      49.83972 
 6.335917      49.83886 
 6.340556      49.84325 
 6.347861      49.8502 
 6.3485        49.85081 
 6.367195      49.85111 
 6.408444      49.81906 
 6.413722      49.81831 
 6.42575       49.81661 
 6.436722      49.81497 
 6.442361      49.81414 
 6.450139      49.81237 
 6.456472      49.81261 
 6.469444      49.82247 
 6.472         49.82134 
 6.477583      49.81887 
 6.481139      49.81542 
 6.486611      49.81384 
 6.492111      49.81225 
 6.503389      49.81209 
 6.508695      49.81003 
 6.513667      49.8057 
 6.518556      49.81189 
 6.523083      49.8135 
 6.527         49.81489 
 6.527583      49.81211 
 6.528472      49.80803 
 6.524278      49.80095 
 6.514472      49.79359 
 6.509778      49.79183 
 6.507083      49.79084 
 6.508056      49.79014 
 6.509305      49.78925 
 6.516639      49.784 
 6.516333      49.78322 
 6.513611      49.77656 
 6.513361      49.77597 
 6.513195      49.77553 
 6.516361      49.77109 
 6.517944      49.76886 
 6.521028      49.76459 
 6.520667      49.76411 
 6.518583      49.76139 
 6.506278      49.75653 
 6.502083      49.75081 
 6.502083      49.75067 
 6.501945      49.74773 
 6.501806      49.74442 
 6.504028      49.73956 
 6.504305      49.73895 
 6.507361      49.73592 
 6.508361      49.73492 
 6.515306      49.728 
 6.516389      49.72228 
 6.503334      49.72772 
 6.500916      49.72745 
 6.499472      49.72728 
 6.4965        49.72375 
 6.495972      49.72314 
 6.502         49.717 
 6.499583      49.71128 
 6.490833      49.70484 
 6.476139      49.69542 
 6.466667      49.69286 
 6.450583      49.68003 
 6.447528      49.677 
 6.444305      49.67383 
 6.440111      49.67289 
 6.427528      49.66325 
 6.428945      49.66197 
 6.431083      49.66009 
 6.436695      49.66009 
 6.437333      49.66092 
 6.438083      49.66192 
 6.439111      49.66089 
 6.444167      49.65586 
 6.444472      49.65556 
 6.444361      49.6552 
 6.44175       49.64709 
 6.432028      49.6322 
 6.425833      49.618 
 6.421111      49.61492 
 6.409         49.60703 
 6.402139      49.60008 
 6.395639      49.59842 
 6.395306      49.59833 
 6.388472      49.59659 
 6.38325       49.59362 
 6.379944      49.58853 
 6.379083      49.5872 
 6.383778      49.58178 
 6.386194      49.579 
 6.385667      49.57845 
 6.384695      49.57739 
 6.384611      49.57731 
 6.382361      49.57486 
 6.36975       49.57528 
 6.364528      49.57067 
 6.367778      49.56875 
 6.381472      49.5607 
 6.385361      49.55589 
 6.382945      49.54675 
 6.381972      49.546 
 6.375694      49.54125 
 6.373778      49.53986 
 6.36525       49.53364 
 6.36325       49.52406 
 6.373333      49.49825 
 6.370944      49.49392 
 6.373278      49.48836 
 6.373445      49.48797 
 6.373333      49.48717 
 6.3705        49.46695 
 6.374583      49.45883 
 1             6 
 2 
 -9998.0  ,   -9997.0
  1999.0  ,    9990.0
 104 
 10.47006      46.86189 
 10.46736      46.8722 
 10.46556      46.88659 
 10.46553      46.88684 
 10.47206      46.89828 
 10.47783      46.91731 
 10.48308      46.91825 
 10.48556      46.91884 
 10.48839      46.9192 
 10.49047      46.93492 
 10.49147      46.93967 
 10.481        46.94578 
 10.47169      46.95122 
 10.46267      46.95508 
 10.44364      46.95775 
 10.43092      46.96409 
 10.42356      46.96611 
 10.42517      46.96889 
 10.42136      46.97939 
 10.39336      47.00095 
 10.388        47.00206 
 10.37269      46.99784 
 10.34806      46.9922 
 10.34047      46.98645 
 10.33111      46.96261 
 10.32222      46.95412 
 10.30828      46.94945 
 10.30436      46.94437 
 10.30514      46.94278 
 10.31053      46.93184 
 10.293        46.92236 
 10.291        46.92256 
 10.27794      46.92431 
 10.2555       46.93214 
 10.24983      46.93072 
 10.23964      46.92106 
 10.24097      46.92108 
 10.23717      46.90892 
 10.23583      46.90892 
 10.23522      46.90831 
 10.22928      46.90248 
 10.23061      46.90248 
 10.23233      46.87873 
 10.22928      46.87456 
 10.22775      46.8725 
 10.20881      46.87239 
 10.20608      46.87236 
 10.18983      46.86881 
 10.15975      46.85503 
 10.15478      46.85275 
 10.14017      46.85 
 10.13453      46.84892 
 10.12203      46.84897 
 10.1162       46.849 
 10.10458      46.84731 
 10.07994      46.86378 
 10.06497      46.86403 
 10.06161      46.86408 
 10.05355      46.86792 
 10.04228      46.88267 
 10.03233      46.8902 
 10.0223       46.89781 
 10.00589      46.90178 
 10.00569      46.90178 
 10            46.90195 
 9.993861      46.90211 
 9.982388      46.90909 
 9.975946      46.91453 
 9.960944      46.91461 
 9.949889      46.91633 
 9.941944      46.91375 
 9.922472      46.91997 
 9.906972      46.92712 
 9.900611      46.92872 
 9.89925       46.92909 
 9.899222      46.93025 
 9.887444      46.93447 
 9.883445      46.93442 
 9.874639      46.94073 
 9.875194      46.946 
 9.877584      46.95883 
 9.871361      46.96792 
 9.880639      46.98537 
 9.889694      46.99917 
 9.873417      47.01067 
 9.87725       47.01825 
 9.874416      47.02508 
 9.865028      47.02614 
 9.832861      47.01572 
 9.812278      47.02442 
 9.797778      47.03023 
 9.797751      47.03114 
 9.7835        47.04036 
 9.768389      47.0427 
 9.756361      47.04211 
 9.740916      47.04558 
 9.717806      47.04739 
 9.717778      47.04853 
 9.699944      47.05292 
 9.667306      47.06098 
 9.641833      47.06225 
 9.626917      47.05728 
 9.606417      47.06114 
 9.603666      47.06156 
 1             7 
 2 
 -9998.0  ,   -9997.0
  1999.0  ,    9990.0
 35 
 9.603666      47.06156 
 9.599389      47.0622 
 9.569111      47.05586 
 9.556056      47.05684 
 9.535694      47.06708 
 9.521083      47.06392 
 9.505722      47.06303 
 9.503195      47.06222 
 9.485501      47.05659 
 9.48225       47.05786 
 9.480416      47.05858 
 9.479056      47.06211 
 9.478528      47.06348 
 9.477805      47.06534 
 9.479111      47.06789 
 9.479555      47.06878 
 9.487083      47.07436 
 9.510805      47.08608 
 9.520667      47.09284 
 9.523139      47.09803 
 9.523833      47.09947 
 9.523916      47.10028 
 9.524028      47.10111 
 9.524639      47.10659 
 9.516334      47.12956 
 9.512361      47.14047 
 9.51075       47.14297 
 9.4965        47.16611 
 9.495778      47.16753 
 9.495222      47.16861 
 9.494833      47.17017 
 9.492583      47.17934 
 9.492889      47.19214 
 9.508556      47.23186 
 9.535916      47.27353 
 1             8 
 2 
 -9998.0  ,   -9997.0
  1999.0  ,    9990.0
 288 
 9.544334      47.54256 
 9.567056      47.5385 
 9.589556      47.52942 
 9.627778      47.52556 
 9.668861      47.52717 
 9.691417      47.52881 
 9.721639      47.5335 
 9.732972      47.53456 
 9.735166      47.53923 
 9.737361      47.54386 
 9.742945      47.55567 
 9.743667      47.55664 
 9.760555      47.5812 
 9.766194      47.58697 
 9.768501      47.58934 
 9.786972      47.59342 
 9.804916      47.59109 
 9.81925       47.58417 
 9.824583      47.57256 
 9.823834      47.56114 
 9.815583      47.55397 
 9.819417      47.54898 
 9.852139      47.54842 
 9.869083      47.53586 
 9.871         47.53445 
 9.889639      47.54581 
 9.902111      47.54686 
 9.91025       47.54375 
 9.924306      47.53384 
 9.929         47.53503 
 9.940666      47.54084 
 9.950806      47.54003 
 9.957611      47.53734 
 9.964528      47.54608 
 9.970166      47.55003 
 9.975972      47.54667 
 9.976417      47.53297 
 9.976694      47.52489 
 9.976889      47.51903 
 9.990639      47.50545 
 9.992861      47.49656 
 10            47.49136 
 10.00311      47.48912 
 10.03139      47.49028 
 10.04794      47.48745 
 10.04831      47.48653 
 10.05231      47.47125 
 10.05367      47.47128 
 10.06725      47.46017 
 10.07247      47.45589 
 10.09233      47.45653 
 10.09506      47.45495 
 10.09733      47.4415 
 10.1005       47.43442 
 10.09489      47.42823 
 10.07892      47.4185 
 10.06853      47.41542 
 10.08744      47.39342 
 10.09197      47.3857 
 10.09708      47.3645 
 10.10381      47.36408 
 10.11014      47.36733 
 10.1197       47.37725 
 10.12472      47.3782 
 10.14303      47.37034 
 10.16183      47.37186 
 10.16744      47.37808 
 10.16653      47.39247 
 10.17994      47.39395 
 10.18597      47.39606 
 10.19753      47.38906 
 10.20861      47.38936 
 10.22136      47.39081 
 10.22545      47.38903 
 10.22747      47.38814 
 10.23328      47.38292 
 10.23239      47.37514 
 10.2202       47.35906 
 10.21061      47.35053 
 10.20114      47.33309 
 10.20158      47.3267 
 10.21247      47.319 
 10.21289      47.31283 
 10.20128      47.305 
 10.17892      47.29636 
 10.171        47.289 
 10.17142      47.28306 
 10.17758      47.27578 
 10.20006      47.27825 
 10.21442      47.282 
 10.23056      47.28053 
 10.25956      47.29284 
 10.28328      47.30147 
 10.29467      47.30336 
 10.31603      47.31128 
 10.33075      47.31364 
 10.33381      47.31414 
 10.34278      47.31967 
 10.35325      47.34009 
 10.36119      47.34928 
 10.37953      47.35967 
 10.38511      47.37067 
 10.39475      47.37895 
 10.41786      47.38547 
 10.42992      47.38989 
 10.4322       47.3947 
 10.42903      47.40656 
 10.43467      47.41297 
 10.45767      47.43003 
 10.46639      47.43306 
 10.47406      47.43903 
 10.4737       47.44267 
 10.46244      47.45292 
 10.46419      47.47506 
 10.45975      47.48189 
 10.44011      47.48934 
 10.43286      47.5005 
 10.42947      47.50572 
 10.42975      47.51006 
 10.43553      47.52284 
 10.44189      47.53686 
 10.44903      47.55973 
 10.44386      47.56656 
 10.44253      47.56656 
 10.43267      47.57311 
 10.43186      47.58181 
 10.43453      47.58617 
 10.44461      47.5885 
 10.47397      47.58864 
 10.47706      47.58456 
 10.46739      47.57536 
 10.46711      47.57056 
 10.45675      47.56114 
 10.4595       47.55842 
 10.47056      47.55347 
 10.49136      47.5442 
 10.51167      47.53836 
 10.52719      47.53731 
 10.5555       47.53878 
 10.568        47.5377 
 10.57436      47.54003 
 10.58253      47.55342 
 10.58831      47.56292 
 10.59842      47.56658 
 10.60108      47.56756 
 10.60747      47.56895 
 10.62653      47.56558 
 10.6352       47.56403 
 10.65544      47.56456 
 10.68344      47.56261 
 10.68575      47.56075 
 10.68795      47.559 
 10.69339      47.55464 
 10.70075      47.54875 
 10.73186      47.53856 
 10.75042      47.5377 
 10.75753      47.53453 
 10.76806      47.52381 
 10.77142      47.52222 
 10.78089      47.51975 
 10.79772      47.5207 
 10.82161      47.53011 
 10.82161      47.53103 
 10.84047      47.53267 
 10.84047      47.53178 
 10.86169      47.53845 
 10.88631      47.53756 
 10.90117      47.53372 
 10.90878      47.52756 
 10.913        47.52414 
 10.91539      47.51981 
 10.91069      47.51567 
 10.87667      47.5097 
 10.87264      47.5067 
 10.86628      47.49459 
 10.87272      47.48797 
 10.8835       47.48731 
 10.89833      47.48984 
 10.92495      47.48828 
 10.93172      47.4847 
 10.9327       47.4842 
 10.93511      47.47484 
 10.93586      47.47397 
 10.94558      47.46273 
 10.97567      47.44161 
 10.98067      47.43811 
 10.98236      47.43309 
 10.97903      47.4237 
 10.98106      47.42372 
 10.97669      47.41822 
 10.97533      47.41822 
 10.97167      47.41092 
 10.97842      47.40497 
 10.98717      47.40156 
 10.99456      47.40156 
 11.006        47.40453 
 11.02586      47.40114 
 11.03931      47.40228 
 11.06553      47.40275 
 11.09683      47.40161 
 11.11331      47.40253 
 11.12072      47.40689 
 11.12139      47.4167 
 11.1345       47.42172 
 11.1685       47.42995 
 11.19575      47.43403 
 11.20217      47.43928 
 11.2227       47.43881 
 11.23986      47.43903 
 11.24492      47.43581 
 11.24758      47.43331 
 11.24744      47.4332 
 11.23344      47.42167 
 11.22467      47.40911 
 11.22633      47.40409 
 11.25122      47.4045 
 11.25978      47.40434 
 11.26403      47.40425 
 11.267        47.40525 
 11.27045      47.40642 
 11.2705       47.40645 
 11.28422      47.41109 
 11.28894      47.42114 
 11.28864      47.4305 
 11.29506      47.43667 
 11.31425      47.43822 
 11.3247       47.4437 
 11.33147      47.45373 
 11.34022      47.45645 
 11.35875      47.45528 
 11.36581      47.4507 
 11.37558      47.455 
 11.38872      47.45384 
 11.39478      47.45611 
 11.41158      47.45172 
 11.42572      47.44942 
 11.41333      47.462 
 11.41103      47.47481 
 11.39317      47.47189 
 11.38511      47.47534 
 11.38378      47.48081 
 11.38853      47.48811 
 11.40203      47.49333 
 11.41931      47.51431 
 11.43892      47.52247 
 11.44306      47.52098 
 11.45539      47.5165 
 11.48775      47.5132 
 11.48772      47.51228 
 11.50425      47.5127 
 11.51372      47.51814 
 11.53258      47.51695 
 11.55317      47.51823 
 11.57039      47.52206 
 11.58833      47.53136 
 11.58406      47.546 
 11.58789      47.55923 
 11.60592      47.58459 
 11.607        47.58612 
 11.6155       47.59223 
 11.62797      47.59217 
 11.63439      47.59214 
 11.63914      47.59578 
 11.65561      47.58795 
 11.66472      47.58859 
 11.68431      47.5892 
 11.69817      47.59117 
 11.74711      47.59117 
 11.7745       47.59375 
 11.78258      47.5937 
 11.78461      47.5937 
 11.8092       47.58878 
 11.83853      47.58631 
 11.84428      47.58742 
 11.84775      47.59356 
 11.84956      47.60359 
 11.85294      47.60586 
 11.87256      47.6062 
 11.8885       47.61228 
 11.89595      47.61412 
 11.91358      47.6185 
 11.95206      47.61778 
 11.96011      47.61825 
 11.96964      47.61881 
 11.97703      47.61714 
 11.98592      47.62281 
 11.99878      47.62567 
 12            47.62561 
 1             9 
 2 
 -9998.0  ,   -9997.0
  1999.0  ,    9990.0
 13 
 8.721278      47.69348 
 8.720917      47.69531 
 8.713805      47.70486 
 8.711389      47.71073 
 8.705944      47.71442 
 8.695945      47.71483 
 8.689389      47.71472 
 8.681056      47.71442 
 8.674028      47.71295 
 8.673056      47.70531 
 8.674139      47.70117 
 8.671667      47.69522 
 8.668139      47.68953 
 1             10 
 2 
 -9998.0  ,   -9997.0
  1999.0  ,    9990.0
 586 
 10.47006      46.86189 
 10.4705       46.86011 
 10.4667       46.84408 
 10.4582       46.83123 
 10.45422      46.82822 
 10.45047      46.80947 
 10.44356      46.80303 
 10.42967      46.79586 
 10.42411      46.78806 
 10.42786      46.77939 
 10.439        46.76847 
 10.44375      46.75911 
 10.44214      46.75456 
 10.40972      46.74109 
 10.3992       46.73303 
 10.41736      46.716 
 10.38708      46.69478 
 10.38081      46.69086 
 10.37794      46.68239 
 10.3885       46.66186 
 10.39364      46.65 
 10.39508      46.64086 
 10.40175      46.6377 
 10.42728      46.64128 
 10.44553      46.64047 
 10.44806      46.6395 
 10.45853      46.6355 
 10.47994      46.621 
 10.486        46.613 
 10.48469      46.61303 
 10.48536      46.61095 
 10.4822       46.59814 
 10.484        46.58534 
 10.48267      46.58534 
 10.47256      46.57134 
 10.47389      46.57134 
 10.46422      46.54864 
 10.457        46.5415 
 10.45039      46.54011 
 10.44044      46.5412 
 10.41878      46.55181 
 10.40222      46.55059 
 10.39367      46.5462 
 10.38736      46.54661 
 10.383        46.55 
 10.36806      46.55425 
 10.35347      46.55347 
 10.34361      46.54839 
 10.326        46.55034 
 10.31014      46.54839 
 10.3035       46.54859 
 10.29614      46.55448 
 10.28661      46.57042 
 10.27092      46.57809 
 10.26331      46.57711 
 10.25836      46.57525 
 10.25406      46.57545 
 10.24636      46.57928 
 10.24097      46.5852 
 10.24311      46.59687 
 10.25028      46.60425 
 10.25083      46.61111 
 10.23972      46.62178 
 10.23758      46.63228 
 10.23353      46.63523 
 10.21622      46.61931 
 10.20825      46.61903 
 10.19689      46.6235 
 10.19286      46.62339 
 10.18836      46.62328 
 10.18561      46.6232 
 10.16156      46.61431 
 10.13486      46.60381 
 10.12625      46.60306 
 10.10864      46.60542 
 10.10303      46.60422 
 10.09889      46.59392 
 10.10075      46.58295 
 10.09358      46.57625 
 10.08145      46.56883 
 10.07406      46.55711 
 10.05119      46.53884 
 10.05089      46.53678 
 10.05583      46.52081 
 10.05203      46.51186 
 10.04528      46.50195 
 10.04094      46.48545 
 10.04917      46.47089 
 10.04408      46.45986 
 10.04333      46.4475 
 10.04642      46.4442 
 10.06156      46.428 
 10.07278      46.4297 
 10.08114      46.42406 
 10.10358      46.42631 
 10.10417      46.42645 
 10.11997      46.42998 
 10.13125      46.43247 
 10.13625      46.4307 
 10.14242      46.41839 
 10.14953      46.41589 
 10.15706      46.41325 
 10.16058      46.40047 
 10.15772      46.39359 
 10.12853      46.38167 
 10.12139      46.37475 
 10.11731      46.36261 
 10.10789      46.3527 
 10.10545      46.34236 
 10.10728      46.33209 
 10.12108      46.3162 
 10.14519      46.29603 
 10.15931      46.28175 
 10.17147      46.2647 
 10.14781      46.24161 
 10.14722      46.23703 
 10.14106      46.23431 
 10.1405       46.23406 
 10.13347      46.23097 
 10.13111      46.23089 
 10.12328      46.23067 
 10.10181      46.23345 
 10.08394      46.23628 
 10.07164      46.22473 
 10.06208      46.22556 
 10.06206      46.22647 
 10.05111      46.23095 
 10.04283      46.2327 
 10.05361      46.25453 
 10.05075      46.26664 
 10.03772      46.27589 
 10.00811      46.28845 
 10.00814      46.28753 
 10            46.2902 
 9.991472      46.29628 
 9.996111      46.31211 
 9.984278      46.32572 
 9.986417      46.33422 
 9.991583      46.34045 
 9.992306      46.34678 
 9.992695      46.35028 
 9.992168      46.35097 
 9.989304      46.35483 
 9.964306      46.36581 
 9.956056      46.38103 
 9.949083      46.38259 
 9.927472      46.37322 
 9.915528      46.37675 
 9.915499      46.37767 
 9.904917      46.37873 
 9.875749      46.36789 
 9.856944      46.36586 
 9.84175       46.36661 
 9.826972      46.36303 
 9.807444      46.34989 
 9.804194      46.3477 
 9.777001      46.3387 
 9.772583      46.34114 
 9.767639      46.34386 
 9.760278      46.3472 
 9.743889      46.35331 
 9.742972      46.35364 
 9.730583      46.34867 
 9.728249      46.34775 
 9.726944      46.34728 
 9.724417      46.33803 
 9.723306      46.33395 
 9.725946      46.32072 
 9.724111      46.31475 
 9.709361      46.29764 
 9.681278      46.30158 
 9.679222      46.30186 
 9.672834      46.29998 
 9.659889      46.29614 
 9.642999      46.29384 
 9.632028      46.29233 
 9.630305      46.29211 
 9.616167      46.2952 
 9.606334      46.29734 
 9.604417      46.29775 
 9.59875       46.3002 
 9.583583      46.3 
 9.578028      46.30117 
 9.572306      46.30236 
 9.543667      46.31114 
 9.533584      46.31764 
 9.518639      46.33256 
 9.516751      46.33839 
 9.516111      46.34039 
 9.513222      46.34939 
 9.505389      46.35753 
 9.488611      46.36645 
 9.481305      46.36795 
 9.467861      46.37578 
 9.467389      46.379 
 9.466611      46.38445 
 9.470222      46.39639 
 9.464722      46.40562 
 9.46225       46.40978 
 9.450889      46.42517 
 9.453944      46.44489 
 9.452888      46.45748 
 9.464139      46.48072 
 9.466361      46.49517 
 9.459139      46.50397 
 9.451805      46.50572 
 9.445222      46.5047 
 9.427         46.49348 
 9.415417      46.47111 
 9.41125       46.46672 
 9.395611      46.46992 
 9.373         46.48422 
 9.364778      46.49259 
 9.369111      46.50225 
 9.357333      46.50847 
 9.343416      46.50895 
 9.320332      46.50711 
 9.315333      46.50672 
 9.294611      46.5025 
 9.283889      46.49617 
 9.277194      46.48828 
 9.275528      46.48297 
 9.273583      46.47681 
 9.274111      46.46009 
 9.274167      46.45872 
 9.270166      46.45378 
 9.267805      46.45087 
 9.249528      46.44372 
 9.246417      46.43772 
 9.247249      46.43225 
 9.258833      46.42259 
 9.269916      46.41681 
 9.277778      46.40961 
 9.280056      46.38998 
 9.277861      46.36592 
 9.290916      46.35056 
 9.289861      46.34209 
 9.292306      46.32839 
 9.274417      46.29928 
 9.251139      46.27489 
 9.24275       46.2592 
 9.242889      46.24547 
 9.239083      46.24061 
 9.227333      46.237 
 9.221278      46.23117 
 9.216389      46.2192 
 9.201805      46.21189 
 9.194972      46.20034 
 9.188972      46.18284 
 9.173445      46.17481 
 9.162583      46.17439 
 9.156056      46.17248 
 9.150139      46.16417 
 9.149778      46.16367 
 9.132832      46.15903 
 9.122389      46.1472 
 9.104944      46.13775 
 9.104917      46.13867 
 9.085749      46.1317 
 9.076805      46.12422 
 9.075389      46.11803 
 9.082861      46.10214 
 9.082916      46.09347 
 9.082916      46.09139 
 9.076         46.07295 
 9.067639      46.06822 
 9.038861      46.06406 
 9.038834      46.06497 
 9.023056      46.05622 
 9.011611      46.0455 
 9.011556      46.02973 
 9.013056      46.02737 
 9.018556      46.01886 
 9.018639      46.01875 
 9.021639      46.01411 
 9.021972      46.00536 
 9.021972      46.00517 
 9.022111      46.00153 
 9.002722      45.99317 
 8.993305      45.98178 
 9.000584      45.97095 
 9.010444      45.9615 
 9.015833      45.93984 
 9.019639      45.93489 
 9.029667      45.92934 
 9.048944      45.93172 
 9.048972      45.93081 
 9.05575       45.92431 
 9.067333      45.92128 
 9.072639      45.91064 
 9.081861      45.90964 
 9.081889      45.90872 
 9.083944      45.90625 
 9.070806      45.88909 
 9.053111      45.88009 
 9.049084      45.87314 
 9.047499      45.86259 
 9.034445      45.84358 
 9.033889      45.83778 
 9.033639      45.83517 
 9.033528      45.83386 
 9.026139      45.82878 
 9.016444      45.82587 
 9.006944      45.8257 
 8.999306      45.82923 
 8.996694      45.83767 
 8.991611      45.84236 
 8.984694      45.84292 
 8.982972      45.84234 
 8.974028      45.83931 
 8.964139      45.84117 
 8.949417      45.85006 
 8.939083      45.85012 
 8.938611      45.85012 
 8.925306      45.84325 
 8.925278      45.84325 
 8.913972      45.8437 
 8.914222      45.854 
 8.920999      45.86467 
 8.931583      45.87103 
 8.939         45.87367 
 8.937444      45.88006 
 8.921278      45.90014 
 8.921389      45.90761 
 8.921472      45.91228 
 8.9135        45.91975 
 8.899694      45.9327 
 8.893778      45.94173 
 8.893611      45.96303 
 8.885917      45.96653 
 8.882611      45.96675 
 8.88225       45.96678 
 8.877694      45.96706 
 8.866333      45.97114 
 8.865722      45.97159 
 8.855556      45.97898 
 8.837668      45.99195 
 8.814667      46.00042 
 8.800834      46.00106 
 8.792139      46.00503 
 8.789944      46.0107 
 8.797139      46.01931 
 8.815056      46.03156 
 8.815084      46.03064 
 8.831195      46.03828 
 8.836917      46.04342 
 8.828528      46.05583 
 8.843001      46.05567 
 8.852583      46.0625 
 8.856278      46.06875 
 8.855028      46.07536 
 8.843944      46.08134 
 8.831639      46.093 
 8.832945      46.093 
 8.807195      46.1115 
 8.795472      46.10075 
 8.78          46.10114 
 8.764889      46.10692 
 8.761666      46.10817 
 8.754722      46.11081 
 8.748944      46.11303 
 8.748861      46.11306 
 8.745916      46.1142 
 8.742833      46.114 
 8.739667      46.11384 
 8.707416      46.10678 
 8.698417      46.1075 
 8.698305      46.1075 
 8.691222      46.10806 
 8.685028      46.11431 
 8.684916      46.11442 
 8.684361      46.115 
 8.657528      46.11903 
 8.647304      46.1275 
 8.631166      46.12786 
 8.615611      46.12961 
 8.609612      46.13909 
 8.599694      46.14711 
 8.595361      46.152 
 8.594111      46.15339 
 8.587916      46.16036 
 8.587584      46.16206 
 8.586639      46.16675 
 8.573361      46.17653 
 8.563916      46.18892 
 8.550361      46.20347 
 8.539667      46.21495 
 8.531472      46.22164 
 8.518361      46.22686 
 8.518333      46.22778 
 8.487611      46.23625 
 8.473722      46.24395 
 8.454333      46.25703 
 8.451583      46.25947 
 8.455194      46.2735 
 8.448916      46.2807 
 8.434278      46.29753 
 8.433583      46.30506 
 8.434889      46.30509 
 8.443026      46.32175 
 8.451667      46.32792 
 8.458528      46.33631 
 8.460167      46.35075 
 8.465611      46.36117 
 8.467444      46.3715 
 8.464306      46.37533 
 8.459166      46.38597 
 8.467139      46.40628 
 8.467334      46.4095 
 8.463389      46.41686 
 8.460806      46.4217 
 8.463         46.4315 
 8.464361      46.43756 
 8.460889      46.44778 
 8.448694      46.46125 
 8.442944      46.46386 
 8.420722      46.46428 
 8.411805      46.46273 
 8.405639      46.46164 
 8.393306      46.45656 
 8.361555      46.44897 
 8.356528      46.44697 
 8.356055      46.44678 
 8.348251      46.44387 
 8.326613      46.43306 
 8.302722      46.4277 
 8.293167      46.42036 
 8.290889      46.41637 
 8.2895        46.41389 
 8.291723      46.40914 
 8.294917      46.40789 
 8.302861      46.40481 
 8.315917      46.4017 
 8.319722      46.3917 
 8.315473      46.38589 
 8.311055      46.37984 
 8.295472      46.37375 
 8.266833      46.36528 
 8.251695      46.3505 
 8.2325        46.34478 
 8.21875       46.32317 
 8.199361      46.3085 
 8.187028      46.30431 
 8.161306      46.30367 
 8.149722      46.30756 
 8.144167      46.30942 
 8.134         46.30825 
 8.127916      46.3045 
 8.122806      46.30134 
 8.105333      46.28211 
 8.095361      46.27442 
 8.094611      46.27384 
 8.094528      46.27378 
 8.086001      46.26723 
 8.086667      46.26581 
 8.0875        46.26406 
 8.11289       46.25164 
 8.114361      46.25059 
 8.133111      46.23728 
 8.138361      46.23123 
 8.143806      46.21792 
 8.148556      46.20631 
 8.149778      46.20517 
 8.1645        46.19158 
 8.163417      46.18675 
 8.149834      46.16925 
 8.152667      46.15283 
 8.148611      46.14862 
 8.128834      46.14308 
 8.119641      46.13623 
 8.110917      46.12067 
 8.10089       46.11742 
 8.070639      46.11689 
 8.046086      46.10823 
 8.045195      46.10745 
 8.030084      46.09408 
 8.024055      46.08364 
 8.024028      46.08234 
 8.023916      46.07425 
 8.03175       46.05728 
 8.028833      46.05011 
 8.01275       46.038 
 8.008361      46.02781 
 7.994833      46.01075 
 7.985667      46.00408 
 7.949806      46.0052 
 7.932611      46.00484 
 7.905528      46.00425 
 7.894         45.99911 
 7.872806      45.97883 
 7.874111      45.97887 
 7.870167      45.96778 
 7.866167      45.96309 
 7.866861      45.94642 
 7.867055      45.94158 
 7.85925       45.9345 
 7.846556      45.93303 
 7.8175        45.93586 
 7.810028      45.93497 
 7.800556      45.92853 
 7.794222      45.92995 
 7.764639      45.94789 
 7.757278      45.9502 
 7.744916      45.9487 
 7.744972      45.94734 
 7.730361      45.93936 
 7.722583      45.93775 
 7.712695      45.93839 
 7.708639      45.94058 
 7.703667      45.94684 
 7.702167      45.96078 
 7.682222      45.965 
 7.672722      45.97022 
 7.670722      45.97611 
 7.663833      45.98142 
 7.656889      45.98375 
 7.6515        45.98556 
 7.649416      45.98625 
 7.617278      45.9805 
 7.598583      45.97995 
 7.585583      45.983 
 7.578139      45.98689 
 7.571028      45.99539 
 7.563528      45.99975 
 7.545917      45.99761 
 7.5385        45.98503 
 7.537972      45.97789 
 7.530167      45.97125 
 7.528861      45.9712 
 7.522         45.97078 
 7.509389      45.97292 
 7.501861      45.97267 
 7.489889      45.96431 
 7.473278      45.96264 
 7.470583      45.95822 
 7.472472      45.94934 
 7.467834      45.94483 
 7.467389      45.94472 
 7.441667      45.93853 
 7.415916      45.92034 
 7.410111      45.91878 
 7.399944      45.91878 
 7.396028      45.91878 
 7.388278      45.91672 
 7.381972      45.90759 
 7.355306      45.91828 
 7.355028      45.91839 
 7.350667      45.92056 
 7.347222      45.92228 
 7.338695      45.92248 
 7.323778      45.9197 
 7.301333      45.92653 
 7.2925        45.92625 
 7.285194      45.92259 
 7.282861      45.91997 
 7.271778      45.90747 
 7.258056      45.90036 
 7.254361      45.89845 
 7.240861      45.89914 
 7.228833      45.8982 
 7.221278      45.89759 
 7.211611      45.8952 
 7.201334      45.88731 
 7.201528      45.87975 
 7.204111      45.87525 
 7.202861      45.86948 
 7.197139      45.867 
 7.184889      45.86867 
 7.178805      45.87267 
 7.169278      45.87895 
 7.166389      45.88084 
 7.156389      45.88742 
 7.145         45.88634 
 7.133889      45.88092 
 7.116917      45.86592 
 7.103055      45.86706 
 7.0985        45.87125 
 7.096028      45.88331 
 7.082944      45.89203 
 7.08425       45.89206 
 7.077861      45.90375 
 7.060417      45.91873 
 7.047806      45.92953 
 7.049445      45.92959 
 7.043389      45.93625 
 7.036167      45.93695 
 1             11 
 2 
 -9998.0  ,   -9997.0
  1999.0  ,    9990.0
 159 
 12            47.05375 
 11.99303      47.05425 
 11.99136      47.05422 
 11.97331      47.05392 
 11.97333      47.05506 
 11.97195      47.05409 
 11.97036      47.053 
 11.96286      47.04783 
 11.94906      47.04106 
 11.94406      47.04156 
 11.92328      47.0385 
 11.88861      47.02067 
 11.87825      47.0205 
 11.87486      47.01897 
 11.87475      47.01892 
 11.86078      47.01261 
 11.8505       47.0057 
 11.84933      47.00492 
 11.84294      47.00314 
 11.83995      47.00181 
 11.82617      46.9957 
 11.81014      46.99534 
 11.78475      46.99478 
 11.77167      46.99097 
 11.75014      46.97714 
 11.73947      46.97697 
 11.73014      46.97953 
 11.71561      46.98962 
 11.70164      46.99933 
 11.69361      47.00006 
 11.68392      46.99758 
 11.66686      46.99675 
 11.65686      46.9975 
 11.63094      47.01222 
 11.62028      47.01547 
 11.59517      47.01034 
 11.57006      47.00334 
 11.54761      46.99178 
 11.53725      46.99042 
 11.50383      47.00775 
 11.5032       47.00809 
 11.50253      47.00842 
 11.49197      47.01389 
 11.49003      47.0142 
 11.48395      47.01511 
 11.47361      47.0167 
 11.46622      47.01078 
 11.46117      47.0005 
 11.44208      46.99278 
 11.432        46.98275 
 11.42264      46.97731 
 11.40992      46.97253 
 11.39589      46.97256 
 11.38556      46.97578 
 11.36058      46.99161 
 11.35058      46.99597 
 11.34558      46.99575 
 11.33989      46.99211 
 11.33489      46.99211 
 11.32486      46.99581 
 11.3105       46.99445 
 11.30181      46.98897 
 11.28145      46.98856 
 11.26739      46.98361 
 11.25939      46.98081 
 11.25436      46.97967 
 11.25303      46.97922 
 11.24503      46.97695 
 11.233        46.9742 
 11.21997      46.97331 
 11.20761      46.96945 
 11.19092      46.97242 
 11.16156      46.9665 
 11.15686      46.96261 
 11.15686      46.95895 
 11.15786      46.94433 
 11.14886      46.93839 
 11.13653      46.93564 
 11.13506      46.93547 
 11.12361      46.9342 
 11.10583      46.93222 
 11.10283      46.92353 
 11.0935       46.91461 
 11.09447      46.89958 
 11.09483      46.89403 
 11.0925       46.889 
 11.07219      46.86636 
 11.06856      46.85381 
 11.06933      46.84978 
 11.07158      46.83803 
 11.07258      46.82842 
 11.06861      46.82295 
 11.06858      46.82292 
 11.04917      46.81214 
 11.04431      46.80945 
 11.03617      46.80059 
 11.034        46.79822 
 11.028        46.7885 
 11.02795      46.78842 
 11.02142      46.77787 
 11.01925      46.77539 
 11.01478      46.77031 
 11.00489      46.77484 
 11.00478      46.77489 
 10.98717      46.76847 
 10.9702       46.76867 
 10.96253      46.77278 
 10.93325      46.77573 
 10.91431      46.77408 
 10.91342      46.77384 
 10.89003      46.76742 
 10.87672      46.76739 
 10.86378      46.7717 
 10.85308      46.77525 
 10.85008      46.77625 
 10.83111      46.77986 
 10.81781      46.77709 
 10.8162       46.77731 
 10.80847      46.77845 
 10.80247      46.78208 
 10.79831      46.788 
 10.79508      46.79259 
 10.79008      46.79578 
 10.77869      46.795 
 10.77278      46.79458 
 10.7625       46.79111 
 10.7462       46.79128 
 10.73286      46.79378 
 10.7285       46.79742 
 10.73344      46.80406 
 10.75761      46.82334 
 10.75722      46.83111 
 10.75189      46.83431 
 10.73519      46.83814 
 10.71747      46.84767 
 10.70606      46.84895 
 10.69747      46.84989 
 10.68842      46.85856 
 10.68469      46.8647 
 10.68286      46.86556 
 10.66564      46.87356 
 10.65897      46.87422 
 10.64136      46.86753 
 10.61539      46.86628 
 10.60208      46.86234 
 10.58286      46.85311 
 10.557        46.84156 
 10.549        46.84106 
 10.54697      46.84381 
 10.54958      46.84953 
 10.54756      46.85158 
 10.53456      46.85175 
 10.52128      46.84778 
 10.50808      46.84753 
 10.50531      46.84748 
 10.50522      46.8475 
 10.48958      46.8522 
 10.47819      46.85808 
 10.47006      46.86189 
 1             12 
 2 
 -9998.0  ,   -9997.0
  1999.0  ,    9990.0
 36 
 9.544334      47.54256 
 9.54375       47.53936 
 9.557028      47.5112 
 9.569611      47.499 
 9.575833      47.49245 
 9.586139      47.48456 
 9.592778      47.47481 
 9.601         47.46895 
 9.606361      47.46947 
 9.611972      47.4732 
 9.615361      47.473 
 9.629389      47.46356 
 9.642361      47.46156 
 9.648611      47.46125 
 9.64875       47.46114 
 9.655889      47.4552 
 9.658889      47.4527 
 9.657695      47.4512 
 9.653028      47.44531 
 9.650889      47.43683 
 9.651694      47.43358 
 9.656111      47.41564 
 9.652667      47.40389 
 9.652638      47.40381 
 9.652638      47.40378 
 9.657666      47.39992 
 9.669472      47.39217 
 9.672861      47.3877 
 9.671556      47.38553 
 9.670472      47.38372 
 9.668861      47.38145 
 9.663972      47.37803 
 9.659972      47.3777 
 9.650306      47.37686 
 9.650278      47.37686 
 9.642722      47.37614 
 1             13 
 2 
 -9998.0  ,   -9997.0
  1999.0  ,    9990.0
 2 
 9.642722      47.37614 
 9.626583      47.37459 
 1             14 
 2 
 -9998.0  ,   -9997.0
  1999.0  ,    9990.0
 28 
 9.535916      47.27353 
 9.560361      47.24911 
 9.563222      47.24367 
 9.555195      47.23031 
 9.560028      47.22512 
 9.565222      47.22136 
 9.567083      47.22 
 9.567778      47.2195 
 9.571         47.21717 
 9.576195      47.21342 
 9.579889      47.21075 
 9.580694      47.20595 
 9.572306      47.19442 
 9.573611      47.1837 
 9.569444      47.17678 
 9.572222      47.17339 
 9.578555      47.1737 
 9.594139      47.16842 
 9.594167      47.16839 
 9.605889      47.15461 
 9.618305      47.15364 
 9.626667      47.12973 
 9.623917      47.11964 
 9.632196      47.09825 
 9.629666      47.09206 
 9.613584      47.08134 
 9.606834      47.0712 
 9.603666      47.06156 
 1             15 
 2 
 -9998.0  ,   -9997.0
  1999.0  ,    9990.0
 13 
 9.626583      47.37459 
 9.624251      47.37258 
 9.602722      47.34789 
 9.594029      47.33386 
 9.592861      47.32653 
 9.592028      47.32564 
 9.584056      47.31728 
 9.572806      47.31122 
 9.5675        47.30956 
 9.566028      47.3082 
 9.561278      47.30378 
 9.550361      47.28467 
 9.535916      47.27353 
 1             16 
 2 
 -9998.0  ,   -9997.0
  1999.0  ,    9990.0
 458 
 6.374583      49.45883 
 6.378445      49.46039 
 6.387         49.46381 
 6.396472      49.46295 
 6.405194      49.46481 
 6.422972      49.47309 
 6.429972      49.47381 
 6.445806      49.46586 
 6.462306      49.46045 
 6.475972      49.45889 
 6.487916      49.45183 
 6.503695      49.44939 
 6.523361      49.43664 
 6.541167      49.4347 
 6.543694      49.43442 
 6.555305      49.42186 
 6.548695      49.4175 
 6.545222      49.41522 
 6.542806      49.4102 
 6.543472      49.40612 
 6.543889      49.40356 
 6.552667      49.3997 
 6.566694      49.38945 
 6.571611      49.38809 
 6.582445      49.38859 
 6.587333      49.38584 
 6.589806      49.38128 
 6.588444      49.37603 
 6.601083      49.36737 
 6.6025        49.36439 
 6.599028      49.3587 
 6.591084      49.35095 
 6.591028      49.35089 
 6.590806      49.35103 
 6.579834      49.35795 
 6.572139      49.3577 
 6.570445      49.34856 
 6.572583      49.34103 
 6.585278      49.33592 
 6.591833      49.33331 
 6.595361      49.32692 
 6.590861      49.32072 
 6.591917      49.318 
 6.614333      49.30342 
 6.628667      49.29981 
 6.637778      49.29584 
 6.645444      49.2925 
 6.657         49.28225 
 6.669194      49.28023 
 6.670278      49.27245 
 6.669278      49.27017 
 6.664417      49.2592 
 6.666861      49.25484 
 6.685         49.25442 
 6.6885        49.25075 
 6.688416      49.24892 
 6.688222      49.24445 
 6.688167      49.24275 
 6.687944      49.24195 
 6.686111      49.235 
 6.69175       49.21717 
 6.695583      49.21489 
 6.697361      49.21478 
 6.70325       49.21445 
 6.713444      49.21911 
 6.715778      49.22017 
 6.722389      49.22064 
 6.725167      49.21739 
 6.725889      49.21653 
 6.731139      49.2065 
 6.715861      49.18911 
 6.731417      49.16903 
 6.732139      49.16809 
 6.733528      49.168 
 6.746555      49.1672 
 6.758389      49.16745 
 6.766722      49.16403 
 6.770195      49.1677 
 6.782722      49.16975 
 6.794556      49.1677 
 6.811028      49.16178 
 6.823778      49.1572 
 6.836306      49.15378 
 6.839083      49.15584 
 6.843611      49.16017 
 6.847222      49.17114 
 6.847445      49.17181 
 6.854195      49.17359 
 6.860944      49.17536 
 6.861361      49.17547 
 6.861611      49.17747 
 6.861972      49.18022 
 6.862389      49.18347 
 6.859611      49.18759 
 6.856472      49.19486 
 6.85525       49.19773 
 6.855111      49.19803 
 6.854389      49.1997 
 6.854222      49.19981 
 6.84          49.21003 
 6.839778      49.2102 
 6.843111      49.21273 
 6.846722      49.21545 
 6.852305      49.21981 
 6.856139      49.21981 
 6.866583      49.21958 
 6.880167      49.21409 
 6.886083      49.21181 
 6.894778      49.21112 
 6.917778      49.21817 
 6.922667      49.22092 
 6.930305      49.22114 
 6.940055      49.21792 
 6.946917      49.21414 
 6.957472      49.20831 
 6.978         49.20717 
 6.979833      49.20639 
 6.986694      49.2035 
 7.000583      49.19342 
 7.008611      49.19364 
 7.014861      49.1895 
 7.024416      49.19189 
 7.033778      49.1942 
 7.036944      49.19498 
 7.037972      49.18681 
 7.032722      49.17789 
 7.032694      49.17264 
 7.03425       49.16459 
 7.034555      49.163 
 7.035389      49.1587 
 7.044722      49.14839 
 7.047806      49.14039 
 7.04875       49.12211 
 7.050833      49.11753 
 7.054584      49.11592 
 7.056722      49.115 
 7.064361      49.11431 
 7.070972      49.11611 
 7.083139      49.12725 
 7.086417      49.13034 
 7.088028      49.13187 
 7.085528      49.14862 
 7.086306      49.14912 
 7.094083      49.1542 
 7.106861      49.15584 
 7.111945      49.15361 
 7.111945      49.15042 
 7.111917      49.14747 
 7.108778      49.14184 
 7.1085        49.14134 
 7.110194      49.13964 
 7.128056      49.13961 
 7.130222      49.13828 
 7.13575       49.13486 
 7.147222      49.12778 
 7.148111      49.12723 
 7.155222      49.12392 
 7.158556      49.1245 
 7.180917      49.1285 
 7.190222      49.13017 
 7.197805      49.12442 
 7.202278      49.11709 
 7.212417      49.1237 
 7.222861      49.12686 
 7.247917      49.13042 
 7.267334      49.12372 
 7.287833      49.12386 
 7.287806      49.11953 
 7.290889      49.11631 
 7.298194      49.11536 
 7.312583      49.12947 
 7.315722      49.13039 
 7.321694      49.1395 
 7.329056      49.14359 
 7.331833      49.14517 
 7.359278      49.14253 
 7.365611      49.14753 
 7.364972      49.15348 
 7.370278      49.16236 
 7.368945      49.16806 
 7.370528      49.16942 
 7.372111      49.17081 
 7.385111      49.17317 
 7.434166      49.18214 
 7.443333      49.18253 
 7.448805      49.18275 
 7.44525       49.17684 
 7.447778      49.17172 
 7.448306      49.17064 
 7.442361      49.16792 
 7.441278      49.16586 
 7.443472      49.16428 
 7.444389      49.16358 
 7.458472      49.16506 
 7.486195      49.16792 
 7.489666      49.1672 
 7.491361      49.16423 
 7.4885        49.15739 
 7.504472      49.15614 
 7.510334      49.15222 
 7.50575       49.14836 
 7.495972      49.14431 
 7.494195      49.14111 
 7.496555      49.13678 
 7.503806      49.13309 
 7.511         49.12367 
 7.518972      49.12178 
 7.531972      49.10708 
 7.533972      49.10114 
 7.536278      49.09917 
 7.540139      49.09584 
 7.5515        49.08847 
 7.567722      49.08128 
 7.58125       49.08073 
 7.593806      49.08339 
 7.604917      49.084 
 7.632195      49.07467 
 7.635972      49.07167 
 7.639583      49.05862 
 7.646806      49.054 
 7.652333      49.05372 
 7.668222      49.04859 
 7.678972      49.04736 
 7.688694      49.04942 
 7.699861      49.05178 
 7.701722      49.05931 
 7.715889      49.05483 
 7.724222      49.055 
 7.729111      49.05681 
 7.734305      49.05628 
 7.739695      49.04711 
 7.756639      49.04753 
 7.760528      49.04764 
 7.769583      49.04892 
 7.776945      49.05275 
 7.782583      49.0582 
 7.792028      49.06084 
 7.797333      49.06675 
 7.80325       49.0667 
 7.831028      49.05 
 7.834917      49.04906 
 7.850722      49.04525 
 7.860611      49.03762 
 7.866833      49.03664 
 7.878445      49.04409 
 7.889945      49.04625 
 7.899889      49.04592 
 7.917333      49.04531 
 7.925361      49.04684 
 7.933195      49.05611 
 7.940528      49.0572 
 7.943278      49.05648 
 7.951416      49.04817 
 7.954111      49.0477 
 7.958333      49.04695 
 7.962778      49.04417 
 7.971639      49.03678 
 7.977583      49.02864 
 7.977695      49.02848 
 7.978333      49.02859 
 7.990667      49.03078 
 7.997194      49.03195 
 8.013723      49.02675 
 8.018861      49.02347 
 8.038526      49.01961 
 8.052972      49.01489 
 8.065973      49.00767 
 8.071028      49.00145 
 8.108611      48.98912 
 8.115723      48.98678 
 8.139695      48.9817 
 8.139973      48.98164 
 8.153973      48.98009 
 8.154221      48.98006 
 8.16025       48.97961 
 8.161473      48.97953 
 8.165222      48.97925 
 8.179196      48.97887 
 8.188336      48.9785 
 8.190833      48.97842 
 8.194417      48.97464 
 8.201583      48.97159 
 8.207139      48.97106 
 8.221556      48.97842 
 8.225695      48.97836 
 8.232917      48.9717 
 8.234278      48.97045 
 8.235501      48.96934 
 8.19989       48.96017 
 8.190473      48.94767 
 8.183361      48.93822 
 8.165472      48.9215 
 8.153222      48.91003 
 8.150306      48.90731 
 8.148556      48.9047 
 8.139836      48.89167 
 8.130333      48.87797 
 8.119723      48.86267 
 8.120111      48.86092 
 8.120639      48.85853 
 8.117639      48.85062 
 8.116583      48.84783 
 8.108723      48.82556 
 8.101666      48.81597 
 8.100861      48.81489 
 8.09025       48.80498 
 8.086695      48.80258 
 8.086583      48.8025 
 8.077945      48.79667 
 8.077861      48.79664 
 8.075586      48.79589 
 8.067861      48.79334 
 8.060223      48.7925 
 8.04925       48.7947 
 8.04164       48.79431 
 8.037833      48.79275 
 8.037306      48.79253 
 8.036805      48.79233 
 8.03675       48.79231 
 8.029805      48.78575 
 8.029333      48.78531 
 8.027471      48.7797 
 8.02375       48.76847 
 8.02289       48.7677 
 8.020223      48.76531 
 8.001805      48.75934 
 7.977695      48.76209 
 7.972139      48.76056 
 7.968972      48.75761 
 7.968611      48.75656 
 7.967139      48.75217 
 7.96525       48.74486 
 7.967444      48.73548 
 7.964833      48.72706 
 7.962833      48.72495 
 7.956         48.71778 
 7.928222      48.69361 
 7.925556      48.69158 
 7.903333      48.67486 
 7.884806      48.66092 
 7.843528      48.64509 
 7.842417      48.64389 
 7.840361      48.64167 
 7.833472      48.62461 
 7.831083      48.6217 
 7.821139      48.60956 
 7.821         48.60939 
 7.820083      48.60828 
 7.814944      48.60411 
 7.814861      48.60403 
 7.810694      48.60064 
 7.807861      48.59833 
 7.806722      48.5957 
 7.804917      48.5915 
 7.802611      48.58614 
 7.800361      48.58092 
 7.801222      48.57575 
 7.802083      48.57103 
 7.803361      48.56403 
 7.804861      48.55578 
 7.806222      48.52286 
 7.803972      48.51353 
 7.796528      48.50195 
 7.786305      48.49656 
 7.781639      48.49547 
 7.780167      48.49364 
 7.770722      48.48928 
 7.768556      48.48358 
 7.770333      48.46825 
 7.763472      48.44959 
 7.757361      48.43503 
 7.745083      48.41845 
 7.734028      48.39481 
 7.734305      48.37764 
 7.734528      48.36511 
 7.73675       48.3562 
 7.738389      48.35356 
 7.74175       48.34814 
 7.745028      48.33486 
 7.746833      48.32756 
 7.746305      48.32692 
 7.740194      48.31939 
 7.7285        48.31514 
 7.712389      48.31159 
 7.710639      48.3112 
 7.702278      48.30706 
 7.700639      48.30625 
 7.695083      48.29989 
 7.694889      48.29939 
 7.692584      48.2935 
 7.692278      48.27617 
 7.690667      48.27228 
 7.67925       48.24453 
 7.669139      48.21995 
 7.649917      48.20787 
 7.647861      48.20867 
 7.641972      48.20231 
 7.636305      48.19161 
 7.618556      48.16964 
 7.602944      48.15692 
 7.602833      48.15684 
 7.600889      48.15059 
 7.603833      48.14303 
 7.601666      48.13528 
 7.581028      48.12103 
 7.580389      48.1195 
 7.579611      48.11761 
 7.580056      48.11359 
 7.581111      48.10392 
 7.5785        48.08817 
 7.573278      48.07978 
 7.574417      48.06747 
 7.575389      48.05692 
 7.575555      48.05498 
 7.573333      48.04922 
 7.569167      48.03845 
 7.569278      48.03831 
 7.578917      48.02825 
 7.581666      48.02539 
 7.587722      48.02148 
 7.591667      48.01642 
 7.592389      48.0155 
 7.601305      48.00997 
 7.609667      48.00142 
 7.611055      48 
 7.617028      47.99034 
 7.619611      47.98175 
 7.618         47.96914 
 7.613278      47.96331 
 7.589917      47.94553 
 7.585917      47.939 
 7.583556      47.92775 
 7.585611      47.91111 
 7.583083      47.90261 
 7.578667      47.89745 
 7.559055      47.88573 
 7.555889      47.87647 
 7.557583      47.87106 
 7.562944      47.85589 
 7.560917      47.83961 
 7.551111      47.82859 
 7.546472      47.81883 
 7.545222      47.8162 
 7.528666      47.78136 
 7.532722      47.76398 
 7.536639      47.7577 
 7.5435        47.74673 
 7.542333      47.72695 
 7.519722      47.71367 
 7.512195      47.7005 
 7.521139      47.66884 
 7.533861      47.654 
 7.558556      47.63378 
 7.560945      47.63183 
 7.565778      47.62509 
 7.569861      47.61942 
 7.576028      47.59878 
 7.580917      47.58239 
 1             17 
 2 
 -9998.0  ,   -9997.0
  1999.0  ,    9990.0
 330 
 7.580917      47.58239 
 7.583111      47.58228 
 7.584167      47.58222 
 7.586694      47.58214 
 7.593444      47.58186 
 7.604611      47.58142 
 7.615917      47.58595 
 7.617667      47.58664 
 7.621         47.5892 
 7.625722      47.59284 
 7.627083      47.59286 
 7.631278      47.59764 
 7.631805      47.59825 
 7.634806      47.60017 
 7.639278      47.60303 
 7.65025       47.60609 
 7.656694      47.61087 
 7.658083      47.61111 
 7.665389      47.61248 
 7.671306      47.60483 
 7.659         47.59559 
 7.663528      47.59334 
 7.664611      47.59281 
 7.669472      47.59042 
 7.669944      47.58764 
 7.670084      47.58684 
 7.671028      47.58131 
 7.667666      47.57995 
 7.667611      47.57992 
 7.661806      47.57756 
 7.660167      47.57689 
 7.658472      47.57759 
 7.653917      47.57945 
 7.652694      47.57736 
 7.650389      47.57683 
 7.646528      47.56803 
 7.641861      47.56697 
 7.637889      47.56014 
 7.637222      47.55903 
 7.642111      47.55545 
 7.649667      47.54989 
 7.650055      47.54961 
 7.650861      47.54922 
 7.657361      47.54611 
 7.659083      47.54528 
 7.665528      47.54217 
 7.670222      47.53989 
 7.6855        47.53873 
 7.691528      47.53959 
 7.702194      47.54317 
 7.712361      47.54659 
 7.715917      47.54714 
 7.716889      47.54728 
 7.757861      47.55361 
 7.759305      47.55384 
 7.764528      47.55464 
 7.778306      47.55753 
 7.778361      47.55753 
 7.779083      47.5577 
 7.78625       47.55923 
 7.793639      47.56089 
 7.799194      47.56356 
 7.804695      47.56811 
 7.813694      47.57559 
 7.817667      47.58256 
 7.818472      47.58623 
 7.827055      47.5892 
 7.832806      47.58911 
 7.843778      47.58575 
 7.880917      47.59103 
 7.891056      47.59037 
 7.899639      47.58853 
 7.901639      47.58811 
 7.904444      47.58658 
 7.910639      47.57806 
 7.911         47.57633 
 7.91225       47.57022 
 7.912833      47.56742 
 7.914333      47.56011 
 7.91725       47.55606 
 7.927278      47.5515 
 7.939556      47.54883 
 7.946944      47.54948 
 7.950528      47.55164 
 7.95425       47.55767 
 7.956861      47.55934 
 7.969222      47.55942 
 7.984806      47.55956 
 7.995194      47.5605 
 8.002031      47.55906 
 8.012417      47.55384 
 8.020166      47.55381 
 8.032806      47.55684 
 8.044833      47.55873 
 8.044945      47.55875 
 8.045972      47.559 
 8.046306      47.55908 
 8.052167      47.5605 
 8.060833      47.5685 
 8.063056      47.56887 
 8.067194      47.56956 
 8.075222      47.56695 
 8.087751      47.56298 
 8.093806      47.56333 
 8.098056      47.56595 
 8.105973      47.58214 
 8.112473      47.58662 
 8.127916      47.58789 
 8.133111      47.59033 
 8.13889       47.59234 
 8.14575       47.59706 
 8.158112      47.59861 
 8.167334      47.6002 
 8.175945      47.60372 
 8.184778      47.60842 
 8.189473      47.61117 
 8.197111      47.61881 
 8.202806      47.62311 
 8.206528      47.62475 
 8.211223      47.62684 
 8.21889       47.62567 
 8.223778      47.62156 
 8.227696      47.61625 
 8.228195      47.616 
 8.230445      47.61489 
 8.233586      47.61489 
 8.235945      47.61508 
 8.240055      47.61645 
 8.250167      47.61928 
 8.253972      47.62036 
 8.257722      47.6217 
 8.269223      47.61464 
 8.286361      47.6157 
 8.295278      47.61295 
 8.300555      47.60825 
 8.29925       47.60045 
 8.301139      47.59661 
 8.313501      47.59164 
 8.327222      47.57981 
 8.331361      47.57809 
 8.333778      47.57698 
 8.337528      47.57592 
 8.356916      47.57247 
 8.375836      47.5715 
 8.387555      47.57311 
 8.398974      47.58111 
 8.404361      47.58147 
 8.413278      47.578 
 8.417055      47.5767 
 8.430889      47.5737 
 8.433389      47.57317 
 8.439444      47.5735 
 8.447056      47.5762 
 8.457139      47.57683 
 8.475556      47.57997 
 8.487556      47.5825 
 8.490249      47.583 
 8.489583      47.58956 
 8.485722      47.59267 
 8.465667      47.59497 
 8.461139      47.59783 
 8.467528      47.60553 
 8.495916      47.61961 
 8.513917      47.62503 
 8.523501      47.63689 
 8.530971      47.6357 
 8.547889      47.6285 
 8.556694      47.62778 
 8.560416      47.62572 
 8.563639      47.62395 
 8.569167      47.62095 
 8.573916      47.6135 
 8.569555      47.60517 
 8.591306      47.60097 
 8.59575       47.60012 
 8.596194      47.60361 
 8.603889      47.61314 
 8.605972      47.61936 
 8.597555      47.64203 
 8.600278      47.64939 
 8.610611      47.65528 
 8.611389      47.64984 
 8.608666      47.64295 
 8.617111      47.64242 
 8.623056      47.6455 
 8.625528      47.65081 
 8.623         47.65728 
 8.620584      47.65903 
 8.598166      47.67522 
 8.598139      47.67525 
 8.583805      47.67039 
 8.582472      47.67045 
 8.556694      47.67164 
 8.546361      47.66867 
 8.542249      47.66242 
 8.533083      47.66339 
 8.528167      47.66006 
 8.531555      47.65237 
 8.529         47.64912 
 8.522304      47.64806 
 8.506278      47.65047 
 8.495278      47.64725 
 8.489083      47.64986 
 8.482333      47.64973 
 8.479528      47.63914 
 8.4705        47.64261 
 8.469528      47.64853 
 8.472944      47.655 
 8.471806      47.65772 
 8.441055      47.65728 
 8.441         47.6582 
 8.429889      47.66408 
 8.428166      47.665 
 8.426804      47.66561 
 8.416056      47.67045 
 8.413446      47.67542 
 8.424556      47.69336 
 8.421611      47.69525 
 8.423306      47.69528 
 8.418278      47.70156 
 8.422694      47.70809 
 8.441389      47.72014 
 8.450111      47.72878 
 8.457389      47.73258 
 8.459889      47.74383 
 8.476389      47.75775 
 8.494833      47.77064 
 8.506528      47.77453 
 8.529778      47.77686 
 8.539667      47.78325 
 8.547694      47.78548 
 8.559278      47.78386 
 8.571806      47.78392 
 8.571806      47.79145 
 8.565528      47.7952 
 8.5645        47.80273 
 8.569472      47.80533 
 8.581889      47.80525 
 8.59525       47.80517 
 8.611611      47.80323 
 8.625417      47.79781 
 8.628861      47.79309 
 8.627778      47.78256 
 8.630111      47.7762 
 8.634666      47.77264 
 8.635028      47.76464 
 8.641194      47.76339 
 8.647722      47.76878 
 8.651389      47.77778 
 8.644639      47.79203 
 8.650222      47.79603 
 8.65975       47.79508 
 8.675167      47.78745 
 8.680195      47.78498 
 8.68775       47.77506 
 8.689         47.76961 
 8.687139      47.76534 
 8.683778      47.75764 
 8.687612      47.75497 
 8.695972      47.7587 
 8.702583      47.76164 
 8.7235        47.76345 
 8.733584      47.75745 
 8.733889      47.75039 
 8.729333      47.74595 
 8.728695      47.74528 
 8.720528      47.73645 
 8.720278      47.73617 
 8.720779      47.7332 
 8.721666      47.72775 
 8.735222      47.71934 
 8.736         47.70931 
 8.733361      47.69989 
 8.735194      47.69673 
 8.756528      47.69195 
 8.769083      47.68956 
 8.785611      47.6812 
 8.795667      47.67939 
 8.795806      47.67983 
 8.799055      47.68995 
 8.806501      47.69808 
 8.802305      47.7012 
 8.778694      47.70806 
 8.770972      47.71456 
 8.773556      47.71645 
 8.782416      47.72289 
 8.787694      47.72675 
 8.808389      47.73422 
 8.816         47.72181 
 8.827778      47.71939 
 8.844666      47.71595 
 8.877278      47.70489 
 8.881194      47.70017 
 8.87725       47.69711 
 8.85925       47.69861 
 8.855778      47.69306 
 8.865055      47.68136 
 8.883028      47.66342 
 8.891833      47.65778 
 8.895166      47.65564 
 8.900528      47.65689 
 8.913083      47.6555 
 8.926528      47.65759 
 8.968001      47.66903 
 8.970667      47.67 
 8.998306      47.68075 
 9.013389      47.68423 
 9.046806      47.68617 
 9.070249      47.68358 
 9.1005        47.67928 
 9.122389      47.67281 
 9.135111      47.67175 
 9.143028      47.67108 
 9.163         47.67161 
 9.169611      47.6685 
 9.174889      47.66603 
 9.183945      47.66175 
 9.187388      47.66014 
 9.205139      47.65562 
 9.23075       47.65784 
 9.25225       47.66206 
 9.275666      47.65875 
 9.297055      47.64606 
 9.356417      47.62842 
 9.402889      47.61103 
 9.418306      47.60417 
 9.460083      47.58464 
 9.496472      47.56456 
 9.526611      47.54895 
 9.544334      47.54256 
 1             18 
 2 
 -9998.0  ,   -9997.0
  -515.5  ,    -400.1
 8 
9.4808	45
9.47 , 45.0467
9.4675 , 45.0992
9.4775 , 45.1517
9.4775 , 45.2092
9.495 , 45.2592
9.5125 , 45.3117
9.56 , 45.3492
 1             19 
 2 
 -9998.0  ,   -9997.0
  -515.5  ,    -400.1
 28 
9.56 , 45.3492
9.615 , 45.3667
9.665 , 45.3767
9.7375 , 45.3942
9.795 , 45.4167
9.8475 , 45.4417
9.9225 , 45.4592
9.98 , 45.4692
10.07 , 45.4492
10.155 , 45.4267
10.2225 , 45.4017
10.31 , 45.3542
10.405 , 45.3292
10.475 , 45.3117
10.5975 , 45.3042
10.695 , 45.3042
10.785 , 45.3042
10.9075 , 45.2992
11.01 , 45.2942
11.11 , 45.2767
11.22 , 45.2692
11.365 , 45.2492
11.465 , 45.2417
11.57 , 45.2267
11.66 , 45.2167
11.775 , 45.2242
11.905 , 45.2242
12. , 45.2292
 1             20 
 1 
 -9999.0  ,   -9998.0
 6
12. , 45.4404
11.9728 , 45.4466
11.9438 , 45.4279
11.9417 , 45.3969
11.9583 , 45.3741
12. , 45.3597
 1             21 
 1 
 -9999.0  ,   -9998.0
 14
11.7886 , 45.5521
11.8197 , 45.4838
11.8652 , 45.4569
11.8983 , 45.4569
11.9459 , 45.4528
12. , 45.4486
12. , 45.3348
11.9666 , 45.3493
11.9003 , 45.3597
11.8383 , 45.3617
11.7783 , 45.3472
11.7328 , 45.3348
11.7059 , 45.3907
11.7307 , 45.5004
