 10 
 1             1 
 2 
 -9998.0  ,   -9997.0
  1999.0  ,    9990.0
 15 
-110           48.99657 
-110           48.99841 
-110           49.0817 
-110           49.165 
-110           49.2483 
-110           49.3316 
-110           49.4149 
-110           49.4982 
-110           49.5815 
-110           49.6648 
-110           49.7481 
-110           49.8314 
-110           49.9147 
-110           49.998 
-110           50 
 1             2 
 2 
 -9998.0  ,   -9997.0
  1999.0  ,    9990.0
 12 
-110           48.99657 
-109.8087      48.99779 
-109.6179      48.99868 
-109.4271      48.99924 
-109.2363      48.99948 
-109.0456      48.99938 
-108.8548      48.99896 
-108.664       48.99821 
-108.4732      48.99712 
-108.2825      48.99571 
-108.0917      48.9964 
-108           48.99657 
 1             3 
 2 
 -9998.0  ,   -9997.0
  1999.0  ,    9990.0
 25 
-114           48.99695 
-113.8264      48.99747 
-113.6356      48.99772 
-113.4449      48.99764 
-113.2541      48.99723 
-113.0633      48.99649 
-112.8726      48.99542 
-112.8639      48.99536 
-112.6818      48.99625 
-112.491       48.99686 
-112.3003      48.99714 
-112.1095      48.99709 
-111.9187      48.99671 
-111.9128      48.9967 
-111.7279      48.99813 
-111.5372      48.99929 
-111.3464      49.00011 
-111.1556      49.00061 
-110.9648      49.00077 
-110.774       49.00061 
-110.5832      49.00012 
-110.3925      48.9993 
-110.2017      48.99814 
-110.0109      48.99666 
-110           48.99657 
 1             4 
 2 
 -9998.0  ,   -9997.0
  1999.0  ,    9990.0
 99 
-114           45.70399 
-113.9948      45.70697 
-113.9832      45.70509 
-113.9739      45.69321 
-113.9662      45.69074 
-113.9572      45.69368 
-113.9466      45.69715 
-113.9378      45.69648 
-113.9377      45.6784 
-113.9214      45.66291 
-113.9043      45.65243 
-113.8956      45.6433 
-113.8945      45.63938 
-113.9056      45.62592 
-113.9047      45.62361 
-113.8948      45.62017 
-113.8862      45.62088 
-113.872       45.62648 
-113.8709      45.62692 
-113.8589      45.62663 
-113.8402      45.61496 
-113.823       45.61293 
-113.8149      45.60999 
-113.8002      45.58468 
-113.8203      45.57374 
-113.8255      45.548 
-113.8292      45.53926 
-113.8333      45.52942 
-113.8315      45.52548 
-113.8239      45.52209 
-113.8071      45.52511 
-113.779       45.52648 
-113.7726      45.52471 
-113.7724      45.52104 
-113.7756      45.51563 
-113.7649      45.49705 
-113.7631      45.48602 
-113.766       45.48175 
-113.7781      45.47404 
-113.7771      45.46806 
-113.7813      45.4636 
-113.7874      45.4571 
-113.7787      45.44933 
-113.782       45.44186 
-113.7797      45.43471 
-113.7727      45.43178 
-113.7664      45.42682 
-113.7795      45.41983 
-113.7817      45.4153 
-113.7741      45.4103 
-113.7561      45.40596 
-113.7375      45.39519 
-113.7345      45.38939 
-113.7372      45.38167 
-113.7355      45.37683 
-113.738       45.36954 
-113.7393      45.36571 
-113.7375      45.35696 
-113.7477      45.3357 
-113.7438      45.32919 
-113.7122      45.30526 
-113.682       45.27885 
-113.6957      45.27142 
-113.6942      45.26681 
-113.6938      45.26565 
-113.6871      45.25677 
-113.6606      45.24258 
-113.6516      45.23411 
-113.6371      45.21335 
-113.6281      45.20532 
-113.6183      45.20049 
-113.5911      45.17687 
-113.5965      45.16965 
-113.5981      45.16767 
-113.597       45.16283 
-113.5894      45.15415 
-113.5693      45.14835 
-113.5699      45.14287 
-113.5762      45.13411 
-113.5748      45.12927 
-113.5629      45.12185 
-113.5451      45.11083 
-113.5347      45.11673 
-113.5204      45.11772 
-113.5102      45.11515 
-113.5141      45.10312 
-113.5224      45.09327 
-113.5188      45.08768 
-113.4969      45.07997 
-113.4882      45.06737 
-113.4751      45.06449 
-113.4599      45.06333 
-113.4561      45.06305 
-113.4511      45.05374 
-113.4579      45.0434 
-113.4499      45.03493 
-113.446       45.02338 
-113.441       45.01568 
-113.4445      45 
 1             5 
 2 
 -9998.0  ,   -9997.0
  1999.0  ,    9990.0
 8 
-111.0568      45 
-111.0568      45.005 
-110.9032      45.00575 
-110.8116      45.0061 
-110.8025      45.00977 
-110.7937      45.01024 
-110.7612      45.00261 
-110.755       45 
 1             6 
 2 
 -9998.0  ,   -9997.0
  1999.0  ,    9990.0
 6 
-110.3675      45 
-110.3577      45.00347 
-110.3509      45.00287 
-110.3436      45.00477 
-110.3297      45.00171 
-110.3257      45 
 1             7 
 2 
 -9998.0  ,   -9997.0
  1999.0  ,    9990.0
 37 
-110.1416      45 
-110.1339      45.0057 
-110.1264      45.00917 
-110.0418      45.00996 
-110           45.0103 
-109.8643      45.0114 
-109.8417      45.01157 
-109.8224      45.01057 
-109.8049      45.01275 
-109.7686      45.01058 
-109.7363      45.01209 
-109.6647      45.01184 
-109.5105      45.01115 
-109.4924      45.01347 
-109.4875      45.01294 
-109.4774      45.01184 
-109.3287      45.01051 
-109.3101      45.01107 
-109.2942      45.01153 
-109.284       45.01317 
-109.2609      45.01146 
-109.1383      45.01133 
-109.1342      45.0129 
-109.1336      45.01276 
-109.1157      45.00847 
-109.1095      45.00555 
-109.0905      45.00223 
-109.0667      45.00595 
-109.0465      45.00622 
-109.0315      45.00477 
-109.0177      45.00638 
-109           45.00237 
-108.9289      45.00242 
-108.7514      45.00216 
-108.5739      45.00163 
-108.3964      45.00083 
-108.334       45 
 1             8 
 2 
 -9998.0  ,   -9997.0
  1999.0  ,    9990.0
 3 
-108.0841      45 
-108.0008      45 
-108           45 
 1             9 
 2 
 -9998.0  ,   -9997.0
  1999.0  ,    9990.0
 3 
-108.0841      45 
-108.0008      45 
-108           45 
 1             10 
 2 
 -9998.0  ,   -9997.0
  1999.0  ,    9990.0
 3 
-108.219       45 
-108.1674      45 
-108.0841      45 
