 10 
 1             1 
 2 
 -9998.0  ,   -9997.0
  1999.0  ,    9990.0
 8 
-117.0268      48.9996 
-116.836       49.00144 
-116.7889      49.00185 
-116.6451      49.00195 
-116.4542      49.0018 
-116.2634      49.00131 
-116.0725      49.00049 
-116.042       49.00033 
 1             2 
 2 
 -9998.0  ,   -9997.0
  1999.0  ,    9990.0
 19 
-120           49.00131 
-119.8804      49.00091 
-119.7195      49.00012 
-119.6895      49.0003 
-119.4987      49.00125 
-119.3078      49.00189 
-119.117       49.00219 
-118.9261      49.00216 
-118.7352      49.0018 
-118.5443      49.0011 
-118.5297      49.00104 
-118.3535      49.00193 
-118.1626      49.00257 
-117.9717      49.00289 
-117.7809      49.00287 
-117.59        49.00253 
-117.3991      49.00186 
-117.2083      49.00086 
-117.0268      48.9996 
 1             3 
 2 
 -9998.0  ,   -9997.0
  1999.0  ,    9990.0
 112 
-114.6496      50 
-114.6496      50 
-114.6446      49.99301 
-114.6481      49.9746 
-114.6496      49.97423 
-114.6756      49.96799 
-114.686       49.95128 
-114.6862      49.93553 
-114.6816      49.92174 
-114.6864      49.89995 
-114.6831      49.89322 
-114.6618      49.86568 
-114.656       49.85813 
-114.6507      49.84712 
-114.6342      49.83346 
-114.6369      49.81896 
-114.6288      49.8089 
-114.6322      49.80034 
-114.6316      49.7844 
-114.6366      49.77714 
-114.6474      49.77269 
-114.653       49.76724 
-114.6506      49.76058 
-114.6415      49.75531 
-114.64        49.75444 
-114.6397      49.74618 
-114.6333      49.74156 
-114.6308      49.73076 
-114.6428      49.71994 
-114.6655      49.71054 
-114.669       49.7014 
-114.663       49.67032 
-114.6541      49.6549 
-114.6535      49.64838 
-114.6582      49.64521 
-114.6597      49.64417 
-114.7032      49.63935 
-114.714       49.63019 
-114.7308      49.62739 
-114.7403      49.62047 
-114.7413      49.60996 
-114.7232      49.58158 
-114.7052      49.56276 
-114.6977      49.55504 
-114.6895      49.5536 
-114.6742      49.55715 
-114.6433      49.54679 
-114.6286      49.5472 
-114.6107      49.55212 
-114.5941      49.56267 
-114.5838      49.5658 
-114.5737      49.56104 
-114.5624      49.54985 
-114.5646      49.53837 
-114.5649      49.53659 
-114.5767      49.51933 
-114.587       49.50986 
-114.5936      49.50088 
-114.5933      49.46999 
-114.6002      49.43968 
-114.5932      49.41854 
-114.5806      49.39537 
-114.5682      49.38409 
-114.5541      49.38138 
-114.5378      49.38403 
-114.5271      49.38316 
-114.5209      49.36445 
-114.4866      49.35377 
-114.4754      49.34257 
-114.475       49.3402 
-114.4743      49.33536 
-114.4842      49.32191 
-114.4804      49.31607 
-114.4667      49.31179 
-114.4565      49.30147 
-114.4458      49.29426 
-114.443       49.28374 
-114.4461      49.2737 
-114.4407      49.27009 
-114.3803      49.25844 
-114.3765      49.25772 
-114.3736      49.25431 
-114.3937      49.24408 
-114.3898      49.22002 
-114.3935      49.21319 
-114.3647      49.20608 
-114.3425      49.19554 
-114.3332      49.20031 
-114.3095      49.19756 
-114.2975      49.19252 
-114.2883      49.18867 
-114.2535      49.18103 
-114.2422      49.18326 
-114.2312      49.19025 
-114.2239      49.19044 
-114.2101      49.1869 
-114.2027      49.1752 
-114.1644      49.1609 
-114.153       49.15122 
-114.1495      49.14459 
-114.1503      49.14341 
-114.1562      49.13487 
-114.1543      49.12599 
-114.1387      49.08903 
-114.1199      49.08032 
-114.0986      49.06584 
-114.0681      49.05533 
-114.0608      49.04994 
-114.0594      49.04629 
-114.052       49.02703 
-114.0649      49.01069 
-114.0686      48.99899 
 1             4 
 2 
 -9998.0  ,   -9997.0
  1999.0  ,    9990.0
 14 
-116.042       49.00033 
-115.8511      49.00067 
-115.6603      49.00069 
-115.4694      49.00037 
-115.2786      48.99972 
-115.0877      48.99875 
-115.0404      48.99845 
-115           48.99863 
-114.8969      48.99907 
-114.706       48.9996 
-114.5151      48.9998 
-114.3243      48.99967 
-114.1334      48.99922 
-114.0686      48.99899 
 1             5 
 2 
 -9998.0  ,   -9997.0
  1999.0  ,    9990.0
 2 
-114.0686      48.99899 
-114           48.99695 
 1             6 
 2 
 -9998.0  ,   -9997.0
  1999.0  ,    9990.0
 145 
-116.042       49.00033 
-116.042       48.87479 
-116.042       48.74926 
-116.042       48.62374 
-116.0421      48.49824 
-116.0421      48.37275 
-116.0421      48.24727 
-116.0421      48.12181 
-116.0421      48 
-116.0469      48.00001 
-116.0469      47.998 
-116.0478      47.9944 
-116.0512      47.98113 
-116.0482      47.97336 
-116.0432      47.96808 
-116.0333      47.96461 
-116.0286      47.96572 
-116.0161      47.95789 
-116.0084      47.94713 
-116.0032      47.9261 
-115.9685      47.90742 
-115.9675      47.90399 
-115.9703      47.89544 
-115.9247      47.86042 
-115.9167      47.84941 
-115.8925      47.83827 
-115.8708      47.83264 
-115.8525      47.82382 
-115.8496      47.80777 
-115.8488      47.80303 
-115.8494      47.78181 
-115.8408      47.77193 
-115.8359      47.755 
-115.8319      47.7511 
-115.8171      47.74984 
-115.8044      47.75637 
-115.7833      47.74092 
-115.7843      47.7213 
-115.7798      47.71788 
-115.7776      47.71623 
-115.7563      47.71401 
-115.7422      47.70819 
-115.7261      47.69779 
-115.7219      47.68954 
-115.7278      47.67909 
-115.7263      47.6704 
-115.7364      47.65313 
-115.7341      47.64695 
-115.7252      47.6382 
-115.7027      47.62791 
-115.6975      47.61652 
-115.6971      47.60031 
-115.6935      47.59366 
-115.7031      47.58301 
-115.7175      47.57491 
-115.7223      47.56787 
-115.7325      47.56498 
-115.7386      47.56617 
-115.7431      47.55525 
-115.7565      47.54645 
-115.7535      47.54026 
-115.7331      47.53389 
-115.725       47.53136 
-115.7061      47.52892 
-115.7042      47.52206 
-115.7097      47.52005 
-115.7132      47.51254 
-115.7079      47.5036 
-115.6916      47.49341 
-115.6884      47.48494 
-115.6837      47.48353 
-115.6701      47.48593 
-115.6642      47.48131 
-115.667       47.47585 
-115.6759      47.46771 
-115.6985      47.45639 
-115.7126      47.44931 
-115.7469      47.4385 
-115.7623      47.42197 
-115.7556      47.41637 
-115.7391      47.42085 
-115.7228      47.41793 
-115.7093      47.41041 
-115.6888      47.4093 
-115.6739      47.40269 
-115.6618      47.3942 
-115.6578      47.39142 
-115.6522      47.3805 
-115.6419      47.37744 
-115.623       47.37773 
-115.6082      47.376 
-115.5819      47.36366 
-115.5777      47.35379 
-115.563       47.34635 
-115.5511      47.33665 
-115.5398      47.3156 
-115.5369      47.31025 
-115.5162      47.28926 
-115.4975      47.28155 
-115.4619      47.27981 
-115.451       47.27421 
-115.4425      47.27526 
-115.4272      47.28356 
-115.4186      47.26451 
-115.4126      47.26056 
-115.4105      47.26071 
-115.3874      47.26235 
-115.3398      47.25702 
-115.3338      47.25809 
-115.3248      47.25548 
-115.3208      47.25087 
-115.3235      47.23628 
-115.3213      47.23191 
-115.3011      47.22163 
-115.2944      47.20716 
-115.298       47.19875 
-115.3048      47.19175 
-115.303       47.18693 
-115.294       47.18363 
-115.2659      47.17987 
-115.2586      47.17658 
-115.2553      47.1601 
-115.2481      47.15339 
-115.2268      47.14856 
-115.2099      47.14127 
-115.2026      47.14027 
-115.192       47.13465 
-115.1828      47.1245 
-115.1809      47.1224 
-115.1736      47.10928 
-115.168       47.10601 
-115.1533      47.10354 
-115.15        47.09985 
-115.1391      47.09559 
-115.1361      47.09144 
-115.0872      47.02291 
-115.075       47.00586 
-115.0729      46.99807 
-115.0547      46.98068 
-115.0513      46.97195 
-115.0453      46.97073 
-115.0288      46.97393 
-115.0182      46.97286 
-115.004       46.96809 
-115           46.96495 
 1             7 
 2 
 -9998.0  ,   -9997.0
  1999.0  ,    9990.0
 74 
-117.0268      48.9996 
-117.0242      48.87407 
-117.0231      48.82529 
-117.0255      48.74856 
-117.0294      48.62307 
-117.0333      48.49759 
-117.0372      48.37213 
-117.041       48.24668 
-117.0449      48.12125 
-117.0485      48.00001 
-117.0357      48 
-117.0366      47.94937 
-117.0351      47.93337 
-117.0352      47.92656 
-117.0365      47.82089 
-117.0405      47.81563 
-117.0398      47.80605 
-117.038       47.80191 
-117.037       47.79967 
-117.0355      47.76567 
-117.0334      47.75905 
-117.0357      47.74467 
-117.0358      47.67673 
-117.0359      47.5512 
-117.0361      47.42563 
-117.0362      47.30006 
-117.0364      47.17447 
-117.0365      47.04885 
-117.0367      46.92322 
-117.0368      46.79756 
-117.037       46.6719 
-117.0371      46.54622 
-117.0373      46.42052 
-117.0292      46.41717 
-117.0364      46.39225 
-117.0434      46.38082 
-117.0566      46.36572 
-117.0598      46.35338 
-117.0578      46.34743 
-117.0506      46.34127 
-117.0324      46.3358 
-117.0241      46.33077 
-117.0059      46.3038 
-116.9947      46.29489 
-116.9953      46.29284 
-116.9924      46.29215 
-116.9884      46.28667 
-116.9897      46.27592 
-116.9867      46.26998 
-116.9693      46.25833 
-116.9623      46.24758 
-116.9587      46.23249 
-116.9597      46.22106 
-116.9666      46.20186 
-116.9626      46.19614 
-116.956       46.19294 
-116.9475      46.18639 
-116.9379      46.179 
-116.9251      46.16345 
-116.9284      46.15293 
-116.9422      46.12573 
-116.9511      46.11384 
-116.9521      46.10264 
-116.9567      46.09967 
-116.9748      46.09578 
-116.9771      46.09395 
-116.98        46.08366 
-116.9777      46.08092 
-116.9636      46.07428 
-116.9501      46.06354 
-116.9435      46.05577 
-116.9287      46.02581 
-116.9192      46.01483 
-116.9136      45.99888 
 1             8 
 2 
 -9998.0  ,   -9997.0
  1999.0  ,    9990.0
 61 
-120           45.81162 
-119.9888      45.81549 
-119.9793      45.81945 
-119.9618      45.82674 
-119.8976      45.83212 
-119.81        45.85391 
-119.808       45.8538 
-119.7592      45.85131 
-119.7216      45.85712 
-119.6689      45.88362 
-119.6494      45.89748 
-119.64        45.9042 
-119.6191      45.91434 
-119.5913      45.92465 
-119.5675      45.92565 
-119.5348      45.91196 
-119.5034      45.90779 
-119.4901      45.90904 
-119.4878      45.90967 
-119.451       45.91957 
-119.4071      45.92187 
-119.3939      45.92409 
-119.3128      45.93765 
-119.3048      45.93899 
-119.2514      45.94011 
-119.195       45.92813 
-119.1412      45.93272 
-119.1361      45.93413 
-119.0933      45.94593 
-119.0668      45.95827 
-119.0214      45.97315 
-118.9866      46.00053 
-118.8061      46.00185 
-118.6255      46.00289 
-118.4449      46.00366 
-118.3621      46.00392 
-118.3565      46.00396 
-118.2561      46.00483 
-118.1759      46.00414 
-118.1382      46.00379 
-118.0574      46.00543 
-118.039       46.00404 
-117.9954      46.00378 
-117.945       46.00346 
-117.852       46.00462 
-117.8149      46.00428 
-117.6569      46.00269 
-117.6345      46.00491 
-117.5922      46.00319 
-117.5685      46.00062 
-117.5235      46.00071 
-117.4713      46.00312 
-117.4544      46.00282 
-117.4522      46.00278 
-117.4433      46.00032 
-117.2771      45.99987 
-117.2745      46.00006 
-117.2544      46.00157 
-117.2406      46.00049 
-117.0941      45.99988 
-116.9136      45.99888 
 1             9 
 2 
 -9998.0  ,   -9997.0
  1999.0  ,    9990.0
 289 
-115           46.96495 
-114.9844      46.95251 
-114.9767      46.94166 
-114.9685      46.93537 
-114.9567      46.92834 
-114.9551      46.9276 
-114.9317      46.91701 
-114.9256      46.90777 
-114.9285      46.90188 
-114.9364      46.89468 
-114.9323      46.8768 
-114.9375      46.86979 
-114.9463      46.86489 
-114.9462      46.85849 
-114.9356      46.85696 
-114.9268      46.85112 
-114.9259      46.84562 
-114.9292      46.83767 
-114.9273      46.83308 
-114.9211      46.82812 
-114.9179      46.82562 
-114.906       46.82292 
-114.9021      46.82035 
-114.9009      46.80548 
-114.8967      46.80153 
-114.8667      46.81113 
-114.8584      46.80095 
-114.8369      46.78553 
-114.8247      46.78008 
-114.809       46.78098 
-114.7948      46.77892 
-114.7913      46.77605 
-114.7702      46.75887 
-114.7663      46.74624 
-114.7695      46.73852 
-114.7795      46.72977 
-114.79        46.71256 
-114.7869      46.70543 
-114.7779      46.70803 
-114.7682      46.7081 
-114.7725      46.70131 
-114.7703      46.69647 
-114.76        46.69631 
-114.7459      46.70359 
-114.7437      46.70473 
-114.7392      46.70945 
-114.7278      46.71406 
-114.7188      46.71346 
-114.7104      46.71652 
-114.6959      46.73936 
-114.6874      46.73465 
-114.676       46.73811 
-114.6677      46.73683 
-114.6526      46.73154 
-114.6281      46.711 
-114.6214      46.70334 
-114.6224      46.70119 
-114.6278      46.69043 
-114.6281      46.68243 
-114.6405      46.67922 
-114.6448      46.6706 
-114.6423      46.66599 
-114.6297      46.65822 
-114.6283      46.65089 
-114.6245      46.64556 
-114.6161      46.63924 
-114.5937      46.63428 
-114.5811      46.64137 
-114.5595      46.64121 
-114.5503      46.6449 
-114.5409      46.64865 
-114.5344      46.64648 
-114.5289      46.64203 
-114.518       46.63978 
-114.5054      46.64 
-114.5011      46.63901 
-114.4894      46.6317 
-114.4739      46.62982 
-114.4664      46.63333 
-114.4518      46.64975 
-114.4237      46.66271 
-114.3995      46.6627 
-114.3986      46.66285 
-114.369       46.66851 
-114.361       46.66789 
-114.347       46.6603 
-114.332       46.65452 
-114.327       46.64664 
-114.3268      46.61852 
-114.336       46.59721 
-114.3456      46.59146 
-114.3436      46.58438 
-114.3406      46.57421 
-114.3537      46.53171 
-114.3518      46.51429 
-114.3618      46.50466 
-114.3735      46.50168 
-114.3966      46.50397 
-114.4071      46.48931 
-114.4068      46.48783 
-114.4055      46.48082 
-114.4002      46.47271 
-114.3954      46.46828 
-114.3846      46.46372 
-114.3842      46.45731 
-114.3892      46.44963 
-114.3822      46.43509 
-114.3872      46.42627 
-114.3888      46.41738 
-114.4076      46.4038 
-114.4228      46.38763 
-114.4236      46.3833 
-114.422       46.37897 
-114.4161      46.36372 
-114.4211      46.33043 
-114.4309      46.31735 
-114.4343      46.3053 
-114.4291      46.28667 
-114.4316      46.28169 
-114.451       46.26033 
-114.4544      46.25651 
-114.455       46.24257 
-114.4504      46.23196 
-114.4491      46.22302 
-114.4535      46.21235 
-114.4514      46.20682 
-114.4429      46.19751 
-114.4475      46.1713 
-114.4513      46.16863 
-114.4642      46.1675 
-114.4746      46.16107 
-114.4833      46.16603 
-114.4871      46.16663 
-114.4948      46.16785 
-114.5019      46.16477 
-114.5144      46.16524 
-114.5161      46.15429 
-114.5303      46.14449 
-114.5188      46.13581 
-114.5211      46.12763 
-114.5176      46.12367 
-114.4849      46.11643 
-114.4753      46.11122 
-114.4639      46.09865 
-114.4628      46.09223 
-114.4642      46.08994 
-114.4716      46.07752 
-114.4732      46.06978 
-114.4702      46.06354 
-114.4767      46.05795 
-114.4906      46.05478 
-114.5089      46.04094 
-114.5108      46.03503 
-114.5092      46.03202 
-114.5004      46.0298 
-114.4778      46.02983 
-114.4774      46.02159 
-114.4879      46.00486 
-114.4886      46.00123 
-114.48        45.99739 
-114.4684      45.99924 
-114.4625      45.99867 
-114.4503      45.99294 
-114.4272      45.9877 
-114.4072      45.96992 
-114.4068      45.96328 
-114.4127      45.95333 
-114.4339      45.94093 
-114.4212      45.92367 
-114.4115      45.91053 
-114.4012      45.9053 
-114.3975      45.89996 
-114.3898      45.89455 
-114.3895      45.88745 
-114.3933      45.88135 
-114.4069      45.8688 
-114.4084      45.85739 
-114.421       45.85993 
-114.431       45.86515 
-114.4444      45.86519 
-114.4647      45.85734 
-114.4706      45.85687 
-114.4927      45.85512 
-114.5072      45.85242 
-114.516       45.84663 
-114.5172      45.83887 
-114.5147      45.83563 
-114.5162      45.83154 
-114.5213      45.82614 
-114.5302      45.82424 
-114.5339      45.81425 
-114.5505      45.79946 
-114.5595      45.78612 
-114.5703      45.77854 
-114.5717      45.77582 
-114.5682      45.77118 
-114.5664      45.76863 
-114.5498      45.76513 
-114.5464      45.7598 
-114.5478      45.74999 
-114.5262      45.73152 
-114.5096      45.73007 
-114.498       45.71543 
-114.497       45.70855 
-114.5022      45.70064 
-114.5125      45.69535 
-114.5166      45.69084 
-114.5014      45.68667 
-114.5015      45.68521 
-114.5021      45.67799 
-114.5091      45.66417 
-114.5209      45.65523 
-114.5323      45.65705 
-114.5448      45.64606 
-114.5599      45.64291 
-114.5659      45.63822 
-114.5618      45.62807 
-114.5436      45.61584 
-114.541       45.60801 
-114.555       45.59559 
-114.5592      45.59188 
-114.5578      45.57743 
-114.5596      45.57037 
-114.5641      45.56474 
-114.5578      45.55981 
-114.5446      45.56278 
-114.5338      45.57127 
-114.5263      45.57296 
-114.5208      45.57012 
-114.5165      45.56454 
-114.5072      45.55934 
-114.4981      45.55871 
-114.4876      45.56148 
-114.4868      45.56467 
-114.4731      45.56533 
-114.466       45.56336 
-114.4622      45.561 
-114.4687      45.55311 
-114.4647      45.54709 
-114.4501      45.55162 
-114.4402      45.54593 
-114.4296      45.50957 
-114.4056      45.50659 
-114.3873      45.50152 
-114.3824      45.50018 
-114.3726      45.49312 
-114.3651      45.48427 
-114.3629      45.47462 
-114.3564      45.46808 
-114.3423      45.46116 
-114.3275      45.46567 
-114.3196      45.46596 
-114.3074      45.4783 
-114.2865      45.4813 
-114.2782      45.48456 
-114.2672      45.50137 
-114.2663      45.50262 
-114.2553      45.52482 
-114.2542      45.54219 
-114.2481      45.54893 
-114.2356      45.55095 
-114.2184      45.54258 
-114.2084      45.53939 
-114.1977      45.53824 
-114.1912      45.5452 
-114.1906      45.55091 
-114.1861      45.55677 
-114.1696      45.55435 
-114.164       45.55485 
-114.1614      45.55508 
-114.1474      45.56279 
-114.1372      45.56371 
-114.1335      45.56775 
-114.1339      45.5792 
-114.1291      45.58459 
-114.1054      45.58956 
-114.0977      45.5935 
-114.0878      45.60358 
-114.0759      45.62781 
-114.0589      45.63566 
-114.0534      45.63949 
-114.038       45.65006 
-114.0218      45.65541 
-114.0189      45.66083 
-114.0229      45.68038 
-114.0208      45.69681 
-114.0111      45.70116 
-114.0032      45.70212 
-114           45.70399 
 1             10 
 2 
 -9998.0  ,   -9997.0
  1999.0  ,    9990.0
 99 
-116.9136      45.99888 
-116.9068      45.99036 
-116.89        45.97572 
-116.8867      45.9652 
-116.8799      45.95765 
-116.872       45.9533 
-116.8651      45.9206 
-116.8557      45.90641 
-116.8383      45.8897 
-116.8368      45.88908 
-116.8223      45.88306 
-116.8056      45.87092 
-116.7935      45.85672 
-116.785       45.83385 
-116.7801      45.8272 
-116.7681      45.81827 
-116.7504      45.82349 
-116.7379      45.82942 
-116.7272      45.82906 
-116.7163      45.82869 
-116.7013      45.82088 
-116.6934      45.81446 
-116.6889      45.80416 
-116.6801      45.79362 
-116.671       45.78697 
-116.6589      45.7826 
-116.6523      45.78189 
-116.6438      45.78461 
-116.6346      45.7855 
-116.6252      45.7825 
-116.6101      45.78314 
-116.6026      45.78107 
-116.5876      45.7721 
-116.5671      45.75877 
-116.5514      45.75117 
-116.543       45.74062 
-116.5395      45.73055 
-116.5409      45.71797 
-116.5397      45.69624 
-116.5346      45.6873 
-116.5247      45.67706 
-116.5164      45.66848 
-116.4982      45.65423 
-116.4876      45.64161 
-116.4882      45.6375 
-116.4863      45.63337 
-116.4785      45.6306 
-116.4756      45.62304 
-116.4698      45.61845 
-116.4669      45.61225 
-116.4699      45.60312 
-116.4874      45.58466 
-116.4861      45.581 
-116.4887      45.57689 
-116.4961      45.57255 
-116.5041      45.5678 
-116.5084      45.56187 
-116.527       45.55646 
-116.5303      45.55257 
-116.5278      45.5425 
-116.5472      45.51559 
-116.5577      45.50921 
-116.559       45.5035 
-116.5561      45.49525 
-116.5614      45.48017 
-116.5576      45.47216 
-116.5592      45.46759 
-116.5615      45.46279 
-116.5808      45.45119 
-116.5896      45.44367 
-116.5954      45.42588 
-116.5979      45.41784 
-116.6045      45.40895 
-116.6208      45.39733 
-116.6444      45.36102 
-116.6552      45.35213 
-116.6682      45.33455 
-116.6751      45.31946 
-116.6756      45.31556 
-116.6761      45.311 
-116.673       45.28995 
-116.6779      45.27807 
-116.6939      45.26003 
-116.7099      45.22163 
-116.711       45.20585 
-116.7154      45.19573 
-116.7244      45.17545 
-116.7326      45.14275 
-116.7615      45.11581 
-116.7725      45.10873 
-116.7787      45.10142 
-116.7832      45.08473 
-116.7841      45.08334 
-116.7962      45.06484 
-116.8344      45.03812 
-116.8402      45.03057 
-116.8445      45.01937 
-116.8406      45.00289 
-116.8423      45 
