 28 
 1             1 
1
 -9999.0   ,   9990.0 
 405 
 161.4627      60 
 161.4698      60.00192 
 161.4697      60.00675 
 161.4905      60.03361 
 161.5008      60.03961 
 161.5113      60.04078 
 161.5478      60.04478 
 161.5717      60.04817 
 161.5922      60.05331 
 161.6103      60.06361 
 161.6411      60.07609 
 161.6542      60.07803 
 161.6718      60.08398 
 161.694       60.09553 
 161.725       60.10158 
 161.7482      60.11659 
 161.7767      60.12006 
 161.7855      60.12395 
 161.7972      60.13453 
 161.8077      60.13959 
 161.8229      60.14342 
 161.8372      60.152 
 161.8564      60.17189 
 161.862       60.17503 
 161.8696      60.177 
 161.8754      60.17856 
 161.8969      60.1937 
 161.9068      60.196 
 161.9278      60.20634 
 161.947       60.22237 
 161.9509      60.22887 
 161.9572      60.27381 
 161.9536      60.28681 
 161.9523      60.29153 
 161.9453      60.30189 
 161.9384      60.30675 
 161.9231      60.30709 
 161.9139      60.30206 
 161.9127      60.29586 
 161.9068      60.29481 
 161.9017      60.29536 
 161.8981      60.2987 
 161.8986      60.30306 
 161.9104      60.3102 
 161.9183      60.33281 
 161.9243      60.33753 
 161.9383      60.34083 
 161.9453      60.34489 
 161.938       60.35339 
 161.9402      60.37858 
 161.9406      60.38342 
 161.951       60.39509 
 161.9555      60.41578 
 161.9603      60.41886 
 161.9756      60.41831 
 161.9929      60.42625 
 161.9988      60.42731 
 162.012       60.4242 
 162.0262      60.42567 
 162.0433      60.43064 
 162.0807      60.45183 
 162.0875      60.45883 
 162.0874      60.4597 
 162.0869      60.46456 
 162.0944      60.47889 
 162.0991      60.48245 
 162.1013      60.47975 
 162.0943      60.46539 
 162.0998      60.46095 
 162.1063      60.46064 
 162.1166      60.46453 
 162.1189      60.46984 
 162.1542      60.47361 
 162.1741      60.47931 
 162.189       60.48809 
 162.2076      60.50931 
 162.2164      60.51931 
 162.2394      60.52072 
 162.2859      60.53039 
 162.3911      60.53189 
 162.4211      60.53936 
 162.4326      60.54597 
 162.4338      60.54714 
 162.4498      60.56348 
 162.4594      60.56983 
 162.5256      60.60267 
 162.5388      60.60567 
 162.5597      60.60606 
 162.5821      60.59872 
 162.6154      60.59545 
 162.6265      60.59308 
 162.639       60.59039 
 162.6673      60.59184 
 162.714       60.60045 
 162.7251      60.6075 
 162.7323      60.62361 
 162.7364      60.62483 
 162.7545      60.61945 
 162.7628      60.62003 
 162.8075      60.64528 
 162.812       60.64939 
 162.8145      60.65178 
 162.8216      60.67042 
 162.8329      60.68203 
 162.8449      60.69 
 162.872       60.7035 
 162.9049      60.72528 
 162.9077      60.73356 
 162.904       60.74606 
 162.9065      60.75092 
 162.9129      60.75261 
 162.9224      60.75048 
 162.9232      60.75067 
 162.9468      60.75614 
 162.9575      60.75653 
 162.9788      60.76647 
 163.0101      60.77336 
 163.0195      60.77259 
 163.0627      60.75406 
 163.0808      60.74792 
 163.1331      60.74848 
 163.1395      60.75039 
 163.143       60.75356 
 163.1457      60.75598 
 163.1502      60.767 
 163.1333      60.76767 
 163.1275      60.7717 
 163.1301      60.7747 
 163.1472      60.777 
 163.1788      60.78889 
 163.1893      60.79956 
 163.1962      60.80239 
 163.2032      60.80203 
 163.2164      60.79353 
 163.2436      60.79231 
 163.268       60.78923 
 163.2806      60.78986 
 163.2895      60.79175 
 163.318       60.79789 
 163.3344      60.79833 
 163.342       60.79639 
 163.3469      60.7912 
 163.3311      60.75625 
 163.3388      60.75203 
 163.3481      60.76128 
 163.3775      60.7797 
 163.3872      60.78989 
 163.3992      60.80261 
 163.4183      60.81198 
 163.4275      60.81506 
 163.4471      60.81553 
 163.461       60.81867 
 163.5158      60.836 
 163.5392      60.84634 
 163.5729      60.84672 
 163.592       60.85453 
 163.5954      60.85589 
 163.6427      60.86622 
 163.6525      60.86678 
 163.6667      60.86375 
 163.7014      60.8415 
 163.7109      60.83817 
 163.7241      60.8367 
 163.7445      60.83967 
 163.7535      60.83792 
 163.7702      60.83147 
 163.7729      60.83287 
 163.7703      60.83853 
 163.7922      60.83236 
 163.7943      60.83673 
 163.7776      60.84386 
 163.7371      60.84711 
 163.7213      60.84672 
 163.7151      60.84803 
 163.7103      60.85142 
 163.7111      60.85509 
 163.7206      60.86408 
 163.7349      60.86881 
 163.7452      60.87942 
 163.7633      60.90539 
 163.769       60.9057 
 163.7775      60.90281 
 163.7896      60.90383 
 163.7979      60.90848 
 163.8097      60.92003 
 163.8146      60.92486 
 163.8169      60.92556 
 163.8149      60.92603 
 163.8125      60.931 
 163.804       60.93092 
 163.7937      60.92008 
 163.7878      60.91886 
 163.7844      60.91817 
 163.7666      60.92067 
 163.757       60.922 
 163.7429      60.92256 
 163.7271      60.92878 
 163.7044      60.93245 
 163.6867      60.94095 
 163.6716      60.95242 
 163.6625      60.95667 
 163.6521      60.95861 
 163.6342      60.95911 
 163.6189      60.96328 
 163.6065      60.96886 
 163.5956      60.97078 
 163.5816      60.97909 
 163.5766      60.97925 
 163.5712      60.97942 
 163.5621      60.98297 
 163.5448      60.99945 
 163.5352      61.00275 
 163.5189      60.99092 
 163.5096      60.99723 
 163.5069      61.00425 
 163.5106      61.0162 
 163.523       61.02228 
 163.5255      61.02939 
 163.5424      61.03003 
 163.562       61.04395 
 163.5749      61.04867 
 163.5813      61.04914 
 163.5857      61.04948 
 163.6014      61.04623 
 163.6127      61.04703 
 163.6243      61.0515 
 163.6333      61.06006 
 163.6393      61.07153 
 163.6512      61.07945 
 163.652       61.08356 
 163.6409      61.09964 
 163.6316      61.10617 
 163.6557      61.11625 
 163.669       61.12439 
 163.6808      61.13525 
 163.6893      61.13647 
 163.7058      61.13528 
 163.7124      61.13673 
 163.7354      61.15181 
 163.748       61.15536 
 163.7756      61.17298 
 163.8159      61.18297 
 163.8634      61.20167 
 163.8821      61.20686 
 163.8903      61.20811 
 163.9297      61.21414 
 163.9552      61.22806 
 163.9644      61.23636 
 163.9674      61.24484 
 163.9647      61.25578 
 163.9586      61.26439 
 163.9621      61.27264 
 164.0136      61.30472 
 164.0174      61.30711 
 164.0238      61.31403 
 164.021       61.32703 
 164.034       61.33442 
 164.0381      61.34153 
 164.0391      61.35411 
 164.0275      61.3725 
 163.9946      61.40125 
 163.9687      61.41725 
 163.9339      61.43247 
 163.9012      61.43973 
 163.8745      61.43973 
 163.8354      61.43822 
 163.8203      61.43467 
 163.8133      61.4305 
 163.8104      61.41973 
 163.8044      61.41511 
 163.786       61.41081 
 163.7807      61.41167 
 163.7721      61.42292 
 163.761       61.43753 
 163.7576      61.46214 
 163.7974      61.50181 
 163.8296      61.52245 
 163.8388      61.53739 
 163.8502      61.55598 
 163.8586      61.56311 
 163.8579      61.57956 
 163.8621      61.60675 
 163.8788      61.64389 
 163.892       61.64995 
 163.9069      61.65264 
 163.9145      61.65403 
 163.9338      61.66195 
 163.9708      61.66159 
 163.9843      61.66009 
 164.0132      61.66031 
 164.0208      61.66175 
 164.0383      61.67012 
 164.0654      61.67897 
 164.0599      61.68442 
 164.0606      61.69242 
 164.0723      61.71489 
 164.0754      61.73934 
 164.083       61.75698 
 164.0796      61.78433 
 164.0863      61.79384 
 164.0893      61.79811 
 164.0855      61.81222 
 164.0774      61.82131 
 164.0572      61.83531 
 164.0571      61.8385 
 164.0729      61.84295 
 164.0822      61.85306 
 164.088       61.86636 
 164.1066      61.88953 
 164.1071      61.90822 
 164.1073      61.91375 
 164.1021      61.92467 
 164.0892      61.93234 
 164.0882      61.93506 
 164.0971      61.9422 
 164.0895      61.97022 
 164.0818      61.98159 
 164.0845      61.98753 
 164.116       62.00328 
 164.125       62.01178 
 164.1272      62.01797 
 164.1262      62.02222 
 164.121       62.04373 
 164.1257      62.049 
 164.1218      62.05103 
 164.1191      62.05967 
 164.1076      62.06872 
 164.1088      62.0765 
 164.0933      62.08939 
 164.0932      62.09259 
 164.1108      62.10481 
 164.1305      62.11295 
 164.1395      62.121 
 164.1446      62.12992 
 164.1448      62.13484 
 164.1449      62.13564 
 164.1376      62.15042 
 164.1274      62.16197 
 164.1336      62.16956 
 164.131       62.17364 
 164.1333      62.17959 
 164.1433      62.18423 
 164.1466      62.18767 
 164.1417      62.22189 
 164.1623      62.25442 
 164.1724      62.27045 
 164.1899      62.27514 
 164.2136      62.28511 
 164.2268      62.28656 
 164.2351      62.28981 
 164.2439      62.30514 
 164.2497      62.30884 
 164.26        62.31003 
 164.2707      62.31467 
 164.2843      62.31678 
 164.2926      62.32095 
 164.3063      62.32147 
 164.3252      62.32958 
 164.3473      62.32947 
 164.3502      62.33061 
 164.3515      62.33058 
 164.3689      62.32981 
 164.3728      62.3312 
 164.3872      62.34542 
 164.392       62.34728 
 164.3975      62.34547 
 164.4112      62.34556 
 164.4293      62.34722 
 164.4454      62.35209 
 164.4552      62.35625 
 164.46        62.36106 
 164.4612      62.37089 
 164.4575      62.385 
 164.4608      62.3905 
 164.4686      62.39395 
 164.4936      62.40023 
 164.5093      62.39984 
 164.5138      62.39803 
 164.52        62.40353 
 164.5257      62.4152 
 164.5398      62.42484 
 164.541       62.43945 
 164.5479      62.4372 
 164.5548      62.43698 
 164.571       62.44025 
 164.5898      62.43939 
 164.6105      62.43536 
 164.6207      62.44339 
 164.6422      62.45189 
 164.7007      62.45053 
 164.7428      62.45289 
 164.7536      62.45178 
 164.8031      62.43342 
 164.8164      62.43114 
 164.8568      62.42987 
 164.878       62.42123 
 164.9306      62.41992 
 164.9483      62.41759 
 164.9696      62.41472 
 165           62.41609 
 165.001       62.41614 
 165.0281      62.41386 
 165.0483      62.41639 
 165.0675      62.41617 
 165.1377      62.40753 
 1             2 
1
 -9999.0   ,   9990.0 
 78 
 167.3819      60.40317 
 167.3822      60.39997 
 167.3898      60.3955 
 167.3858      60.39145 
 167.3753      60.38728 
 167.3646      60.37947 
 167.3582      60.37958 
 167.3375      60.3877 
 167.3269      60.38833 
 167.311       60.38495 
 167.3064      60.37839 
 167.3075      60.37359 
 167.302       60.36817 
 167.2853      60.36067 
 167.2238      60.34339 
 167.2202      60.34273 
 167.2089      60.34064 
 167.1918      60.34045 
 167.1733      60.34648 
 167.1568      60.34809 
 167.1091      60.36114 
 167.0947      60.36706 
 167.0869      60.37495 
 167.0744      60.38222 
 167.0654      60.39356 
 167.0552      60.40148 
 167.0502      60.4027 
 167.0449      60.39934 
 167.0398      60.391 
 167.0363      60.38531 
 167.0369      60.38003 
 167.0536      60.36561 
 167.0597      60.3525 
 167.0691      60.34025 
 167.0789      60.3335 
 167.0784      60.32595 
 167.0718      60.31486 
 167.0635      60.30834 
 167.049       60.30353 
 167.0262      60.30042 
 166.9948      60.30212 
 166.9854      60.30261 
 166.9761      60.30092 
 166.9654      60.29125 
 166.9551      60.28886 
 166.9503      60.28483 
 166.9553      60.27584 
 166.9543      60.27334 
 166.9045      60.24636 
 166.8881      60.23242 
 166.8819      60.22953 
 166.8732      60.22898 
 166.86        60.23097 
 166.8453      60.23092 
 166.8221      60.22645 
 166.8228      60.22322 
 166.8301      60.22086 
 166.8516      60.22011 
 166.8524      60.21736 
 166.8456      60.2115 
 166.8347      60.20653 
 166.8207      60.20017 
 166.8129      60.19228 
 166.8077      60.17864 
 166.786       60.16772 
 166.7697      60.15353 
 166.7632      60.14286 
 166.7652      60.13645 
 166.7363      60.10642 
 166.7212      60.09864 
 166.6973      60.08631 
 166.6636      60.07164 
 166.6383      60.04795 
 166.6178      60.03789 
 166.6065      60.03003 
 166.6017      60.0262 
 166.5663      60.00923 
 166.552       60 
 1             3 
1
 -9999.0   ,   9990.0 
 167 
 166.1703      60 
 166.158       60.01606 
 166.1778      60.03303 
 166.1803      60.04192 
 166.1744      60.05592 
 166.1744      60.06839 
 166.1787      60.07639 
 166.1821      60.08256 
 166.194       60.09687 
 166.1978      60.10139 
 166.1999      60.1247 
 166.2071      60.13445 
 166.2132      60.13853 
 166.2248      60.14162 
 166.2671      60.14811 
 166.2788      60.15395 
 166.284       60.17217 
 166.2878      60.1765 
 166.3024      60.1922 
 166.3032      60.20081 
 166.3036      60.20558 
 166.2973      60.2237 
 166.2827      60.23981 
 166.2711      60.24859 
 166.2773      60.25334 
 166.2812      60.26197 
 166.2686      60.29453 
 166.2787      60.30792 
 166.2739      60.31642 
 166.275       60.31983 
 166.2746      60.33425 
 166.2629      60.34303 
 166.2438      60.36511 
 166.2457      60.36783 
 166.2586      60.36728 
 166.2718      60.37195 
 166.2903      60.37522 
 166.3083      60.37437 
 166.319       60.37656 
 166.3373      60.386 
 166.361       60.40153 
 166.3746      60.40781 
 166.3771      60.41167 
 166.3751      60.41967 
 166.3689      60.4282 
 166.3457      60.438 
 166.3459      60.44189 
 166.3596      60.44884 
 166.3639      60.45314 
 166.366       60.45906 
 166.3632      60.46092 
 166.354       60.46145 
 166.3499      60.46173 
 166.3407      60.4522 
 166.3365      60.45087 
 166.3163      60.45425 
 166.2921      60.46406 
 166.2631      60.46889 
 166.24        60.46817 
 166.2054      60.45953 
 166.2047      60.45931 
 166.1633      60.44481 
 166.1647      60.44317 
 166.1842      60.4437 
 166.2486      60.4542 
 166.25        60.45248 
 166.2425      60.44956 
 166.1877      60.44145 
 166.1456      60.44014 
 166.0951      60.43033 
 166.093       60.42739 
 166.0995      60.42686 
 166.1269      60.4317 
 166.1348      60.43311 
 166.1493      60.43378 
 166.1522      60.43167 
 166.1487      60.42922 
 166.1287      60.42856 
 166.1009      60.42489 
 166.0746      60.41578 
 166.0446      60.40045 
 166.0361      60.3932 
 166.0288      60.37795 
 166.0108      60.36231 
 166.0029      60.35873 
 165.988       60.35356 
 165.9049      60.33192 
 165.8318      60.31658 
 165.8201      60.31047 
 165.7928      60.28342 
 165.7913      60.28261 
 165.7696      60.2712 
 165.7543      60.26625 
 165.7003      60.25461 
 165.6841      60.24511 
 165.6716      60.2422 
 165.6412      60.23981 
 165.6103      60.22597 
 165.5824      60.21731 
 165.5683      60.21289 
 165.5581      60.21086 
 165.5394      60.21503 
 165.5284      60.21553 
 165.5136      60.21123 
 165.5095      60.20783 
 165.5167      60.20003 
 165.5144      60.19731 
 165.4941      60.19303 
 165.4597      60.19014 
 165.3834      60.16931 
 165.3415      60.15339 
 165.3213      60.13881 
 165.3052      60.13198 
 165.2849      60.111 
 165.2789      60.10767 
 165.2767      60.10645 
 165.2231      60.08662 
 165.2057      60.08547 
 165.2002      60.08756 
 165.1998      60.09211 
 165.208       60.10261 
 165.2053      60.10536 
 165.1902      60.10789 
 165.1678      60.1072 
 165.1646      60.11109 
 165.1678      60.11772 
 165.1935      60.13439 
 165.1912      60.13711 
 165.1861      60.13895 
 165.1765      60.13828 
 165.1596      60.13028 
 165.1541      60.12459 
 165.1513      60.11659 
 165.1509      60.10173 
 165.1394      60.09878 
 165.1202      60.09786 
 165.1033      60.09467 
 165.0822      60.10448 
 165.0731      60.10653 
 165.0621      60.10631 
 165.047       60.10195 
 165.0333      60.09875 
 165.0319      60.09486 
 165.0425      60.08047 
 165.0411      60.07956 
 165.0425      60.07772 
 165.0333      60.06998 
 165.0448      60.05992 
 165.0516      60.06014 
 165.0658      60.07022 
 165.0996      60.07731 
 165.111       60.08597 
 165.1183      60.08736 
 165.1467      60.08348 
 165.1682      60.0855 
 165.1705      60.08436 
 165.1787      60.08047 
 165.1787      60.075 
 165.1545      60.05786 
 165.1467      60.04828 
 165.1503      60.03253 
 165.1572      60.02475 
 165.169       60.02017 
 165.2201      60.01489 
 165.2201      60.00645 
 165.2251      60.0012 
 165.2287      60 
 1             4 
1
 -9999.0   ,   9990.0 
 46 
 164.3449      60 
 164.3465      60.00131 
 164.3529      60.01892 
 164.3505      60.02486 
 164.3446      60.02436 
 164.3354      60.00923 
 164.3135      60.02737 
 164.3134      60.04953 
 164.3274      60.07292 
 164.3415      60.07711 
 164.3454      60.08139 
 164.3522      60.08906 
 164.3563      60.09045 
 164.3627      60.09003 
 164.3687      60.08664 
 164.3702      60.08322 
 164.3651      60.06581 
 164.3657      60.0592 
 164.3685      60.05831 
 164.3774      60.06567 
 164.3841      60.0762 
 164.3765      60.08531 
 164.3814      60.09081 
 164.4169      60.10084 
 164.4278      60.10614 
 164.4416      60.10325 
 164.4518      60.10758 
 164.4529      60.10808 
 164.5121      60.099 
 164.5398      60.0852 
 164.5482      60.07861 
 164.5647      60.07456 
 164.5698      60.07234 
 164.5762      60.06959 
 164.6073      60.04183 
 164.6197      60.03642 
 164.622       60.03367 
 164.6175      60.02839 
 164.6181      60.02428 
 164.6254      60.02067 
 164.6587      60.02148 
 164.6674      60.01945 
 164.6881      60.00831 
 164.6995      60.00675 
 164.7165      60.00178 
 164.7192      60 
 1             5 
1
 -9999.0   ,   9990.0 
 5 
 164.2759      60 
 164.2796      60.013 
 164.2678      60.01178 
 164.2583      60.00875 
 164.2516      60 
 1             6 
1
 -9999.0   ,   9990.0 
 7 
 164.1596      60 
 164.1579      60.00128 
 164.1629      60.00878 
 164.1582      60.01356 
 164.145       60.01253 
 164.1316      60.00056 
 164.1303      60 
 1             7 
1
 -9999.0   ,   9990.0 
 22 
 164.0777      60 
 164.0705      60.00261 
 164.0588      60.00892 
 164.0516      60.02006 
 164.0452      60.02181 
 164.0324      60.02172 
 164.0279      60.01939 
 164.0246      60.00817 
 164.0192      60.00584 
 164.0142      60.00581 
 164.0027      60.02239 
 163.998       60.026 
 163.9898      60.02706 
 163.988       60.02386 
 163.9943      60.01387 
 163.9903      60.01086 
 163.9655      60.01567 
 163.9532      60.01647 
 163.921       60.0107 
 163.9124      60.00675 
 163.8738      60.00364 
 163.8668      60 
 1             8 
1
 -9999.0   ,   9990.0 
 143 
 160           61.37437 
 160.0109      61.37453 
 160.0276      61.37481 
 160.0411      61.37095 
 160.0556      61.37309 
 160.0667      61.36914 
 160.0748      61.36922 
 160.0802      61.374 
 160.0733      61.37878 
 160.0578      61.38303 
 160.0583      61.38556 
 160.0666      61.38792 
 160.072       61.39589 
 160.0946      61.40453 
 160.1026      61.40756 
 160.1138      61.42422 
 160.1121      61.43836 
 160.1043      61.44197 
 160.0787      61.44081 
 160.0667      61.44356 
 160.0566      61.44092 
 160.0488      61.442 
 160.0434      61.44548 
 160.0463      61.44878 
 160.0724      61.46208 
 160.0805      61.46195 
 160.0855      61.46417 
 160.0882      61.46817 
 160.1028      61.47281 
 160.1099      61.47925 
 160.1144      61.48064 
 160.1167      61.48134 
 160.1298      61.49578 
 160.1441      61.49925 
 160.1819      61.50223 
 160.1947      61.50633 
 160.2168      61.5092 
 160.2301      61.51286 
 160.235       61.51534 
 160.2321      61.52484 
 160.2348      61.52883 
 160.2461      61.53058 
 160.2562      61.53003 
 160.262       61.53322 
 160.2668      61.54231 
 160.282       61.54672 
 160.287       61.55342 
 160.2887      61.55567 
 160.2808      61.56067 
 160.2685      61.56228 
 160.2628      61.56528 
 160.2579      61.57675 
 160.2567      61.5795 
 160.2597      61.58831 
 160.2676      61.59292 
 160.2886      61.60031 
 160.2922      61.60522 
 160.2861      61.6135 
 160.2743      61.61833 
 160.2764      61.62025 
 160.2841      61.62348 
 160.3028      61.62667 
 160.3186      61.63384 
 160.3266      61.64097 
 160.3358      61.66603 
 160.3271      61.679 
 160.3168      61.68323 
 160.2969      61.68414 
 160.2919      61.68831 
 160.2815      61.68748 
 160.2773      61.68964 
 160.2816      61.69275 
 160.2905      61.69445 
 160.2956      61.6985 
 160.297       61.6987 
 160.316       61.70128 
 160.3341      61.71472 
 160.3477      61.7177 
 160.3572      61.72467 
 160.3663      61.72542 
 160.3787      61.73592 
 160.3989      61.74553 
 160.3995      61.75128 
 160.4067      61.75495 
 160.4195      61.75698 
 160.4229      61.75961 
 160.4238      61.76353 
 160.4134      61.784 
 160.4115      61.79356 
 160.4108      61.80131 
 160.3952      61.79917 
 160.3773      61.79903 
 160.3721      61.80278 
 160.3773      61.81183 
 160.3841      61.81506 
 160.4019      61.81887 
 160.4124      61.82286 
 160.4159      61.82895 
 160.4125      61.835 
 160.4148      61.84217 
 160.4098      61.84978 
 160.3879      61.86622 
 160.4029      61.87634 
 160.4051      61.8812 
 160.3969      61.89375 
 160.3886      61.89689 
 160.3875      61.90097 
 160.394       61.90967 
 160.3879      61.91128 
 160.3717      61.90595 
 160.3668      61.9067 
 160.3648      61.90981 
 160.3715      61.9167 
 160.366       61.92131 
 160.3566      61.92556 
 160.3315      61.93753 
 160.311       61.9375 
 160.304       61.93589 
 160.294       61.92823 
 160.2643      61.92287 
 160.255       61.91978 
 160.2363      61.90953 
 160.2206      61.89181 
 160.2144      61.88817 
 160.2078      61.887 
 160.2058      61.88375 
 160.1624      61.87595 
 160.1615      61.87578 
 160.1392      61.87611 
 160.1346      61.87437 
 160.1336      61.87112 
 160.1373      61.86645 
 160.1299      61.86412 
 160.1204      61.86584 
 160.0962      61.85398 
 160.0709      61.85125 
 160.048       61.84059 
 160.0445      61.83198 
 160.0264      61.82147 
 160.0156      61.79842 
 160.0114      61.79597 
 160.0031      61.79114 
 160           61.78936 
 1             9 
1
 -9999.0   ,   9990.0 
 7 
 160           61.28189 
 160.0108      61.28492 
 160.0115      61.28514 
 160.0166      61.28923 
 160.0108      61.28964 
 160.0021      61.29028 
 160           61.28953 
 1             10 
1
 -9999.0   ,   9990.0 
 4 
 160           61.11772 
 160.0079      61.10956 
 160.0069      61.10084 
 160           61.09772 
 1             11 
1
 -9999.0   ,   9990.0 
 739 
 160           60.95978 
 160.0057      60.96039 
 160.0103      60.96247 
 160.0207      60.96711 
 160.0217      60.97542 
 160.0298      60.97822 
 160.0556      60.97898 
 160.0681      60.9895 
 160.0808      60.99272 
 160.0814      60.99395 
 160.0826      60.99623 
 160.0717      61.00225 
 160.0729      61.00389 
 160.0866      61.0037 
 160.0914      61.00595 
 160.0953      61.01114 
 160.1034      61.01372 
 160.1259      61.01478 
 160.1478      61.02864 
 160.1703      61.02648 
 160.1763      61.02761 
 160.1937      61.03739 
 160.2056      61.03967 
 160.2295      61.03158 
 160.2617      61.02792 
 160.2639      61.02698 
 160.2779      61.02095 
 160.2905      61.02186 
 160.3086      61.02661 
 160.3236      61.02761 
 160.3295      61.03192 
 160.3403      61.03278 
 160.351       61.03062 
 160.3551      61.03123 
 160.3613      61.03442 
 160.3666      61.04284 
 160.3733      61.04558 
 160.3794      61.04558 
 160.4018      61.03514 
 160.4332      61.03645 
 160.4399      61.03278 
 160.4393      61.02042 
 160.4296      61.01892 
 160.4199      61.01106 
 160.4201      61.00648 
 160.4236      61.00223 
 160.4311      60.99928 
 160.4354      60.99189 
 160.4322      60.98514 
 160.4287      60.9832 
 160.4188      60.98308 
 160.4089      60.97678 
 160.4042      60.97684 
 160.3874      60.96642 
 160.3888      60.96006 
 160.3858      60.95789 
 160.3806      60.95795 
 160.3696      60.94314 
 160.3621      60.93967 
 160.3615      60.93458 
 160.3634      60.93239 
 160.3654      60.93017 
 160.3625      60.92731 
 160.3527      60.92697 
 160.3478      60.92498 
 160.3609      60.91625 
 160.364       60.91134 
 160.3707      60.90998 
 160.3895      60.90122 
 160.3794      60.89561 
 160.373       60.89448 
 160.3603      60.90114 
 160.3546      60.90184 
 160.3474      60.89931 
 160.3395      60.89881 
 160.3278      60.90159 
 160.3146      60.90159 
 160.3123      60.89853 
 160.3152      60.8945 
 160.3113      60.88933 
 160.3058      60.88845 
 160.2914      60.90006 
 160.2831      60.90184 
 160.282       60.89973 
 160.287       60.89145 
 160.2816      60.88048 
 160.2743      60.87908 
 160.2669      60.88453 
 160.2622      60.88461 
 160.2604      60.88086 
 160.2632      60.8715 
 160.2652      60.86456 
 160.2561      60.85942 
 160.2537      60.85042 
 160.2597      60.82956 
 160.2563      60.82761 
 160.2501      60.82761 
 160.2291      60.83922 
 160.221       60.84031 
 160.2171      60.83834 
 160.2093      60.82498 
 160.1909      60.82548 
 160.1872      60.82189 
 160.2198      60.802 
 160.2219      60.80106 
 160.2379      60.79373 
 160.2575      60.77589 
 160.2522      60.75761 
 160.2578      60.74592 
 160.2574      60.73606 
 160.2464      60.71917 
 160.2492      60.71583 
 160.2617      60.7165 
 160.2634      60.7145 
 160.2569      60.70489 
 160.252       60.70334 
 160.23        60.70367 
 160.2295      60.70292 
 160.2265      60.69897 
 160.2194      60.69986 
 160.2128      60.69711 
 160.2082      60.69075 
 160.2103      60.689 
 160.2203      60.68731 
 160.2219      60.68323 
 160.2168      60.67686 
 160.2238      60.67025 
 160.2163      60.66128 
 160.2083      60.6587 
 160.1986      60.66153 
 160.1894      60.65753 
 160.1715      60.66147 
 160.1625      60.65909 
 160.159       60.65459 
 160.171       60.64311 
 160.1645      60.63739 
 160.1619      60.62653 
 160.1591      60.62147 
 160.1531      60.61064 
 160.1474      60.59347 
 160.1485      60.58642 
 160.1544      60.58114 
 160.1566      60.5732 
 160.1639      60.57072 
 160.1773      60.57145 
 160.196       60.57717 
 160.223       60.57997 
 160.2337      60.58359 
 160.254       60.59692 
 160.2809      60.60108 
 160.2856      60.60378 
 160.2929      60.60792 
 160.297       60.61473 
 160.2918      60.62186 
 160.2925      60.626 
 160.3057      60.64114 
 160.3142      60.6467 
 160.3253      60.65008 
 160.3485      60.65136 
 160.3589      60.65356 
 160.3706      60.65992 
 160.381       60.67128 
 160.3915      60.70189 
 160.3904      60.70423 
 160.388       60.70953 
 160.3823      60.7137 
 160.3705      60.71739 
 160.3534      60.71931 
 160.3492      60.72214 
 160.3661      60.72547 
 160.3831      60.72106 
 160.3898      60.72289 
 160.3962      60.7302 
 160.405       60.72753 
 160.4153      60.73453 
 160.4251      60.73717 
 160.4284      60.74689 
 160.4341      60.74639 
 160.4408      60.73223 
 160.4378      60.72709 
 160.4237      60.71812 
 160.4174      60.71011 
 160.4182      60.70098 
 160.4255      60.69917 
 160.4369      60.70139 
 160.4423      60.69975 
 160.46        60.70014 
 160.4731      60.6935 
 160.4876      60.70248 
 160.5047      60.70717 
 160.5109      60.71586 
 160.5146      60.71689 
 160.5209      60.71528 
 160.5278      60.7162 
 160.5324      60.71884 
 160.5377      60.72181 
 160.5539      60.73953 
 160.5773      60.7362 
 160.5824      60.73339 
 160.5893      60.72034 
 160.6016      60.71984 
 160.6199      60.71245 
 160.639       60.71261 
 160.6512      60.71575 
 160.6559      60.71867 
 160.6607      60.73164 
 160.6681      60.73556 
 160.6729      60.7412 
 160.6926      60.75147 
 160.7019      60.76506 
 160.7087      60.76367 
 160.7133      60.75397 
 160.7214      60.75286 
 160.7327      60.74836 
 160.7352      60.74736 
 160.7466      60.73583 
 160.7833      60.72372 
 160.7941      60.71653 
 160.8016      60.71586 
 160.8046      60.71847 
 160.8032      60.72528 
 160.8063      60.73706 
 160.8131      60.74528 
 160.8242      60.74975 
 160.8377      60.75086 
 160.8425      60.75286 
 160.8453      60.75683 
 160.8445      60.76664 
 160.8532      60.77495 
 160.8553      60.78028 
 160.8552      60.78095 
 160.8532      60.796 
 160.8861      60.83067 
 160.8833      60.83767 
 160.8845      60.84297 
 160.9194      60.85984 
 160.9238      60.86914 
 160.9261      60.89117 
 160.9308      60.89475 
 160.9333      60.89667 
 160.9407      60.89781 
 160.9771      60.89617 
 160.9875      60.899 
 161.0007      60.90606 
 161.013       60.9167 
 161.0235      60.92983 
 161.0361      60.93822 
 161.0496      60.93909 
 161.0555      60.94112 
 161.064       60.94823 
 161.0664      60.94878 
 161.0773      60.95137 
 161.0849      60.958 
 161.0989      60.95886 
 161.1232      60.96803 
 161.1297      60.96892 
 161.1486      60.96422 
 161.1537      60.96459 
 161.1551      60.97264 
 161.1762      60.98447 
 161.191       60.98739 
 161.1971      60.99056 
 161.1852      61.0037 
 161.1895      61.01047 
 161.2147      61.02214 
 161.2216      61.02534 
 161.2253      61.03047 
 161.2131      61.04933 
 161.2173      61.05336 
 161.2371      61.05347 
 161.2415      61.04833 
 161.2469      61.04664 
 161.2581      61.04764 
 161.2883      61.05559 
 161.3018      61.05734 
 161.3142      61.05631 
 161.3183      61.05756 
 161.3223      61.06295 
 161.3416      61.07583 
 161.3534      61.07206 
 161.3609      61.07247 
 161.3599      61.07589 
 161.3593      61.07814 
 161.3615      61.0837 
 161.3756      61.09234 
 161.3869      61.10475 
 161.4038      61.10545 
 161.4139      61.11189 
 161.4529      61.11867 
 161.4596      61.12203 
 161.4677      61.1337 
 161.4656      61.13547 
 161.4503      61.13734 
 161.429       61.14478 
 161.419       61.14587 
 161.4064      61.15239 
 161.4046      61.15578 
 161.4081      61.15428 
 161.4277      61.15617 
 161.4354      61.15914 
 161.4434      61.16003 
 161.4496      61.16361 
 161.459       61.16434 
 161.4661      61.16795 
 161.4797      61.17961 
 161.4909      61.19584 
 161.4981      61.19897 
 161.5072      61.19878 
 161.5168      61.19309 
 161.5267      61.19356 
 161.5403      61.19942 
 161.5478      61.19984 
 161.5508      61.19875 
 161.5511      61.19581 
 161.5468      61.19158 
 161.5613      61.18967 
 161.5722      61.18514 
 161.578       61.186 
 161.5913      61.18792 
 161.5962      61.19147 
 161.5887      61.19906 
 161.5901      61.20275 
 161.6006      61.20645 
 161.6052      61.21206 
 161.6153      61.21553 
 161.6147      61.22053 
 161.6089      61.22611 
 161.611       61.23347 
 161.6028      61.24309 
 161.5975      61.2432 
 161.5904      61.24711 
 161.5721      61.24964 
 161.5551      61.2492 
 161.5525      61.25072 
 161.5611      61.25461 
 161.5734      61.25561 
 161.5805      61.25945 
 161.5835      61.25403 
 161.587       61.25253 
 161.6015      61.25403 
 161.611       61.25017 
 161.6181      61.25423 
 161.6364      61.2522 
 161.6394      61.25959 
 161.6452      61.26292 
 161.6518      61.26333 
 161.6633      61.25789 
 161.6823      61.28009 
 161.6918      61.28056 
 161.6959      61.277 
 161.7007      61.28147 
 161.6989      61.28487 
 161.7073      61.28575 
 161.7121      61.28586 
 161.7189      61.289 
 161.7433      61.29145 
 161.7506      61.29458 
 161.7628      61.29625 
 161.7704      61.30078 
 161.7755      61.2977 
 161.7905      61.29967 
 161.8063      61.30759 
 161.808       61.30956 
 161.8108      61.3237 
 161.7965      61.3332 
 161.798       61.33711 
 161.8177      61.344 
 161.8104      61.35889 
 161.8113      61.36417 
 161.8305      61.37264 
 161.844       61.36131 
 161.8546      61.35539 
 161.8545      61.34739 
 161.8729      61.33478 
 161.9112      61.33728 
 161.9123      61.34028 
 161.9077      61.34384 
 161.9121      61.34714 
 161.9201      61.34778 
 161.9205      61.3535 
 161.9253      61.35864 
 161.9168      61.36645 
 161.9092      61.37106 
 161.901       61.37247 
 161.8977      61.37675 
 161.8983      61.38431 
 161.8958      61.38945 
 161.8918      61.39764 
 161.8921      61.40817 
 161.8865      61.42609 
 161.8913      61.43009 
 161.9098      61.42639 
 161.9124      61.42417 
 161.9116      61.40931 
 161.9168      61.40439 
 161.9175      61.398 
 161.9257      61.39225 
 161.9329      61.3787 
 161.9333      61.37803 
 161.9397      61.37589 
 161.9791      61.37223 
 161.998       61.37378 
 162.0166      61.37878 
 162.0262      61.38311 
 162.031       61.38803 
 162.0315      61.40264 
 162.0345      61.4057 
 162.0423      61.40839 
 162.0547      61.40911 
 162.064       61.41161 
 162.0664      61.41622 
 162.0593      61.42475 
 162.0408      61.42961 
 162.0139      61.43106 
 162.0299      61.43347 
 162.0487      61.43184 
 162.0615      61.43234 
 162.0711      61.436 
 162.0792      61.43206 
 162.0898      61.4307 
 162.1041      61.43122 
 162.1138      61.43373 
 162.1173      61.4377 
 162.1085      61.44939 
 162.1195      61.45511 
 162.1277      61.46375 
 162.1368      61.46347 
 162.1456      61.46664 
 162.1472      61.46964 
 162.1428      61.47573 
 162.1453      61.47989 
 162.139       61.48592 
 162.1443      61.49014 
 162.149       61.49117 
 162.1754      61.48556 
 162.1827      61.48867 
 162.1889      61.49956 
 162.1935      61.50195 
 162.217       61.50586 
 162.233       61.5135 
 162.2373      61.51886 
 162.2298      61.52875 
 162.2344      61.53525 
 162.2322      61.53817 
 162.2143      61.54534 
 162.2161      61.55245 
 162.2215      61.5512 
 162.2396      61.55158 
 162.2629      61.54336 
 162.268       61.54508 
 162.2683      61.55239 
 162.2813      61.557 
 162.2816      61.56364 
 162.2856      61.56761 
 162.3098      61.57609 
 162.3259      61.57778 
 162.3375      61.58259 
 162.3391      61.58559 
 162.3359      61.58964 
 162.3248      61.59581 
 162.3035      61.60317 
 162.2994      61.6065 
 162.3015      61.60928 
 162.3067      61.61053 
 162.343       61.60647 
 162.3496      61.60842 
 162.3632      61.60642 
 162.3664      61.60762 
 162.368       61.61153 
 162.3763      61.61534 
 162.3827      61.62575 
 162.3942      61.63056 
 162.398       61.63681 
 162.3945      61.64975 
 162.3861      61.65781 
 162.3857      61.66236 
 162.4061      61.66003 
 162.436       61.66975 
 162.4577      61.66331 
 162.5346      61.65242 
 162.5644      61.64611 
 162.5959      61.63617 
 162.6065      61.62997 
 162.6137      61.618 
 162.6426      61.62286 
 162.6489      61.61684 
 162.6514      61.61456 
 162.6642      61.60998 
 162.6686      61.60298 
 162.6914      61.594 
 162.6987      61.59895 
 162.7043      61.59973 
 162.7376      61.59756 
 162.7469      61.59567 
 162.7536      61.58961 
 162.7631      61.59022 
 162.7695      61.58758 
 162.7762      61.5877 
 162.786       61.59223 
 162.7881      61.59611 
 162.7865      61.59839 
 162.7736      61.60364 
 162.771       61.6132 
 162.7609      61.61989 
 162.7512      61.62039 
 162.7467      61.61992 
 162.736       61.61878 
 162.7105      61.61331 
 162.6975      61.61423 
 162.6765      61.61911 
 162.6586      61.62061 
 162.6517      61.623 
 162.6348      61.64192 
 162.6329      61.65398 
 162.6358      61.65975 
 162.6477      61.66247 
 162.6563      61.66809 
 162.6683      61.66875 
 162.7026      61.67942 
 162.7165      61.67989 
 162.7448      61.69339 
 162.7884      61.7012 
 162.8196      61.70948 
 162.8369      61.71045 
 162.8456      61.70878 
 162.861       61.70248 
 162.9204      61.678 
 162.9302      61.66992 
 162.9381      61.65909 
 162.946       61.64208 
 162.9435      61.63792 
 162.919       61.63664 
 162.8996      61.62628 
 162.8817      61.6212 
 162.8654      61.61462 
 162.8617      61.61311 
 162.8586      61.60895 
 162.8579      61.59934 
 162.8633      61.59667 
 162.8781      61.60445 
 162.8857      61.60572 
 162.8973      61.605 
 162.9144      61.6007 
 162.9157      61.5957 
 162.9083      61.58506 
 162.909       61.58189 
 162.9043      61.5802 
 162.9282      61.5742 
 162.9402      61.5737 
 162.9601      61.57698 
 162.9702      61.57598 
 162.9772      61.57267 
 162.9702      61.56206 
 162.9947      61.5412 
 163.0039      61.5242 
 163.021       61.51145 
 163.0436      61.51064 
 163.0609      61.515 
 163.1024      61.53228 
 163.1196      61.54014 
 163.121       61.54078 
 163.1246      61.54473 
 163.1147      61.54984 
 163.1165      61.55875 
 163.1138      61.56328 
 163.103       61.56792 
 163.0817      61.57173 
 163.0809      61.5765 
 163.0831      61.5802 
 163.0923      61.58467 
 163.1024      61.59967 
 163.1141      61.60509 
 163.1184      61.61245 
 163.1341      61.61497 
 163.1447      61.62173 
 163.1538      61.62142 
 163.1848      61.62487 
 163.1891      61.62533 
 163.1973      61.62361 
 163.2043      61.61228 
 163.2277      61.60623 
 163.2313      61.6017 
 163.2379      61.60361 
 163.2408      61.6112 
 163.2346      61.61886 
 163.2277      61.62197 
 163.2155      61.62433 
 163.2111      61.627 
 163.2251      61.63222 
 163.2286      61.63911 
 163.2376      61.6397 
 163.2536      61.63786 
 163.2641      61.63892 
 163.3075      61.64953 
 163.3342      61.65603 
 163.3412      61.65978 
 163.3424      61.66275 
 163.3286      61.67767 
 163.3502      61.69553 
 163.3509      61.6992 
 163.3449      61.70458 
 163.3341      61.70764 
 163.3158      61.70878 
 163.2958      61.72131 
 163.2744      61.72492 
 163.2533      61.73147 
 163.2467      61.73275 
 163.2455      61.73297 
 163.2205      61.73331 
 163.2022      61.74014 
 163.1815      61.73964 
 163.1611      61.743 
 163.1483      61.74809 
 163.1368      61.75408 
 163.116       61.75631 
 163.09        61.75456 
 163.0793      61.75622 
 163.0649      61.76286 
 163.0434      61.76734 
 163.0286      61.77261 
 163.0106      61.781 
 162.9864      61.80395 
 162.9914      61.80789 
 163.0168      61.81948 
 163.0262      61.82967 
 163.0281      61.85275 
 163.0404      61.85636 
 163.049       61.87247 
 163.0472      61.87792 
 163.0572      61.87967 
 163.0692      61.89653 
 163.0607      61.90073 
 163.0609      61.90509 
 163.0726      61.91095 
 163.0714      61.91436 
 163.069       61.91423 
 163.0507      61.91314 
 163.0403      61.9082 
 163.0321      61.90739 
 163.0226      61.91914 
 163.0243      61.92234 
 163.0357      61.91978 
 163.0399      61.92211 
 163.0624      61.92498 
 163.0666      61.92731 
 163.0655      61.9305 
 163.06        61.93247 
 163.0598      61.93542 
 163.0892      61.93836 
 163.0891      61.94042 
 163.081       61.94464 
 163.0852      61.94836 
 163.0942      61.95122 
 163.0931      61.95328 
 163.0814      61.95425 
 163.0817      61.95675 
 163.0741      61.96097 
 163.0885      61.96914 
 163.0947      61.9727 
 163.1029      61.9662 
 163.1072      61.96672 
 163.1218      61.98084 
 163.1192      61.98492 
 163.131       61.98989 
 163.1406      61.99825 
 163.1424      62.00831 
 163.15        62.01892 
 163.1444      62.02342 
 163.1489      62.02803 
 163.1754      62.03981 
 163.1856      62.04133 
 163.1921      62.04531 
 163.2021      62.05661 
 163.2026      62.05989 
 163.2028      62.06167 
 163.1925      62.06356 
 163.1854      62.06781 
 163.1787      62.06589 
 163.1681      62.07053 
 163.1599      62.0702 
 163.1543      62.0667 
 163.145       62.06678 
 163.1375      62.06325 
 163.1301      62.06431 
 163.1194      62.07145 
 163.1059      62.09203 
 163.1169      62.09495 
 163.1387      62.09706 
 163.1433      62.10103 
 163.1516      62.12442 
 163.1495      62.12689 
 163.1246      62.13409 
 163.1215      62.13725 
 163.1246      62.14139 
 163.1038      62.16873 
 163.1087      62.17611 
 163.1062      62.1845 
 163.1104      62.19581 
 163.1112      62.19806 
 163.1066      62.20939 
 163.0993      62.21592 
 163.0836      62.21636 
 163.0781      62.21903 
 163.0831      62.22367 
 163.0904      62.22492 
 163.0965      62.22845 
 163.1069      62.2272 
 163.1121      62.22867 
 163.1946      62.27247 
 163.2062      62.27492 
 163.2306      62.27525 
 163.2479      62.28208 
 163.2375      62.29131 
 163.2357      62.29631 
 163.2376      62.29883 
 163.2453      62.30923 
 163.2548      62.31278 
 163.2858      62.32003 
 163.3131      62.32242 
 163.3433      62.31892 
 163.3621      62.32373 
 163.3797      62.32509 
 163.386       62.3272 
 163.3882      62.33089 
 163.3815      62.3372 
 163.3594      62.34536 
 163.3352      62.36114 
 163.3319      62.36328 
 163.3193      62.36792 
 163.2605      62.37264 
 163.2525      62.37506 
 163.2484      62.37797 
 163.2346      62.4102 
 163.2274      62.41625 
 163.2174      62.41842 
 163.1714      62.4137 
 163.1601      62.40645 
 163.1522      62.4045 
 163.1504      62.40403 
 1             12 
1
 -9999.0   ,   9990.0 
 9 
 165.1467      62.41709 
 165.1226      62.42461 
 165.1019      62.43328 
 165.0975      62.43761 
 165.0999      62.44058 
 165.1088      62.44422 
 165.1645      62.4545 
 165.1936      62.46131 
 165.2187      62.46314 
 1             13 
1
 -9999.0   ,   9990.0 
 10 
 163.502       62.33314 
 163.5095      62.33914 
 163.5023      62.34547 
 163.5016      62.34886 
 163.4925      62.34672 
 163.4826      62.34728 
 163.4763      62.33628 
 163.4817      62.33564 
 163.4904      62.3387 
 163.502       62.33314 
 1             14 
1
 -9999.0   ,   9990.0 
 20 
 162.6358      61.55739 
 162.6603      61.56239 
 162.6492      61.56975 
 162.6063      61.57217 
 162.5994      61.57389 
 162.5887      61.58259 
 162.5779      61.58536 
 162.5517      61.57711 
 162.5273      61.57209 
 162.5171      61.56734 
 162.5164      61.56434 
 162.5199      61.56237 
 162.5376      61.562 
 162.5476      61.55809 
 162.5575      61.55964 
 162.5653      61.55836 
 162.5764      61.55656 
 162.6023      61.55678 
 162.6135      61.5602 
 162.6358      61.55739 
 1             15 
1
 -9999.0   ,   9990.0 
 8 
 163.0179      61.47872 
 163.0136      61.47981 
 163.0114      61.48367 
 163.0149      61.48806 
 163.0248      61.4907 
 163.0306      61.48942 
 163.0199      61.4847 
 163.0179      61.47872 
 1             16 
1
 -9999.0   ,   9990.0 
 9 
 163.0196      61.45814 
 163.0292      61.46498 
 163.0329      61.46564 
 163.041       61.45853 
 163.0304      61.44928 
 163.0152      61.44931 
 163.0066      61.44642 
 163.0024      61.45089 
 163.0196      61.45814 
 1             17 
1
 -9999.0   ,   9990.0 
 11 
 163.2948      60.87034 
 163.2897      60.86567 
 163.2848      60.85836 
 163.2758      60.85231 
 163.276       60.84903 
 163.2841      60.8485 
 163.296       60.85197 
 163.3051      60.85736 
 163.3034      60.86261 
 163.299       60.86711 
 163.2948      60.87034 
 1             18 
1
 -9999.0   ,   9990.0 
 10 
 162.7959      60.82061 
 162.7896      60.81586 
 162.7848      60.8092 
 162.7813      60.80256 
 162.7776      60.79856 
 162.7764      60.79589 
 162.7885      60.79614 
 162.802       60.81217 
 162.8016      60.81742 
 162.7959      60.82061 
 1             19 
1
 -9999.0   ,   9990.0 
 34 
 168.4464      60.59833 
 168.5258      60.59725 
 168.5516      60.59456 
 168.5615      60.59131 
 168.5712      60.57825 
 168.5805      60.57778 
 168.5905      60.58006 
 168.603       60.5795 
 168.6075      60.57806 
 168.6147      60.57575 
 168.6237      60.56911 
 168.6334      60.55537 
 168.6402      60.55428 
 168.6507      60.55698 
 168.6619      60.55714 
 168.6788      60.55439 
 168.6887      60.5475 
 168.7148      60.54361 
 168.7162      60.54456 
 168.7113      60.54986 
 168.7244      60.55914 
 168.7337      60.56322 
 168.7436      60.56478 
 168.7884      60.56653 
 168.7918      60.56642 
 168.8169      60.56553 
 168.8787      60.56333 
 168.9415      60.56342 
 169.0467      60.55984 
 169.1049      60.5582 
 169.1565      60.55411 
 169.1773      60.54984 
 169.2146      60.54709 
 169.2241      60.54497 
 1             20 
1
 -9999.0   ,   9990.0 
 11 
 168.0772      60.55853 
 168.0975      60.56195 
 168.1467      60.56703 
 168.2455      60.58464 
 168.3075      60.59225 
 168.3217      60.594 
 168.333       60.59539 
 168.3725      60.59878 
 168.4088      60.59539 
 168.4266      60.59631 
 168.4338      60.59798 
 1             21 
1
 -9999.0   ,   9990.0 
 39 
 168.0684      60.55917 
 168.0658      60.55581 
 168.0562      60.55212 
 168.0408      60.54959 
 168.0256      60.54709 
 168.0093      60.54239 
 167.9808      60.52906 
 167.9479      60.52428 
 167.9139      60.51173 
 167.8812      60.50373 
 167.8681      60.50217 
 167.8502      60.50397 
 167.8483      60.50417 
 167.8265      60.50942 
 167.8217      60.51317 
 167.8172      60.52606 
 167.8111      60.53053 
 167.793       60.5302 
 167.7826      60.52836 
 167.7743      60.52325 
 167.7694      60.51489 
 167.7766      60.49945 
 167.7928      60.48839 
 167.7935      60.48609 
 167.786       60.47936 
 167.7652      60.46812 
 167.7601      60.46845 
 167.757       60.47095 
 167.7519      60.47503 
 167.723       60.47948 
 167.7038      60.47117 
 167.6976      60.46281 
 167.6153      60.43992 
 167.5684      60.43098 
 167.546       60.42864 
 167.5166      60.43145 
 167.4894      60.42509 
 167.4847      60.42448 
 167.4824      60.42567 
 1             22 
1
 -9999.0   ,   9990.0 
 8 
 162.1682      60.53817 
 162.1756      60.539 
 162.1776      60.54225 
 162.1744      60.54653 
 162.1698      60.54711 
 162.1621      60.54442 
 162.1593      60.54025 
 162.1682      60.53817 
 1             23 
1
 -9999.0   ,   9990.0 
 4 
 169.2286      60.5437 
 169.233       60.54195 
 169.2423      60.54214 
 169.265       60.538 
 1             24 
1
 -9999.0   ,   9990.0 
 42 
 169.8746      60.22825 
 169.8748      60.23236 
 169.8704      60.23711 
 169.8377      60.25362 
 169.8228      60.2592 
 169.802       60.26225 
 169.7873      60.2647 
 169.787       60.26511 
 169.7827      60.27159 
 169.7866      60.28267 
 169.7745      60.29203 
 169.7745      60.295 
 169.7866      60.30581 
 169.7857      60.30903 
 169.7708      60.31781 
 169.7481      60.32731 
 169.7401      60.33283 
 169.7413      60.33503 
 169.7445      60.3407 
 169.7391      60.35167 
 169.7475      60.35914 
 169.7457      60.36609 
 169.7552      60.38064 
 169.7476      60.38936 
 169.7402      60.39559 
 169.7219      60.404 
 169.6446      60.43389 
 169.6336      60.43814 
 169.6199      60.43953 
 169.5671      60.45322 
 169.5525      60.45462 
 169.5298      60.45811 
 169.4763      60.48003 
 169.4709      60.48225 
 169.4437      60.4907 
 169.4211      60.51292 
 169.3544      60.52489 
 169.3223      60.5282 
 169.3025      60.53339 
 169.2791      60.53139 
 169.2712      60.5355 
 169.2719      60.53731 
 1             25 
1
 -9999.0   ,   9990.0 
 5 
 167.4744      60.42106 
 167.4659      60.41453 
 167.4536      60.41017 
 167.4416      60.40992 
 167.4289      60.41447 
 1             26 
1
 -9999.0   ,   9990.0 
 15 
 169.873       60.21411 
 169.8729      60.20061 
 169.885       60.18917 
 169.8938      60.16389 
 169.9261      60.14847 
 169.9283      60.14181 
 169.9405      60.12808 
 169.9407      60.11709 
 169.9512      60.11006 
 169.9544      60.08895 
 169.9521      60.08261 
 169.9678      60.07103 
 169.9702      60.06922 
 169.9866      60.06431 
 170           60.06356 
 1             27 
1
 -9999.0   ,   9990.0 
 126 
 165.2439      62.48683 
 165.2035      62.48595 
 165.1788      62.48459 
 165.1537      62.48598 
 165.1108      62.48392 
 165.094       62.48689 
 165.0731      62.49456 
 165.0698      62.49578 
 165.0115      62.51217 
 165           62.51678 
 164.9606      62.5247 
 164.926       62.53514 
 164.9161      62.54198 
 164.8918      62.54309 
 164.8636      62.55056 
 164.8389      62.55214 
 164.829       62.55278 
 164.827       62.56053 
 164.824       62.56167 
 164.7989      62.54928 
 164.7855      62.54856 
 164.7756      62.55197 
 164.7597      62.5615 
 164.7424      62.56397 
 164.7329      62.56853 
 164.7268      62.57831 
 164.7242      62.59381 
 164.7161      62.60245 
 164.7012      62.61178 
 164.6963      62.62042 
 164.6963      62.62114 
 164.694       62.62681 
 164.687       62.63067 
 164.6466      62.64672 
 164.6339      62.66561 
 164.6224      62.67106 
 164.607       62.67489 
 164.601       62.67486 
 164.5673      62.67292 
 164.5514      62.67331 
 164.5295      62.67708 
 164.5191      62.67433 
 164.5122      62.67475 
 164.5062      62.67723 
 164.4839      62.676 
 164.4524      62.68567 
 164.4282      62.68325 
 164.3884      62.68489 
 164.377       62.68414 
 164.3628      62.6777 
 164.347       62.6762 
 164.3449      62.676 
 164.3228      62.667 
 164.314       62.661 
 164.3012      62.65911 
 164.2875      62.65447 
 164.2527      62.6545 
 164.2208      62.65909 
 164.1758      62.65514 
 164.1644      62.65486 
 164.1096      62.64672 
 164.0714      62.64784 
 164.0527      62.64564 
 164.0491      62.64386 
 164.0239      62.63128 
 163.9988      62.62675 
 163.9893      62.61573 
 163.9703      62.60712 
 163.9475      62.58367 
 163.9305      62.57509 
 163.9176      62.57545 
 163.9051      62.57831 
 163.8686      62.59261 
 163.8533      62.59861 
 163.8453      62.5997 
 163.8182      62.59831 
 163.7954      62.59925 
 163.7688      62.59603 
 163.7581      62.59136 
 163.7467      62.59056 
 163.7315      62.587 
 163.7097      62.57811 
 163.7033      62.57692 
 163.6923      62.57842 
 163.682       62.57739 
 163.6654      62.5722 
 163.6526      62.57209 
 163.6346      62.57556 
 163.6223      62.57498 
 163.603       62.57361 
 163.5959      62.56853 
 163.5696      62.56025 
 163.5588      62.55853 
 163.5487      62.55295 
 163.5172      62.54895 
 163.4786      62.54053 
 163.4623      62.54125 
 163.4344      62.54528 
 163.4293      62.54842 
 163.412       62.53953 
 163.3958      62.5382 
 163.3768      62.53317 
 163.3619      62.53345 
 163.3517      62.53106 
 163.3364      62.53108 
 163.3058      62.52247 
 163.2962      62.51667 
 163.2893      62.51634 
 163.2693      62.504 
 163.2661      62.49983 
 163.2689      62.49439 
 163.2798      62.48587 
 163.2811      62.48086 
 163.2755      62.47531 
 163.2798      62.46075 
 163.2568      62.44245 
 163.2481      62.44028 
 163.2338      62.43939 
 163.2223      62.43514 
 163.2051      62.43331 
 163.1861      62.42303 
 163.1774      62.41992 
 163.1637      62.41928 
 163.1543      62.41347 
 163.1528      62.4125 
 163.1362      62.40736 
 1             28 
1
 -9999.0   ,   9990.0 
 3 
 163.1504      62.40403 
 163.1359      62.40725 
 163.1362      62.40736 
