 37 
 1             1 
1
 -9999.0   ,   9990.0 
 7 
-22.95194      65 
-22.94665      64.99646 
-22.94317      64.98446 
-22.92602      64.98517 
-22.91772      64.99197 
-22.90462      64.99332 
-22.88597      65 
 1             2 
1
 -9999.0   ,   9990.0 
 11 
-22.679        65 
-22.67678      64.99683 
-22.65564      64.9897 
-22.63926      64.99101 
-22.61146      64.982 
-22.58959      64.96683 
-22.58404      64.9665 
-22.59085      64.97621 
-22.59433      64.97843 
-22.62356      64.99713 
-22.62611      65 
 1             3 
1
 -9999.0   ,   9990.0 
 36 
-23.09585      65 
-23.12428      64.98678 
-23.13662      64.97368 
-23.13023      64.9642 
-23.14744      64.96368 
-23.15348      64.95403 
-23.17002      64.9448 
-23.15497      64.93545 
-23.1472       64.93785 
-23.13552      64.93035 
-23.13129      64.92763 
-23.12912      64.91923 
-23.11714      64.91915 
-23.10766      64.91148 
-23.10166      64.91283 
-23.09974      64.92475 
-23.11128      64.95743 
-23.10906      64.96012 
-23.0991       64.95827 
-23.09589      64.96265 
-23.0734       64.96074 
-23.0549       64.9551 
-23.03646      64.95521 
-23.0246       64.9484 
-23.02625      64.94417 
-23.03254      64.928 
-23.02869      64.92503 
-23.02224      64.92665 
-23.01327      64.94296 
-23.01721      64.95607 
-23.02652      64.96051 
-23.06173      64.96294 
-23.06718      64.96579 
-23.05579      64.98852 
-23.03768      64.99808 
-23.03236      65 
 1             4 
1
 -9999.0   ,   9990.0 
 5 
-22.54601      64.77736 
-22.54456      64.7793 
-22.55551      64.78273 
-22.55696      64.7778 
-22.54601      64.77736 
 1             5 
1
 -9999.0   ,   9990.0 
 5 
-22.49343      64.76767 
-22.48683      64.7688 
-22.48383      64.77246 
-22.48622      64.7746 
-22.49343      64.76767 
 1             6 
1
 -9999.0   ,   9990.0 
 13 
-22.39345      64.72463 
-22.39963      64.72838 
-22.41601      64.73054 
-22.4592       64.75493 
-22.46478      64.76448 
-22.46888      64.76536 
-22.47727      64.7602 
-22.48618      64.75801 
-22.48569      64.75665 
-22.47524      64.75457 
-22.42177      64.72556 
-22.41239      64.7234 
-22.39345      64.72463 
 1             7 
1
 -9999.0   ,   9990.0 
 6 
-22.38115      64.71575 
-22.3798       64.71952 
-22.38484      64.72311 
-22.39061      64.71813 
-22.38799      64.7153 
-22.38115      64.71575 
 1             8 
1
 -9999.0   ,   9990.0 
 4 
-22.40639      64.71411 
-22.40605      64.7192 
-22.41621      64.71601 
-22.40639      64.71411 
 1             9 
1
 -9999.0   ,   9990.0 
 5 
-22.41281      64.69133 
-22.39267      64.69518 
-22.38995      64.69812 
-22.40159      64.6976 
-22.41281      64.69133 
 1             10 
1
 -9999.0   ,   9990.0 
 7 
-22.43064      64.68556 
-22.42469      64.68848 
-22.42319      64.69181 
-22.43378      64.69135 
-22.44025      64.6884 
-22.44062      64.68491 
-22.43064      64.68556 
 1             11 
1
 -9999.0   ,   9990.0 
 5 
-22.52429      64.60679 
-22.5222       64.60993 
-22.53292      64.61291 
-22.53106      64.60773 
-22.52429      64.60679 
 1             12 
1
 -9999.0   ,   9990.0 
 5 
-22.38048      64.60171 
-22.37421      64.60972 
-22.38533      64.60785 
-22.38885      64.60416 
-22.38048      64.60171 
 1             13 
1
 -9999.0   ,   9990.0 
 4 
-22.39708      64.58657 
-22.38861      64.59288 
-22.39701      64.59695 
-22.39708      64.58657 
 1             14 
1
 -9999.0   ,   9990.0 
 4 
-22.2935       64.55828 
-22.2844       64.55978 
-22.285        64.56458 
-22.2935       64.55828 
 1             15 
1
 -9999.0   ,   9990.0 
 7 
-22.33634      64.54628 
-22.33325      64.5527 
-22.35375      64.55321 
-22.37105      64.55831 
-22.38247      64.55733 
-22.36117      64.54697 
-22.33634      64.54628 
 1             16 
1
 -9999.0   ,   9990.0 
 6 
-22.2722       64.54167 
-22.26564      64.5428 
-22.2721       64.54905 
-22.2806       64.54736 
-22.27926      64.54353 
-22.2722       64.54167 
 1             17 
1
 -9999.0   ,   9990.0 
 5 
-22.29678      64.5371 
-22.29059      64.53772 
-22.29212      64.54361 
-22.29998      64.54011 
-22.29678      64.5371 
 1             18 
1
 -9999.0   ,   9990.0 
 7 
-22.24631      64.52101 
-22.2408       64.52205 
-22.23819      64.52682 
-22.25321      64.53161 
-22.25255      64.5282 
-22.24668      64.52513 
-22.24631      64.52101 
 1             19 
1
 -9999.0   ,   9990.0 
 9 
-22.37064      64.51317 
-22.35993      64.52216 
-22.34224      64.52655 
-22.34029      64.53012 
-22.34757      64.53564 
-22.35697      64.53503 
-22.37488      64.52672 
-22.3743       64.51293 
-22.37064      64.51317 
 1             20 
1
 -9999.0   ,   9990.0 
 6 
-22.27482      64.51086 
-22.27328      64.51718 
-22.28008      64.52136 
-22.28511      64.51895 
-22.28108      64.51046 
-22.27482      64.51086 
 1             21 
1
 -9999.0   ,   9990.0 
 5 
-22.29016      64.50435 
-22.28761      64.50774 
-22.29144      64.50956 
-22.30112      64.50363 
-22.29016      64.50435 
 1             22 
1
 -9999.0   ,   9990.0 
 5 
-22.24182      64.47268 
-22.23861      64.48186 
-22.24435      64.4815 
-22.24803      64.47366 
-22.24182      64.47268 
 1             23 
1
 -9999.0   ,   9990.0 
 6 
-22.19894      64.46218 
-22.2041       64.46221 
-22.22444      64.47173 
-22.22074      64.47335 
-22.2048       64.46885 
-22.19894      64.46218 
 1             24 
1
 -9999.0   ,   9990.0 
 374 
-21.76996      64.58306 
-21.79542      64.58081 
-21.8169       64.58111 
-21.8276       64.57631 
-21.85273      64.56994 
-21.86665      64.56839 
-21.86859      64.5662 
-21.85721      64.55931 
-21.87149      64.55728 
-21.88496      64.56081 
-21.89325      64.55686 
-21.89996      64.54976 
-21.90683      64.54795 
-21.92308      64.53429 
-21.93301      64.53206 
-21.93489      64.53609 
-21.92193      64.54466 
-21.91566      64.54879 
-21.92524      64.55349 
-21.93906      64.5485 
-21.95266      64.54766 
-21.97953      64.52755 
-22.00896      64.52778 
-22.03221      64.5208 
-22.04182      64.53654 
-22.02644      64.54787 
-22.01376      64.56248 
-22.01411      64.56983 
-22.02039      64.56943 
-22.03589      64.56156 
-22.03484      64.55597 
-22.03456      64.5545 
-22.05393      64.54545 
-22.06087      64.53603 
-22.06423      64.52707 
-22.05787      64.5178 
-22.07307      64.51385 
-22.08933      64.50522 
-22.08426      64.49817 
-22.08855      64.47165 
-22.09672      64.46906 
-22.10962      64.4694 
-22.11462      64.47 
-22.11297      64.47609 
-22.12362      64.47449 
-22.13532      64.46971 
-22.16426      64.45785 
-22.17202      64.45873 
-22.16227      64.46603 
-22.14839      64.47061 
-22.1471       64.4746 
-22.17139      64.46776 
-22.1816       64.46803 
-22.19171      64.47106 
-22.19623      64.47491 
-22.19936      64.47472 
-22.2092       64.48008 
-22.2091       64.49367 
-22.22045      64.4941 
-22.21869      64.50135 
-22.2225       64.50156 
-22.24695      64.48594 
-22.25097      64.48522 
-22.25118      64.48686 
-22.25191      64.49253 
-22.2162       64.525 
-22.21042      64.53298 
-22.23455      64.53327 
-22.23797      64.54158 
-22.23494      64.54361 
-22.22553      64.54421 
-22.22401      64.54754 
-22.23117      64.55123 
-22.25098      64.54673 
-22.25179      64.55059 
-22.23673      64.55801 
-22.25093      64.56195 
-22.25278      64.56575 
-22.24275      64.57158 
-22.24122      64.57246 
-22.23787      64.57821 
-22.24475      64.578 
-22.26738      64.56618 
-22.27813      64.5694 
-22.29542      64.5653 
-22.30947      64.55655 
-22.31627      64.55611 
-22.32799      64.55903 
-22.33781      64.55655 
-22.3594       64.57381 
-22.35296      64.58138 
-22.36611      64.58375 
-22.35928      64.59018 
-22.36009      64.60465 
-22.34306      64.61106 
-22.34705      64.61413 
-22.34747      64.61446 
-22.37126      64.61198 
-22.37863      64.62073 
-22.39226      64.63044 
-22.39026      64.63541 
-22.45379      64.65408 
-22.45498      64.66345 
-22.44437      64.6623 
-22.43494      64.65393 
-22.4214       64.64906 
-22.38089      64.63925 
-22.38129      64.64038 
-22.37297      64.64115 
-22.33194      64.64496 
-22.33072      64.64758 
-22.34131      64.65173 
-22.36513      64.64626 
-22.36758      64.64865 
-22.34588      64.67078 
-22.3403       64.67323 
-22.30936      64.67385 
-22.32104      64.67955 
-22.34711      64.68338 
-22.33854      64.69108 
-22.32336      64.69529 
-22.30489      64.69461 
-22.29831      64.69437 
-22.26857      64.69997 
-22.21167      64.7218 
-22.18985      64.72711 
-22.18862      64.73133 
-22.19196      64.7332 
-22.21342      64.72837 
-22.24814      64.71072 
-22.28027      64.70267 
-22.32766      64.69985 
-22.41655      64.66711 
-22.4228       64.6681 
-22.42146      64.67046 
-22.41818      64.67623 
-22.42576      64.68242 
-22.39981      64.68803 
-22.38249      64.69376 
-22.36548      64.711 
-22.35136      64.71215 
-22.34567      64.72496 
-22.34448      64.7368 
-22.3358       64.73966 
-22.31501      64.7433 
-22.3127       64.74898 
-22.31756      64.75512 
-22.34197      64.75861 
-22.36077      64.76455 
-22.36794      64.76501 
-22.37541      64.76176 
-22.38595      64.76108 
-22.39234      64.7639 
-22.40973      64.76276 
-22.42684      64.75635 
-22.44713      64.76033 
-22.44753      64.76145 
-22.42868      64.76453 
-22.4343       64.77269 
-22.41974      64.77571 
-22.41822      64.78203 
-22.43639      64.77976 
-22.45281      64.7777 
-22.44742      64.78221 
-22.42376      64.78997 
-22.41167      64.80597 
-22.41417      64.80996 
-22.39467      64.81583 
-22.39909      64.81762 
-22.41297      64.81718 
-22.4283       64.81019 
-22.43087      64.80081 
-22.44123      64.79506 
-22.46216      64.79623 
-22.46275      64.79928 
-22.46112      64.80206 
-22.45393      64.80326 
-22.44814      64.80461 
-22.44785      64.80746 
-22.45121      64.81033 
-22.45374      64.81003 
-22.45747      64.80753 
-22.46112      64.8039 
-22.46522      64.80335 
-22.47517      64.8034 
-22.48197      64.8038 
-22.48581      64.80046 
-22.48597      64.79491 
-22.49368      64.79233 
-22.51977      64.7973 
-22.5285       64.80203 
-22.54192      64.79885 
-22.59332      64.77838 
-22.59283      64.77703 
-22.5655       64.77308 
-22.56509      64.77195 
-22.57935      64.76963 
-22.62107      64.77309 
-22.64931      64.76475 
-22.65628      64.76473 
-22.66008      64.76473 
-22.69456      64.77487 
-22.68741      64.77743 
-22.64975      64.77188 
-22.64097      64.77292 
-22.63545      64.77997 
-22.65149      64.78398 
-22.66015      64.7811 
-22.67331      64.7846 
-22.66637      64.78921 
-22.6689       64.79758 
-22.68229      64.79876 
-22.69283      64.80244 
-22.7043       64.80285 
-22.71089      64.80308 
-22.75304      64.79725 
-22.76774      64.79903 
-22.78208      64.79691 
-22.78108      64.79421 
-22.73154      64.78001 
-22.71084      64.77217 
-22.71236      64.77046 
-22.74246      64.77743 
-22.77349      64.78688 
-22.80228      64.79023 
-22.81426      64.79086 
-22.83313      64.79183 
-22.85022      64.79853 
-22.92742      64.79117 
-22.94953      64.79104 
-22.97103      64.79788 
-23.0138       64.79891 
-23.01524      64.7976 
-23.03975      64.79381 
-23.06726      64.79791 
-23.09771      64.79695 
-23.14138      64.80082 
-23.17584      64.80741 
-23.19856      64.80881 
-23.26913      64.82186 
-23.29163      64.82253 
-23.34421      64.82413 
-23.37756      64.82083 
-23.39527      64.81493 
-23.39451      64.80343 
-23.39974      64.7975 
-23.41936      64.7924 
-23.44696      64.78858 
-23.45947      64.78898 
-23.48324      64.79656 
-23.51108      64.79986 
-23.53062      64.79932 
-23.58282      64.79786 
-23.58355      64.79966 
-23.56753      64.80291 
-23.51955      64.80479 
-23.53249      64.8087 
-23.55375      64.8104 
-23.56961      64.80808 
-23.60845      64.7983 
-23.64318      64.7798 
-23.646        64.77473 
-23.64394      64.77313 
-23.63182      64.76374 
-23.63855      64.75631 
-23.65609      64.74623 
-23.65294      64.74646 
-23.64741      64.73947 
-23.67982      64.73545 
-23.71124      64.74099 
-23.73239      64.73714 
-23.75853      64.73238 
-23.78514      64.73271 
-23.81382      64.72362 
-23.83395      64.73182 
-23.8457       64.73279 
-23.85507      64.73718 
-23.87139      64.73873 
-23.87707      64.742 
-23.89116      64.74209 
-23.90407      64.74713 
-23.92925      64.74916 
-23.92999      64.75743 
-23.94595      64.77497 
-23.94703      64.77565 
-23.95995      64.78361 
-23.99033      64.81373 
-23.98697      64.82255 
-23.99805      64.8231 
-24.00157      64.81728 
-24.01104      64.81655 
-24.01761      64.81929 
-24.02927      64.8367 
-24.0508       64.85427 
-24.06094      64.8808 
-24.05106      64.8832 
-24.03279      64.87856 
-24.01548      64.88266 
-24.00289      64.88246 
-23.98895      64.8907 
-23.97893      64.89146 
-23.96905      64.90031 
-23.94961      64.90455 
-23.93726      64.91405 
-23.92742      64.91525 
-23.91512      64.91317 
-23.88486      64.92285 
-23.872        64.92335 
-23.85802      64.92115 
-23.84308      64.92713 
-23.83249      64.92261 
-23.82787      64.92063 
-23.83877      64.91935 
-23.83905      64.9161 
-23.81469      64.90588 
-23.80463      64.90525 
-23.82355      64.91679 
-23.81635      64.9178 
-23.78601      64.90361 
-23.73368      64.89801 
-23.71481      64.89177 
-23.68703      64.88896 
-23.67903      64.88932 
-23.66134      64.88993 
-23.64917      64.88805 
-23.62823      64.89536 
-23.60645      64.91268 
-23.59455      64.91286 
-23.57918      64.90981 
-23.55516      64.91226 
-23.5362       64.91918 
-23.51588      64.94031 
-23.50271      64.94681 
-23.48895      64.9478 
-23.46517      64.94501 
-23.46211      64.94465 
-23.4404       64.94482 
-23.41432      64.949 
-23.40496      64.94876 
-23.40248      64.94661 
-23.4103       64.94166 
-23.37872      64.94023 
-23.39603      64.96048 
-23.38049      64.95974 
-23.36541      64.96428 
-23.36374      64.96695 
-23.34157      64.96181 
-23.33544      64.95046 
-23.34979      64.93998 
-23.34977      64.93606 
-23.34977      64.93443 
-23.34209      64.93151 
-23.33045      64.93233 
-23.32349      64.93536 
-23.33206      64.94054 
-23.32396      64.94481 
-23.31284      64.9456 
-23.30375      64.94324 
-23.29712      64.9347 
-23.31175      64.92904 
-23.31156      64.92305 
-23.29569      64.91862 
-23.27305      64.92461 
-23.26538      64.92446 
-23.2533       64.92 
-23.2399       64.9206 
-23.23567      64.92078 
-23.2258       64.9261 
-23.21553      64.94992 
-23.22734      64.95925 
-23.22707      64.96966 
-23.24056      64.98606 
-23.2364       64.99489 
-23.22796      65 
 1             25 
1
 -9999.0   ,   9990.0 
 5 
-22.23356      64.43958 
-22.22671      64.4444 
-22.2339       64.4467 
-22.24424      64.4412 
-22.23356      64.43958 
 1             26 
1
 -9999.0   ,   9990.0 
 5 
-22.26727      64.43855 
-22.25926      64.44 
-22.26111      64.44379 
-22.27628      64.44304 
-22.26727      64.43855 
 1             27 
1
 -9999.0   ,   9990.0 
 6 
-22.30833      64.42806 
-22.3074       64.42996 
-22.31797      64.43435 
-22.32494      64.43297 
-22.3234       64.43007 
-22.30833      64.42806 
 1             28 
1
 -9999.0   ,   9990.0 
 5 
-22.07663      64.33794 
-22.07568      64.33985 
-22.08556      64.34082 
-22.08731      64.33818 
-22.07663      64.33794 
 1             29 
1
 -9999.0   ,   9990.0 
 5 
-21.79194      64.18227 
-21.78427      64.1846 
-21.78537      64.18796 
-21.79326      64.18955 
-21.79194      64.18227 
 1             30 
1
 -9999.0   ,   9990.0 
 5 
-21.90818      64.16745 
-21.90753      64.17025 
-21.92635      64.1778 
-21.92759      64.17358 
-21.90818      64.16745 
 1             31 
1
 -9999.0   ,   9990.0 
 9 
-21.83662      64.15787 
-21.83787      64.16331 
-21.85166      64.17166 
-21.85668      64.17733 
-21.87127      64.17526 
-21.86382      64.17021 
-21.86219      64.16365 
-21.84642      64.15726 
-21.83662      64.15787 
 1             32 
1
 -9999.0   ,   9990.0 
 5 
-21.24493      63.93474 
-21.20708      63.93981 
-21.2134       63.94362 
-21.22797      63.94143 
-21.24493      63.93474 
 1             33 
1
 -9999.0   ,   9990.0 
 103 
-22.70245      63.80051 
-22.68934      63.80278 
-22.65258      63.81651 
-22.63262      63.81942 
-22.62762      63.81899 
-22.61431      63.81783 
-22.59979      63.81346 
-22.5642       63.8102 
-22.53581      63.80972 
-22.50169      63.82692 
-22.47269      63.823 
-22.46172      63.82786 
-22.42987      63.83451 
-22.42416      63.83301 
-22.42972      63.82919 
-22.42693      63.82545 
-22.40958      63.82192 
-22.40394      63.82551 
-22.40599      63.83024 
-22.40394      63.83684 
-22.3931       63.83729 
-22.35162      63.85307 
-22.34194      63.85391 
-22.31353      63.84691 
-22.30929      63.84348 
-22.29656      63.83966 
-22.26813      63.84074 
-22.25277      63.83523 
-22.19225      63.82905 
-22.17673      63.82773 
-22.17022      63.82717 
-22.15964      63.83176 
-22.14256      63.83396 
-22.1249       63.83435 
-22.09573      63.82967 
-22.06124      63.8297 
-22.01278      63.83357 
-22.00315      63.83623 
-21.98452      63.83343 
-21.96448      63.83625 
-21.94479      63.83513 
-21.922        63.83581 
-21.90797      63.84052 
-21.83955      63.84996 
-21.8301       63.85329 
-21.82118      63.86351 
-21.81385      63.86694 
-21.7909       63.86368 
-21.75366      63.86333 
-21.71915      63.84067 
-21.69224      63.82658 
-21.68942      63.82511 
-21.66102      63.81914 
-21.59981      63.82754 
-21.58523      63.833 
-21.55562      63.83355 
-21.46295      63.8453 
-21.42395      63.84466 
-21.40627      63.84436 
-21.38141      63.84507 
-21.36683      63.84705 
-21.36357      63.85022 
-21.37919      63.86456 
-21.37131      63.87169 
-21.30451      63.88488 
-21.29582      63.88559 
-21.21706      63.87461 
-21.21418      63.87421 
-21.21366      63.87607 
-21.22678      63.88181 
-21.26314      63.88833 
-21.28567      63.89399 
-21.30597      63.90462 
-21.31616      63.91281 
-21.31614      63.91703 
-21.31171      63.91741 
-21.31024      63.91729 
-21.30729      63.91705 
-21.306        63.91977 
-21.30496      63.92026 
-21.30136      63.92147 
-21.29381      63.92137 
-21.29069      63.92135 
-21.28754      63.92124 
-21.2854       63.92073 
-21.27598      63.92406 
-21.26816      63.92962 
-21.25382      63.93655 
-21.22816      63.94396 
-21.20856      63.94504 
-21.18819      63.94154 
-21.17117      63.94351 
-21.15902      63.94375 
-21.1535       63.94113 
-21.14287      63.94056 
-21.12767      63.93678 
-21.11598      63.94179 
-21.11045      63.93887 
-21.0907       63.94316 
-21.06382      63.94254 
-21.04176      63.94419 
-21.02319      63.94335 
-20.99189      63.94674 
 1             34 
1
 -9999.0   ,   9990.0 
 400 
-22.70245      63.80051 
-22.71505      63.79833 
-22.71989      63.80657 
-22.72882      63.80668 
-22.74548      63.81738 
-22.74853      63.8218 
-22.74586      63.82475 
-22.73542      63.82798 
-22.72635      63.83528 
-22.71657      63.83892 
-22.71513      63.84711 
-22.70883      63.85492 
-22.71715      63.85784 
-22.72475      63.86333 
-22.73096      63.8678 
-22.74187      63.87218 
-22.7439       63.87042 
-22.74878      63.87404 
-22.75175      63.88286 
-22.74359      63.8945 
-22.73068      63.89511 
-22.71129      63.91394 
-22.70962      63.92307 
-22.70204      63.92864 
-22.70218      63.93534 
-22.65026      63.94033 
-22.64646      63.94311 
-22.65173      63.94948 
-22.66113      63.94826 
-22.67693      63.94623 
-22.70063      63.94954 
-22.71004      63.94939 
-22.7181       63.95303 
-22.72892      63.95394 
-22.74482      63.96215 
-22.74894      63.96813 
-22.76188      63.96751 
-22.76917      63.97351 
-22.7603       63.97686 
-22.76483      63.97934 
-22.76345      63.98151 
-22.71338      64 
-22.70719      64.01695 
-22.71232      64.03273 
-22.70774      64.03605 
-22.7131       64.04513 
-22.70732      64.05244 
-22.71017      64.05893 
-22.70471      64.07153 
-22.70113      64.07419 
-22.68936      64.08296 
-22.64757      64.07636 
-22.64003      64.06996 
-22.64208      64.06983 
-22.62815      64.06316 
-22.61405      64.06044 
-22.59746      64.04774 
-22.58459      64.04401 
-22.57933      64.03953 
-22.5688       64.03793 
-22.553        64.02887 
-22.53705      64 
-22.55293      63.99558 
-22.5472       63.98462 
-22.54916      63.97941 
-22.54679      63.9754 
-22.52717      63.98289 
-22.51923      63.98432 
-22.46686      63.97541 
-22.42639      63.9738 
-22.40195      63.97627 
-22.40069      63.97806 
-22.39872      63.98086 
-22.39982      63.99073 
-22.39724      63.99574 
-22.38108      64 
-22.36322      64.00936 
-22.34429      64.01221 
-22.33706      64.00947 
-22.32307      64.00993 
-22.28672      64.02226 
-22.26485      64.02966 
-22.23898      64.03067 
-22.20867      64.0186 
-22.18282      64.015 
-22.17877      64.01848 
-22.16039      64.01991 
-22.13201      64.03211 
-22.12631      64.04007 
-22.10082      64.0438 
-22.08781      64.04877 
-22.07987      64.04698 
-22.05564      64.04853 
-22.05266      64.04872 
-22.04483      64.04255 
-22.03548      64.04753 
-22.01869      64.04906 
-21.9959       64.0657 
-21.98207      64.06036 
-21.96938      64.06324 
-21.94545      64.06385 
-21.959        64.07149 
-21.96209      64.0713 
-21.97666      64.07728 
-22.00041      64.08083 
-22.01994      64.09063 
-22.01114      64.09258 
-22.01719      64.09656 
-22.03009      64.09545 
-22.04009      64.09316 
-22.04606      64.09334 
-22.04378      64.09641 
-22.03635      64.09778 
-22.03621      64.10318 
-22.02997      64.10607 
-22.03075      64.11043 
-21.99536      64.11936 
-21.99248      64.11701 
-22.00457      64.11071 
-21.99265      64.10963 
-21.98407      64.11386 
-21.97026      64.11657 
-21.96198      64.10904 
-21.96343      64.10389 
-21.97831      64.10916 
-21.98094      64.106 
-21.9945       64.10398 
-22.00746      64.10201 
-22.00479      64.09873 
-21.98808      64.09588 
-21.95906      64.09864 
-21.9536       64.09485 
-21.93163      64.0967 
-21.93357      64.10256 
-21.91864      64.10188 
-21.91078      64.10353 
-21.91182      64.10668 
-21.93536      64.10958 
-21.93993      64.11228 
-21.93634      64.11573 
-21.91346      64.11487 
-21.90597      64.11764 
-21.90642      64.11899 
-21.94389      64.12422 
-21.95538      64.1288 
-21.95973      64.13189 
-21.97467      64.14253 
-21.99643      64.14944 
-22.01649      64.15276 
-22.0332       64.15078 
-22.03279      64.15587 
-22.02154      64.15843 
-22.01612      64.16268 
-21.99834      64.15991 
-21.98216      64.15241 
-21.96801      64.151 
-21.95624      64.15359 
-21.94405      64.16126 
-21.93881      64.15975 
-21.94394      64.153 
-21.93493      64.14803 
-21.91882      64.1518 
-21.91568      64.1476 
-21.91504      64.14675 
-21.8945       64.14827 
-21.89113      64.15562 
-21.87898      64.15707 
-21.86232      64.1496 
-21.85238      64.14976 
-21.84287      64.14 
-21.84433      64.13001 
-21.83926      64.12735 
-21.83227      64.13168 
-21.81011      64.12985 
-21.79723      64.13064 
-21.79767      64.13201 
-21.8266       64.13848 
-21.82424      64.14415 
-21.81357      64.14527 
-21.81283      64.14946 
-21.82203      64.15188 
-21.82262      64.15368 
-21.80988      64.15493 
-21.8017       64.15567 
-21.80093      64.1566 
-21.79904      64.15882 
-21.82866      64.16735 
-21.82432      64.17498 
-21.80625      64.17771 
-21.78525      64.1698 
-21.78349      64.16439 
-21.78924      64.15943 
-21.78564      64.15805 
-21.76257      64.15993 
-21.74923      64.16421 
-21.75526      64.16821 
-21.75297      64.17088 
-21.73446      64.17225 
-21.72177      64.17533 
-21.71049      64.17464 
-21.71086      64.17578 
-21.69043      64.17771 
-21.69012      64.18003 
-21.70887      64.18321 
-21.72299      64.1856 
-21.75589      64.17828 
-21.76673      64.17923 
-21.77315      64.1763 
-21.77868      64.17872 
-21.76354      64.18725 
-21.77378      64.19445 
-21.77038      64.19695 
-21.75894      64.19903 
-21.74818      64.1967 
-21.73539      64.20278 
-21.73503      64.20165 
-21.72057      64.20093 
-21.708        64.20607 
-21.72326      64.21088 
-21.77015      64.20433 
-21.77942      64.20638 
-21.80423      64.21188 
-21.8283       64.20808 
-21.83435      64.21046 
-21.82195      64.21446 
-21.81782      64.22438 
-21.82402      64.23688 
-21.8456       64.23991 
-21.87138      64.23808 
-21.87241      64.23318 
-21.88984      64.23163 
-21.89797      64.23228 
-21.90284      64.22944 
-21.91408      64.23311 
-21.90832      64.23646 
-21.89267      64.23859 
-21.90413      64.24295 
-21.89963      64.2453 
-21.89811      64.24536 
-21.88869      64.24575 
-21.88154      64.25286 
-21.88215      64.26433 
-21.87749      64.26602 
-21.8329       64.29293 
-21.81587      64.29743 
-21.73893      64.34381 
-21.73114      64.34428 
-21.71269      64.33805 
-21.69213      64.33999 
-21.685        64.3381 
-21.68228      64.33737 
-21.667        64.33922 
-21.65262      64.33733 
-21.63971      64.33835 
-21.63508      64.3423 
-21.64248      64.34531 
-21.67572      64.3449 
-21.68234      64.35393 
-21.65928      64.36291 
-21.63482      64.36761 
-21.62237      64.37504 
-21.61706      64.37552 
-21.60743      64.37641 
-21.59869      64.37393 
-21.59073      64.37556 
-21.59074      64.38223 
-21.57344      64.3812 
-21.56695      64.37584 
-21.57215      64.36886 
-21.56129      64.36307 
-21.5411       64.3629 
-21.53244      64.36732 
-21.52114      64.36846 
-21.52085      64.36756 
-21.49935      64.37159 
-21.49575      64.36191 
-21.4726       64.3557 
-21.43606      64.3574 
-21.42539      64.36563 
-21.41494      64.37451 
-21.39731      64.38083 
-21.37261      64.3832 
-21.35866      64.38608 
-21.35901      64.38721 
-21.38684      64.38972 
-21.40454      64.38868 
-21.42603      64.38282 
-21.43289      64.37598 
-21.45034      64.37081 
-21.47253      64.37226 
-21.47745      64.37611 
-21.44261      64.38161 
-21.43379      64.38558 
-21.43751      64.39065 
-21.45874      64.39746 
-21.49582      64.39786 
-21.50133      64.39791 
-21.53192      64.39403 
-21.54937      64.39551 
-21.5618       64.39455 
-21.60129      64.40023 
-21.61618      64.40692 
-21.6684       64.40262 
-21.69477      64.39228 
-21.71172      64.39056 
-21.71463      64.3881 
-21.74964      64.37517 
-21.76202      64.36586 
-21.7633       64.36566 
-21.79224      64.36101 
-21.81111      64.34421 
-21.82646      64.33935 
-21.83981      64.33162 
-21.87272      64.32383 
-21.90803      64.30897 
-21.92662      64.30758 
-21.93882      64.3029 
-21.94802      64.30508 
-21.98898      64.30317 
-22.00534      64.3024 
-22.04038      64.30271 
-22.05726      64.31039 
-22.07233      64.31426 
-22.08686      64.31495 
-22.10282      64.31048 
-22.1088       64.31562 
-22.0935       64.3189 
-22.08388      64.32803 
-22.07314      64.32918 
-22.06682      64.33556 
-22.05341      64.33665 
-22.03138      64.35623 
-22.02469      64.35527 
-22.02044      64.35131 
-22.01253      64.35696 
-21.99551      64.36471 
-21.99467      64.37168 
-21.97929      64.3701 
-21.95598      64.37341 
-21.94676      64.36961 
-21.93896      64.3701 
-21.93327      64.3769 
-21.92607      64.37758 
-21.91417      64.37211 
-21.8984       64.37376 
-21.88537      64.37638 
-21.88801      64.38255 
-21.88464      64.38618 
-21.86652      64.38842 
-21.86965      64.39031 
-21.87582      64.39405 
-21.90397      64.3877 
-21.9228       64.39803 
-21.93417      64.3971 
-21.93387      64.3962 
-21.94882      64.39803 
-21.96284      64.39231 
-21.97273      64.3933 
-21.98625      64.39246 
-21.99403      64.38874 
-21.98891      64.37825 
-21.99567      64.37783 
-22.02531      64.38861 
-22.03149      64.39273 
-22.04586      64.40228 
-22.03024      64.42053 
-22.02007      64.42348 
-22.0256       64.43671 
-22.02215      64.45328 
-22.01122      64.45558 
-22.01251      64.43892 
-21.99603      64.44525 
-21.99526      64.46511 
-21.98397      64.4711 
-21.98803      64.47683 
-21.98242      64.48708 
-21.9589       64.51065 
-21.9542       64.51094 
-21.94649      64.50705 
-21.94067      64.50718 
-21.93181      64.51256 
-21.91099      64.5157 
-21.88743      64.52821 
-21.87039      64.52513 
-21.83326      64.53093 
-21.81258      64.53581 
-21.79517      64.53319 
-21.78075      64.53476 
-21.77552      64.53347 
-21.76812      64.5353 
-21.77013      64.53978 
-21.7767       64.5403 
-21.79104      64.54656 
-21.79441      64.54543 
-21.82468      64.54496 
-21.82722      64.5478 
-21.80375      64.55107 
-21.79021      64.55696 
-21.77664      64.57252 
-21.76225      64.57921 
 1             35 
1
 -9999.0   ,   9990.0 
 110 
-20.98305      63.94352 
-21.02994      63.93745 
-21.04231      63.93863 
-21.06521      63.93624 
-21.07771      63.93788 
-21.08874      63.93613 
-21.09618      63.93088 
-21.11255      63.93138 
-21.13866      63.92742 
-21.16422      63.9364 
-21.1822       63.93703 
-21.2145       63.93272 
-21.22243      63.92929 
-21.22276      63.92674 
-21.22843      63.92458 
-21.22953      63.92107 
-21.21678      63.9167 
-21.20399      63.89366 
-21.2107       63.88039 
-21.20466      63.87565 
-21.19096      63.87341 
-21.1587       63.86457 
-21.125        63.84867 
-21.0677       63.83404 
-21.00135      63.8261 
-20.99878      63.82464 
-20.99023      63.81978 
-20.97984      63.81804 
-20.96879      63.81955 
-20.95608      63.81885 
-20.92796      63.80744 
-20.90877      63.80202 
-20.90036      63.80177 
-20.89279      63.79687 
-20.81959      63.77448 
-20.81265      63.77577 
-20.8193       63.78118 
-20.7547       63.79469 
-20.73363      63.80362 
-20.72112      63.82131 
-20.709        63.82078 
-20.70708      63.82733 
-20.68655      63.83645 
-20.69142      63.84702 
-20.70098      63.85269 
-20.72136      63.86551 
-20.72798      63.87277 
-20.71284      63.88852 
-20.69501      63.9021 
-20.68819      63.91189 
-20.66482      63.92438 
-20.66478      63.92621 
-20.66222      63.92243 
-20.68837      63.90267 
-20.69959      63.874 
-20.69577      63.86545 
-20.67804      63.84771 
-20.67329      63.83821 
-20.69449      63.81716 
-20.7005       63.80833 
-20.69857      63.80497 
-20.71026      63.79401 
-20.71475      63.78341 
-20.72017      63.77892 
-20.73137      63.77149 
-20.76802      63.76843 
-20.78209      63.77046 
-20.79489      63.76771 
-20.73583      63.75099 
-20.70553      63.74059 
-20.63821      63.71524 
-20.5932       63.69825 
-20.57559      63.68833 
-20.56037      63.68565 
-20.53819      63.67803 
-20.49412      63.65977 
-20.47952      63.6513 
-20.44036      63.6337 
-20.43252      63.63341 
-20.42414      63.64327 
-20.41761      63.64199 
-20.40839      63.6383 
-20.41282      63.63532 
-20.42077      63.63607 
-20.42451      63.63243 
-20.41455      63.62579 
-20.39682      63.61701 
-20.38279      63.61265 
-20.36944      63.60479 
-20.36405      63.60599 
-20.37258      63.61523 
-20.34907      63.61226 
-20.33784      63.60659 
-20.33971      63.60374 
-20.34618      63.60273 
-20.36076      63.60316 
-20.35622      63.5974 
-20.20907      63.54319 
-20.1815       63.53612 
-20.16836      63.53274 
-20.13062      63.5302 
-20.07542      63.53217 
-20.07946      63.53938 
-20.07099      63.55239 
-20.06425      63.55226 
-20.06906      63.54006 
-20.06408      63.53432 
-20.05833      63.53184 
-20.04205      63.53492 
-20            63.538 
 1             36 
1
 -9999.0   ,   9990.0 
 28 
-20.23178      63.44712 
-20.24118      63.44763 
-20.26881      63.44514 
-20.26952      63.44651 
-20.26673      63.44872 
-20.25937      63.44954 
-20.24733      63.44936 
-20.24272      63.45124 
-20.23482      63.45054 
-20.24843      63.45467 
-20.27025      63.45242 
-20.28867      63.44996 
-20.31278      63.44554 
-20.31211      63.44073 
-20.30698      63.43869 
-20.30602      63.43275 
-20.29212      63.4118 
-20.28441      63.4055 
-20.29817      63.4009 
-20.29369      63.40047 
-20.28713      63.39984 
-20.27201      63.4052 
-20.26657      63.41859 
-20.25286      63.41926 
-20.24144      63.42927 
-20.22353      63.4359 
-20.22388      63.43882 
-20.23178      63.44712 
 1             37 
1
 -9999.0   ,   9990.0 
 8 
-20.59752      63.30538 
-20.59752      63.29296 
-20.582        63.28676 
-20.56648      63.29607 
-20.56337      63.30538 
-20.57889      63.3209 
-20.59441      63.31469 
-20.59752      63.30538 
