 3 
 1             1 
1
 -9999.0   ,   9990.0 
 6 
-39.91118      65 
-39.92198      64.99361 
-39.92408      64.99232 
-39.93108      64.9914 
-39.9564       64.9964 
-39.9645       65 
 1             2 
1
 -9999.0   ,   9990.0 
 10 
-39.79603      65 
-39.7814       64.99184 
-39.78518      64.98683 
-39.79433      64.98638 
-39.82447      64.99095 
-39.8417       64.98845 
-39.86485      64.98915 
-39.87455      64.99437 
-39.88316      64.99483 
-39.89456      65 
 1             3 
1
 -9999.0   ,   9990.0 
 9 
-39.86966      64.94722 
-39.86052      64.94815 
-39.84977      64.95201 
-39.84224      64.95725 
-39.84762      64.96021 
-39.85945      64.96066 
-39.86967      64.9577 
-39.87557      64.94973 
-39.86966      64.94722 
