 1 
 1             1 
1
 -9999.0   ,   9990.0 
 271 
 47.00568     -25 
 47.00885     -24.9961 
 47.02041     -24.98862 
 47.03945     -24.9793 
 47.08254     -24.9731 
 47.08275     -24.96574 
 47.08913     -24.96784 
 47.08995     -24.97584 
 47.09543     -24.98072 
 47.09535     -24.99151 
 47.09748     -24.99443 
 47.09993     -24.99274 
 47.10423     -24.9802 
 47.10735     -24.96307 
 47.10982     -24.94949 
 47.10742     -24.9459 
 47.11278     -24.93688 
 47.11626     -24.9339 
 47.11919     -24.93794 
 47.12271     -24.93782 
 47.12993     -24.9291 
 47.13523     -24.92961 
 47.14059     -24.91842 
 47.13642     -24.90868 
 47.12934     -24.90777 
 47.12219     -24.89239 
 47.12327     -24.87669 
 47.12379     -24.86915 
 47.1317      -24.8526 
 47.14374     -24.83889 
 47.15618     -24.81622 
 47.17793     -24.79393 
 47.18064     -24.79246 
 47.19293     -24.7916 
 47.19774     -24.79258 
 47.19846     -24.79164 
 47.19245     -24.78588 
 47.19816     -24.78408 
 47.20096     -24.78491 
 47.20289     -24.783 
 47.2005      -24.77964 
 47.20219     -24.77155 
 47.19348     -24.75508 
 47.19107     -24.73864 
 47.1952      -24.72266 
 47.19177     -24.71842 
 47.19445     -24.71626 
 47.19902     -24.71749 
 47.20098     -24.70985 
 47.20863     -24.70018 
 47.21108     -24.6923 
 47.21815     -24.68059 
 47.22883     -24.67128 
 47.23743     -24.64139 
 47.23735     -24.63336 
 47.23461     -24.62748 
 47.23707     -24.62625 
 47.23891     -24.62826 
 47.24164     -24.62771 
 47.24428     -24.6244 
 47.25395     -24.60273 
 47.25672     -24.59667 
 47.26248     -24.59029 
 47.26392     -24.58243 
 47.27085     -24.57371 
 47.28483     -24.54088 
 47.28786     -24.52288 
 47.28916     -24.51779 
 47.29238     -24.50436 
 47.3067      -24.46808 
 47.3047      -24.46218 
 47.30335     -24.45993 
 47.30726     -24.45131 
 47.30734     -24.44075 
 47.30945     -24.43723 
 47.31102     -24.42663 
 47.31771     -24.4062 
 47.31818     -24.39334 
 47.32072     -24.38256 
 47.3273      -24.37123 
 47.34271     -24.3255 
 47.34828     -24.32095 
 47.34656     -24.3155 
 47.3474      -24.30538 
 47.34622     -24.30128 
 47.34925     -24.29567 
 47.35351     -24.30172 
 47.35673     -24.28876 
 47.36399     -24.28278 
 47.37184     -24.27287 
 47.37832     -24.26003 
 47.38338     -24.25526 
 47.38253     -24.2468 
 47.39246     -24.22673 
 47.39442     -24.21358 
 47.40487     -24.18821 
 47.403       -24.18529 
 47.39872     -24.18475 
 47.39636     -24.18208 
 47.39788     -24.18069 
 47.40085     -24.17818 
 47.40708     -24.15716 
 47.42085     -24.12755 
 47.45126     -24.07762 
 47.45734     -24.06385 
 47.46176     -24.05385 
 47.46532     -24.04937 
 47.46913     -24.05084 
 47.47851     -24.04225 
 47.48334     -24.02648 
 47.48931     -24.01581 
 47.49657     -24.00284 
 47.49749     -24 
 47.51774     -23.96102 
 47.54389     -23.89898 
 47.5494      -23.88902 
 47.55788     -23.87368 
 47.55687     -23.87208 
 47.5596      -23.87 
 47.57381     -23.84218 
 47.57979     -23.81372 
 47.57304     -23.81148 
 47.56581     -23.81153 
 47.56038     -23.81707 
 47.55365     -23.81689 
 47.56552     -23.80626 
 47.569       -23.80532 
 47.58273     -23.80866 
 47.58842     -23.80358 
 47.59109     -23.79645 
 47.59866     -23.75126 
 47.59917     -23.72973 
 47.59956     -23.71298 
 47.60416     -23.69759 
 47.606       -23.68131 
 47.61158     -23.665 
 47.61341     -23.64757 
 47.6163      -23.637 
 47.61762     -23.61774 
 47.62152     -23.60877 
 47.6205      -23.60649 
 47.61949     -23.60443 
 47.62094     -23.60007 
 47.62665     -23.59819 
 47.63002     -23.58556 
 47.63141     -23.57409 
 47.63005     -23.56172 
 47.63425     -23.53167 
 47.64975     -23.48045 
 47.65525     -23.46228 
 47.67226     -23.42066 
 47.69713     -23.37049 
 47.69944     -23.36326 
 47.70147     -23.35693 
 47.69994     -23.3535 
 47.70014     -23.348 
 47.70187     -23.34664 
 47.70606     -23.34337 
 47.71219     -23.33529 
 47.72034     -23.30427 
 47.73317     -23.27092 
 47.74143     -23.22775 
 47.74493     -23.20433 
 47.75292     -23.18409 
 47.75334     -23.15153 
 47.75732     -23.12742 
 47.76733     -23.0872 
 47.79778     -23.00718 
 47.80839     -22.97929 
 47.81594     -22.9423 
 47.83088     -22.88503 
 47.84143     -22.8446 
 47.84446     -22.82759 
 47.84364     -22.82003 
 47.84047     -22.81759 
 47.84363     -22.79526 
 47.8513      -22.7711 
 47.85837     -22.738 
 47.86082     -22.69336 
 47.86252     -22.66226 
 47.87485     -22.61236 
 47.88233     -22.56909 
 47.89765     -22.48045 
 47.91001     -22.44591 
 47.91659     -22.4275 
 47.9231      -22.41275 
 47.92834     -22.39503 
 47.93751     -22.37636 
 47.94605     -22.34484 
 47.95878     -22.30784 
 47.95967     -22.30524 
 47.98208     -22.25729 
 47.98873     -22.23496 
 48.00812     -22.19047 
 48.01324     -22.17872 
 48.02675     -22.15288 
 48.02645     -22.14761 
 48.02903     -22.13679 
 48.05813     -22.07568 
 48.07304     -22.03661 
 48.09936     -21.97931 
 48.10021     -21.96874 
 48.1243      -21.92042 
 48.13242     -21.90413 
 48.1439      -21.87692 
 48.14907     -21.85712 
 48.17177     -21.80242 
 48.17367     -21.79786 
 48.19445     -21.74873 
 48.20076     -21.72318 
 48.21163     -21.68862 
 48.21784     -21.67905 
 48.21958     -21.67636 
 48.22596     -21.65609 
 48.24764     -21.60303 
 48.26038     -21.56294 
 48.26154     -21.55976 
 48.28029     -21.50829 
 48.28401     -21.49287 
 48.30289     -21.43964 
 48.31524     -21.40479 
 48.33663     -21.3175 
 48.35011     -21.26245 
 48.34733     -21.25652 
 48.35097     -21.25372 
 48.35276     -21.24106 
 48.36505     -21.20808 
 48.38317     -21.17134 
 48.39113     -21.15232 
 48.39929     -21.13279 
 48.41407     -21.08576 
 48.43536     -21.03314 
 48.44709     -20.99762 
 48.44904     -20.97968 
 48.45837     -20.91272 
 48.46926     -20.87032 
 48.47527     -20.85626 
 48.47824     -20.84931 
 48.48535     -20.81637 
 48.49137     -20.77655 
 48.50153     -20.73553 
 48.50269     -20.72522 
 48.50391     -20.71437 
 48.52297     -20.64797 
 48.53079     -20.63156 
 48.53839     -20.60383 
 48.55062     -20.55916 
 48.55224     -20.54903 
 48.5543      -20.55083 
 48.56705     -20.50933 
 48.57692     -20.4837 
 48.59255     -20.43257 
 48.59737     -20.41681 
 48.60317     -20.39743 
 48.61195     -20.38101 
 48.62763     -20.33853 
 48.645       -20.29896 
 48.6467      -20.29508 
 48.66564     -20.25921 
 48.70144     -20.1813 
 48.70214     -20.18013 
 48.73061     -20.13265 
 48.7493      -20.08414 
 48.75758     -20.06558 
 48.76913     -20.04595 
 48.77566     -20.02862 
 48.77571     -20.01667 
 48.77833     -20.01342 
 48.77852     -20.01043 
 48.7829      -20.00991 
 48.78688     -20 
