 1 
 1             1 
1
 -9999.0   ,   9990.0 
 43 
-128.2965     -24.32331 
-128.2938     -24.31908 
-128.2939     -24.31587 
-128.2954     -24.31708 
-128.297      -24.31847 
-128.3032     -24.32091 
-128.3106     -24.32401 
-128.3119     -24.32456 
-128.3239     -24.326 
-128.3314     -24.32549 
-128.3331     -24.32668 
-128.336      -24.33111 
-128.3419     -24.33972 
-128.3425     -24.34067 
-128.3462     -24.35084 
-128.3464     -24.35663 
-128.3464     -24.36048 
-128.3447     -24.36783 
-128.3445     -24.36892 
-128.3354     -24.38704 
-128.3317     -24.39406 
-128.3292     -24.39539 
-128.3238     -24.39823 
-128.317      -24.39921 
-128.3103     -24.39927 
-128.3022     -24.40206 
-128.295      -24.40647 
-128.2912     -24.40706 
-128.289      -24.4054 
-128.2874     -24.40238 
-128.2863     -24.39502 
-128.287      -24.38743 
-128.2875     -24.38221 
-128.2891     -24.36803 
-128.2949     -24.35877 
-128.2964     -24.35497 
-128.2979     -24.35151 
-128.2988     -24.34305 
-128.2982     -24.3389 
-128.2982     -24.33213 
-128.2982     -24.33134 
-128.2967     -24.3235 
-128.2965     -24.32331 
