 12 
 1             1 
1
 -9999.0   ,   9990.0 
 25 
-45.07292     -23.56404 
-45.05745     -23.5492 
-45.04152     -23.54399 
-45.03502     -23.53347 
-45.0365      -23.5314 
-45.03898     -23.5307 
-45.04197     -23.53275 
-45.04395     -23.53022 
-45.04468     -23.52541 
-45.0504      -23.52722 
-45.05512     -23.52651 
-45.05936     -23.52993 
-45.06236     -23.53565 
-45.07007     -23.537 
-45.07404     -23.53469 
-45.0755      -23.52781 
-45.07872     -23.5255 
-45.08097     -23.52893 
-45.07975     -23.53329 
-45.08201     -23.53833 
-45.0805      -23.54171 
-45.07832     -23.5466 
-45.08258     -23.55506 
-45.07814     -23.56219 
-45.07292     -23.56404 
 1             2 
1
 -9999.0   ,   9990.0 
 10 
-45.15325     -23.57265 
-45.14976     -23.56854 
-45.14255     -23.5704 
-45.1413      -23.56765 
-45.14278     -23.5649 
-45.15343     -23.55843 
-45.15692     -23.5591 
-45.16069     -23.56757 
-45.15871     -23.57079 
-45.15325     -23.57265 
 1             3 
1
 -9999.0   ,   9990.0 
 9 
-45.28966     -23.60409 
-45.28268     -23.60161 
-45.27767     -23.59384 
-45.2784      -23.59223 
-45.28736     -23.59287 
-45.29011     -23.59515 
-45.29561     -23.60177 
-45.29513     -23.60383 
-45.28966     -23.60409 
 1             4 
1
 -9999.0   ,   9990.0 
 18 
-45.14101     -23.81731 
-45.13351     -23.81115 
-45.11508     -23.81169 
-45.11309     -23.80987 
-45.11231     -23.8046 
-45.11354     -23.8007 
-45.11927     -23.80159 
-45.12473     -23.79767 
-45.13592     -23.79625 
-45.13241     -23.7903 
-45.13389     -23.788 
-45.14635     -23.7907 
-45.15785     -23.79959 
-45.15439     -23.80441 
-45.15367     -23.80969 
-45.1472      -23.81224 
-45.14623     -23.81614 
-45.14101     -23.81731 
 1             5 
1
 -9999.0   ,   9990.0 
 246 
-46.15966     -23.91041 
-46.15515     -23.90817 
-46.14569     -23.90895 
-46.14316     -23.90599 
-46.14607     -23.89886 
-46.14278     -23.89385 
-46.13828     -23.89252 
-46.13399     -23.88798 
-46.13003     -23.8683 
-46.12121     -23.85853 
-46.12068     -23.85556 
-46.12936     -23.85272 
-46.12736     -23.8516 
-46.12426     -23.84223 
-46.11899     -23.83792 
-46.10821     -23.83207 
-46.09423     -23.82808 
-46.0787      -23.81997 
-46.0622      -23.8144 
-46.05473     -23.81378 
-46.0463      -23.8173 
-46.04189     -23.82376 
-46.04618     -23.82968 
-46.04422     -23.83199 
-46.04147     -23.83156 
-46.03746     -23.82862 
-46.03617     -23.82473 
-46.0324      -23.82087 
-46.03056     -23.8124 
-46.0153      -23.80521 
-45.99459     -23.80127 
-45.99008     -23.79787 
-45.98628     -23.79172 
-45.93429     -23.77109 
-45.91508     -23.76769 
-45.91086     -23.76694 
-45.89636     -23.76087 
-45.88618     -23.76302 
-45.86299     -23.75886 
-45.8366      -23.75747 
-45.79879     -23.76053 
-45.79682     -23.76215 
-45.80013     -23.77061 
-45.79431     -23.77094 
-45.79092     -23.77114 
-45.77946     -23.76917 
-45.77368     -23.76394 
-45.76422     -23.76264 
-45.75602     -23.76499 
-45.75756     -23.76957 
-45.75433     -23.77074 
-45.74135     -23.76694 
-45.72966     -23.76726 
-45.71553     -23.77333 
-45.69163     -23.77373 
-45.6872      -23.77973 
-45.68321     -23.77953 
-45.67546     -23.775 
-45.67437     -23.77508 
-45.6685      -23.77551 
-45.6626      -23.78426 
-45.65738     -23.78545 
-45.6501      -23.77816 
-45.64462     -23.77751 
-45.63866     -23.77939 
-45.6382      -23.78421 
-45.62849     -23.78451 
-45.62281     -23.78913 
-45.62018     -23.80313 
-45.61644     -23.8027 
-45.60743     -23.7968 
-45.59274     -23.79644 
-45.57355     -23.79291 
-45.56872     -23.79276 
-45.56109     -23.79253 
-45.55538     -23.79417 
-45.55192     -23.79718 
-45.54948     -23.80453 
-45.55226     -23.80886 
-45.54429     -23.80869 
-45.53242     -23.82 
-45.53696     -23.82753 
-45.53099     -23.8294 
-45.52427     -23.82876 
-45.5198      -23.83131 
-45.51383     -23.83227 
-45.51013     -23.83596 
-45.5139      -23.84075 
-45.51068     -23.84306 
-45.50096     -23.84243 
-45.48224     -23.83636 
-45.47972     -23.83157 
-45.47496     -23.8277 
-45.45598     -23.82048 
-45.44804     -23.8235 
-45.43886     -23.82952 
-45.43363     -23.82864 
-45.42937     -23.82431 
-45.42167     -23.82733 
-45.41194     -23.82464 
-45.40044     -23.81668 
-45.39715     -23.80937 
-45.39215     -23.80641 
-45.39138     -23.80207 
-45.38949     -23.78007 
-45.39735     -23.76283 
-45.40305     -23.75959 
-45.40575     -23.75316 
-45.40397     -23.74789 
-45.39869     -23.74169 
-45.39369     -23.7358 
-45.39138     -23.7255 
-45.39311     -23.72228 
-45.40257     -23.72383 
-45.41202     -23.72332 
-45.41597     -23.71848 
-45.42225     -23.68979 
-45.4226      -23.66686 
-45.41749     -23.64603 
-45.4139      -23.63953 
-45.40968     -23.63186 
-45.40392     -23.6257 
-45.39968     -23.62343 
-45.39645     -23.62391 
-45.39002     -23.63014 
-45.38605     -23.63131 
-45.38008     -23.63065 
-45.37583     -23.62701 
-45.37086     -23.62681 
-45.36391     -23.62983 
-45.35592     -23.62437 
-45.34159     -23.59923 
-45.33884     -23.59672 
-45.31652     -23.58135 
-45.30989     -23.57785 
-45.30442     -23.57742 
-45.29919     -23.57492 
-45.28203     -23.57364 
-45.27856     -23.57549 
-45.27758     -23.57893 
-45.28134     -23.5851 
-45.27465     -23.58881 
-45.26025     -23.59163 
-45.26052     -23.59598 
-45.25779     -23.59623 
-45.2518      -23.59144 
-45.24808     -23.59467 
-45.24235     -23.59264 
-45.23187     -23.58398 
-45.21123     -23.58293 
-45.21058     -23.58217 
-45.20598     -23.57676 
-45.20595     -23.57241 
-45.20941     -23.56735 
-45.20764     -23.56277 
-45.21733     -23.56043 
-45.21009     -23.55588 
-45.21133     -23.55381 
-45.21629     -23.55356 
-45.21852     -23.55148 
-45.22671     -23.54915 
-45.22794     -23.54662 
-45.22091     -23.53404 
-45.21517     -23.52926 
-45.19202     -23.52134 
-45.1883      -23.5225 
-45.1859      -23.53948 
-45.18493     -23.54051 
-45.18417     -23.54132 
-45.18119     -23.54225 
-45.17546     -23.53976 
-45.1705      -23.54208 
-45.16527     -23.54026 
-45.16156     -23.54257 
-45.15932     -23.54144 
-45.15406     -23.53389 
-45.15404     -23.53 
-45.15602     -23.52792 
-45.15925     -23.52883 
-45.16247     -23.52652 
-45.16394     -23.52261 
-45.16143     -23.51689 
-45.16315     -23.51184 
-45.16959     -23.50837 
-45.17081     -23.50424 
-45.16804     -23.49714 
-45.1653      -23.49486 
-45.16232     -23.49533 
-45.15737     -23.50017 
-45.1524      -23.49859 
-45.14371     -23.49954 
-45.14199     -23.50391 
-45.13354     -23.50441 
-45.13281     -23.50716 
-45.13412     -23.50824 
-45.13755     -23.51104 
-45.13459     -23.51472 
-45.12465     -23.51614 
-45.11424     -23.52123 
-45.10929     -23.5256 
-45.10655     -23.52584 
-45.10307     -23.52402 
-45.10181     -23.51944 
-45.10497     -23.50453 
-45.08982     -23.50551 
-45.0851      -23.50782 
-45.08117     -23.51792 
-45.07894     -23.51931 
-45.07841     -23.5122 
-45.07043     -23.50375 
-45.06517     -23.49483 
-45.0676      -23.4915 
-45.06937     -23.48908 
-45.06485     -23.47809 
-45.0601      -23.47192 
-45.05587     -23.46941 
-45.04742     -23.46807 
-45.04069     -23.46328 
-45.03498     -23.46284 
-45.02654     -23.46631 
-45.02058     -23.46587 
-45.01559     -23.46131 
-45.02056     -23.4606 
-45.02703     -23.46242 
-45.03049     -23.45896 
-45.03245     -23.45207 
-45.03493     -23.45092 
-45.03841     -23.45113 
-45.04413     -23.45547 
-45.04961     -23.45751 
-45.05531     -23.45405 
-45.05849     -23.44395 
-45.06294     -23.43866 
-45.05745     -23.43157 
-45.05866     -23.4256 
-45.05043     -23.41783 
-45.04598     -23.42129 
-45.04303     -23.42864 
-45.03706     -23.42568 
-45.03007     -23.41791 
-45.02535     -23.41701 
-45.02064     -23.41795 
-45.01643     -23.42278 
-45.01071     -23.41936 
-45.00371     -23.40792 
-45           -23.40542 
 1             6 
1
 -9999.0   ,   9990.0 
 112 
-45.25136     -23.96211 
-45.2663      -23.95974 
-45.26927     -23.9572 
-45.2789      -23.94134 
-45.27912     -23.93538 
-45.27459     -23.92784 
-45.27754     -23.92187 
-45.28646     -23.91288 
-45.29418     -23.9133 
-45.30089     -23.90914 
-45.32258     -23.91246 
-45.33434     -23.92042 
-45.33932     -23.92017 
-45.3413      -23.91786 
-45.34255     -23.91767 
-45.34429     -23.91739 
-45.35157     -23.92652 
-45.35906     -23.929 
-45.37824     -23.92935 
-45.38749     -23.93296 
-45.39447     -23.93361 
-45.40048     -23.93793 
-45.40895     -23.9388 
-45.42564     -23.93778 
-45.43211     -23.93568 
-45.43583     -23.93291 
-45.44322     -23.92163 
-45.45311     -23.91034 
-45.45314     -23.90652 
-45.45324     -23.89201 
-45.45196     -23.88674 
-45.44118     -23.87718 
-45.43815     -23.87078 
-45.42965     -23.86579 
-45.42362     -23.85895 
-45.41291     -23.85787 
-45.40914     -23.85376 
-45.40435     -23.84417 
-45.39257     -23.83254 
-45.36988     -23.81778 
-45.36882     -23.81709 
-45.36329     -23.8091 
-45.35894     -23.7901 
-45.35287     -23.77363 
-45.34685     -23.7661 
-45.34531     -23.75992 
-45.34469     -23.73906 
-45.33588     -23.72329 
-45.33213     -23.72079 
-45.32242     -23.71901 
-45.31396     -23.71974 
-45.3114      -23.7217 
-45.30158     -23.7292 
-45.28792     -23.73317 
-45.27149     -23.73234 
-45.26654     -23.7381 
-45.25983     -23.73928 
-45.25439     -23.74435 
-45.25266     -23.74711 
-45.25543     -23.75328 
-45.25396     -23.75833 
-45.248       -23.75951 
-45.24277     -23.75885 
-45.23582     -23.76278 
-45.22889     -23.76992 
-45.22717     -23.77359 
-45.23163     -23.79166 
-45.23531     -23.80656 
-45.23385     -23.81299 
-45.23564     -23.82077 
-45.24087     -23.8212 
-45.24238     -23.82463 
-45.24164     -23.82716 
-45.23196     -23.83202 
-45.22549     -23.83205 
-45.22351     -23.83527 
-45.22627     -23.83869 
-45.23376     -23.84187 
-45.2427      -23.83839 
-45.25341     -23.83719 
-45.26412     -23.83782 
-45.27061     -23.84054 
-45.28137     -23.85034 
-45.28257     -23.8544 
-45.2834      -23.85721 
-45.28321     -23.86637 
-45.27849     -23.86961 
-45.26828     -23.87035 
-45.26555     -23.87174 
-45.26482     -23.87472 
-45.26784     -23.88112 
-45.26638     -23.88617 
-45.26018     -23.89056 
-45.24328     -23.89843 
-45.24129     -23.89798 
-45.24125     -23.89111 
-45.23925     -23.88951 
-45.23452     -23.89023 
-45.22932     -23.89529 
-45.22359     -23.89624 
-45.22137     -23.89923 
-45.22189     -23.90404 
-45.23087     -23.90606 
-45.23339     -23.91109 
-45.23208     -23.91691 
-45.23168     -23.91866 
-45.2332      -23.92232 
-45.23023     -23.92623 
-45.23125     -23.93035 
-45.22434     -23.94413 
-45.23863     -23.96033 
-45.25136     -23.96211 
 1             7 
1
 -9999.0   ,   9990.0 
 9 
-46.22055     -24.02532 
-46.21808     -24.02453 
-46.21545     -24.01663 
-46.21663     -24.01278 
-46.22044     -24.01132 
-46.22362     -24.01259 
-46.22593     -24.0168 
-46.22519     -24.02205 
-46.22055     -24.02532 
 1             8 
1
 -9999.0   ,   9990.0 
 8 
-46.26554     -24.05708 
-46.2637      -24.05357 
-46.26684     -24.05048 
-46.27065     -24.04902 
-46.2741      -24.05006 
-46.275       -24.05216 
-46.27056     -24.05636 
-46.26554     -24.05708 
 1             9 
1
 -9999.0   ,   9990.0 
 13 
-45.69511     -24.11249 
-45.67885     -24.09803 
-45.67995     -24.09601 
-45.68693     -24.09631 
-45.68927     -24.09457 
-45.6875      -24.0899 
-45.68835     -24.0881 
-45.69123     -24.09029 
-45.69401     -24.09959 
-45.70023     -24.10513 
-45.70082     -24.10837 
-45.6984      -24.11171 
-45.69511     -24.11249 
 1             10 
1
 -9999.0   ,   9990.0 
 7 
-46.69119     -24.24505 
-46.68633     -24.24167 
-46.68495     -24.23863 
-46.68735     -24.23527 
-46.69131     -24.2361 
-46.6965      -24.24362 
-46.69119     -24.24505 
 1             11 
1
 -9999.0   ,   9990.0 
 8 
-46.98292     -24.38904 
-46.98025     -24.38689 
-46.97828     -24.37971 
-46.97937     -24.37745 
-46.98215     -24.37686 
-46.98672     -24.38159 
-46.98776     -24.3869 
-46.98292     -24.38904 
 1             12 
1
 -9999.0   ,   9990.0 
 159 
-47.86204     -25 
-47.85954     -24.99644 
-47.82922     -24.9683 
-47.78987     -24.93175 
-47.77436     -24.92102 
-47.72853     -24.88197 
-47.72737     -24.88099 
-47.65533     -24.8242 
-47.64496     -24.8184 
-47.6228      -24.80089 
-47.61338     -24.79344 
-47.55045     -24.75245 
-47.50846     -24.73047 
-47.50086     -24.7265 
-47.46965     -24.71413 
-47.44183     -24.69841 
-47.43497     -24.6934 
-47.43141     -24.68756 
-47.42565     -24.68716 
-47.41341     -24.67854 
-47.40403     -24.67391 
-47.40259     -24.67203 
-47.40507     -24.66591 
-47.40443     -24.66268 
-47.39905     -24.65862 
-47.39147     -24.64578 
-47.38904     -24.65075 
-47.39049     -24.65618 
-47.39865     -24.66297 
-47.40005     -24.66576 
-47.39793     -24.66891 
-47.39496     -24.66791 
-47.3919      -24.66208 
-47.38626     -24.65848 
-47.36595     -24.65076 
-47.351       -24.64069 
-47.31875     -24.62367 
-47.29996     -24.60911 
-47.28873     -24.60051 
-47.26955     -24.58983 
-47.2555      -24.58321 
-47.22846     -24.57505 
-47.22462     -24.57034 
-47.22568     -24.56211 
-47.22354     -24.55884 
-47.2147      -24.55375 
-47.20474     -24.54518 
-47.19685     -24.5415 
-47.19297     -24.54094 
-47.18862     -24.54032 
-47.18626     -24.53658 
-47.18515     -24.52599 
-47.15458     -24.50554 
-47.09435     -24.46144 
-47.09258     -24.46046 
-47.07889     -24.45292 
-47.07846     -24.45107 
-47.05761     -24.43939 
-47.03412     -24.43153 
-47.02677     -24.42717 
-47.02012     -24.41777 
-47.01442     -24.41621 
-47.01028     -24.41333 
-47.00357     -24.41196 
-46.9988      -24.40584 
-46.99821     -24.40169 
-47.00029     -24.3997 
-47.01053     -24.40026 
-47.00989     -24.39106 
-47.01752     -24.38809 
-47.01741     -24.38419 
-47.01776     -24.38374 
-47.01923     -24.38181 
-47.02428     -24.3824 
-47.00531     -24.36705 
-47.00345     -24.36332 
-47.0054      -24.35833 
-47.0025      -24.34264 
-46.99831     -24.3347 
-46.98995     -24.32434 
-46.96556     -24.30175 
-46.95026     -24.29196 
-46.9497      -24.2916 
-46.9366      -24.28108 
-46.84199     -24.22013 
-46.83878     -24.21826 
-46.81634     -24.20527 
-46.79102     -24.19478 
-46.76343     -24.1787 
-46.69191     -24.14212 
-46.6274      -24.10907 
-46.57328     -24.07862 
-46.5265      -24.05639 
-46.48694     -24.0357 
-46.45822     -24.02479 
-46.45048     -24.02288 
-46.43747     -24.01967 
-46.41837     -24.01691 
-46.40764     -24.01674 
-46.403       -24.02024 
-46.40186     -24.02341 
-46.40402     -24.03106 
-46.4019      -24.03374 
-46.39891     -24.03362 
-46.3955      -24.03189 
-46.38968     -24.02227 
-46.38401     -24.02069 
-46.38466     -24.01727 
-46.39183     -24.01318 
-46.39268     -24.00518 
-46.39047     -24 
-46.32148     -24 
-46.32569     -24.0075 
-46.32646     -24.01808 
-46.325       -24.02285 
-46.32171     -24.02387 
-46.31634     -24.02115 
-46.31256     -24.02766 
-46.30955     -24.02777 
-46.30588     -24.02075 
-46.30155     -24.01715 
-46.29798     -24.01862 
-46.28835     -24.02743 
-46.29328     -24.04001 
-46.29215     -24.04272 
-46.28808     -24.0444 
-46.28363     -24.04354 
-46.28038     -24.03814 
-46.28027     -24.03751 
-46.27939     -24.03237 
-46.28231     -24.02308 
-46.28073     -24.01935 
-46.2684      -24.0159 
-46.2665      -24.01376 
-46.26436     -24.00588 
-46.25639     -24 
-46.21078     -24 
-46.20989     -24.00174 
-46.20609     -24.00297 
-46.20014     -24.00205 
-46.19864     -24 
-46.18828     -23.99332 
-46.17727     -23.98999 
-46.17649     -23.98725 
-46.18116     -23.98148 
-46.18212     -23.97803 
-46.18077     -23.96888 
-46.17621     -23.96273 
-46.16692     -23.95732 
-46.15631     -23.94414 
-46.15999     -23.93998 
-46.16445     -23.93764 
-46.16993     -23.93735 
-46.17239     -23.93458 
-46.1748      -23.92745 
-46.17224     -23.92129 
-46.16521     -23.91678 
-46.16367     -23.91501 
-46.15966     -23.91041 
