 11 
 1             1 
 2 
 -9998.0  ,   -9997.0
  1999.0  ,    9990.0
 9 
-179.9994     -70.76144 
-179.9994     -70.7517 
-179.9994     -70.66841 
-179.9994     -70.5851 
-179.9994     -70.5018 
-179.9994     -70.4185 
-179.9994     -70.3352 
-179.9994     -70.2519 
-179.9994     -70 
 1             2 
 2 
 -9998.0  ,   -9997.0
  1999.0  ,    9990.0
 2 
-179.9994     -70.7703 
-179.9994     -70.76144 
 1             3 
 2 
 -9998.0  ,   -9997.0
  1999.0  ,    9990.0
 11 
-179.9994     -71.55191 
-179.9994     -71.50141 
-179.9994     -71.4181 
-179.9994     -71.3348 
-179.9994     -71.2515 
-179.9994     -71.1682 
-179.9994     -71.0849 
-179.9994     -71.0016 
-179.9994     -70.9183 
-179.9994     -70.835 
-179.9994     -70.7703 
 1             4 
 2 
 -9998.0  ,   -9997.0
  1999.0  ,    9990.0
 2 
-179.9994     -71.56265 
-179.9994     -71.55191 
 1             5 
 2 
 -9998.0  ,   -9997.0
  1999.0  ,    9990.0
 12 
-179.9994     -72.34906 
-179.9994     -72.3344 
-179.9994     -72.2511 
-179.9994     -72.1678 
-179.9994     -72.08451 
-179.9994     -72.0012 
-179.9994     -71.9179 
-179.9994     -71.8346 
-179.9994     -71.7513 
-179.9994     -71.668 
-179.9994     -71.5847 
-179.9994     -71.56265 
 1             6 
 2 
 -9998.0  ,   -9997.0
  1999.0  ,    9990.0
 2 
-179.9994     -72.36528 
-179.9994     -72.34906 
 1             7 
 2 
 -9998.0  ,   -9997.0
  1999.0  ,    9990.0
 8 
-179.9994     -72.8563 
-179.9994     -72.8342 
-179.9994     -72.7509 
-179.9994     -72.6676 
-179.9994     -72.5843 
-179.9994     -72.501 
-179.9994     -72.4177 
-179.9994     -72.36528 
 1             8 
 2 
 -9998.0  ,   -9997.0
  1999.0  ,    9990.0
 2 
-179.9994     -72.88034 
-179.9994     -72.8563 
 1             9 
 2 
 -9998.0  ,   -9997.0
  1999.0  ,    9990.0
 4 
-179.9994     -73.01208 
-179.9994     -73.0008 
-179.9994     -72.91751 
-179.9994     -72.88034 
 1             10 
 2 
 -9998.0  ,   -9997.0
  1999.0  ,    9990.0
 2 
-179.9994     -73.05815 
-179.9994     -73.01208 
 1             11 
 2 
 -9998.0  ,   -9997.0
  1999.0  ,    9990.0
 23 
-179.9994     -75 
-179.9994     -74.7501 
-179.9994     -74.6668 
-179.9994     -74.58351 
-179.9994     -74.5002 
-179.9994     -74.4169 
-179.9994     -74.3336 
-179.9994     -74.2503 
-179.9994     -74.167 
-179.9994     -74.0837 
-179.9994     -74.0004 
-179.9994     -73.9171 
-179.9994     -73.8338 
-179.9994     -73.75051 
-179.9994     -73.6672 
-179.9994     -73.5839 
-179.9994     -73.5006 
-179.9994     -73.4173 
-179.9994     -73.334 
-179.9994     -73.2507 
-179.9994     -73.1674 
-179.9994     -73.0841 
-179.9994     -73.05815 
