 79 
 1             1 
1
 -9999.0   ,   9990.0 
 5 
-156.1775      71.33941 
-156.1817      71.34302 
-156.2167      71.34592 
-156.2073      71.3423 
-156.1775      71.33941 
 1             2 
1
 -9999.0   ,   9990.0 
 12 
-156.0792      71.3255 
-156.1099      71.32857 
-156.117       71.33093 
-156.1163      71.33351 
-156.0791      71.32781 
-156.0362      71.32475 
-156.0028      71.3142 
-156.0094      71.31312 
-156.0199      71.31645 
-156.0521      71.32221 
-156.0657      71.32211 
-156.0792      71.3255 
 1             3 
1
 -9999.0   ,   9990.0 
 9 
-155.9443      71.28588 
-155.939       71.28665 
-155.9366      71.29003 
-155.9495      71.29761 
-155.9764      71.30832 
-155.9788      71.30494 
-155.9566      71.29628 
-155.9574      71.2937 
-155.9443      71.28588 
 1             4 
1
 -9999.0   ,   9990.0 
 16 
-155.7027      71.23791 
-155.7179      71.23821 
-155.7276      71.23351 
-155.7367      71.23576 
-155.7483      71.23465 
-155.7534      71.23736 
-155.7409      71.24084 
-155.6992      71.2446 
-155.6595      71.24035 
-155.6561      71.238 
-155.6918      71.23506 
-155.7228      71.2273 
-155.73        71.22736 
-155.7308      71.22893 
-155.7115      71.23303 
-155.7027      71.23791 
 1             5 
1
 -9999.0   ,   9990.0 
 12 
-155.467       71.21203 
-155.5095      71.22031 
-155.5424      71.22425 
-155.5938      71.22763 
-155.5937      71.23017 
-155.5829      71.23147 
-155.5581      71.23078 
-155.5239      71.22713 
-155.4637      71.21383 
-155.4432      71.2062 
-155.4511      71.20505 
-155.467       71.21203 
 1             6 
1
 -9999.0   ,   9990.0 
 7 
-155.1463      71.16808 
-155.1957      71.18065 
-155.2362      71.18286 
-155.2372      71.18072 
-155.2099      71.1778 
-155.1574      71.16748 
-155.1463      71.16808 
 1             7 
1
 -9999.0   ,   9990.0 
 16 
-155           71.1393 
-154.9955      71.13849 
-155           71.13718 
-155.0023      71.13651 
-155.0129      71.1362 
-155.0332      71.13972 
-155.0637      71.15056 
-155.0852      71.15356 
-155.0985      71.15863 
-155.1184      71.16241 
-155.1105      71.16376 
-155.1006      71.16267 
-155.0844      71.15753 
-155.0616      71.15483 
-155.0363      71.14579 
-155           71.1393 
 1             8 
1
 -9999.0   ,   9990.0 
 7 
-155.0465      71.13438 
-155.1017      71.14945 
-155.109       71.14837 
-155.1007      71.1419 
-155.0774      71.13829 
-155.0669      71.13446 
-155.0465      71.13438 
 1             9 
1
 -9999.0   ,   9990.0 
 6 
-154.9515      71.12628 
-154.9454      71.12683 
-154.9492      71.13009 
-154.9902      71.13508 
-154.9895      71.13235 
-154.9515      71.12628 
 1             10 
1
 -9999.0   ,   9990.0 
 5 
-154.8967      71.1107 
-154.8881      71.11208 
-154.9181      71.12066 
-154.921       71.11798 
-154.8967      71.1107 
 1             11 
1
 -9999.0   ,   9990.0 
 16 
-155.0165      71.10276 
-155.0029      71.10395 
-155           71.10376 
-154.9654      71.10155 
-154.9695      71.11241 
-154.9669      71.11578 
-154.9596      71.11546 
-154.9522      71.10363 
-154.9452      71.101 
-154.9339      71.10115 
-154.9122      71.1062 
-154.8897      71.10253 
-154.8816      71.08773 
-154.8885      71.083 
-154.8834      71.08141 
-154.8615      71.08441 
 1             12 
1
 -9999.0   ,   9990.0 
 10 
-155.6043      70.99403 
-155.5956      70.995 
-155.5922      70.99935 
-155.599       71.0066 
-155.598       71.01543 
-155.6061      71.02122 
-155.6189      71.02003 
-155.6268      71.01356 
-155.6292      71.00605 
-155.6043      70.99403 
 1             13 
1
 -9999.0   ,   9990.0 
 28 
-154.848       71.08603 
-154.8373      71.08729 
-154.8308      71.09271 
-154.8765      71.10707 
-154.875       71.10876 
-154.8427      71.10246 
-154.7437      71.06771 
-154.6963      71.04916 
-154.7048      71.04481 
-154.6986      71.04236 
-154.6809      71.04374 
-154.6702      71.04221 
-154.6553      71.03648 
-154.6021      71.01596 
-154.6023      71.01341 
-154.6175      71.01263 
-154.6162      71.00993 
-154.5975      71.0079 
-154.5732      70.99277 
-154.5778      70.98908 
-154.5991      70.98199 
-154.607       70.97628 
-154.6122      70.93891 
-154.6168      70.9382 
-154.6247      70.94286 
-154.624       70.95166 
-154.63        70.95527 
-154.6427      70.9537 
 1             14 
1
 -9999.0   ,   9990.0 
 28 
-155.638       70.91814 
-155.6338      70.92208 
-155.6435      70.92962 
-155.6539      70.93065 
-155.6601      70.93699 
-155.6569      70.94018 
-155.6429      70.93775 
-155.6455      70.93481 
-155.6372      70.93368 
-155.6293      70.93875 
-155.6325      70.95406 
-155.6214      70.96232 
-155.6211      70.96581 
-155.6324      70.96978 
-155.6381      70.96854 
-155.6516      70.95806 
-155.6676      70.95345 
-155.6856      70.9515 
-155.6979      70.95195 
-155.7151      70.95628 
-155.7214      70.95476 
-155.7186      70.94821 
-155.7158      70.94643 
-155.7033      70.93823 
-155.6711      70.93106 
-155.6603      70.92541 
-155.6489      70.92399 
-155.638       70.91814 
 1             15 
1
 -9999.0   ,   9990.0 
 195 
-156.4646      71.39042 
-156.4498      71.3881 
-156.4028      71.37099 
-156.3639      71.36405 
-156.3629      71.36225 
-156.3766      71.36213 
-156.4234      71.37276 
-156.4461      71.38182 
-156.4578      71.38205 
-156.4758      71.37673 
-156.4862      71.37362 
-156.5034      71.361 
-156.5307      71.35703 
-156.5357      71.35443 
-156.5482      71.35481 
-156.593       71.34607 
-156.6026      71.34154 
-156.6249      71.34134 
-156.6367      71.33808 
-156.6391      71.3349 
-156.6307      71.33171 
-156.6193      71.33079 
-156.6112      71.33175 
-156.5995      71.33801 
-156.5909      71.33889 
-156.5789      71.33464 
-156.5639      71.33486 
-156.5595      71.33235 
-156.5671      71.32076 
-156.5665      71.31448 
-156.5664      71.31361 
-156.5809      71.30995 
-156.5811      71.30786 
-156.5776      71.30691 
-156.5611      71.30838 
-156.5466      71.31181 
-156.5443      71.30314 
-156.5377      71.29937 
-156.5562      71.29269 
-156.5551      71.2909 
-156.5374      71.29267 
-156.5283      71.29554 
-156.5196      71.2956 
-156.4845      71.2887 
-156.4614      71.2887 
-156.4525      71.28947 
-156.446       71.29195 
-156.4359      71.29186 
-156.4266      71.2871 
-156.4145      71.27392 
-156.4166      71.27009 
-156.4371      71.26816 
-156.4407      71.26563 
-156.4523      71.26428 
-156.4616      71.26321 
-156.4637      71.26192 
-156.4531      71.25978 
-156.4212      71.26193 
-156.405       71.26987 
-156.392       71.26995 
-156.3634      71.26286 
-156.3325      71.26171 
-156.2815      71.26705 
-156.2687      71.26628 
-156.2315      71.26401 
-156.2225      71.26083 
-156.2076      71.26241 
-156.1983      71.26134 
-156.1513      71.24837 
-156.1373      71.24697 
-156.1338      71.24662 
-156.0823      71.2471 
-156.0848      71.23886 
-156.1103      71.22811 
-156.1007      71.22518 
-156.0767      71.2259 
-156.0579      71.21797 
-156.0518      71.2174 
-156.0473      71.21073 
-156.0339      71.20611 
-156.0277      71.204 
-156.0334      71.20135 
-156.0409      71.20068 
-156.0512      71.19338 
-156.0514      71.1848 
-156.0676      71.18431 
-156.0739      71.18163 
-156.0901      71.1823 
-156.101       71.17633 
-156.1022      71.17402 
-156.103       71.17227 
-156.1095      71.16981 
-156.1286      71.16683 
-156.1385      71.16278 
-156.1588      71.15811 
-156.1398      71.15622 
-156.1231      71.16461 
-156.0977      71.16796 
-156.0904      71.17278 
-156.0656      71.17193 
-156.0455      71.17565 
-156.0178      71.17611 
-155.9881      71.18826 
-155.9687      71.18823 
-155.9567      71.19494 
-155.9412      71.21736 
-155.9353      71.21838 
-155.9241      71.21371 
-155.9027      71.19598 
-155.9052      71.194 
-155.9185      71.19345 
-155.9193      71.19086 
-155.9098      71.18678 
-155.8883      71.18155 
-155.8833      71.1816 
-155.8858      71.18608 
-155.8823      71.18883 
-155.8906      71.19345 
-155.8435      71.19383 
-155.7963      71.20185 
-155.7918      71.19633 
-155.7602      71.19883 
-155.7482      71.1965 
-155.7432      71.19655 
-155.7192      71.18681 
-155.662       71.18566 
-155.6299      71.17916 
-155.6164      71.17806 
-155.5909      71.18133 
-155.5834      71.17528 
-155.5833      71.16974 
-155.5675      71.16577 
-155.5633      71.16185 
-155.5654      71.14186 
-155.562       71.12887 
-155.5528      71.12245 
-155.545       71.11901 
-155.5239      71.10973 
-155.5215      71.09578 
-155.5137      71.08928 
-155.5268      71.07907 
-155.5542      71.06367 
-155.5691      71.06015 
-155.5877      71.05577 
-155.604       71.04515 
-155.6115      71.04449 
-155.627       71.04823 
-155.6352      71.04754 
-155.649       71.04283 
-155.6621      71.03284 
-155.6652      71.02688 
-155.6719      71.02465 
-155.6878      71.02397 
-155.7006      71.02533 
-155.7076      71.02238 
-155.7154      71.012 
-155.7176      70.9936 
-155.7236      70.98909 
-155.7315      70.98656 
-155.7438      70.98562 
-155.7824      70.98756 
-155.827       70.96278 
-155.833       70.96336 
-155.841       70.9703 
-155.8664      70.97252 
-155.9129      70.9682 
-155.9303      70.96765 
-155.9409      70.96886 
-155.9706      70.9662 
-156.0014      70.96671 
-156.0115      70.96311 
-156.02        70.96308 
-156.0241      70.95911 
-156.031       70.95871 
-156.0424      70.96266 
-156.0595      70.96026 
-156.0675      70.96305 
-156.0779      70.96149 
-156.0918      70.96483 
-156.1083      70.96131 
-156.1186      70.96185 
-156.1102      70.95586 
-156.0842      70.9588 
-156.0706      70.94966 
-156.0608      70.94861 
-156.0472      70.95081 
-156.036       70.94985 
-156.027       70.95408 
-156.0127      70.95123 
-156.0043      70.9515 
-155.9884      70.92906 
-155.9849      70.91768 
-155.9932      70.91742 
-156.0024      70.92128 
-156.016       70.9177 
 1             16 
1
 -9999.0   ,   9990.0 
 8 
-152.8595      70.91214 
-152.8585      70.91493 
-152.8704      70.91673 
-152.8801      70.91655 
-152.8957      70.91337 
-152.885       70.91106 
-152.8668      70.91298 
-152.8595      70.91214 
 1             17 
1
 -9999.0   ,   9990.0 
 2 
-156.0186      70.91085 
-156.0188      70.90735 
 1             18 
1
 -9999.0   ,   9990.0 
 7 
-153.076       70.90138 
-153.0722      70.9125 
-153.0797      70.917 
-153.0921      70.91808 
-153.1082      70.90773 
-153.0896      70.90692 
-153.076       70.90138 
 1             19 
1
 -9999.0   ,   9990.0 
 7 
-153.0195      70.90006 
-153.0131      70.90332 
-153.0276      70.90615 
-153.0503      70.9139 
-153.0572      70.91361 
-153.0563      70.90423 
-153.062       70.89755 
 1             20 
1
 -9999.0   ,   9990.0 
 4 
-155.9634      70.89534 
-155.9749      70.89953 
-155.9901      70.8977 
-156.006       70.90093 
 1             21 
1
 -9999.0   ,   9990.0 
 9 
-152.803       70.89521 
-152.7972      70.89637 
-152.7987      70.89838 
-152.8193      70.9028 
-152.8305      70.90808 
-152.835       70.90697 
-152.8324      70.90408 
-152.8176      70.89828 
-152.803       70.89521 
 1             22 
1
 -9999.0   ,   9990.0 
 10 
-152.8184      70.88263 
-152.8015      70.88403 
-152.7972      70.88742 
-152.8016      70.88976 
-152.825       70.89039 
-152.8497      70.89624 
-152.8586      70.89403 
-152.8524      70.88878 
-152.8396      70.88473 
-152.8184      70.88263 
 1             23 
1
 -9999.0   ,   9990.0 
 7 
-158.7018      70.87833 
-158.6973      70.87825 
-158.6957      70.88092 
-158.7108      70.89045 
-158.7167      70.88933 
-158.7097      70.8814 
-158.7018      70.87833 
 1             24 
1
 -9999.0   ,   9990.0 
 26 
-154.7233      70.87456 
-154.7301      70.87836 
-154.7267      70.88154 
-154.7357      70.88406 
-154.7414      70.88285 
-154.7445      70.87484 
-154.7606      70.8733 
-154.771       70.87438 
-154.7766      70.87786 
-154.7882      70.885 
-154.7862      70.89088 
-154.7413      70.89415 
-154.7193      70.89091 
-154.6992      70.8915 
-154.6805      70.90378 
-154.6594      70.90533 
-154.6483      70.91005 
-154.6064      70.91083 
-154.6038      70.91258 
-154.6136      70.91693 
-154.6174      70.92779 
-154.6267      70.93538 
-154.6424      70.9401 
-154.6337      70.94102 
-154.6288      70.94542 
-154.6417      70.94928 
 1             25 
1
 -9999.0   ,   9990.0 
 26 
-159.1145      70.87189 
-159.0938      70.87721 
-159.0202      70.88199 
-159.0078      70.8844 
-159.0031      70.88347 
-159.0069      70.8803 
-158.9988      70.87978 
-158.9693      70.8901 
-158.9547      70.8928 
-158.9262      70.89376 
-158.8341      70.90648 
-158.8208      70.90584 
-158.8142      70.90713 
-158.8169      70.91008 
-158.8401      70.9096 
-158.8598      70.90919 
-158.9094      70.90124 
-158.9445      70.89813 
-159.0342      70.88586 
-159.0642      70.88347 
-159.1078      70.88235 
-159.1274      70.87995 
-159.1364      70.87774 
-159.1219      70.8747 
-159.1214      70.87231 
-159.1145      70.87189 
 1             26 
1
 -9999.0   ,   9990.0 
 4 
-152.7394      70.87148 
-152.7486      70.88508 
-152.7647      70.88326 
-152.769       70.88148 
 1             27 
1
 -9999.0   ,   9990.0 
 6 
-155.9625      70.87318 
-155.9488      70.87144 
-155.9371      70.8668 
-155.9342      70.87438 
-155.9466      70.89055 
-155.9571      70.89294 
 1             28 
1
 -9999.0   ,   9990.0 
 22 
-152.7799      70.88388 
-152.7876      70.8843 
-152.789       70.88203 
-152.7918      70.87731 
-152.8152      70.85475 
-152.8251      70.85135 
-152.8406      70.84978 
-152.8657      70.85147 
-152.8787      70.85965 
-152.9061      70.86699 
-152.9057      70.87826 
-152.9126      70.88876 
-152.9103      70.89691 
-152.9147      70.89925 
-152.9318      70.8983 
-152.9582      70.89395 
-152.966       70.89592 
-152.9517      70.90066 
-152.9543      70.90193 
-152.9617      70.9019 
-152.9914      70.90173 
-153.0013      70.89831 
 1             29 
1
 -9999.0   ,   9990.0 
 9 
-155.6047      70.83565 
-155.6042      70.84538 
-155.5977      70.85176 
-155.6121      70.86158 
-155.6174      70.86221 
-155.6246      70.85463 
-155.6119      70.84796 
-155.6187      70.83831 
-155.6047      70.83565 
 1             30 
1
 -9999.0   ,   9990.0 
 29 
-155.9663      70.8711 
-155.9602      70.86383 
-155.9449      70.86426 
-155.9399      70.86039 
-155.9259      70.86052 
-155.9246      70.85296 
-155.9283      70.85205 
-155.9453      70.8573 
-155.9553      70.85763 
-155.9672      70.856 
-155.9873      70.84903 
-156.0042      70.83622 
-156.0109      70.8356 
-156.0124      70.83967 
-156.0217      70.84236 
-156.0245      70.84868 
-156.0389      70.84805 
-156.0583      70.8513 
-156.0593      70.848 
-156.0464      70.84575 
-156.0499      70.84253 
-156.041       70.84029 
-156.0455      70.83701 
-156.0377      70.83308 
-156.0338      70.83443 
-156.026       70.83393 
-156.0315      70.83182 
-156.0419      70.83165 
-156.0595      70.83428 
 1             31 
1
 -9999.0   ,   9990.0 
 15 
-158.3511      70.82076 
-158.3653      70.81903 
-158.3991      70.82215 
-158.4075      70.82119 
-158.4207      70.82506 
-158.4498      70.82636 
-158.4857      70.83237 
-158.5201      70.8357 
-158.5318      70.83882 
-158.5296      70.8404 
-158.5175      70.84001 
-158.4414      70.82943 
-158.387       70.82603 
-158.3612      70.82225 
-158.3511      70.82076 
 1             32 
1
 -9999.0   ,   9990.0 
 6 
-159.1171      70.81786 
-159.1225      70.81862 
-159.152       70.83263 
-159.1584      70.84071 
-159.1734      70.8474 
-159.1805      70.85979 
 1             33 
1
 -9999.0   ,   9990.0 
 6 
-155.3149      70.8092 
-155.3128      70.81086 
-155.3504      70.8174 
-155.3565      70.8143 
-155.327       70.80918 
-155.3149      70.8092 
 1             34 
1
 -9999.0   ,   9990.0 
 84 
-156.4646      71.39042 
-156.4658      71.3906 
-156.4803      71.39066 
-156.4901      71.38868 
-156.4835      71.38375 
-156.5024      71.37033 
-156.518       71.36646 
-156.5295      71.3636 
-156.5919      71.35401 
-156.6269      71.34701 
-156.6896      71.3274 
-156.7228      71.32003 
-156.7445      71.31035 
-156.7854      71.29922 
-156.8103      71.28654 
-156.8373      71.2728 
-156.8732      71.25941 
-156.9195      71.23725 
-156.9307      71.22726 
-157.0275      71.18328 
-157.0298      71.18221 
-157.0422      71.17306 
-157.1293      71.13265 
-157.1601      71.10488 
-157.1779      71.09652 
-157.2035      71.08 
-157.2155      71.07483 
-157.2283      71.06931 
-157.2495      71.05515 
-157.2616      71.05158 
-157.2767      71.04245 
-157.3005      71.03253 
-157.3103      71.02537 
-157.3526      71.0119 
-157.4204      70.98251 
-157.4412      70.9746 
-157.4934      70.95462 
-157.5966      70.93 
-157.7024      70.89533 
-157.7234      70.89091 
-157.835       70.86734 
-157.8625      70.8638 
-157.8951      70.85501 
-157.9486      70.8478 
-158           70.83586 
-158.0181      70.83276 
-158.0504      70.83005 
-158.0646      70.83017 
-158.0715      70.82936 
-158.1271      70.82287 
-158.1946      70.82083 
-158.219       70.81818 
-158.2822      70.81795 
-158.3393      70.82221 
-158.343       70.82123 
-158.342       70.81938 
-158.3174      70.81561 
-158.3153      70.81375 
-158.3247      70.81118 
-158.3489      70.81301 
-158.3608      70.81573 
-158.3703      70.81401 
-158.4015      70.7992 
-158.421       70.80006 
-158.4356      70.7974 
-158.4572      70.80033 
-158.4553      70.80662 
-158.4616      70.80811 
-158.4864      70.80248 
-158.4992      70.80161 
-158.5308      70.79238 
-158.5531      70.79298 
-158.5612      70.79565 
-158.5742      70.79778 
-158.6269      70.78885 
-158.6545      70.7881 
-158.7288      70.78767 
-158.7332      70.78765 
-158.9146      70.7929 
-158.9962      70.80171 
-159.0564      70.81191 
-159.0711      70.81668 
-159.0841      70.81771 
-159.0893      70.81655 
 1             35 
1
 -9999.0   ,   9990.0 
 129 
-153.0735      70.8982 
-153.0842      70.89866 
-153.0942      70.90259 
-153.1129      70.90201 
-153.124       70.89992 
-153.1364      70.91316 
-153.1169      70.91355 
-153.1135      70.91555 
-153.1362      70.92305 
-153.155       70.92086 
-153.1499      70.92661 
-153.1609      70.92496 
-153.2101      70.92327 
-153.2121      70.91974 
-153.2202      70.91893 
-153.2332      70.91468 
-153.2434      70.91376 
-153.2524      70.91706 
-153.2514      70.91821 
-153.25        70.91968 
-153.2326      70.9216 
-153.2202      70.92559 
-153.2296      70.92793 
-153.2411      70.92696 
-153.3335      70.90425 
-153.3754      70.8971 
-153.4055      70.89345 
-153.5043      70.8899 
-153.5092      70.88806 
-153.4992      70.88599 
-153.5         70.88451 
-153.5008      70.88316 
-153.4872      70.88262 
-153.4822      70.88078 
-153.486       70.87486 
-153.5062      70.87463 
-153.5261      70.87855 
-153.529       70.88187 
-153.5223      70.88586 
-153.5232      70.88811 
-153.5447      70.88759 
-153.5714      70.88913 
-153.605       70.8938 
-153.6914      70.89393 
-153.7267      70.89758 
-153.7683      70.89632 
-153.7793      70.894 
-153.7908      70.89158 
-153.8556      70.88875 
-153.9287      70.88112 
-153.9441      70.87786 
-153.9477      70.8687 
-153.9916      70.82906 
-154.0085      70.81973 
-154.023       70.81627 
-154.0426      70.81161 
-154.0591      70.80161 
-154.1164      70.78153 
-154.1651      70.77015 
-154.1833      70.76878 
-154.1969      70.77248 
-154.2346      70.77406 
-154.2469      70.77645 
-154.2497      70.77953 
-154.2375      70.78337 
-154.2519      70.78565 
-154.2644      70.7901 
-154.2646      70.79355 
-154.2501      70.79703 
-154.2489      70.79433 
-154.2537      70.7927 
-154.2454      70.78989 
-154.2388      70.79068 
-154.226       70.79777 
-154.2358      70.80096 
-154.2307      70.80352 
-154.2374      70.80596 
-154.2466      70.80918 
-154.2801      70.8089 
-154.2708      70.81143 
-154.2515      70.81355 
-154.2856      70.81922 
-154.2835      70.82232 
-154.3188      70.82286 
-154.3249      70.81633 
-154.3378      70.81545 
-154.3384      70.8182 
-154.3504      70.81851 
-154.3593      70.82105 
-154.3547      70.83211 
-154.3596      70.83371 
-154.3818      70.83467 
-154.4217      70.8329 
-154.4369      70.82958 
-154.4468      70.83116 
-154.4662      70.82763 
-154.5022      70.82533 
-154.5241      70.82859 
-154.5354      70.82871 
-154.572       70.82591 
-154.5837      70.82253 
-154.6062      70.82713 
-154.5958      70.83182 
-154.5846      70.83332 
-154.5806      70.83653 
-154.5841      70.83796 
-154.5694      70.84541 
-154.5865      70.84452 
-154.5962      70.84565 
-154.5923      70.8507 
-154.6025      70.85292 
-154.6017      70.85573 
-154.6069      70.85778 
-154.6162      70.85521 
-154.6214      70.85726 
-154.6156      70.86124 
-154.6229      70.86318 
-154.6142      70.86708 
-154.6226      70.8685 
-154.6402      70.8685 
-154.6179      70.87635 
-154.6261      70.8787 
-154.6445      70.88028 
-154.6529      70.88606 
-154.6633      70.88714 
-154.6742      70.88496 
-154.6785      70.88081 
-154.7009      70.87919 
-154.7071      70.87448 
 1             36 
1
 -9999.0   ,   9990.0 
 191 
-155.035       71.10408 
-155.0229      71.1082 
-155.0243      71.12635 
-155.0315      71.13081 
-155.0519      71.12742 
-155.0715      71.1296 
-155.0838      71.13541 
-155.0907      71.13504 
-155.0924      71.13265 
-155.1161      71.13299 
-155.1287      71.13116 
-155.1227      71.1278 
-155.1022      71.12542 
-155.0882      71.12179 
-155.0778      71.11403 
-155.0757      71.10561 
-155.0684      71.10253 
-155.0679      71.08618 
-155.0726      71.0821 
-155.0822      71.07386 
-155.08        71.07098 
-155.0645      71.06835 
-155.0567      71.06 
-155.0543      71.05528 
-155.0619      71.05071 
-155.0599      71.03836 
-155.0629      71.03728 
-155.0683      71.03675 
-155.0737      71.0487 
-155.0812      71.05245 
-155.078       71.06278 
-155.0836      71.06686 
-155.0987      71.07415 
-155.1189      71.07744 
-155.1353      71.08441 
-155.1464      71.10111 
-155.1573      71.11761 
-155.1642      71.11701 
-155.1742      71.10886 
-155.2037      71.09848 
-155.2391      71.09241 
-155.2612      71.08566 
-155.2844      71.07561 
-155.2796      71.06918 
-155.2546      71.0634 
-155.2098      71.04273 
-155.1973      71.03848 
-155.1882      71.03536 
-155.1831      71.02686 
-155.1699      71.0232 
-155.171       71.01713 
-155.1613      71.01189 
-155.1579      71.00676 
-155.1635      70.99699 
-155.1798      70.98456 
-155.1922      70.98111 
-155.203       70.98006 
-155.2139      70.98201 
-155.2285      70.98838 
-155.2496      71.00454 
-155.2631      71.02505 
-155.2776      71.02426 
-155.2808      71.02334 
-155.3417      71.00571 
-155.3644      71.00308 
-155.3775      70.99681 
-155.3919      70.97845 
-155.4575      70.95238 
-155.4797      70.94743 
-155.5137      70.94622 
-155.5184      70.94435 
-155.5167      70.93618 
-155.5161      70.93338 
-155.4873      70.89223 
-155.4861      70.88583 
-155.4965      70.87346 
-155.4918      70.86863 
-155.4957      70.86263 
-155.4858      70.85996 
-155.483       70.85595 
-155.4878      70.8476 
-155.4769      70.84395 
-155.4758      70.84708 
-155.4693      70.84798 
-155.4639      70.83664 
-155.454       70.8421 
-155.4555      70.8478 
-155.4518      70.8487 
-155.4409      70.8414 
-155.4375      70.84835 
-155.4254      70.85342 
-155.3784      70.84426 
-155.3689      70.84756 
-155.3547      70.84883 
-155.3453      70.85373 
-155.3371      70.85419 
-155.3186      70.84967 
-155.2889      70.84531 
-155.2853      70.83973 
-155.2668      70.8366 
-155.2561      70.83072 
-155.2595      70.82222 
-155.265       70.82215 
-155.2704      70.82716 
-155.2829      70.82947 
-155.2939      70.82632 
-155.2958      70.83014 
-155.2933      70.83605 
-155.2968      70.83886 
-155.3041      70.838 
-155.3032      70.83066 
-155.3215      70.81716 
-155.3167      70.81466 
-155.2925      70.81138 
-155.2838      70.80817 
-155.2875      70.80565 
-155.3061      70.80508 
-155.3195      70.8078 
-155.332       70.80618 
-155.3204      70.79874 
-155.3236      70.7914 
-155.3415      70.78532 
-155.358       70.78463 
-155.3674      70.78641 
-155.3851      70.79906 
-155.3885      70.80418 
-155.382       70.81056 
-155.4404      70.81745 
-155.4635      70.82262 
-155.4784      70.82965 
-155.5054      70.8355 
-155.5214      70.83391 
-155.5262      70.83503 
-155.51        70.83756 
-155.4993      70.84001 
-155.5052      70.85655 
-155.5132      70.86373 
-155.5204      70.86263 
-155.5327      70.85523 
-155.5606      70.8481 
-155.568       70.84351 
-155.5674      70.84101 
-155.5575      70.83833 
-155.5365      70.83721 
-155.5365      70.83051 
-155.5843      70.83311 
-155.606       70.83165 
-155.5958      70.82691 
-155.6006      70.82408 
-155.5956      70.81998 
-155.5985      70.81611 
-155.6128      70.82061 
-155.623       70.8198 
-155.6349      70.82236 
-155.6508      70.82976 
-155.6627      70.83232 
-155.6616      70.84071 
-155.6665      70.84737 
-155.6814      70.84628 
-155.6973      70.84838 
-155.7045      70.84726 
-155.7053      70.84351 
-155.6931      70.84051 
-155.6872      70.836 
-155.676       70.8348 
-155.671       70.83026 
-155.6752      70.82813 
-155.6834      70.82766 
-155.6931      70.82988 
-155.697       70.83335 
-155.713       70.83683 
-155.7475      70.83553 
-155.7657      70.83285 
-155.7803      70.83248 
-155.8057      70.8377 
-155.8142      70.8379 
-155.8387      70.83231 
-155.8507      70.83114 
-155.8738      70.83211 
-155.8877      70.82805 
-155.892       70.82039 
-155.901       70.81755 
-155.9201      70.81504 
-155.9317      70.80811 
-155.9216      70.80245 
-155.9221      70.79432 
-155.9201      70.79275 
-155.9087      70.784 
-155.8886      70.77547 
-155.8918      70.76186 
-155.9227      70.75425 
 1             37 
1
 -9999.0   ,   9990.0 
 31 
-156.061       70.82938 
-156.0474      70.82648 
-156.0227      70.82633 
-156.0036      70.82885 
-155.9871      70.83586 
-155.9775      70.84406 
-155.9702      70.84611 
-155.9602      70.84461 
-155.9339      70.83783 
-155.9406      70.83466 
-155.975       70.83055 
-155.9808      70.82835 
-155.9837      70.82077 
-155.9672      70.79975 
-155.9505      70.78593 
-155.9524      70.78166 
-155.9589      70.77548 
-155.9696      70.77578 
-155.9646      70.76797 
-155.9764      70.7601 
-155.9899      70.7667 
-155.9968      70.76536 
-155.9998      70.75663 
-156.001       70.75606 
-156.0081      70.75265 
-156.0016      70.75096 
-155.9794      70.75274 
-155.969       70.75544 
-155.9548      70.75397 
-155.9397      70.75717 
-155.9322      70.7537 
 1             38 
1
 -9999.0   ,   9990.0 
 20 
-159.9161      70.693 
-159.9141      70.695 
-159.8308      70.72204 
-159.7876      70.73908 
-159.6951      70.77874 
-159.6782      70.78969 
-159.6731      70.79298 
-159.6636      70.79625 
-159.5594      70.81877 
-159.4239      70.83892 
-159.3503      70.85121 
-159.2807      70.86278 
-159.252       70.86528 
-159.2118      70.87196 
-159.1583      70.87804 
-159.1457      70.87639 
-159.1367      70.87157 
-159.1442      70.86883 
-159.1662      70.86892 
-159.1835      70.8636 
 1             39 
1
 -9999.0   ,   9990.0 
 8 
-152.3521      70.60302 
-152.3415      70.60413 
-152.339       70.60882 
-152.3301      70.61262 
-152.3396      70.61615 
-152.3523      70.61128 
-152.358       70.606 
-152.3521      70.60302 
 1             40 
1
 -9999.0   ,   9990.0 
 10 
-151.9583      70.57565 
-151.9503      70.57824 
-151.9828      70.58458 
-152.0046      70.58376 
-152.0089      70.58038 
-152.003       70.57923 
-151.9869      70.58053 
-151.9748      70.57732 
-151.965       70.57885 
-151.9583      70.57565 
 1             41 
1
 -9999.0   ,   9990.0 
 9 
-151.8881      70.56958 
-151.8807      70.57008 
-151.8741      70.57308 
-151.885       70.5768 
-151.9187      70.58058 
-151.9328      70.57959 
-151.9264      70.57501 
-151.9022      70.57455 
-151.8881      70.56958 
 1             42 
1
 -9999.0   ,   9990.0 
 12 
-150.1585      70.55221 
-150.1477      70.55275 
-150.1446      70.5542 
-150.1586      70.55815 
-150.1691      70.55877 
-150.1896      70.55843 
-150.2093      70.55513 
-150.2128      70.55275 
-150.2029      70.55165 
-150.1921      70.55493 
-150.1702      70.55508 
-150.1585      70.55221 
 1             43 
1
 -9999.0   ,   9990.0 
 8 
-150.1379      70.53312 
-150.1325      70.53373 
-150.1299      70.537 
-150.1405      70.54356 
-150.1401      70.54723 
-150.1469      70.54431 
-150.1454      70.5384 
-150.1379      70.53312 
 1             44 
1
 -9999.0   ,   9990.0 
 6 
-151.7169      70.49337 
-151.7066      70.49536 
-151.7033      70.498 
-151.719       70.50796 
-151.7224      70.50601 
-151.7169      70.49337 
 1             45 
1
 -9999.0   ,   9990.0 
 8 
-150.46        70.48952 
-150.4563      70.49603 
-150.4598      70.49868 
-150.4664      70.49802 
-150.4724      70.49968 
-150.4771      70.49427 
-150.4736      70.4914 
-150.46        70.48952 
 1             46 
1
 -9999.0   ,   9990.0 
 8 
-150.4426      70.48821 
-150.4311      70.49129 
-150.423       70.49679 
-150.4304      70.49886 
-150.4391      70.49816 
-150.4449      70.49935 
-150.4508      70.48819 
-150.4426      70.48821 
 1             47 
1
 -9999.0   ,   9990.0 
 6 
-150.4875      70.48488 
-150.4987      70.48651 
-150.5037      70.49416 
-150.4993      70.49796 
-150.4886      70.49896 
-150.4875      70.48488 
 1             48 
1
 -9999.0   ,   9990.0 
 7 
-150.3863      70.48483 
-150.3755      70.48538 
-150.3672      70.4902 
-150.3594      70.4918 
-150.362       70.49653 
-150.398       70.4877 
-150.3863      70.48483 
 1             49 
1
 -9999.0   ,   9990.0 
 12 
-150.5104      70.47818 
-150.5175      70.48437 
-150.5155      70.49701 
-150.5193      70.4985 
-150.5382      70.49771 
-150.5584      70.49869 
-150.5721      70.49645 
-150.5811      70.49182 
-150.5738      70.48244 
-150.5841      70.48258 
-150.5853      70.47957 
-150.5668      70.47213 
 1             50 
1
 -9999.0   ,   9990.0 
 16 
-150.6669      70.47348 
-150.6769      70.47927 
-150.6727      70.48146 
-150.6589      70.48349 
-150.6587      70.48532 
-150.6718      70.48538 
-150.6705      70.49572 
-150.6334      70.49778 
-150.597       70.50484 
-150.5635      70.50495 
-150.5621      70.50225 
-150.5816      70.49868 
-150.5952      70.49323 
-150.6011      70.48732 
-150.5954      70.4692 
-150.577       70.47158 
 1             51 
1
 -9999.0   ,   9990.0 
 25 
-150.6908      70.47227 
-150.698       70.47633 
-150.7271      70.48251 
-150.7335      70.48598 
-150.7227      70.48655 
-150.6942      70.47988 
-150.6895      70.48026 
-150.6832      70.49945 
-150.6962      70.49698 
-150.7271      70.4974 
-150.7363      70.50055 
-150.7583      70.4962 
-150.7646      70.49668 
-150.7651      70.50078 
-150.7732      70.50053 
-150.7819      70.49728 
-150.7971      70.4952 
-150.803       70.49181 
-150.8022      70.4868 
-150.7856      70.48137 
-150.7745      70.47505 
-150.7525      70.47073 
-150.74        70.46288 
-150.7125      70.46215 
-150.6803      70.45697 
 1             52 
1
 -9999.0   ,   9990.0 
 11 
-150.3962      70.45668 
-150.3757      70.46318 
-150.3694      70.46745 
-150.3821      70.46956 
-150.3941      70.46841 
-150.4051      70.46321 
-150.4072      70.45658 
-150.4177      70.44973 
-150.4163      70.44876 
-150.4077      70.45123 
-150.3962      70.45668 
 1             53 
1
 -9999.0   ,   9990.0 
 2 
-150.6831      70.44773 
-150.6778      70.45064 
 1             54 
1
 -9999.0   ,   9990.0 
 9 
-150.4068      70.44676 
-150.397       70.44701 
-150.3732      70.45068 
-150.3656      70.45845 
-150.3448      70.47004 
-150.3488      70.47221 
-150.3587      70.471 
-150.3674      70.46422 
-150.4068      70.44676 
 1             55 
1
 -9999.0   ,   9990.0 
 17 
-150.3868      70.4791 
-150.3604      70.48514 
-150.3538      70.48373 
-150.3592      70.48082 
-150.3568      70.47701 
-150.3941      70.47068 
-150.4135      70.4601 
-150.4499      70.44131 
-150.4695      70.4357 
-150.4706      70.44482 
-150.4666      70.45775 
-150.4576      70.46763 
-150.4479      70.47203 
-150.4314      70.47184 
-150.4121      70.47905 
-150.3934      70.48326 
-150.3868      70.4791 
 1             56 
1
 -9999.0   ,   9990.0 
 7 
-151.0068      70.43533 
-151.0062      70.44016 
-151.0118      70.44295 
-151.0269      70.44543 
-151.0338      70.44337 
-151.0259      70.43745 
-151.0068      70.43533 
 1             57 
1
 -9999.0   ,   9990.0 
 7 
-150.339       70.43225 
-150.2961      70.43531 
-150.2853      70.4386 
-150.3114      70.43921 
-150.316       70.44365 
-150.3318      70.43862 
-150.339       70.43225 
 1             58 
1
 -9999.0   ,   9990.0 
 10 
-151.1305      70.43076 
-151.1259      70.4316 
-151.1236      70.43764 
-151.1308      70.44313 
-151.142       70.44183 
-151.1513      70.43877 
-151.1705      70.43881 
-151.1749      70.43751 
-151.1587      70.43371 
-151.1305      70.43076 
 1             59 
1
 -9999.0   ,   9990.0 
 12 
-150.98        70.43003 
-150.9717      70.4319 
-150.9684      70.43476 
-150.9786      70.44381 
-150.9768      70.45188 
-150.9806      70.45313 
-151.0076      70.45179 
-151.0102      70.44895 
-150.9942      70.44123 
-150.9959      70.43317 
-150.9924      70.43031 
-150.98        70.43003 
 1             60 
1
 -9999.0   ,   9990.0 
 259 
-151.5248      70.43522 
-151.5362      70.43871 
-151.5425      70.43505 
-151.5486      70.43483 
-151.5674      70.44012 
-151.5858      70.4422 
-151.6115      70.44128 
-151.6357      70.43581 
-151.6494      70.43578 
-151.6737      70.43879 
-151.6873      70.43875 
-151.7038      70.43471 
-151.7228      70.4363 
-151.7451      70.4355 
-151.7571      70.43687 
-151.7834      70.43957 
-151.868       70.43711 
-151.8897      70.43422 
-151.9048      70.43663 
-151.9192      70.4448 
-151.9315      70.44663 
-151.9318      70.43951 
-151.9517      70.43165 
-151.9631      70.43098 
-151.9717      70.42813 
-151.9826      70.43184 
-151.9792      70.43587 
-151.9602      70.43636 
-151.9513      70.43854 
-151.9539      70.44211 
-151.9461      70.44516 
-151.9511      70.45001 
-151.9488      70.45241 
-151.9466      70.45478 
-151.9492      70.45651 
-151.9644      70.45891 
-151.9717      70.45818 
-151.9738      70.45626 
-151.9817      70.45734 
-151.9926      70.4551 
-152           70.45686 
-152.0003      70.4596 
-151.9446      70.46311 
-151.9227      70.47517 
-151.9049      70.47538 
-151.8983      70.47793 
-151.8815      70.47901 
-151.8731      70.47635 
-151.865       70.47688 
-151.8279      70.48698 
-151.8041      70.48741 
-151.7913      70.48606 
-151.7712      70.49161 
-151.7379      70.49673 
-151.7325      70.499 
-151.7417      70.50186 
-151.7406      70.50283 
-151.7374      70.50568 
-151.7412      70.50876 
-151.7544      70.50094 
-151.7682      70.497 
-151.7839      70.49686 
-151.8065      70.50498 
-151.8254      70.50381 
-151.8201      70.50653 
-151.7954      70.5086 
-151.7858      70.51491 
-151.7704      70.51801 
-151.7618      70.52726 
-151.7477      70.53236 
-151.7458      70.53496 
-151.752       70.53931 
-151.7507      70.54165 
-151.7501      70.54291 
-151.7636      70.54715 
-151.7622      70.54926 
-151.7489      70.5486 
-151.7417      70.5466 
-151.736       70.54288 
-151.7211      70.54985 
-151.7248      70.55269 
-151.7205      70.55421 
-151.7114      70.55158 
-151.7061      70.55223 
-151.7183      70.56003 
-151.741       70.5599 
-151.7749      70.55223 
-151.7895      70.55054 
-151.817       70.55067 
-151.8253      70.54875 
-151.8526      70.55416 
-151.8757      70.55536 
-151.8926      70.55863 
-151.9313      70.55696 
-151.9441      70.5583 
-151.9602      70.56503 
-151.9684      70.56558 
-151.9863      70.56679 
-151.9979      70.56061 
-152.0033      70.56018 
-152.0098      70.56498 
-152.036       70.5633 
-152.0408      70.55326 
-152.046       70.5503 
-152.0617      70.54808 
-152.085       70.55155 
-152.1002      70.54775 
-152.1156      70.54853 
-152.1395      70.5538 
-152.1486      70.55252 
-152.1615      70.544 
-152.1699      70.54436 
-152.1563      70.55269 
-152.1645      70.55443 
-152.1979      70.54968 
-152.2112      70.54493 
-152.2217      70.54118 
-152.2575      70.54321 
-152.2729      70.54581 
-152.3156      70.54573 
-152.3321      70.54208 
-152.3467      70.54242 
-152.3538      70.5449 
-152.3662      70.54118 
-152.3763      70.54055 
-152.3802      70.54545 
-152.3771      70.55127 
-152.364       70.5484 
-152.3387      70.54895 
-152.3343      70.55186 
-152.3473      70.55365 
-152.3788      70.55283 
-152.3994      70.5511 
-152.4231      70.55175 
-152.4326      70.5571 
-152.4506      70.54971 
-152.4853      70.54303 
-152.5052      70.54106 
-152.5232      70.54125 
-152.5359      70.54394 
-152.555       70.55463 
-152.5605      70.55441 
-152.5734      70.5486 
-152.5952      70.54609 
-152.6021      70.54788 
-152.61        70.55421 
-152.6092      70.56503 
-152.6045      70.5673 
-152.5856      70.56646 
-152.5741      70.56446 
-152.5642      70.56275 
-152.55        70.56885 
-152.5437      70.576 
-152.5212      70.58242 
-152.5084      70.58318 
-152.4925      70.5813 
-152.4627      70.57516 
-152.4538      70.57553 
-152.4481      70.57875 
-152.4401      70.5793 
-152.4323      70.57685 
-152.4211      70.5672 
-152.4151      70.56768 
-152.4102      70.57499 
-152.4008      70.57766 
-152.3736      70.57852 
-152.3406      70.57502 
-152.3327      70.57029 
-152.3166      70.57553 
-152.3035      70.57553 
-152.2932      70.57553 
-152.2741      70.57422 
-152.2627      70.56917 
-152.2513      70.57008 
-152.2224      70.582 
-152.2103      70.5827 
-152.1566      70.57309 
-152.1393      70.56711 
-152.1262      70.57083 
-152.1081      70.56443 
-152.1003      70.56403 
-152.0924      70.56686 
-152.0849      70.56715 
-152.0745      70.5648 
-152.0717      70.5727 
-152.0516      70.5822 
-152.0533      70.58327 
-152.0789      70.58431 
-152.0883      70.58468 
-152.1322      70.594 
-152.1576      70.59164 
-152.1731      70.58851 
-152.2031      70.5878 
-152.2495      70.59217 
-152.2727      70.59516 
-152.2993      70.60215 
-152.3204      70.61071 
-152.3412      70.59956 
-152.349       70.5981 
-152.3587      70.5984 
-152.3889      70.60816 
-152.3947      70.61004 
-152.4188      70.60976 
-152.4344      70.61464 
-152.4513      70.63233 
-152.4597      70.63635 
-152.4758      70.63707 
-152.4813      70.64052 
-152.4695      70.64238 
-152.463       70.6454 
-152.4782      70.68081 
-152.4787      70.69158 
-152.4708      70.69282 
-152.4551      70.69138 
-152.4379      70.69368 
-152.4275      70.68446 
-152.4199      70.68248 
-152.4175      70.6874 
-152.4221      70.69408 
-152.4213      70.7033 
-152.4071      70.70616 
-152.4016      70.7119 
-152.3885      70.71425 
-152.3855      70.71576 
-152.3792      70.71898 
-152.392       70.72375 
-152.3926      70.72716 
-152.4077      70.7268 
-152.4275      70.73335 
-152.4015      70.73438 
-152.3869      70.74001 
-152.3809      70.73314 
-152.3729      70.73416 
-152.3378      70.75412 
-152.2976      70.78508 
-152.2825      70.7914 
-152.2631      70.79376 
-152.1987      70.79673 
-152.1918      70.80089 
-152.192       70.80231 
-152.1921      70.80365 
-152.2053      70.81115 
-152.2135      70.82046 
-152.2399      70.83366 
-152.2584      70.84051 
-152.2759      70.84442 
-152.3189      70.84733 
-152.3878      70.85609 
-152.4316      70.86674 
-152.4644      70.8721 
-152.4793      70.87343 
-152.5701      70.8816 
-152.6148      70.88851 
-152.6286      70.88795 
-152.6445      70.88938 
-152.6662      70.88572 
-152.709       70.88396 
-152.7227      70.8795 
-152.72        70.87271 
 1             61 
1
 -9999.0   ,   9990.0 
 6 
-150.4993      70.47901 
-150.4979      70.48348 
-150.4714      70.47065 
-150.4922      70.4515 
-150.4907      70.43049 
-150.503       70.42578 
 1             62 
1
 -9999.0   ,   9990.0 
 7 
-150.3524      70.42109 
-150.3307      70.4215 
-150.3123      70.42432 
-150.3081      70.42627 
-150.3134      70.4284 
-150.3411      70.42462 
-150.3524      70.42109 
 1             63 
1
 -9999.0   ,   9990.0 
 9 
-150.4949      70.42098 
-150.4762      70.43001 
-150.4521      70.43439 
-150.4342      70.44133 
-150.4123      70.44435 
-150.4319      70.43521 
-150.4427      70.42916 
-150.4559      70.42536 
-150.4773      70.42128 
 1             64 
1
 -9999.0   ,   9990.0 
 9 
-150.4641      70.41584 
-150.4371      70.42153 
-150.426       70.42593 
-150.3977      70.43039 
-150.3822      70.4421 
-150.3866      70.44505 
-150.419       70.4372 
-150.4303      70.42868 
-150.47        70.41841 
 1             65 
1
 -9999.0   ,   9990.0 
 6 
-151.0903      70.41974 
-151.0927      70.4109 
-151.1061      70.4222 
-151.1031      70.42848 
-151.0959      70.4294 
-151.0903      70.41974 
 1             66 
1
 -9999.0   ,   9990.0 
 9 
-150.4198      70.40875 
-150.3635      70.42291 
-150.3963      70.41956 
-150.3962      70.42161 
-150.3672      70.42568 
-150.3596      70.42958 
-150.3624      70.43115 
-150.4388      70.41594 
-150.4552      70.41265 
 1             67 
1
 -9999.0   ,   9990.0 
 23 
-150.4133      70.4066 
-150.4015      70.40735 
-150.389       70.40972 
-150.3615      70.41167 
-150.3523      70.40782 
-150.3477      70.40819 
-150.3428      70.4129 
-150.306       70.42107 
-150.2977      70.41536 
-150.2934      70.42235 
-150.2784      70.42758 
-150.2402      70.43303 
-150.2224      70.43263 
-150.1997      70.43716 
-150.1916      70.43761 
-150.1684      70.43485 
-150.1518      70.43668 
-150.1373      70.43595 
-150.1145      70.4295 
-150.1094      70.43376 
-150.0444      70.45203 
-150.0192      70.46346 
-150           70.469 
 1             68 
1
 -9999.0   ,   9990.0 
 25 
-160.7202      70.40235 
-160.7178      70.40477 
-160.6612      70.41973 
-160.6292      70.4256 
-160.6111      70.43312 
-160.6094      70.43386 
-160.5414      70.45091 
-160.4979      70.46335 
-160.4799      70.47021 
-160.4549      70.472 
-160.4441      70.47458 
-160.453       70.47573 
-160.4535      70.47851 
-160.3666      70.50997 
-160.3522      70.5132 
-160.3428      70.51543 
-160.1811      70.58002 
-160.1627      70.59343 
-160.1235      70.60862 
-160.1133      70.61405 
-160.1023      70.61995 
-160.0648      70.63055 
-160           70.65936 
-159.9971      70.66067 
-159.9281      70.68791 
 1             69 
1
 -9999.0   ,   9990.0 
 33 
-151.0816      70.3899 
-151.095       70.39875 
-151.0925      70.40432 
-151.0696      70.41655 
-151.0673      70.4228 
-151.0749      70.43446 
-151.0619      70.44611 
-151.0454      70.44551 
-151.0423      70.43736 
-151.0329      70.43355 
-150.9823      70.42401 
-150.9683      70.42285 
-150.958       70.43418 
-150.9659      70.4401 
-150.9654      70.455 
-150.9593      70.45978 
-150.9483      70.45945 
-150.9456      70.46205 
-150.9148      70.46648 
-150.9038      70.45928 
-150.875       70.45906 
-150.8512      70.46188 
-150.8312      70.4591 
-150.8197      70.45946 
-150.8333      70.46383 
-150.8326      70.46615 
-150.8111      70.47232 
-150.7848      70.46423 
-150.763       70.46446 
-150.7366      70.45796 
-150.7223      70.45818 
-150.6973      70.45438 
-150.6926      70.44743 
 1             70 
1
 -9999.0   ,   9990.0 
 2 
-151.0935      70.38401 
-151.0907      70.38643 
 1             71 
1
 -9999.0   ,   9990.0 
 5 
-160.8108      70.37821 
-160.8059      70.38176 
-160.7779      70.39021 
-160.7307      70.40166 
-160.7229      70.4008 
 1             72 
1
 -9999.0   ,   9990.0 
 64 
-151.1056      70.38167 
-151.1053      70.41283 
-151.1146      70.41893 
-151.1399      70.42793 
-151.1546      70.42927 
-151.1721      70.43303 
-151.1892      70.43315 
-151.1908      70.43148 
-151.1825      70.42879 
-151.1847      70.42482 
-151.1995      70.41745 
-151.203       70.4132 
-151.1928      70.40187 
-151.193       70.3965 
-151.1932      70.39201 
-151.1865      70.38559 
-151.1555      70.38 
-151.1515      70.37578 
-151.1581      70.37075 
-151.1823      70.36947 
-151.1932      70.37391 
-151.2017      70.36835 
-151.213       70.36751 
-151.2156      70.36467 
-151.2057      70.36135 
-151.1884      70.36055 
-151.1866      70.35901 
-151.1931      70.35581 
-151.2003      70.35488 
-151.2123      70.35608 
-151.2252      70.36045 
-151.2286      70.36515 
-151.2414      70.36883 
-151.2274      70.37228 
-151.2326      70.37371 
-151.2761      70.37336 
-151.2808      70.37091 
-151.2888      70.37476 
-151.2824      70.37842 
-151.2569      70.38121 
-151.236       70.38482 
-151.2531      70.38721 
-151.2604      70.39315 
-151.273       70.39226 
-151.2966      70.40221 
-151.3068      70.4021 
-151.312       70.40374 
-151.3175      70.4102 
-151.3273      70.40895 
-151.3317      70.40995 
-151.3277      70.41236 
-151.3323      70.41403 
-151.346       70.41196 
-151.355       70.41256 
-151.3694      70.41687 
-151.3759      70.41368 
-151.4161      70.42417 
-151.4273      70.42309 
-151.4366      70.42643 
-151.4634      70.4271 
-151.4763      70.42893 
-151.4939      70.42853 
-151.4967      70.42901 
-151.5178      70.43272 
 1             73 
1
 -9999.0   ,   9990.0 
 5 
-160.8339      70.37351 
-160.8452      70.37349 
-160.8742      70.36954 
-160.9327      70.35528 
-160.9325      70.35315 
 1             74 
1
 -9999.0   ,   9990.0 
 5 
-160.9433      70.35288 
-160.9563      70.35209 
-161.0257      70.33967 
-161.0518      70.33766 
-161.0675      70.33234 
 1             75 
1
 -9999.0   ,   9990.0 
 9 
-161.0909      70.33082 
-161.1243      70.32665 
-161.1339      70.32354 
-161.1505      70.32294 
-161.1765      70.31836 
-161.1907      70.31762 
-161.2212      70.31009 
-161.2594      70.30466 
-161.2882      70.29811 
 1             76 
1
 -9999.0   ,   9990.0 
 16 
-161.3169      70.29556 
-161.3265      70.29946 
-161.3653      70.29827 
-161.4171      70.3003 
-161.4366      70.29896 
-161.5819      70.30676 
-161.6769      70.3153 
-161.6779      70.31538 
-161.7279      70.3217 
-161.787       70.32587 
-161.8099      70.32975 
-161.8541      70.33211 
-161.8718      70.33468 
-161.8855      70.33196 
-161.9384      70.31376 
-161.9497      70.30646 
 1             77 
1
 -9999.0   ,   9990.0 
 6 
-162.089       70.27018 
-162.0878      70.27433 
-162.0794      70.27795 
-162.0306      70.29129 
-161.9753      70.30368 
-161.9655      70.3032 
 1             78 
1
 -9999.0   ,   9990.0 
 14 
-162.0975      70.26846 
-162.109       70.26835 
-162.1187      70.26605 
-162.1348      70.25898 
-162.2124      70.23745 
-162.2426      70.2306 
-162.2702      70.21961 
-162.3667      70.18726 
-162.3696      70.18576 
-162.4326      70.15306 
-162.4822      70.1312 
-162.5225      70.09643 
-162.5214      70.09278 
-162.5114      70.0883 
 1             79 
1
 -9999.0   ,   9990.0 
 8 
-162.6693      70 
-162.6528      70.01198 
-162.6337      70.0217 
-162.6101      70.0389 
-162.5778      70.06233 
-162.5699      70.07171 
-162.5629      70.0752 
-162.5454      70.07885 
