 62 
 1             1 
1
 -9999.0   ,   9990.0 
 21 
-124.8672      74.29975 
-124.8691      74.306 
-124.861       74.31011 
-124.8758      74.31705 
-124.8732      74.32055 
-124.8635      74.3222 
-124.8349      74.32074 
-124.8252      74.3224 
-124.8232      74.32561 
-124.8303      74.32746 
-124.8457      74.32798 
-124.9067      74.32352 
-124.9151      74.32148 
-124.8844      74.30911 
-124.8869      74.30635 
-124.919       74.30705 
-124.9303      74.30527 
-124.9273      74.30313 
-124.9004      74.29803 
-124.8834      74.30022 
-124.8672      74.29975 
 1             2 
1
 -9999.0   ,   9990.0 
 10 
-125.034       74.28959 
-125.0144      74.29175 
-125.0028      74.29497 
-125.0152      74.29688 
-125.0292      74.29608 
-125.0386      74.30011 
-125.0553      74.2951 
-125.0798      74.29518 
-125.0841      74.29249 
-125.034       74.28959 
 1             3 
1
 -9999.0   ,   9990.0 
 131 
-120           74.27645 
-120.0426      74.27395 
-120.0627      74.2734 
-120.0785      74.27516 
-120.1133      74.2836 
-120.1964      74.29406 
-120.238       74.2993 
-120.2665      74.30828 
-120.2904      74.31793 
-120.315       74.32363 
-120.338       74.32454 
-120.3741      74.32338 
-120.3914      74.32481 
-120.4582      74.33737 
-120.4746      74.34045 
-120.5454      74.3625 
-120.5914      74.3666 
-120.5989      74.36853 
-120.6173      74.37266 
-120.6254      74.37433 
-120.6342      74.37673 
-120.6631      74.38465 
-120.6747      74.38868 
-120.6935      74.39209 
-120.7491      74.39844 
-120.9129      74.43173 
-120.9447      74.44383 
-120.9592      74.45431 
-121.0224      74.476 
-121.0643      74.50245 
-121.0706      74.5064 
-121.104       74.52177 
-121.1143      74.52376 
-121.1358      74.52331 
-121.1631      74.52275 
-121.1781      74.52401 
-121.2193      74.53571 
-121.2628      74.54006 
-121.2871      74.54172 
-121.2969      74.54238 
-121.3089      74.54171 
-121.3187      74.54118 
-121.3461      74.5371 
-121.3859      74.54003 
-121.3937      74.54163 
-121.4433      74.55195 
-121.461       74.55561 
-121.5336      74.55783 
-121.7639      74.54734 
-121.8058      74.54083 
-121.8137      74.5396 
-121.8512      74.53953 
-121.8649      74.53804 
-121.8714      74.52998 
-121.8861      74.53518 
-121.9128      74.53038 
-121.9295      74.5315 
-121.9416      74.53033 
-121.9461      74.52611 
-121.9641      74.51715 
-122.0234      74.51275 
-122.0363      74.50986 
-122.0588      74.50483 
-122.0915      74.50221 
-122.1607      74.49088 
-122.1879      74.48997 
-122.1985      74.49121 
-122.2192      74.48881 
-122.2534      74.47953 
-122.2955      74.47561 
-122.3161      74.47625 
-122.3587      74.47298 
-122.443       74.47255 
-122.4788      74.46849 
-122.5547      74.4635 
-122.5763      74.46206 
-122.628       74.46147 
-122.6696      74.46098 
-122.7396      74.45711 
-122.7926      74.45778 
-122.8262      74.46035 
-122.841       74.46225 
-122.8629      74.46226 
-122.9037      74.459 
-123.034       74.44933 
-123.1061      74.44686 
-123.1391      74.44775 
-123.1677      74.45226 
-123.1848      74.45186 
-123.1949      74.4498 
-123.2357      74.44811 
-123.2625      74.4459 
-123.275       74.44323 
-123.2934      74.44038 
-123.3398      74.43666 
-123.4194      74.43193 
-123.4859      74.42428 
-123.5029      74.42575 
-123.5332      74.42256 
-123.6734      74.4191 
-123.724       74.4162 
-123.7464      74.41491 
-123.8397      74.41283 
-123.8593      74.41128 
-123.8833      74.40425 
-123.8985      74.40275 
-123.9604      74.40535 
-123.9943      74.40515 
-124.0079      74.4075 
-124.0284      74.40702 
-124.122       74.39965 
-124.1396      74.39889 
-124.1632      74.39515 
-124.1956      74.38701 
-124.2474      74.38906 
-124.2764      74.38467 
-124.3132      74.38468 
-124.3651      74.37963 
-124.3955      74.3749 
-124.4605      74.37148 
-124.5119      74.36876 
-124.5946      74.36215 
-124.6065      74.36177 
-124.6146      74.3638 
-124.624       74.36358 
-124.6516      74.35523 
-124.6712      74.35288 
-124.7058      74.35251 
-124.7263      74.34938 
-124.7424      74.34538 
-124.7659      74.34252 
 1             4 
1
 -9999.0   ,   9990.0 
 23 
-124.6115      74.25049 
-124.6109      74.25358 
-124.6183      74.25679 
-124.6307      74.25613 
-124.6354      74.25296 
-124.6579      74.2511 
-124.6748      74.25506 
-124.7078      74.25855 
-124.714       74.26211 
-124.7111      74.26892 
-124.6944      74.2732 
-124.6665      74.26863 
-124.6712      74.26641 
-124.6867      74.26621 
-124.6906      74.26406 
-124.6772      74.26101 
-124.6574      74.26292 
-124.6336      74.26086 
-124.6033      74.26187 
-124.6015      74.26531 
-124.5793      74.26573 
-124.585       74.2592 
-124.6115      74.25049 
 1             5 
1
 -9999.0   ,   9990.0 
 8 
-124.6748      74.22678 
-124.6514      74.22943 
-124.6491      74.23148 
-124.6848      74.2369 
-124.694       74.23575 
-124.6967      74.2332 
-124.6851      74.2284 
-124.6748      74.22678 
 1             6 
1
 -9999.0   ,   9990.0 
 7 
-124.6441      74.19013 
-124.6114      74.20192 
-124.6097      74.2063 
-124.6164      74.20792 
-124.6488      74.1985 
-124.6507      74.19341 
-124.6441      74.19013 
 1             7 
1
 -9999.0   ,   9990.0 
 14 
-124.5524      74.07453 
-124.5501      74.08106 
-124.5378      74.08431 
-124.5355      74.08731 
-124.5595      74.09074 
-124.5674      74.09535 
-124.5529      74.10087 
-124.5641      74.10171 
-124.5803      74.09983 
-124.5852      74.09688 
-124.5841      74.09036 
-124.5941      74.08303 
-124.573       74.0754 
-124.5524      74.07453 
 1             8 
1
 -9999.0   ,   9990.0 
 15 
-124.4221      73.87825 
-124.4139      73.88215 
-124.41        73.88972 
-124.3895      73.90038 
-124.3866      73.90625 
-124.4049      73.91033 
-124.4167      73.91559 
-124.5153      73.92275 
-124.5268      73.92144 
-124.5297      73.91558 
-124.5135      73.90123 
-124.4544      73.88106 
-124.4428      73.87929 
-124.4346      73.87804 
-124.4221      73.87825 
 1             9 
1
 -9999.0   ,   9990.0 
 25 
-124.5558      73.6716 
-124.5488      73.67401 
-124.5654      73.67558 
-124.5818      73.68143 
-124.6071      73.68331 
-124.6047      73.68515 
-124.5947      73.68612 
-124.5754      73.68521 
-124.5652      73.68691 
-124.5488      73.68013 
-124.5306      73.68312 
-124.5228      73.68817 
-124.5136      73.69003 
-124.6074      73.70048 
-124.6273      73.70371 
-124.6457      73.70987 
-124.6898      73.71293 
-124.6978      73.71162 
-124.7013      73.70403 
-124.7041      73.69795 
-124.6943      73.69116 
-124.6721      73.69165 
-124.6491      73.68252 
-124.5672      73.67122 
-124.5558      73.6716 
 1             10 
1
 -9999.0   ,   9990.0 
 32 
-124.2785      73.62078 
-124.2225      73.60983 
-124.1525      73.60247 
-124.1408      73.59698 
-124.113       73.58936 
-124.1015      73.57845 
-124.0841      73.57218 
-124.0868      73.56965 
-124.1291      73.56775 
-124.1402      73.5653 
-124.1713      73.56561 
-124.2059      73.56803 
-124.2248      73.56687 
-124.286       73.55838 
-124.308       73.557 
-124.3221      73.55878 
-124.3323      73.56428 
-124.3454      73.57141 
-124.3433      73.58262 
-124.354       73.61311 
-124.3508      73.62136 
-124.3318      73.62698 
-124.3269      73.63251 
-124.3408      73.63855 
-124.3413      73.6418 
-124.3289      73.64648 
-124.3205      73.64733 
-124.3117      73.64587 
-124.3088      73.64278 
-124.3187      73.62911 
-124.3076      73.62429 
-124.2785      73.62078 
 1             11 
1
 -9999.0   ,   9990.0 
 373 
-125           72.87999 
-124.9969      72.87941 
-124.9675      72.87446 
-124.9469      72.87304 
-124.9428      72.87551 
-124.9251      72.87715 
-124.9098      72.87625 
-124.8918      72.88358 
-124.8726      72.88628 
-124.8438      72.8881 
-124.8336      72.88562 
-124.836       72.88308 
-124.831       72.88111 
-124.82        72.88222 
-124.8035      72.88871 
-124.7919      72.89083 
-124.7467      72.89486 
-124.7275      72.89049 
-124.7303      72.88745 
-124.7246      72.88388 
-124.7142      72.88471 
-124.6981      72.88903 
-124.6637      72.89173 
-124.6277      72.89975 
-124.5912      72.90188 
-124.568       72.91075 
-124.5483      72.92005 
-124.5308      72.92823 
-124.52        72.92955 
-124.5006      72.92524 
-124.4742      72.93309 
-124.4538      72.93537 
-124.453       72.94155 
-124.4371      72.94443 
-124.4415      72.94667 
-124.4598      72.94738 
-124.4763      72.95504 
-124.5059      72.96028 
-124.5096      72.9626 
-124.4914      72.97364 
-124.5192      72.98303 
-124.5392      72.98383 
-124.5345      72.99102 
-124.5462      72.996 
-124.5584      72.99787 
-124.5878      72.99654 
-124.6028      72.9989 
-124.6453      73.01726 
-124.6751      73.026 
-124.6891      73.02986 
-124.7031      73.02571 
-124.7197      73.01828 
-124.7184      73.01508 
-124.696       73.01095 
-124.6975      73.0073 
-124.7061      73.00615 
-124.7145      73.00738 
-124.796       73.0302 
-124.8315      73.05839 
-124.839       73.06358 
-124.8557      73.07453 
-124.8635      73.08475 
-124.86        73.09658 
-124.8498      73.10138 
-124.8371      73.10426 
-124.8154      73.10838 
-124.7976      73.11558 
-124.7826      73.12951 
-124.7831      73.13795 
-124.769       73.15436 
-124.7624      73.15771 
-124.7537      73.15885 
-124.7456      73.15713 
-124.7361      73.1574 
-124.7236      73.15531 
-124.7174      73.15837 
-124.6966      73.1614 
-124.6875      73.16917 
-124.6812      73.17201 
-124.6843      73.17531 
-124.6757      73.1828 
-124.6736      73.1858 
-124.6697      73.19221 
-124.6446      73.20381 
-124.6149      73.20963 
-124.581       73.2287 
-124.5593      73.2379 
-124.5496      73.24568 
-124.5406      73.2638 
-124.5046      73.26654 
-124.5427      73.27236 
-124.5566      73.28212 
-124.5539      73.28893 
-124.5264      73.3089 
-124.5157      73.32854 
-124.4758      73.35745 
-124.4594      73.37539 
-124.4441      73.37913 
-124.431       73.38673 
-124.421       73.3842 
-124.417       73.37791 
-124.3782      73.38196 
-124.3877      73.38336 
-124.3891      73.38585 
-124.3757      73.3918 
-124.3865      73.39733 
-124.3925      73.3976 
-124.397       73.39983 
-124.3875      73.4029 
-124.3796      73.41314 
-124.3841      73.41539 
-124.3956      73.41265 
-124.408       73.40525 
-124.4045      73.4214 
-124.3995      73.42412 
-124.3739      73.4232 
-124.3614      73.42485 
-124.3676      73.4298 
-124.3883      73.42896 
-124.3928      73.43121 
-124.3804      73.44555 
-124.3684      73.44691 
-124.355       73.44391 
-124.3551      73.44673 
-124.3415      73.45174 
-124.3433      73.45465 
-124.3608      73.45925 
-124.3587      73.46245 
-124.3425      73.4646 
-124.3394      73.46836 
-124.3229      73.47476 
-124.3076      73.47706 
-124.3079      73.48363 
-124.2889      73.49279 
-124.2694      73.49493 
-124.2446      73.4923 
-124.2094      73.49911 
-124.2021      73.50201 
-124.1929      73.50644 
-124.1809      73.50873 
-124.1706      73.51747 
-124.1584      73.51955 
-124.1373      73.51733 
-124.119       73.51725 
-124.1084      73.52108 
-124.0794      73.52295 
-124.0639      73.52783 
-124.0542      73.53723 
-124.0601      73.54259 
-124.0763      73.54338 
-124.0651      73.55759 
-124.0708      73.56751 
-124.0597      73.57278 
-124.0587      73.58177 
-124.0411      73.58798 
-124.0151      73.59075 
-124.0388      73.60577 
-124.0376      73.61173 
-124.0579      73.61943 
-124.0482      73.63258 
-124.0495      73.66443 
-124.0464      73.66655 
-124.0262      73.66728 
-124.0124      73.66593 
-123.986       73.67087 
-123.9694      73.67746 
-123.9574      73.68912 
-123.9483      73.69023 
-123.9412      73.68695 
-123.9369      73.68495 
-123.9158      73.68574 
-123.8969      73.68333 
-123.8964      73.68642 
-123.9084      73.68955 
-123.9202      73.68966 
-123.9285      73.69141 
-123.9224      73.69584 
-123.9095      73.69818 
-123.8867      73.69885 
-123.8849      73.70531 
-123.8666      73.70638 
-123.8499      73.70075 
-123.8398      73.7017 
-123.8271      73.708 
-123.8173      73.71573 
-123.8417      73.71965 
-123.8473      73.723 
-123.8394      73.73013 
-123.8463      73.73316 
-123.8466      73.73808 
-123.8287      73.75178 
-123.8198      73.75405 
-123.8003      73.75378 
-123.7588      73.7487 
-123.7468      73.74931 
-123.7766      73.76013 
-123.7748      73.76471 
-123.7582      73.76776 
-123.7582      73.77057 
-123.8036      73.78266 
-123.8125      73.78789 
-123.8131      73.79325 
-123.8048      73.79525 
-123.7834      73.79204 
-123.7842      73.79761 
-123.7912      73.80347 
-123.8032      73.80005 
-123.8131      73.79981 
-123.8175      73.8028 
-123.8104      73.81174 
-123.8119      73.8255 
-123.8309      73.82415 
-123.8452      73.82598 
-123.8518      73.8295 
-123.8494      73.83061 
-123.874       73.83356 
-123.8857      73.83158 
-123.8919      73.83278 
-123.9089      73.84591 
-123.9423      73.85013 
-123.9577      73.8495 
-123.9678      73.84668 
-123.9791      73.84611 
-124.0225      73.84821 
-124.0993      73.8545 
-124.127       73.85886 
-124.1794      73.8725 
-124.1941      73.88015 
-124.1909      73.88485 
-124.1767      73.88962 
-124.1856      73.89463 
-124.177       73.90911 
-124.1702      73.91548 
-124.1595      73.91765 
-124.153       73.92164 
-124.159       73.92356 
-124.1857      73.92213 
-124.1904      73.92344 
-124.1891      73.92753 
-124.1804      73.93097 
-124.1846      73.9328 
-124.1994      73.9322 
-124.2009      73.93561 
-124.2078      73.9403 
-124.236       73.94956 
-124.2451      73.96561 
-124.2623      73.97661 
-124.2813      73.98136 
-124.3184      73.97729 
-124.3236      73.97926 
-124.3119      73.98857 
-124.3155      73.99232 
-124.2994      73.99606 
-124.2985      73.99871 
-124.3038      74.00163 
-124.3329      74.00706 
-124.3416      74.0109 
-124.3368      74.01573 
-124.3587      74.02168 
-124.3518      74.02971 
-124.3684      74.02921 
-124.3733      74.03075 
-124.3724      74.0334 
-124.3488      74.04098 
-124.3506      74.04556 
-124.3749      74.05134 
-124.3766      74.05404 
-124.3669      74.05828 
-124.4013      74.06638 
-124.4195      74.06931 
-124.4429      74.07045 
-124.4509      74.0734 
-124.4478      74.0774 
-124.4298      74.07916 
-124.4315      74.08093 
-124.4404      74.08216 
-124.4255      74.08631 
-124.4276      74.08944 
-124.4515      74.09291 
-124.4578      74.09669 
-124.4519      74.10228 
-124.4574      74.10613 
-124.4547      74.10962 
-124.4412      74.1099 
-124.4313      74.11836 
-124.4368      74.12055 
-124.4312      74.12545 
-124.4156      74.12985 
-124.4347      74.13271 
-124.4298      74.13566 
-124.407       74.13706 
-124.4049      74.13932 
-124.421       74.14358 
-124.4393      74.15004 
-124.4369      74.15916 
-124.4442      74.16405 
-124.4706      74.16733 
-124.4772      74.16968 
-124.4737      74.17323 
-124.4581      74.17671 
-124.4606      74.17841 
-124.4763      74.18035 
-124.4674      74.18545 
-124.4727      74.19002 
-124.4788      74.19453 
-124.4921      74.19663 
-124.4957      74.20037 
-124.4859      74.20367 
-124.4988      74.21075 
-124.5148      74.2129 
-124.5287      74.23168 
-124.5244      74.23622 
-124.5086      74.24136 
-124.5036      74.26033 
-124.507       74.26384 
-124.5166      74.26293 
-124.5366      74.2549 
-124.5449      74.25454 
-124.5507      74.25601 
-124.5402      74.26665 
-124.5548      74.27267 
-124.5531      74.27891 
-124.5423      74.28041 
-124.542       74.28277 
-124.5671      74.28616 
-124.5732      74.27724 
-124.6052      74.27352 
-124.6127      74.27675 
-124.6245      74.27731 
-124.6371      74.2724 
-124.6562      74.2715 
-124.6867      74.28036 
-124.6921      74.28491 
-124.6838      74.28976 
-124.6554      74.29276 
-124.6501      74.29975 
-124.6182      74.30721 
-124.6223      74.30988 
-124.6336      74.30871 
-124.6364      74.31021 
-124.6293      74.31308 
-124.6402      74.31883 
-124.6477      74.3256 
-124.6556      74.32738 
-124.6428      74.33301 
-124.6525      74.33491 
-124.675       74.3241 
-124.6602      74.31974 
-124.6601      74.31693 
-124.6835      74.315 
-124.7008      74.31752 
-124.7017      74.32193 
-124.6839      74.32631 
-124.6967      74.32841 
-124.7104      74.32536 
-124.7169      74.31706 
-124.7243      74.31393 
-124.75        74.31256 
-124.7632      74.31536 
-124.7616      74.31901 
-124.7519      74.32065 
-124.7328      74.31993 
-124.7135      74.33216 
-124.7223      74.33483 
-124.7302      74.33401 
-124.7348      74.32803 
-124.7474      74.32664 
-124.7577      74.32825 
-124.7639      74.33181 
-124.7618      74.33763 
-124.7658      74.33992 
-124.7759      74.3413 
-124.7659      74.34252 
 1             12 
1
 -9999.0   ,   9990.0 
 10 
-125.1721      72.83456 
-125.1634      72.83551 
-125.1606      72.83763 
-125.1966      72.84272 
-125.207       72.84186 
-125.2141      72.83751 
-125.2076      72.8331 
-125.1981      72.8341 
-125.1952      72.83693 
-125.1721      72.83456 
 1             13 
1
 -9999.0   ,   9990.0 
 30 
-124.9809      72.70823 
-124.9778      72.70166 
-124.9971      72.70938 
-125           72.71251 
-125.001       72.71356 
-125           72.71457 
-124.9937      72.72121 
-124.9862      72.72253 
-124.964       72.73211 
-124.9533      72.74475 
-124.9633      72.75905 
-125           72.77931 
-125.0054      72.78228 
-125.0061      72.79519 
-125.0228      72.80375 
-125.0226      72.80933 
-125.0222      72.81606 
-125.0303      72.83168 
-125.0423      72.83943 
-125.0837      72.84788 
-125.1043      72.85861 
-125.1032      72.84272 
-125.1113      72.84536 
-125.1259      72.8579 
-125.1259      72.86476 
-125.1051      72.87847 
-125.0855      72.88501 
-125.0737      72.88596 
-125.0475      72.88808 
-125.026       72.88485 
 1             14 
1
 -9999.0   ,   9990.0 
 9 
-125.1325      72.59668 
-125.1274      72.59803 
-125.1348      72.60261 
-125.1273      72.61503 
-125.1365      72.6164 
-125.1537      72.61026 
-125.1568      72.60505 
-125.142       72.59755 
-125.1325      72.59668 
 1             15 
1
 -9999.0   ,   9990.0 
 47 
-124.9512      72.7025 
-124.956       72.69998 
-124.948       72.68343 
-124.9525      72.67882 
-124.9681      72.67166 
-124.9909      72.66886 
-125           72.67334 
-125.0024      72.67453 
-125.015       72.6761 
-125.0232      72.67991 
-125.0326      72.68151 
-125.0484      72.67975 
-125.0563      72.67627 
-125.0577      72.67428 
-125.0444      72.67277 
-125.0394      72.66563 
-125.0294      72.66338 
-125.0232      72.65751 
-125.0018      72.65831 
-125           72.65678 
-124.9983      72.6553 
-125           72.653 
-125.0015      72.65103 
-125.0163      72.6517 
-125.036       72.64986 
-125.0464      72.64571 
-125.0498      72.64195 
-125.0574      72.6335 
-125.0747      72.63775 
-125.0784      72.64522 
-125.0868      72.64146 
-125.0809      72.62733 
-125.0681      72.61941 
-125.0519      72.6172 
-125.0212      72.60865 
-125.0008      72.61055 
-125           72.61075 
-124.9906      72.61325 
-124.9669      72.61495 
-124.956       72.61253 
-124.9496      72.60716 
-124.9522      72.60483 
-124.9762      72.59745 
-124.9878      72.58943 
-124.9748      72.58286 
-124.9733      72.58213 
-124.9395      72.57357 
 1             16 
1
 -9999.0   ,   9990.0 
 6 
-125.0227      72.57149 
-125.0107      72.57907 
-125.0174      72.58041 
-125.0271      72.57891 
-125.039       72.57039 
-125.0227      72.57149 
 1             17 
1
 -9999.0   ,   9990.0 
 15 
-125.1526      72.53721 
-125.124       72.54288 
-125.122       72.54494 
-125.1484      72.54888 
-125.1574      72.55263 
-125.1676      72.56028 
-125.1615      72.56313 
-125.1517      72.56441 
-125.1548      72.56605 
-125.1749      72.56486 
-125.1838      72.56081 
-125.1913      72.5484 
-125.1843      72.54426 
-125.1642      72.54121 
-125.1526      72.53721 
 1             18 
1
 -9999.0   ,   9990.0 
 6 
-125.3187      72.50358 
-125.3319      72.49726 
-125.3402      72.48334 
-125.3377      72.47873 
-125.3138      72.50196 
-125.3187      72.50358 
 1             19 
1
 -9999.0   ,   9990.0 
 48 
-125.3412      72.45138 
-125.3177      72.45478 
-125.2667      72.4522 
-125.2552      72.45505 
-125.2598      72.4575 
-125.2795      72.45586 
-125.2917      72.45885 
-125.3181      72.47386 
-125.3161      72.48017 
-125.3054      72.48224 
-125.2994      72.48676 
-125.2746      72.4905 
-125.2483      72.49858 
-125.2271      72.50791 
-125.2111      72.51183 
-125.1992      72.51943 
-125.1672      72.52138 
-125.1488      72.52361 
-125.1449      72.5296 
-125.132       72.53018 
-125.1314      72.53378 
-125.12        72.5359 
-125.1197      72.53993 
-125.1149      72.54151 
-125.0969      72.53899 
-125.0924      72.5436 
-125.0965      72.54633 
-125.072       72.54881 
-125.0846      72.55226 
-125.0559      72.56476 
-125.0463      72.56201 
-125.0582      72.55608 
-125.0557      72.55417 
-125.0373      72.55898 
-125.0171      72.56016 
-125.0259      72.56463 
-125.0138      72.56775 
-125.0116      72.57052 
-125           72.57033 
-124.9955      72.565 
-124.9868      72.56406 
-124.9764      72.56821 
-124.9653      72.56816 
-124.9697      72.56263 
-124.9574      72.56292 
-124.945       72.56747 
-124.9434      72.56965 
-124.9421      72.57125 
 1             20 
1
 -9999.0   ,   9990.0 
 8 
-125.4103      72.40252 
-125.4169      72.39608 
-125.4246      72.39439 
-125.4239      72.40898 
-125.4144      72.41805 
-125.4042      72.42481 
-125.3811      72.42735 
-125.3668      72.4419 
 1             21 
1
 -9999.0   ,   9990.0 
 4 
-125.4082      72.37605 
-125.3967      72.38295 
-125.3904      72.39221 
-125.3827      72.3957 
 1             22 
1
 -9999.0   ,   9990.0 
 10 
-125.4393      72.36861 
-125.4473      72.36683 
-125.4651      72.34995 
-125.4769      72.34493 
-125.4842      72.34195 
-125.5017      72.32556 
-125.5093      72.3053 
-125.5416      72.28665 
-125.532       72.28581 
-125.5218      72.29068 
 1             23 
1
 -9999.0   ,   9990.0 
 14 
-125.6591      72.21271 
-125.6655      72.23791 
-125.6623      72.24694 
-125.6494      72.25801 
-125.6337      72.26527 
-125.6313      72.26027 
-125.614       72.25917 
-125.6046      72.25573 
-125.5844      72.25323 
-125.575       72.25475 
-125.5708      72.26031 
-125.5533      72.26395 
-125.5203      72.26608 
-125.5086      72.26891 
 1             24 
1
 -9999.0   ,   9990.0 
 7 
-125.7297      72.04433 
-125.7227      72.0459 
-125.7168      72.06108 
-125.7249      72.06391 
-125.7353      72.0611 
-125.7363      72.04729 
-125.7297      72.04433 
 1             25 
1
 -9999.0   ,   9990.0 
 69 
-126.011       71.96926 
-126.0043      71.97911 
-125.9859      71.985 
-125.9778      71.98759 
-125.9619      71.9886 
-125.9602      71.98593 
-125.9915      71.9766 
-125.9822      71.96936 
-125.9616      71.96551 
-125.9417      71.96368 
-125.9035      71.96433 
-125.8531      71.9599 
-125.8272      71.95964 
-125.8184      71.96177 
-125.81        71.97145 
-125.8139      71.97405 
-125.8204      71.9736 
-125.8304      71.96433 
-125.8348      71.97058 
-125.8191      71.97677 
-125.8018      71.98361 
-125.7792      72 
-125.7705      71.99952 
-125.8086      71.97583 
-125.8023      71.97467 
-125.7933      71.98047 
-125.7812      71.98385 
-125.7731      71.99236 
-125.7543      72 
-125.7407      72.01073 
-125.725       72.01282 
-125.7228      72.01704 
-125.7307      72.02225 
-125.7286      72.02741 
-125.7131      72.03303 
-125.7114      72.04525 
-125.7016      72.04633 
-125.6924      72.04383 
-125.6905      72.0492 
-125.6985      72.05371 
-125.697       72.05951 
-125.6866      72.0616 
-125.6899      72.065 
-125.6937      72.06695 
-125.7005      72.07575 
-125.698       72.08211 
-125.6883      72.08415 
-125.6652      72.08901 
-125.6451      72.08982 
-125.629       72.09313 
-125.6351      72.09472 
-125.6703      72.09376 
-125.6902      72.09532 
-125.7027      72.09471 
-125.7069      72.09835 
-125.7057      72.10533 
-125.6913      72.10678 
-125.6998      72.109 
-125.7283      72.11633 
-125.748       72.11933 
-125.7639      72.11816 
-125.7732      72.11167 
-125.7814      72.11711 
-125.7845      72.12369 
-125.7735      72.13506 
-125.7481      72.14085 
-125.7014      72.16196 
-125.6855      72.17802 
-125.6609      72.19466 
 1             26 
1
 -9999.0   ,   9990.0 
 282 
-126.011       71.96926 
-125.9738      71.96256 
-125.9305      71.96133 
-125.8916      71.95811 
-125.778       71.95217 
-125.7392      71.95303 
-125.6778      71.95838 
-125.5041      71.97342 
-125.3596      71.98083 
-125.2826      71.9814 
-125.2468      71.98165 
-125.1989      71.9795 
-125.1722      71.98145 
-125.1649      71.97963 
-125.145       71.97978 
-125.1143      71.97615 
-125.0904      71.97735 
-125.0605      71.97414 
-125.0094      71.97341 
-125           71.97223 
-124.9756      71.96917 
-124.9517      71.96371 
-124.9244      71.96111 
-124.9185      71.9542 
-124.9135      71.95458 
-124.9068      71.95203 
-124.9193      71.94732 
-124.9315      71.94605 
-124.9459      71.94745 
-124.9745      71.94681 
-124.9967      71.94958 
-125           71.95223 
-125.0016      71.95354 
-125.0012      71.95904 
-125           71.95948 
-124.988       71.964 
-124.9932      71.96658 
-125           71.96727 
-125.0176      71.96905 
-125.0301      71.9689 
-125.0461      71.96361 
-125.0556      71.96333 
-125.0884      71.97352 
-125.1051      71.97256 
-125.1114      71.96916 
-125.0922      71.96701 
-125.088       71.96303 
-125.0921      71.95742 
-125.0982      71.9563 
-125.113       71.95358 
-125.1379      71.95305 
-125.1488      71.95499 
-125.1555      71.95958 
-125.1482      71.96666 
-125.1557      71.9694 
-125.171       71.971 
-125.1885      71.97501 
-125.199       71.97536 
-125.2029      71.97159 
-125.1912      71.96968 
-125.1925      71.96689 
-125.1809      71.96725 
-125.1764      71.96488 
-125.1838      71.96053 
-125.1701      71.95685 
-125.1733      71.95538 
-125.199       71.95503 
-125.2001      71.963 
-125.2122      71.95919 
-125.229       71.9589 
-125.242       71.95552 
-125.2705      71.96848 
-125.2733      71.96551 
-125.2656      71.95798 
-125.2219      71.94838 
-125.2017      71.93827 
-125.1696      71.93036 
-125.1375      71.91742 
-125.0944      71.90687 
-125.0659      71.90294 
-125.0021      71.88478 
-125           71.8845 
-124.9722      71.88088 
-124.947       71.87546 
-124.8958      71.85713 
-124.8312      71.83735 
-124.7961      71.8329 
-124.7471      71.82336 
-124.5964      71.7859 
-124.5835      71.78443 
-124.5587      71.78445 
-124.5108      71.77803 
-124.4154      71.77085 
-124.3981      71.76866 
-124.3813      71.76653 
-124.2763      71.75042 
-124.1932      71.73414 
-124.1534      71.72446 
-124.1358      71.71283 
-124.1024      71.70481 
-124.0726      71.70074 
-124.0602      71.69905 
-124.0508      71.69631 
-124.0298      71.68567 
-124.0022      71.67703 
-123.9529      71.65751 
-123.8882      71.62217 
-123.8619      71.59841 
-123.8147      71.5478 
-123.8094      71.52945 
-123.807       71.52814 
-123.7902      71.53015 
-123.7809      71.52468 
-123.7496      71.52042 
-123.703       71.509 
-123.6935      71.50833 
-123.657       71.50326 
-123.6279      71.49575 
-123.6139      71.48831 
-123.5797      71.42526 
-123.5655      71.41296 
-123.5521      71.40788 
-123.5281      71.39385 
-123.5295      71.3815 
-123.5261      71.37588 
-123.5074      71.36308 
-123.4988      71.3439 
-123.5013      71.33015 
-123.4792      71.31105 
-123.4705      71.29451 
-123.4666      71.28693 
-123.457       71.28215 
-123.4595      71.27433 
-123.4669      71.2696 
-123.4628      71.26718 
-123.4526      71.26581 
-123.4419      71.25305 
-123.4457      71.24453 
-123.439       71.23715 
-123.4248      71.2368 
-123.4274      71.22944 
-123.4229      71.21905 
-123.4049      71.21125 
-123.3955      71.20074 
-123.3883      71.19726 
-123.3756      71.19709 
-123.3691      71.19016 
-123.3627      71.18664 
-123.3224      71.16431 
-123.2821      71.15107 
-123.2435      71.13231 
-123.2326      71.1239 
-123.2231      71.10904 
-123.2109      71.10498 
-123.1856      71.10508 
-123.1638      71.09871 
-123.1465      71.09316 
-123.1406      71.0885 
-123.1446      71.08407 
-123.1413      71.07822 
-123.1324      71.07636 
-123.1021      71.07564 
-123.089       71.08048 
-123.0274      71.08179 
-123.0107      71.08413 
-123.0082      71.08448 
-122.978       71.08465 
-122.9471      71.08165 
-122.9209      71.08401 
-122.8789      71.0851 
-122.8637      71.08266 
-122.7868      71.08147 
-122.7487      71.0959 
-122.7428      71.10923 
-122.7151      71.12555 
-122.692       71.13917 
-122.644       71.1622 
-122.5942      71.17932 
-122.4934      71.209 
-122.4551      71.2163 
-122.4352      71.22006 
-122.3719      71.23075 
-122.2605      71.24611 
-122.2016      71.25916 
-122.1266      71.27316 
-122.0721      71.28793 
-122.028       71.30115 
-121.9786      71.34109 
-121.9266      71.37422 
-121.9043      71.39209 
-121.8288      71.42281 
-121.772       71.44093 
-121.7231      71.45414 
-121.6489      71.467 
-121.6282      71.46775 
-121.591       71.46231 
-121.5751      71.46115 
-121.5645      71.46198 
-121.5496      71.45807 
-121.5411      71.45295 
-121.5328      71.4328 
-121.5189      71.42523 
-121.5153      71.4204 
-121.5198      71.4159 
-121.5369      71.40975 
-121.5516      71.40728 
-121.5887      71.40701 
-121.6273      71.41288 
-121.6306      71.41055 
-121.6236      71.40678 
-121.6061      71.4036 
-121.5722      71.40086 
-121.5459      71.40166 
-121.4969      71.3982 
-121.4439      71.3966 
-121.4328      71.39354 
-121.4218      71.38593 
-121.4172      71.38403 
-121.4068      71.37975 
-121.393       71.37787 
-121.3199      71.38012 
-121.2302      71.39437 
-121.095       71.41726 
-121.0848      71.41866 
-120.9691      71.43656 
-120.8801      71.44812 
-120.8556      71.45336 
-120.8315      71.45518 
-120.7678      71.46373 
-120.7249      71.4714 
-120.7025      71.47728 
-120.573       71.51431 
-120.5505      71.52086 
-120.5054      71.54055 
-120.4923      71.54838 
-120.4714      71.57135 
-120.4418      71.60358 
-120.4126      71.65793 
-120.3768      71.69253 
-120.3753      71.7021 
-120.3905      71.71131 
-120.433       71.72739 
-120.4436      71.73391 
-120.4478      71.74093 
-120.4409      71.76463 
-120.4271      71.7966 
-120.4061      71.84516 
-120.3875      71.86008 
-120.383       71.86898 
-120.393       71.88596 
-120.4334      71.91729 
-120.4415      71.93678 
-120.4353      71.95161 
-120.4221      71.96148 
-120.3932      71.97828 
-120.3385      72 
-120.3221      72.00728 
-120.3124      72.0134 
-120.291       72.02251 
-120.2548      72.03318 
-120.2358      72.04261 
-120.2209      72.06128 
-120.1691      72.08625 
-120.1579      72.09381 
-120.1546      72.10326 
-120.1573      72.11143 
-120.16        72.11821 
-120.1494      72.13061 
-120.1222      72.15159 
-120.1218      72.16341 
-120.1287      72.16856 
-120.1561      72.17765 
-120.1677      72.19293 
-120.1723      72.20655 
-120.1842      72.21743 
-120.1836      72.22372 
-120.1916      72.22435 
-120.1716      72.23138 
-120.1616      72.23122 
-120.1365      72.23473 
-120.1163      72.23518 
-120           72.22771 
 1             27 
1
 -9999.0   ,   9990.0 
 9 
-128.2031      70.52841 
-128.2068      70.53191 
-128.2041      70.53666 
-128.1888      70.5411 
-128.1532      70.54173 
-128.1445      70.53939 
-128.1596      70.53289 
-128.1723      70.53042 
-128.2031      70.52841 
 1             28 
1
 -9999.0   ,   9990.0 
 54 
-128.2792      70.61072 
-128.2829      70.61946 
-128.2756      70.63517 
-128.259       70.63896 
-128.2476      70.63911 
-128.2349      70.63688 
-128.1551      70.61691 
-128.1371      70.6109 
-128.1115      70.60156 
-128.0925      70.59168 
-128.0874      70.58641 
-128.0892      70.58125 
-128.0949      70.57899 
-128.1095      70.5793 
-128.1153      70.58228 
-128.1221      70.59276 
-128.1328      70.59821 
-128.1394      70.59904 
-128.1293      70.58184 
-128.1277      70.57913 
-128.1167      70.573 
-128.1266      70.56422 
-128.1298      70.54979 
-128.2069      70.55355 
-128.2221      70.55809 
-128.2303      70.56873 
-128.2436      70.57198 
-128.2477      70.57661 
-128.2379      70.5946 
-128.2433      70.59963 
-128.2464      70.60073 
-128.2499      70.59953 
-128.2505      70.59029 
-128.2672      70.57817 
-128.2665      70.5736 
-128.2573      70.56554 
-128.2412      70.5576 
-128.2357      70.55165 
-128.2369      70.54815 
-128.2463      70.54583 
-128.285       70.54296 
-128.3005      70.53736 
-128.3197      70.53568 
-128.3328      70.5311 
-128.3409      70.52448 
-128.3418      70.51452 
-128.3295      70.5057 
-128.3376      70.5037 
-128.3417      70.50547 
-128.3471      70.50781 
-128.3529      70.51603 
-128.3495      70.5268 
-128.2895      70.59063 
-128.2792      70.61072 
 1             29 
1
 -9999.0   ,   9990.0 
 10 
-129.7514      70.2646 
-129.7503      70.26767 
-129.7033      70.27207 
-129.682       70.27333 
-129.6612      70.27293 
-129.6528      70.27111 
-129.6904      70.26843 
-129.7118      70.2688 
-129.7243      70.26643 
-129.7514      70.2646 
 1             30 
1
 -9999.0   ,   9990.0 
 10 
-129.8242      70.25194 
-129.8099      70.25858 
-129.777       70.26377 
-129.7693      70.26608 
-129.7721      70.26753 
-129.7999      70.26426 
-129.8242      70.25841 
-129.8329      70.25536 
-129.8328      70.25258 
-129.8242      70.25194 
 1             31 
1
 -9999.0   ,   9990.0 
 18 
-129.7634      70.24933 
-129.7719      70.24604 
-129.7723      70.24163 
-129.7622      70.2302 
-129.7795      70.23055 
-129.7999      70.22124 
-129.7998      70.21315 
-129.8059      70.21163 
-129.8243      70.2117 
-129.8307      70.20691 
-129.8405      70.21257 
-129.8345      70.2245 
-129.8246      70.22531 
-129.8176      70.23013 
-129.8002      70.2321 
-129.7825      70.24934 
-129.7702      70.25076 
-129.7634      70.24933 
 1             32 
1
 -9999.0   ,   9990.0 
 5 
-127.8495      70.19026 
-127.8152      70.19423 
-127.8141      70.19797 
-127.8541      70.19141 
-127.8495      70.19026 
 1             33 
1
 -9999.0   ,   9990.0 
 31 
-125           70.16716 
-124.9977      70.16731 
-124.9955      70.17128 
-124.9841      70.17395 
-124.9815      70.17676 
-124.9916      70.18353 
-125           70.18598 
-125.0515      70.18772 
-125.0906      70.18298 
-125.1082      70.17851 
-125.117       70.1718 
-125.1138      70.1678 
-125.1045      70.16582 
-125.0904      70.16606 
-125.1027      70.17115 
-125.0858      70.17102 
-125.0723      70.16247 
-125.0697      70.17361 
-125.0615      70.17801 
-125.0458      70.17968 
-125.0368      70.18363 
-125.0288      70.18161 
-125.0479      70.17298 
-125.0525      70.16801 
-125.0514      70.16774 
-125.0467      70.1666 
-125.0362      70.16993 
-125.0261      70.16751 
-125.0148      70.16835 
-125.005       70.16684 
-125           70.16716 
 1             34 
1
 -9999.0   ,   9990.0 
 8 
-129.8829      70.15124 
-129.8889      70.15166 
-129.895       70.15663 
-129.9003      70.15623 
-129.9026      70.15795 
-129.8916      70.16555 
-129.8876      70.1644 
-129.8829      70.15124 
 1             35 
1
 -9999.0   ,   9990.0 
 8 
-127.4929      70.14637 
-127.5069      70.15905 
-127.5175      70.16338 
-127.526       70.16114 
-127.5265      70.15743 
-127.5133      70.15001 
-127.5016      70.14619 
-127.4929      70.14637 
 1             36 
1
 -9999.0   ,   9990.0 
 7 
-130.4571      70.12815 
-130.4425      70.13023 
-130.426       70.13614 
-130.4311      70.1379 
-130.4499      70.13624 
-130.4598      70.12936 
-130.4571      70.12815 
 1             37 
1
 -9999.0   ,   9990.0 
 13 
-130.5974      70.1268 
-130.586       70.13077 
-130.5873      70.13301 
-130.6205      70.13875 
-130.6867      70.13515 
-130.6856      70.13314 
-130.6592      70.13346 
-130.6497      70.12991 
-130.6287      70.13381 
-130.6121      70.1335 
-130.6063      70.13156 
-130.6087      70.12745 
-130.5974      70.1268 
 1             38 
1
 -9999.0   ,   9990.0 
 8 
-129.8845      70.11948 
-129.8781      70.12171 
-129.8845      70.13127 
-129.8802      70.13731 
-129.8893      70.13653 
-129.9011      70.12403 
-129.8928      70.11991 
-129.8845      70.11948 
 1             39 
1
 -9999.0   ,   9990.0 
 6 
-130.9017      70.11362 
-130.8942      70.11481 
-130.8734      70.12733 
-130.8801      70.12711 
-130.9047      70.11643 
-130.9017      70.11362 
 1             40 
1
 -9999.0   ,   9990.0 
 58 
-125           70.13906 
-124.9753      70.14695 
-124.9534      70.1539 
-124.9552      70.15543 
-124.981       70.1539 
-125           70.15716 
-125.0101      70.15889 
-125.0247      70.1536 
-125.0462      70.15311 
-125.0589      70.15041 
-125.0665      70.15106 
-125.0753      70.15581 
-125.1135      70.14812 
-125.1354      70.14028 
-125.1472      70.1321 
-125.1464      70.12938 
-125.1312      70.12349 
-125.1245      70.11456 
-125.1145      70.1101 
-125.0999      70.10875 
-125.0688      70.11048 
-125.0579      70.11221 
-125.0567      70.115 
-125.0629      70.118 
-125.0778      70.11819 
-125.0901      70.11663 
-125.0953      70.11348 
-125.1125      70.11473 
-125.1166      70.11757 
-125.0923      70.1193 
-125.083       70.12236 
-125.0851      70.12282 
-125.0902      70.12395 
-125.1106      70.12235 
-125.1061      70.12753 
-125.1086      70.13135 
-125.0994      70.13211 
-125.0991      70.1335 
-125.1088      70.13454 
-125.1047      70.13651 
-125.0916      70.13786 
-125.0664      70.13688 
-125.0448      70.1392 
-125.0401      70.13685 
-125.0446      70.13371 
-125.0412      70.12673 
-125.0358      70.12439 
-125.0217      70.12441 
-125.0097      70.12023 
-125.0003      70.12031 
-124.9996      70.12046 
-124.9902      70.12248 
-124.982       70.12686 
-124.9847      70.12906 
-124.9995      70.13156 
-125.0169      70.13098 
-125.0151      70.13423 
-125           70.13906 
 1             41 
1
 -9999.0   ,   9990.0 
 6 
-130.2569      70.1021 
-130.2321      70.10411 
-130.2367      70.11008 
-130.2518      70.10775 
-130.261       70.10346 
-130.2569      70.1021 
 1             42 
1
 -9999.0   ,   9990.0 
 8 
-130.8895      70.09586 
-130.8721      70.10235 
-130.8708      70.10499 
-130.8624      70.10693 
-130.8678      70.10797 
-130.8812      70.1064 
-130.8938      70.0986 
-130.8895      70.09586 
 1             43 
1
 -9999.0   ,   9990.0 
 11 
-130.2921      70.09178 
-130.2755      70.0963 
-130.2791      70.10418 
-130.2875      70.1083 
-130.2933      70.10769 
-130.2965      70.10356 
-130.3067      70.10106 
-130.3052      70.09838 
-130.2978      70.0986 
-130.297       70.09333 
-130.2921      70.09178 
 1             44 
1
 -9999.0   ,   9990.0 
 8 
-130.1275      70.09538 
-130.1185      70.10031 
-130.1107      70.10101 
-130.1124      70.09632 
-130.116       70.08934 
-130.111       70.08501 
-130.1203      70.08213 
-130.1275      70.09538 
 1             45 
1
 -9999.0   ,   9990.0 
 35 
-130.236       70.08853 
-130.2311      70.09468 
-130.2155      70.09983 
-130.1947      70.10043 
-130.1854      70.10333 
-130.1713      70.1049 
-130.1656      70.1108 
-130.1711      70.11208 
-130.189       70.10866 
-130.2188      70.10588 
-130.2473      70.09321 
-130.259       70.09595 
-130.2668      70.09523 
-130.2703      70.09176 
-130.277       70.09019 
-130.2781      70.08586 
-130.2785      70.0843 
-130.2965      70.07993 
-130.299       70.07699 
-130.2941      70.07428 
-130.2862      70.0771 
-130.2737      70.07672 
-130.2705      70.07833 
-130.2567      70.07548 
-130.2377      70.07667 
-130.2176      70.07468 
-130.2156      70.07598 
-130.2277      70.07961 
-130.2471      70.07909 
-130.2606      70.08265 
-130.2629      70.08681 
-130.2474      70.0878 
-130.2436      70.08394 
-130.2396      70.08396 
-130.236       70.08853 
 1             46 
1
 -9999.0   ,   9990.0 
 6 
-125.1011      70.0737 
-125.079       70.07605 
-125.0969      70.08436 
-125.1059      70.08314 
-125.1069      70.07716 
-125.1011      70.0737 
 1             47 
1
 -9999.0   ,   9990.0 
 10 
-124.6123      70.07325 
-124.6117      70.07601 
-124.6027      70.07995 
-124.6058      70.08145 
-124.636       70.08394 
-124.6482      70.07923 
-124.6505      70.07526 
-124.647       70.07262 
-124.6316      70.07516 
-124.6123      70.07325 
 1             48 
1
 -9999.0   ,   9990.0 
 10 
-125.1509      70.03721 
-125.1466      70.03873 
-125.1487      70.04118 
-125.1345      70.04326 
-125.133       70.04491 
-125.1415      70.04646 
-125.1539      70.04535 
-125.1627      70.04093 
-125.1606      70.03826 
-125.1509      70.03721 
 1             49 
1
 -9999.0   ,   9990.0 
 5 
-131.0445      70 
-131.0424      70.0023 
-131.0314      70.00908 
-131.0255      70.00948 
-131.0107      70 
 1             50 
1
 -9999.0   ,   9990.0 
 8 
-131.0007      70 
-130.9983      70.00226 
-131.0081      70.00625 
-130.9751      70.0268 
-130.9722      70.02536 
-130.9747      70.01916 
-130.9611      70.00376 
-130.9578      70 
 1             51 
1
 -9999.0   ,   9990.0 
 366 
-130.9424      70 
-130.9471      70.00407 
-130.9452      70.0114 
-130.9265      70.02981 
-130.9426      70.03546 
-130.9517      70.02998 
-130.9596      70.0283 
-130.9654      70.03 
-130.961       70.03425 
-130.9644      70.03657 
-130.9739      70.03546 
-130.9792      70.02931 
-131.02        70.01751 
-131.0302      70.01171 
-131.0343      70.01283 
-131.022       70.02341 
-131.0161      70.02625 
-130.9975      70.03505 
-130.9852      70.0361 
-130.9715      70.04008 
-130.9593      70.04076 
-130.9498      70.03847 
-130.9451      70.04187 
-130.9416      70.04435 
-130.9441      70.04628 
-130.9485      70.04691 
-130.9634      70.04429 
-130.9699      70.04734 
-130.9701      70.05963 
-130.981       70.0596 
-130.9874      70.04477 
-130.9967      70.03821 
-131.004       70.04041 
-130.9926      70.06323 
-130.9678      70.07928 
-130.9461      70.08885 
-130.9487      70.09101 
-130.9424      70.0942 
-130.9321      70.09535 
-130.9275      70.0945 
-130.9302      70.09085 
-130.9678      70.07325 
-130.9682      70.06695 
-130.9577      70.06161 
-130.9479      70.06227 
-130.9206      70.0745 
-130.9078      70.08026 
-130.8948      70.08251 
-130.8832      70.08258 
-130.8797      70.0812 
-130.9044      70.07561 
-130.9091      70.07066 
-130.923       70.06765 
-130.9321      70.05729 
-130.9205      70.05249 
-130.905       70.054 
-130.9114      70.05681 
-130.9036      70.06707 
-130.8951      70.07055 
-130.8893      70.0729 
-130.8788      70.07476 
-130.852       70.08744 
-130.8434      70.08684 
-130.8471      70.0801 
-130.8445      70.07563 
-130.8581      70.07311 
-130.859       70.07003 
-130.8523      70.06771 
-130.8444      70.06821 
-130.8212      70.0802 
-130.819       70.08822 
-130.8304      70.09026 
-130.8223      70.10007 
-130.8173      70.10086 
-130.8076      70.09803 
-130.7943      70.09866 
-130.7901      70.09731 
-130.7998      70.09158 
-130.7966      70.08228 
-130.7902      70.07713 
-130.7836      70.07618 
-130.7728      70.08128 
-130.7571      70.10041 
-130.7654      70.10775 
-130.7722      70.10661 
-130.7793      70.09988 
-130.7881      70.10209 
-130.7888      70.10575 
-130.7759      70.11193 
-130.7532      70.11273 
-130.736       70.10759 
-130.7294      70.10894 
-130.7128      70.11235 
-130.7107      70.1111 
-130.7266      70.10311 
-130.7195      70.09661 
-130.7212      70.09348 
-130.7346      70.09191 
-130.7376      70.08638 
-130.7482      70.08104 
-130.7381      70.08124 
-130.7347      70.08007 
-130.7391      70.07701 
-130.7533      70.07561 
-130.7618      70.06786 
-130.759       70.06526 
-130.7481      70.06273 
-130.7381      70.06803 
-130.7205      70.0657 
-130.7156      70.06787 
-130.6987      70.06921 
-130.6895      70.07236 
-130.6848      70.07846 
-130.6892      70.08142 
-130.6979      70.0811 
-130.7018      70.08455 
-130.6985      70.08708 
-130.6906      70.0876 
-130.6837      70.08461 
-130.6682      70.07792 
-130.6628      70.0792 
-130.6539      70.10343 
-130.6584      70.10661 
-130.6672      70.10768 
-130.6748      70.10555 
-130.6862      70.09785 
-130.6905      70.09943 
-130.692       70.11418 
-130.6829      70.1187 
-130.6697      70.12304 
-130.6616      70.11591 
-130.6553      70.1168 
-130.6496      70.1262 
-130.6427      70.12596 
-130.636       70.11642 
-130.6368      70.10826 
-130.6315      70.10605 
-130.6257      70.11151 
-130.6101      70.12018 
-130.6037      70.12083 
-130.5975      70.11705 
-130.5863      70.11661 
-130.5876      70.11283 
-130.5835      70.10914 
-130.5629      70.1223 
-130.5636      70.13454 
-130.5737      70.13551 
-130.563       70.14083 
-130.5589      70.15176 
-130.5519      70.15267 
-130.5459      70.14564 
-130.5392      70.14468 
-130.5153      70.152 
-130.5021      70.15401 
-130.4893      70.1532 
-130.4743      70.15555 
-130.4688      70.15428 
-130.4782      70.14788 
-130.4738      70.14121 
-130.482       70.14 
-130.4894      70.14091 
-130.5042      70.14669 
-130.5134      70.14726 
-130.5147      70.14675 
-130.5229      70.14363 
-130.5319      70.13518 
-130.5319      70.12058 
-130.5516      70.11792 
-130.5549      70.114 
-130.5328      70.09386 
-130.5211      70.08881 
-130.4897      70.0899 
-130.4766      70.097 
-130.4796      70.09983 
-130.4957      70.09949 
-130.5045      70.10426 
-130.5129      70.10465 
-130.5201      70.10789 
-130.5206      70.11365 
-130.5148      70.11913 
-130.5199      70.12343 
-130.5169      70.12501 
-130.5093      70.12898 
-130.4955      70.12245 
-130.4934      70.11864 
-130.5014      70.1172 
-130.5018      70.11532 
-130.4863      70.11075 
-130.4735      70.1111 
-130.4451      70.11756 
-130.4355      70.11746 
-130.4358      70.1156 
-130.4509      70.11208 
-130.4709      70.1027 
-130.4711      70.1006 
-130.4601      70.10036 
-130.4397      70.11141 
-130.429       70.11186 
-130.4197      70.11476 
-130.4069      70.11628 
-130.4041      70.11483 
-130.4095      70.1073 
-130.4233      70.10526 
-130.427       70.10085 
-130.4238      70.0962 
-130.4183      70.09492 
-130.4022      70.0978 
-130.3999      70.10351 
-130.3865      70.11386 
-130.3909      70.11682 
-130.403       70.11906 
-130.4015      70.12125 
-130.4067      70.1258 
-130.4005      70.13198 
-130.4019      70.14186 
-130.3949      70.1453 
-130.3966      70.15586 
-130.3884      70.15451 
-130.3792      70.15648 
-130.371       70.15643 
-130.376       70.15436 
-130.3789      70.1521 
-130.3888      70.15031 
-130.3843      70.1483 
-130.3818      70.1364 
-130.3893      70.13129 
-130.3867      70.12915 
-130.3742      70.13109 
-130.3705      70.12946 
-130.3791      70.11861 
-130.3802      70.11726 
-130.3686      70.11106 
-130.3765      70.10176 
-130.3719      70.09717 
-130.3649      70.09553 
-130.3528      70.09583 
-130.3479      70.098 
-130.3456      70.10509 
-130.3569      70.10948 
-130.3305      70.1211 
-130.316       70.12201 
-130.3124      70.12038 
-130.3237      70.11736 
-130.3376      70.10907 
-130.3369      70.10541 
-130.3241      70.09928 
-130.3443      70.09267 
-130.3318      70.09091 
-130.3354      70.08766 
-130.3593      70.08662 
-130.3609      70.08056 
-130.3283      70.08265 
-130.3039      70.08965 
-130.3002      70.08919 
-130.2988      70.08535 
-130.3035      70.08425 
-130.3084      70.08056 
-130.3249      70.07836 
-130.3342      70.07546 
-130.3399      70.07093 
-130.3339      70.06738 
-130.3304      70.06597 
-130.3223      70.06603 
-130.3002      70.07159 
-130.2956      70.06562 
-130.2873      70.06406 
-130.2788      70.06599 
-130.2726      70.07216 
-130.2667      70.0737 
-130.2573      70.07266 
-130.2425      70.07428 
-130.2277      70.07197 
-130.2206      70.0664 
-130.2272      70.06482 
-130.2382      70.06506 
-130.2195      70.05673 
-130.2267      70.05373 
-130.2254      70.04386 
-130.2205      70.04231 
-130.2056      70.04996 
-130.2078      70.06163 
-130.2016      70.06388 
-130.2017      70.0729 
-130.1926      70.07879 
-130.1742      70.08508 
-130.1702      70.08645 
-130.1751      70.09169 
-130.1535      70.08818 
-130.1507      70.08556 
-130.1643      70.08171 
-130.1633      70.07854 
-130.1491      70.07756 
-130.1634      70.0725 
-130.1669      70.06627 
-130.153       70.05949 
-130.1673      70.05953 
-130.1777      70.06236 
-130.1882      70.0617 
-130.1931      70.05815 
-130.1859      70.05373 
-130.1932      70.05213 
-130.1981      70.04487 
-130.1872      70.03721 
-130.191       70.0291 
-130.1849      70.02023 
-130.1726      70.01752 
-130.1628      70.02068 
-130.1618      70.02398 
-130.1615      70.02585 
-130.1791      70.03588 
-130.1449      70.05698 
-130.1399      70.05406 
-130.1361      70.05452 
-130.1339      70.05929 
-130.1446      70.06395 
-130.1325      70.0756 
-130.1262      70.07667 
-130.1164      70.07103 
-130.1097      70.06982 
-130.0974      70.07221 
-130.0895      70.08171 
-130.0939      70.09371 
-130.091       70.09459 
-130.0838      70.09133 
-130.0813      70.08408 
-130.0841      70.07927 
-130.0738      70.06741 
-130.0749      70.06433 
-130.0802      70.06389 
-130.0859      70.06343 
-130.1091      70.06616 
-130.1097      70.06473 
-130.0923      70.05886 
-130.0905      70.0555 
-130.076       70.05246 
-130.0699      70.0614 
-130.0582      70.06375 
-130.045       70.05669 
-130.0404      70.06461 
-130.051       70.06811 
-130.0479      70.07211 
-130.0418      70.07341 
-130.0377      70.07301 
-130.0329      70.06855 
-130.0246      70.06441 
-130.0263      70.05344 
-130.0185      70.05021 
-130.0158      70.04644 
-130.0198      70.04504 
-130.0444      70.04654 
-130.0501      70.04456 
-130.0494      70.0342 
-130.0404      70.03128 
-130.0321      70.03109 
-130.0179      70.03498 
-130.0158      70.03996 
-130.0073      70.04442 
-130           70.05729 
-129.991       70.06116 
-129.9845      70.07058 
-129.987       70.07253 
-130           70.06887 
-130.0043      70.06768 
-130.0099      70.06995 
-130.0022      70.07713 
-130           70.07791 
 1             52 
1
 -9999.0   ,   9990.0 
 254 
-130           70.07791 
-129.9959      70.07937 
-129.9845      70.081 
-129.9656      70.07475 
-129.956       70.0758 
-129.9417      70.08476 
-129.928       70.08467 
-129.9248      70.08371 
-129.9303      70.0799 
-129.9295      70.07186 
-129.9518      70.07305 
-129.9609      70.07087 
-129.9661      70.06407 
-129.9809      70.05993 
-129.9815      70.05456 
-129.9757      70.0489 
-129.9704      70.04901 
-129.9622      70.05275 
-129.9582      70.05946 
-129.9432      70.06177 
-129.9347      70.06761 
-129.9234      70.06413 
-129.9251      70.06201 
-129.9271      70.05951 
-129.9237      70.05694 
-129.915       70.05585 
-129.9031      70.06166 
-129.8944      70.06196 
-129.8902      70.06221 
-129.8813      70.06275 
-129.8712      70.07225 
-129.878       70.07336 
-129.8939      70.06915 
-129.903       70.06537 
-129.9068      70.06745 
-129.9086      70.0722 
-129.8999      70.08044 
-129.8968      70.08333 
-129.8907      70.08463 
-129.869       70.07946 
-129.875       70.08719 
-129.8563      70.0969 
-129.8639      70.10105 
-129.8618      70.11186 
-129.8595      70.12376 
-129.8473      70.137 
-129.8459      70.14863 
-129.8206      70.14183 
-129.8038      70.14098 
-129.7949      70.13828 
-129.7989      70.13156 
-129.7953      70.12206 
-129.7888      70.12385 
-129.7878      70.13501 
-129.7748      70.14273 
-129.7674      70.15358 
-129.7488      70.16763 
-129.7445      70.17506 
-129.7554      70.18158 
-129.7539      70.18653 
-129.7627      70.1904 
-129.7751      70.18803 
-129.7715      70.16928 
-129.789       70.15968 
-129.7942      70.14735 
-129.8019      70.14388 
-129.8111      70.1445 
-129.8147      70.14612 
-129.7989      70.16302 
-129.7889      70.1805 
-129.7913      70.18245 
-129.8111      70.18635 
-129.8219      70.18223 
-129.835       70.18376 
-129.8456      70.18312 
-129.8503      70.18052 
-129.8547      70.18096 
-129.8559      70.18597 
-129.8451      70.19009 
-129.8254      70.18757 
-129.8044      70.19045 
-129.7881      70.19073 
-129.781       70.19415 
-129.775       70.20608 
-129.78        70.20925 
-129.7852      70.20732 
-129.7923      70.20921 
-129.7646      70.21896 
-129.7607      70.20485 
-129.7634      70.19821 
-129.7616      70.19625 
-129.7504      70.19541 
-129.7414      70.20185 
-129.7507      70.20545 
-129.7451      70.20858 
-129.7311      70.21632 
-129.7262      70.22656 
-129.7294      70.23145 
-129.7345      70.23207 
-129.7465      70.22235 
-129.7555      70.2239 
-129.756       70.22733 
-129.7363      70.23821 
-129.7217      70.24301 
-129.7076      70.24083 
-129.6703      70.25343 
-129.6591      70.25294 
-129.6603      70.24986 
-129.6768      70.24612 
-129.6768      70.23687 
-129.684       70.2376 
-129.695       70.23626 
-129.698       70.23285 
-129.6909      70.22841 
-129.6914      70.22754 
-129.692       70.22628 
-129.7085      70.221 
-129.7052      70.21646 
-129.6978      70.21529 
-129.685       70.21589 
-129.6792      70.21768 
-129.6865      70.2185 
-129.6808      70.22346 
-129.682       70.23102 
-129.6775      70.2329 
-129.6574      70.23224 
-129.6536      70.23431 
-129.653       70.24243 
-129.6473      70.24185 
-129.6402      70.23741 
-129.6468      70.23033 
-129.6443      70.22677 
-129.6308      70.22521 
-129.622       70.2222 
-129.6228      70.22053 
-129.6444      70.21775 
-129.6418      70.21004 
-129.6113      70.2012 
-129.5902      70.20382 
-129.5844      70.20185 
-129.5852      70.1995 
-129.6042      70.19791 
-129.6059      70.19596 
-129.5941      70.19551 
-129.5938      70.19228 
-129.6083      70.18865 
-129.6114      70.1827 
-129.6067      70.17881 
-129.5983      70.17838 
-129.5785      70.1904 
-129.5709      70.18878 
-129.5794      70.18018 
-129.5941      70.17285 
-129.5835      70.1707 
-129.575       70.17491 
-129.5651      70.17603 
-129.5832      70.15685 
-129.5891      70.15511 
-129.6066      70.15594 
-129.6145      70.15408 
-129.6181      70.14925 
-129.6118      70.14615 
-129.6036      70.14616 
-129.594       70.14997 
-129.5815      70.15093 
-129.5729      70.15398 
-129.5647      70.154 
-129.5538      70.14863 
-129.5256      70.14128 
-129.5172      70.14753 
-129.508       70.14945 
-129.4924      70.1469 
-129.4876      70.14278 
-129.4893      70.13433 
-129.4878      70.13238 
-129.4944      70.13199 
-129.5016      70.1336 
-129.5114      70.13301 
-129.4928      70.12746 
-129.4826      70.12876 
-129.4767      70.11708 
-129.47        70.11862 
-129.4668      70.12082 
-129.4584      70.1267 
-129.458       70.13271 
-129.4543      70.1334 
-129.4227      70.12598 
-129.424       70.12452 
-129.4396      70.12316 
-129.4597      70.11713 
-129.4628      70.11373 
-129.4513      70.10446 
-129.4539      70.10292 
-129.466       70.108 
-129.4739      70.10892 
-129.4833      70.10723 
-129.4901      70.10336 
-129.4912      70.09867 
-129.487       70.09452 
-129.4906      70.09085 
-129.4882      70.09006 
-129.4686      70.09305 
-129.4603      70.09676 
-129.4567      70.09628 
-129.4539      70.09345 
-129.4571      70.08887 
-129.4489      70.0808 
-129.4444      70.0799 
-129.4412      70.08355 
-129.4388      70.08625 
-129.4232      70.08228 
-129.401       70.08403 
-129.3958      70.0952 
-129.4025      70.10058 
-129.4118      70.10143 
-129.4238      70.09981 
-129.4379      70.09391 
-129.4433      70.09661 
-129.4318      70.10212 
-129.4321      70.10534 
-129.4216      70.10756 
-129.4121      70.10743 
-129.4094      70.11035 
-129.4182      70.11563 
-129.4166      70.11779 
-129.398       70.11725 
-129.3889      70.1127 
-129.3916      70.10723 
-129.3859      70.10408 
-129.3722      70.10095 
-129.3892      70.0851 
-129.4037      70.07163 
-129.4047      70.06141 
-129.413       70.0577 
-129.4266      70.04027 
-129.4512      70.02983 
-129.4862      70.0227 
-129.4943      70.02407 
-129.5033      70.02863 
-129.5121      70.02996 
-129.5289      70.02967 
-129.5648      70.03913 
-129.5727      70.03865 
-129.5764      70.0352 
-129.5561      70.02993 
-129.559       70.02767 
-129.54        70.02625 
-129.5079      70.01888 
-129.4922      70.01865 
-129.4866      70.0169 
-129.4845      70.0101 
-129.4961      70.00618 
-129.5075      70.0032 
-129.5136      70 
 1             53 
1
 -9999.0   ,   9990.0 
 338 
-128.3124      70 
-128.3044      70.00481 
-128.3062      70.00726 
-128.3192      70.00773 
-128.3265      70.01035 
-128.3552      70.037 
-128.3841      70.06381 
-128.3901      70.0727 
-128.3858      70.09459 
-128.3576      70.11611 
-128.3289      70.12773 
-128.2692      70.14141 
-128.2628      70.14246 
-128.2086      70.15141 
-128.1934      70.1508 
-128.1298      70.16668 
-128.0992      70.168 
-128.0933      70.16691 
-128.0948      70.16568 
-128.1417      70.15825 
-128.1527      70.15378 
-128.1554      70.14927 
-128.1515      70.14647 
-128.1155      70.13862 
-128.1115      70.13583 
-128.1156      70.13424 
-128.1311      70.13415 
-128.1375      70.1356 
-128.1575      70.14018 
-128.1561      70.13703 
-128.1773      70.13595 
-128.178       70.13431 
-128.158       70.1321 
-128.1373      70.12646 
-128.1103      70.12368 
-128.1067      70.12157 
-128.118       70.11341 
-128.112       70.11048 
-128.0794      70.10567 
-128.0633      70.09496 
-128.0479      70.08906 
-128.0289      70.08426 
-128.0186      70.08386 
-127.9889      70.07152 
-127.9762      70.07008 
-127.9328      70.06971 
-127.9291      70.06736 
-127.9346      70.06295 
-127.9228      70.06215 
-127.9052      70.0651 
-127.8867      70.06301 
-127.8713      70.06492 
-127.8641      70.06389 
-127.8616      70.0578 
-127.8474      70.05298 
-127.8241      70.05228 
-127.8482      70.058 
-127.8514      70.06084 
-127.8442      70.06626 
-127.8486      70.06856 
-127.8743      70.0703 
-127.8832      70.07231 
-127.896       70.0752 
-127.9109      70.07701 
-127.9129      70.07675 
-127.9142      70.0756 
-127.9099      70.07393 
-127.9069      70.07274 
-127.9056      70.07142 
-127.906       70.07063 
-127.9079      70.07012 
-127.9103      70.07012 
-127.9118      70.07025 
-127.9143      70.07073 
-127.9153      70.07129 
-127.9159      70.07297 
-127.9161      70.07602 
-127.9158      70.07795 
-127.9188      70.08061 
-127.9225      70.08518 
-127.9407      70.09303 
-127.9659      70.0996 
-127.9712      70.10578 
-127.9934      70.11642 
-128.0188      70.11885 
-128.027       70.12372 
-128.0458      70.12646 
-128.0768      70.1385 
-128.087       70.14489 
-128.1038      70.14911 
-128.1178      70.14863 
-128.1196      70.14647 
-128.0842      70.13535 
-128.0836      70.13389 
-128.0814      70.12883 
-128.0845      70.12821 
-128.1066      70.13216 
-128.0951      70.1355 
-128.0974      70.13769 
-128.1322      70.14585 
-128.1399      70.14936 
-128.1363      70.15369 
-128.076       70.16616 
-127.9826      70.1699 
-127.9603      70.16686 
-127.9626      70.17066 
-127.9705      70.17326 
-127.9288      70.182 
-127.9221      70.18693 
-127.9035      70.18963 
-127.8505      70.19735 
-127.847       70.19545 
-127.8702      70.19271 
-127.8846      70.1867 
-127.9115      70.18446 
-127.9161      70.18101 
-127.9097      70.17858 
-127.8988      70.18003 
-127.8915      70.179 
-127.884       70.18351 
-127.8548      70.18678 
-127.8261      70.18311 
-127.7825      70.18915 
-127.7677      70.1894 
-127.7485      70.18412 
-127.7339      70.19149 
-127.7465      70.1971 
-127.7214      70.19716 
-127.6991      70.19915 
-127.7011      70.19583 
-127.7123      70.19345 
-127.7108      70.19145 
-127.6761      70.19451 
-127.657       70.1946 
-127.6542      70.19663 
-127.6578      70.19864 
-127.6717      70.20023 
-127.66        70.20792 
-127.6304      70.21508 
-127.6166      70.2162 
-127.5997      70.21492 
-127.6007      70.22025 
-127.5909      70.21993 
-127.5609      70.21468 
-127.5565      70.21881 
-127.5477      70.21876 
-127.5089      70.20885 
-127.5037      70.20427 
-127.508       70.19832 
-127.5277      70.18681 
-127.5341      70.17755 
-127.5369      70.15787 
-127.5306      70.15081 
-127.5204      70.14577 
-127.5021      70.14249 
-127.4656      70.14025 
-127.4598      70.13988 
-127.4357      70.14055 
-127.4038      70.14869 
-127.3964      70.15386 
-127.3888      70.1687 
-127.3887      70.18341 
-127.3758      70.20033 
-127.3587      70.20825 
-127.3379      70.21241 
-127.3072      70.2136 
-127.2888      70.21007 
-127.267       70.20141 
-127.266       70.19996 
-127.264       70.19718 
-127.2708      70.19204 
-127.3014      70.18053 
-127.2744      70.18407 
-127.2562      70.19293 
-127.2542      70.19641 
-127.251       70.20213 
-127.2541      70.20636 
-127.2856      70.21573 
-127.311       70.21802 
-127.3325      70.2175 
-127.3549      70.21416 
-127.3775      70.20783 
-127.3962      70.2003 
-127.4025      70.19243 
-127.407       70.17015 
-127.4178      70.1531 
-127.4354      70.14676 
-127.4361      70.1465 
-127.453       70.1464 
-127.4733      70.15143 
-127.5121      70.17008 
-127.51        70.17823 
-127.4949      70.18606 
-127.4888      70.19278 
-127.4899      70.20882 
-127.5018      70.21955 
-127.5302      70.22763 
-127.5939      70.23618 
-127.6516      70.23822 
-127.6681      70.24042 
-127.6627      70.24528 
-127.6442      70.24662 
-127.6315      70.25015 
-127.6186      70.24876 
-127.6038      70.25055 
-127.6175      70.25433 
-127.6494      70.25281 
-127.6602      70.2523 
-127.6681      70.24686 
-127.6786      70.2459 
-127.6839      70.23738 
-127.6932      70.23531 
-127.7078      70.24243 
-127.6985      70.24311 
-127.694       70.2454 
-127.6968      70.2471 
-127.726       70.24686 
-127.761       70.24931 
-127.7644      70.24755 
-127.7484      70.24371 
-127.7526      70.24046 
-127.7586      70.24018 
-127.7812      70.24558 
-127.7928      70.24548 
-127.8029      70.24361 
-127.8334      70.24972 
-127.8489      70.25104 
-127.851       70.24955 
-127.8337      70.24257 
-127.8369      70.24192 
-127.8381      70.24167 
-127.8926      70.25926 
-127.9256      70.26777 
-127.9327      70.26696 
-127.937       70.261 
-127.9431      70.26093 
-127.9497      70.26521 
-127.9852      70.27313 
-128.0264      70.27085 
-128.0354      70.2741 
-128.0321      70.27748 
-128.0356      70.28076 
-128.0557      70.28321 
-128.0732      70.29661 
-128.0677      70.30425 
-128.0695      70.30831 
-128.0781      70.31087 
-128.0842      70.3108 
-128.0853      70.30495 
-128.0947      70.31281 
-128.1039      70.32754 
-128.1098      70.34083 
-128.1082      70.34645 
-128.1017      70.34722 
-128.0981      70.34607 
-128.0689      70.33665 
-128.0594      70.33666 
-128.0512      70.33983 
-128.0365      70.34056 
-127.9841      70.33026 
-127.9463      70.33142 
-127.9384      70.33366 
-127.931       70.33885 
-127.9294      70.34606 
-127.9364      70.36228 
-127.9275      70.36848 
-127.9148      70.37393 
-127.9015      70.37503 
-127.8898      70.3733 
-127.8813      70.36774 
-127.8688      70.36742 
-127.8711      70.37123 
-127.8787      70.37453 
-127.8712      70.38088 
-127.8746      70.38416 
-127.8839      70.38348 
-127.905       70.37831 
-127.9362      70.38071 
-127.9515      70.3749 
-127.9666      70.37347 
-127.9788      70.37471 
-127.9927      70.37358 
-128.0051      70.36743 
-128.0193      70.35614 
-128.041       70.35093 
-128.0492      70.35098 
-128.0575      70.35725 
-128.0736      70.36128 
-128.0804      70.35956 
-128.0688      70.35508 
-128.0923      70.35851 
-128.1356      70.35727 
-128.1494      70.35911 
-128.1867      70.36899 
-128.1848      70.37253 
-128.1818      70.37369 
-128.1772      70.37545 
-128.1737      70.38599 
-128.153       70.39186 
-128.1572      70.39371 
-128.1739      70.39266 
-128.1832      70.38896 
-128.1894      70.37985 
-128.1985      70.36632 
-128.1778      70.35055 
-128.1562      70.34518 
-128.1562      70.3422 
-128.1666      70.34236 
-128.1819      70.34597 
-128.1965      70.35421 
-128.2069      70.3682 
-128.2058      70.39174 
-128.2002      70.40837 
-128.1961      70.41631 
-128.1682      70.47053 
-128.1553      70.4896 
-128.1406      70.50298 
-128.1195      70.51278 
-128.0995      70.51906 
-128.0909      70.53076 
-128.0859      70.53342 
-128.0836      70.53458 
-128.0759      70.53588 
-128.0656      70.54214 
-128.051       70.54355 
-128.0466      70.54607 
-128.0318      70.54702 
-128.0195      70.54417 
-128.01        70.54463 
-128.0105      70.54715 
-128.0233      70.55112 
-128.0216      70.55351 
-128.0136      70.55573 
-128.0122      70.5604 
-128.0192      70.56858 
-128.0398      70.57286 
-128.0385      70.57615 
-128.0325      70.57561 
 1             54 
1
 -9999.0   ,   9990.0 
 34 
-126.8986      70 
-126.908       70.0029 
-126.9253      70.0224 
-126.9442      70.04356 
-126.9746      70.06496 
-127.0456      70.14056 
-127.0671      70.16331 
-127.1624      70.23555 
-127.1942      70.25502 
-127.2324      70.27835 
-127.2671      70.29626 
-127.3518      70.3398 
-127.3644      70.34887 
-127.4565      70.3851 
-127.4836      70.39768 
-127.4997      70.40517 
-127.5568      70.42389 
-127.6095      70.44488 
-127.656       70.45901 
-127.7374      70.48208 
-127.7518      70.48047 
-127.7674      70.48157 
-127.752       70.48414 
-127.746       70.48788 
-127.7658      70.49545 
-127.786       70.5007 
-127.8144      70.50118 
-127.8169      70.5036 
-127.8109      70.50733 
-127.8239      70.51361 
-127.9221      70.54108 
-127.9694      70.55283 
-128.0154      70.57405 
-128.0325      70.57561 
 1             55 
1
 -9999.0   ,   9990.0 
 8 
-125.0331      70 
-125.0321      70.00184 
-125.041       70.00705 
-125.0389      70.00917 
-125.005       70.00298 
-125           70.0028 
-124.9881      70.00239 
-124.9781      70 
 1             56 
1
 -9999.0   ,   9990.0 
 18 
-124.9261      70 
-124.9236      70.00132 
-124.9282      70.00575 
-124.9253      70.00973 
-124.9152      70.01189 
-124.9044      70.01178 
-124.8855      70.00623 
-124.8707      70.01105 
-124.854       70.01091 
-124.8339      70.00606 
-124.8302      70.00346 
-124.8281      70.00191 
-124.8206      70.0017 
-124.7883      70.01075 
-124.7823      70.0107 
-124.7804      70.0087 
-124.8037      70.0011 
-124.808       70 
 1             57 
1
 -9999.0   ,   9990.0 
 5 
-124.7554      70 
-124.7579      70.0021 
-124.755       70.00402 
-124.7462      70.00362 
-124.7326      70 
 1             58 
1
 -9999.0   ,   9990.0 
 10 
-124.7326      70 
-124.7184      70.0045 
-124.715       70.00689 
-124.7295      70.01101 
-124.7169      70.01393 
-124.6896      70.01181 
-124.6701      70.00671 
-124.6611      70.00058 
-124.6503      70.00001 
-124.6503      70 
 1             59 
1
 -9999.0   ,   9990.0 
 345 
-124.5018      70 
-124.5024      70.00228 
-124.4925      70.00533 
-124.4913      70.00834 
-124.4876      70.00937 
-124.4787      70.00621 
-124.4684      70.0127 
-124.4718      70.01556 
-124.4838      70.01818 
-124.4834      70.0214 
-124.4776      70.02225 
-124.4721      70.01944 
-124.4569      70.01739 
-124.4617      70.01266 
-124.4577      70.00776 
-124.4344      70.00823 
-124.3858      70.01426 
-124.3861      70.01013 
-124.3808      70.00755 
-124.3659      70.00685 
-124.3534      70.01293 
-124.3594      70.02099 
-124.3567      70.0261 
-124.3423      70.03247 
-124.351       70.04021 
-124.3649      70.03958 
-124.3663      70.03926 
-124.3839      70.03536 
-124.3957      70.03706 
-124.3824      70.04271 
-124.3862      70.04946 
-124.3681      70.05228 
-124.3587      70.05211 
-124.345       70.04566 
-124.3363      70.04843 
-124.3515      70.05529 
-124.3506      70.0624 
-124.3735      70.06813 
-124.377       70.07123 
-124.3639      70.07756 
-124.3716      70.08145 
-124.3887      70.083 
-124.3988      70.08567 
-124.4083      70.0911 
-124.4068      70.09825 
-124.4131      70.10194 
-124.4171      70.10181 
-124.4216      70.09575 
-124.4233      70.09563 
-124.4354      70.09486 
-124.4401      70.09746 
-124.4329      70.10318 
-124.4452      70.10669 
-124.4412      70.10933 
-124.4076      70.11719 
-124.4         70.12153 
-124.3914      70.12202 
-124.3716      70.12855 
-124.3768      70.1332 
-124.3881      70.13286 
-124.3911      70.14191 
-124.4084      70.1437 
-124.4264      70.14292 
-124.4529      70.13596 
-124.5062      70.13161 
-124.5111      70.12735 
-124.5318      70.1258 
-124.5468      70.12466 
-124.5503      70.12272 
-124.5462      70.1201 
-124.5491      70.11819 
-124.5858      70.11454 
-124.5906      70.11508 
-124.5862      70.11888 
-124.5717      70.12504 
-124.5383      70.12835 
-124.5146      70.13776 
-124.5306      70.15008 
-124.5521      70.14988 
-124.5589      70.14761 
-124.5561      70.14473 
-124.5609      70.14231 
-124.5748      70.14164 
-124.6153      70.13193 
-124.6371      70.13057 
-124.6445      70.13128 
-124.6496      70.13178 
-124.6709      70.14073 
-124.6804      70.14111 
-124.6829      70.1431 
-124.6817      70.14588 
-124.6732      70.14935 
-124.6205      70.15121 
-124.5983      70.15396 
-124.5837      70.16492 
-124.5687      70.16653 
-124.5518      70.17161 
-124.5319      70.17268 
-124.5139      70.1762 
-124.504       70.1845 
-124.5217      70.18511 
-124.5266      70.18816 
-124.5179      70.19116 
-124.5281      70.19909 
-124.5367      70.19946 
-124.5534      70.20015 
-124.5627      70.19712 
-124.5641      70.18978 
-124.5757      70.18529 
-124.5899      70.18806 
-124.6008      70.17835 
-124.6309      70.18497 
-124.6462      70.18404 
-124.6549      70.1911 
-124.6668      70.19278 
-124.6796      70.19009 
-124.6834      70.18448 
-124.693       70.17983 
-124.7033      70.17837 
-124.7266      70.17695 
-124.7474      70.18408 
-124.7568      70.18378 
-124.7594      70.18118 
-124.7506      70.1762 
-124.7534      70.17153 
-124.7516      70.17005 
-124.7473      70.16648 
-124.6928      70.14965 
-124.6901      70.1447 
-124.7039      70.13351 
-124.7386      70.1203 
-124.758       70.11511 
-124.759       70.10868 
-124.7537      70.10176 
-124.7433      70.10071 
-124.7188      70.10948 
-124.686       70.10983 
-124.674       70.10015 
-124.6765      70.09831 
-124.683       70.09369 
-124.6965      70.09143 
-124.7395      70.08916 
-124.7416      70.08705 
-124.7121      70.07975 
-124.698       70.07995 
-124.6778      70.08721 
-124.6663      70.09421 
-124.657       70.09473 
-124.654       70.09345 
-124.6567      70.08856 
-124.6482      70.08677 
-124.6437      70.09766 
-124.6295      70.10221 
-124.602       70.1049 
-124.565       70.10466 
-124.5621      70.10155 
-124.568       70.10091 
-124.5721      70.09873 
-124.5692      70.0979 
-124.5686      70.09791 
-124.5572      70.09804 
-124.5478      70.09558 
-124.529       70.09821 
-124.503       70.08871 
-124.5059      70.07925 
-124.522       70.07923 
-124.5436      70.08473 
-124.5664      70.08472 
-124.583       70.08147 
-124.5864      70.07907 
-124.579       70.07426 
-124.5893      70.06984 
-124.5753      70.06523 
-124.5716      70.05895 
-124.5629      70.05898 
-124.5569      70.06398 
-124.5226      70.05862 
-124.5177      70.06311 
-124.4997      70.06366 
-124.4958      70.06378 
-124.4774      70.068 
-124.4739      70.06993 
-124.4752      70.07492 
-124.4673      70.07561 
-124.4486      70.07069 
-124.4458      70.06483 
-124.4522      70.0587 
-124.4425      70.05213 
-124.4259      70.05308 
-124.4188      70.05123 
-124.4089      70.04421 
-124.4126      70.04273 
-124.4207      70.0457 
-124.4248      70.0435 
-124.416       70.03805 
-124.4183      70.03661 
-124.4424      70.03635 
-124.4425      70.03429 
-124.418       70.03273 
-124.4149      70.03123 
-124.4241      70.02775 
-124.44        70.02476 
-124.4559      70.02405 
-124.4593      70.02669 
-124.4508      70.03142 
-124.4645      70.02882 
-124.486       70.02908 
-124.4897      70.03286 
-124.4733      70.03176 
-124.4633      70.03387 
-124.4594      70.0347 
-124.4837      70.04082 
-124.4881      70.04457 
-124.4865      70.04874 
-124.5137      70.05043 
-124.5335      70.04913 
-124.5565      70.03997 
-124.5773      70.03727 
-124.5801      70.03536 
-124.5773      70.03246 
-124.5663      70.03143 
-124.5433      70.03283 
-124.5355      70.03146 
-124.5323      70.02928 
-124.5392      70.02518 
-124.5377      70.02202 
-124.5262      70.01895 
-124.5356      70.01385 
-124.545       70.01425 
-124.557       70.01915 
-124.5637      70.01916 
-124.5662      70.01818 
-124.558       70.00745 
-124.5608      70.00553 
-124.5644      70.00528 
-124.5844      70.00388 
-124.5922      70.00547 
-124.6022      70.01271 
-124.6129      70.01284 
-124.6205      70.01855 
-124.6051      70.02635 
-124.6183      70.03028 
-124.618       70.03167 
-124.5935      70.03288 
-124.5897      70.0362 
-124.5972      70.03917 
-124.6246      70.04381 
-124.6269      70.05243 
-124.6513      70.05351 
-124.6595      70.05668 
-124.653       70.05985 
-124.631       70.06031 
-124.6236      70.06512 
-124.6389      70.06738 
-124.6653      70.0624 
-124.6664      70.06218 
-124.674       70.06309 
-124.6757      70.06921 
-124.6888      70.06811 
-124.6933      70.07232 
-124.6987      70.07238 
-124.7025      70.06676 
-124.7086      70.06451 
-124.7521      70.06406 
-124.7622      70.05687 
-124.8257      70.05141 
-124.8271      70.05388 
-124.8131      70.05915 
-124.8301      70.06478 
-124.8409      70.06488 
-124.8489      70.06256 
-124.863       70.04815 
-124.8885      70.04161 
-124.8937      70.04028 
-124.9129      70.04194 
-124.9247      70.04568 
-124.9422      70.04578 
-124.9582      70.04091 
-124.9493      70.03778 
-124.9405      70.03761 
-124.929       70.03501 
-124.9362      70.0318 
-124.9695      70.02865 
-124.9745      70.02527 
-124.9714      70.0215 
-124.954       70.01908 
-124.9435      70.01988 
-124.9266      70.02616 
-124.9134      70.02706 
-124.8875      70.03247 
-124.875       70.02853 
-124.8591      70.02928 
-124.8461      70.03313 
-124.8511      70.02451 
-124.8562      70.02301 
-124.8635      70.0209 
-124.9115      70.01545 
-124.9419      70.01421 
-124.9565      70.01602 
-124.9683      70.01518 
-124.9809      70.00996 
-125           70.00856 
-125.0038      70.00828 
-125.0151      70.0102 
-125.0055      70.01417 
-125.0228      70.0207 
-125.0402      70.0208 
-125.0376      70.02317 
-125.0421      70.02486 
-125.0586      70.02659 
-125.0477      70.03268 
-125.052       70.03848 
-125.0216      70.03744 
-125.011       70.03344 
-125           70.03534 
-124.9952      70.03618 
-124.988       70.03741 
-124.9992      70.04139 
-124.9842      70.04738 
-124.9928      70.05168 
-124.9793      70.05853 
-124.9802      70.06651 
-124.996       70.07468 
-125           70.0754 
-125.0144      70.07796 
-125.0269      70.07709 
-125.0297      70.07495 
-125.0163      70.066 
-125.0179      70.06205 
-125.0287      70.05757 
-125.0467      70.05262 
-125.0725      70.0513 
-125.092       70.04241 
-125.1059      70.03942 
-125.1178      70.03856 
-125.1328      70.03965 
-125.1329      70.03823 
-125.1334      70.02796 
-125.1592      70.01518 
-125.1724      70.01245 
-125.1838      70.01456 
-125.1991      70.01451 
-125.2066      70.01013 
-125.2131      70.0028 
-125.2106      70 
 1             60 
1
 -9999.0   ,   9990.0 
 2 
-124.4192      70 
-124.4236      70 
 1             61 
1
 -9999.0   ,   9990.0 
 3 
-124.4163      70 
-124.4169      70.00007 
-124.4192      70 
 1             62 
1
 -9999.0   ,   9990.0 
 2 
-124.4192      70 
-124.4236      70 
