 32 
 1             1 
 2 
 -9998.0  ,   -9997.0
  1999.0  ,    9990.0
 387 
-130           63.61267 
-130.0015      63.61521 
-130.0057      63.61648 
-130.0123      63.61645 
-130.0165      63.61626 
-130.0248      63.61548 
-130.033       63.61398 
-130.0413      63.61248 
-130.0528      63.61022 
-130.062       63.60907 
-130.0703      63.60941 
-130.0744      63.60976 
-130.0836      63.61231 
-130.0878      63.61598 
-130.0937      63.62222 
-130.0996      63.62755 
-130.1073      63.63526 
-130.1111      63.64096 
-130.115       63.64482 
-130.1208      63.64867 
-130.1251      63.65159 
-130.1318      63.65636 
-130.1327      63.65968 
-130.1319      63.66152 
-130.1311      63.66411 
-130.1295      63.66541 
-130.1258      63.66708 
-130.1217      63.66858 
-130.1168      63.67118 
-130.111       63.67397 
-130.1044      63.67676 
-130.0987      63.68011 
-130.0954      63.68344 
-130.0947      63.68713 
-130.0955      63.69009 
-130.0981      63.69228 
-130.1014      63.69282 
-130.1189      63.69422 
-130.1293      63.69491 
-130.1393      63.69395 
-130.1538      63.6913 
-130.1645      63.6883 
-130.174       63.68568 
-130.1852      63.68267 
-130.1958      63.6769 
-130.2057      63.67206 
-130.2245      63.66238 
-130.2353      63.65937 
-130.2427      63.65712 
-130.2514      63.65671 
-130.2639      63.65701 
-130.2709      63.65697 
-130.2772      63.65805 
-130.2851      63.66003 
-130.2923      63.66294 
-130.3045      63.6697 
-130.3104      63.67335 
-130.3223      63.68306 
-130.3304      63.68818 
-130.3368      63.69496 
-130.3386      63.70085 
-130.3404      63.70619 
-130.3397      63.71062 
-130.3357      63.71397 
-130.3299      63.71621 
-130.3258      63.71715 
-130.32        63.71792 
-130.3067      63.71874 
-130.2905      63.71957 
-130.2651      63.72008 
-130.241       63.72167 
-130.2315      63.72246 
-130.2277      63.72359 
-130.2253      63.72507 
-130.2237      63.72711 
-130.2221      63.7297 
-130.2214      63.73431 
-130.2231      63.73873 
-130.2216      63.74538 
-130.2213      63.75017 
-130.2189      63.7535 
-130.2135      63.75463 
-130.2077      63.7554 
-130.1998      63.7547 
-130.1872      63.7531 
-130.1735      63.75169 
-130.1489      63.75107 
-130.1372      63.7526 
-130.129       63.75521 
-130.1228      63.75856 
-130.1175      63.76393 
-130.1151      63.76708 
-130.1126      63.77096 
-130.1102      63.77502 
-130.1103      63.77982 
-130.1117      63.78516 
-130.1131      63.79216 
-130.1165      63.79547 
-130.122       63.79802 
-130.127       63.80021 
-130.135       63.80239 
-130.1384      63.80496 
-130.1452      63.81009 
-130.1491      63.81523 
-130.1517      63.81964 
-130.1527      63.82591 
-130.1503      63.83145 
-130.1487      63.83552 
-130.1463      63.84032 
-130.1414      63.84495 
-130.1356      63.84903 
-130.1341      63.8531 
-130.1345      63.85475 
-130.1346      63.85697 
-130.1371      63.85917 
-130.1397      63.86137 
-130.1443      63.86319 
-130.149       63.86557 
-130.1569      63.86571 
-130.1582      63.86608 
-130.1653      63.86568 
-130.1719      63.86473 
-130.1828      63.86209 
-130.1903      63.86132 
-130.197       63.86165 
-130.2037      63.8631 
-130.2117      63.86675 
-130.2273      63.87146 
-130.2353      63.8729 
-130.2399      63.87324 
-130.2457      63.87284 
-130.2491      63.87135 
-130.2524      63.87004 
-130.2544      63.86782 
-130.256       63.86468 
-130.2563      63.86173 
-130.2546      63.85841 
-130.2537      63.85529 
-130.2531      63.8516 
-130.2568      63.84808 
-130.2613      63.84492 
-130.2671      63.84268 
-130.2754      63.84079 
-130.2858      63.83908 
-130.2966      63.83718 
-130.3083      63.836 
-130.3175      63.83448 
-130.3232      63.83261 
-130.329       63.83054 
-130.3348      63.82663 
-130.341       63.82512 
-130.346       63.82435 
-130.3489      63.82471 
-130.3531      63.82561 
-130.3594      63.82778 
-130.3628      63.8296 
-130.3663      63.83364 
-130.3677      63.83879 
-130.3704      63.84357 
-130.3743      63.84908 
-130.3769      63.85202 
-130.3828      63.85511 
-130.3883      63.85729 
-130.3981      63.86056 
-130.4078      63.86602 
-130.419       63.87535 
-130.4242      63.87975 
-130.4293      63.88414 
-130.4336      63.88743 
-130.4388      63.89127 
-130.4448      63.89492 
-130.4566      63.89982 
-130.4635      63.90346 
-130.4745      63.90819 
-130.4855      63.9118 
-130.4944      63.91431 
-130.5066      63.91663 
-130.5125      63.91806 
-130.519       63.92208 
-130.525       63.92646 
-130.5293      63.92919 
-130.5369      63.93117 
-130.5436      63.93149 
-130.5499      63.93126 
-130.5587      63.9299 
-130.5661      63.92708 
-130.5748      63.92444 
-130.5823      63.92328 
-130.5848      63.92326 
-130.5899      63.92433 
-130.5937      63.92577 
-130.6022      63.92866 
-130.6107      63.93228 
-130.6167      63.93555 
-130.6253      63.93955 
-130.6398      63.94607 
-130.6453      63.94806 
-130.6554      63.94982 
-130.6626      63.95087 
-130.676       63.95058 
-130.6903      63.95028 
-130.6995      63.95058 
-130.7054      63.95127 
-130.7143      63.95414 
-130.7238      63.95923 
-130.7289      63.96195 
-130.7345      63.96411 
-130.7464      63.9666 
-130.7582      63.96945 
-130.766       63.97417 
-130.7729      63.97927 
-130.7781      63.98329 
-130.7894      63.99019 
-130.7947      63.99568 
-130.7956      64 
-130.7879      64.01487 
-130.7779      64.02326 
-130.752       64.03451 
-130.7493      64.04378 
-130.8313      64.0503 
-130.8617      64.04165 
-130.8895      64.04225 
-130.9014      64.04574 
-130.8941      64.05994 
-130.894       64.08255 
-130.9111      64.09009 
-130.9144      64.10488 
-130.9422      64.10548 
-130.9721      64.11042 
-130.9614      64.12491 
-130.9912      64.12985 
-130.9759      64.14926 
-130.9368      64.15417 
-130.8755      64.17904 
-130.9166      64.20111 
-130.9639      64.191 
-130.9758      64.20201 
-130.9505      64.21475 
-130.991       64.25796 
-131.0517      64.27681 
-131.0484      64.26956 
-131.0571      64.2658 
-131.0711      64.28115 
-131.0844      64.28 
-131.0978      64.27883 
-131.0898      64.30666 
-131.0551      64.32174 
-131.0478      64.32841 
-131.1187      64.3539 
-131.104       64.3597 
-131.0859      64.3658 
-131.1329      64.39187 
-131.1551      64.41707 
-131.2283      64.42423 
-131.2755      64.45026 
-131.3185      64.4525 
-131.3789      64.44715 
-131.4079      64.45665 
-131.4239      64.45369 
-131.4505      64.43622 
-131.4607      64.39908 
-131.5237      64.39945 
-131.5382      64.38607 
-131.5764      64.38565 
-131.6128      64.36723 
-131.6402      64.36625 
-131.6687      64.38178 
-131.7131      64.38679 
-131.7351      64.38175 
-131.7847      64.38323 
-131.82        64.37696 
-131.8569      64.38111 
-131.866       64.39235 
-131.8335      64.40443 
-131.8356      64.42993 
-131.8007      64.45129 
-131.7566      64.46138 
-131.7343      64.48005 
-131.6916      64.49301 
-131.7043      64.51905 
-131.6918      64.52925 
-131.7536      64.5478 
-131.8496      64.53598 
-131.8566      64.5429 
-131.84        64.55198 
-131.851       64.56005 
-131.9072      64.56696 
-131.9125      64.58461 
-131.9303      64.59205 
-131.9522      64.6006 
-131.9756      64.61205 
-131.9754      64.62568 
-131.996       64.65252 
-132           64.65497 
-132.0033      64.66488 
-132.0066      64.66931 
-132.0122      64.67456 
-132.0143      64.67831 
-132.0207      64.6848 
-132.0244      64.69636 
-132.0308      64.69992 
-132.0389      64.70303 
-132.0452      64.70423 
-132.0564      64.70645 
-132.0651      64.70845 
-132.069       64.70881 
-132.0788      64.70855 
-132.0921      64.70684 
-132.1054      64.70513 
-132.1178      64.70511 
-132.1303      64.70748 
-132.1442      64.70994 
-132.1584      64.71185 
-132.1654      64.71721 
-132.1721      64.7202 
-132.1812      64.724 
-132.1872      64.72573 
-132.1953      64.72885 
-132.1987      64.73033 
-132.2015      64.73295 
-132.2024      64.73658 
-132.2039      64.73907 
-132.2091      64.7425 
-132.2161      64.74492 
-132.2444      64.7546 
-132.2583      64.75706 
-132.2804      64.75969 
-132.3238      64.77782 
-132.3376      64.78615 
-132.3393      64.78808 
-132.3483      64.78949 
-132.3665      64.79174 
-132.3801      64.78945 
-132.402       64.78436 
-132.4147      64.78375 
-132.4324      64.78713 
-132.4576      64.79473 
-132.4815      64.79393 
-132.4985      64.79311 
-132.5062      64.79145 
-132.511       64.79011 
-132.5159      64.78585 
-132.5221      64.77875 
-132.5312      64.77721 
-132.5357      64.77643 
-132.5436      64.77715 
-132.5468      64.7792 
-132.5562      64.7824 
-132.5616      64.79113 
-132.5609      64.79813 
-132.556       64.80241 
-132.5549      64.80466 
-132.5538      64.80693 
-132.5577      64.80728 
-132.5796      64.81336 
-132.5878      64.81645 
-132.5996      64.82045 
-132.6168      64.83318 
-132.6144      64.83532 
-132.6036      64.8432 
-132.5919      64.8445 
-132.5609      64.85115 
-132.5331      64.87104 
-132.5253      64.87271 
-132.4725      64.8815 
-132.4676      64.88576 
-132.464       64.89841 
-132.4504      64.90898 
-132.4498      64.91303 
-132.468       64.91821 
-132.469       64.9301 
-132.4928      64.93812 
-132.4993      64.9446 
-132.5034      64.95026 
-132.5013      64.95716 
-132.4961      64.96493 
-132.4843      64.97448 
-132.4784      64.97515 
-132.4674      64.97768 
-132.4597      64.97934 
-132.4479      64.98064 
-132.435       64.98125 
-132.4246      64.98268 
-132.4176      64.98556 
-132.4177      64.99088 
-132.4128      64.99515 
-132.4128      65 
 1             2 
 2 
 -9998.0  ,   -9997.0
  1999.0  ,    9990.0
 4 
-130           63.57943 
-130.0004      63.58186 
-130.0005      63.58755 
-130           63.58967 
 1             3 
 2 
 -9998.0  ,   -9997.0
  1999.0  ,    9990.0
 64 
-130           63.19646 
-130.0017      63.19959 
-130.0051      63.20732 
-130.0085      63.21045 
-130.013       63.21265 
-130.0164      63.2167 
-130.0193      63.22314 
-130.0211      63.22941 
-130.0257      63.23622 
-130.0328      63.24264 
-130.0411      63.24742 
-130.0489      63.25144 
-130.0555      63.25326 
-130.0658      63.2547 
-130.0773      63.25521 
-130.0867      63.25498 
-130.0949      63.25421 
-130.1042      63.25306 
-130.1141      63.25154 
-130.1255      63.25001 
-130.1402      63.24774 
-130.1545      63.24565 
-130.17        63.24557 
-130.1774      63.24627 
-130.1807      63.24699 
-130.1824      63.24846 
-130.1824      63.25031 
-130.1816      63.25197 
-130.1776      63.2542 
-130.1727      63.25644 
-130.165       63.25869 
-130.161       63.26129 
-130.1565      63.26556 
-130.155       63.26815 
-130.1542      63.27239 
-130.1552      63.27682 
-130.1569      63.2829 
-130.1579      63.28732 
-130.1563      63.29213 
-130.1569      63.29988 
-130.1537      63.30413 
-130.1497      63.30802 
-130.144       63.3099 
-130.1354      63.31159 
-130.1264      63.31201 
-130.1182      63.31204 
-130.1042      63.31173 
-130.0924      63.31381 
-130.0871      63.31587 
-130.0847      63.31901 
-130.0814      63.32161 
-130.0794      63.32401 
-130.0779      63.32771 
-130.0767      63.33122 
-130.0694      63.33697 
-130.0641      63.33847 
-130.0588      63.33922 
-130.0518      63.3387 
-130.0407      63.338 
-130.0304      63.33804 
-130.0247      63.34102 
-130.0166      63.344 
-130.0059      63.3468 
-130           63.34793 
 1             4 
 2 
 -9998.0  ,   -9997.0
  1999.0  ,    9990.0
 5 
-130           63.18185 
-130.0007      63.18465 
-130.0007      63.18686 
-130.0008      63.19092 
-130           63.19646 
 1             5 
 2 
 -9998.0  ,   -9997.0
  1999.0  ,    9990.0
 8 
-140           60.19069 
-139.9773      60.18466 
-139.6746      60.33947 
-139.069       60.35199 
-139.0581      60.32734 
-139.1862      60.09262 
-139.0568      60.00249 
-139.0532      60 
 1             6 
 2 
 -9998.0  ,   -9997.0
  1999.0  ,    9990.0
 20 
-139.0532      60 
-139.0004      60 
-138.9171      60 
-138.8338      60 
-138.7505      60 
-138.6672      60 
-138.5839      60 
-138.5006      60 
-138.4173      60 
-138.334       60 
-138.2507      60 
-138.1674      60 
-138.0841      60 
-138.0008      60 
-137.9175      60 
-137.8342      60 
-137.7509      60 
-137.6676      60 
-137.5843      60 
-137.501       60 
 1             7 
 2 
 -9998.0  ,   -9997.0
  1999.0  ,    9990.0
 3 
-137.501       60 
-137.4177      60.00001 
-137.3344      60 
 1             8 
 2 
 -9998.0  ,   -9997.0
  1999.0  ,    9990.0
 3 
-137.3344      60 
-137.2511      60.00001 
-137.1678      60 
 1             9 
 2 
 -9998.0  ,   -9997.0
  1999.0  ,    9990.0
 5 
-137.1678      60 
-137.0845      60 
-137.0012      60 
-136.9179      60 
-136.8346      60 
 1             10 
 2 
 -9998.0  ,   -9997.0
  1999.0  ,    9990.0
 3 
-136.8346      60 
-136.7513      60.00001 
-136.668       60 
 1             11 
 2 
 -9998.0  ,   -9997.0
  1999.0  ,    9990.0
 10 
-136.668       60 
-136.5847      60 
-136.5014      60 
-136.4181      60 
-136.3348      60 
-136.2515      60 
-136.1682      60 
-136.0849      60 
-136.0016      60 
-136           60 
 1             12 
 2 
 -9998.0  ,   -9997.0
  1999.0  ,    9990.0
 10 
-136           60 
-135.9183      60 
-135.835       60 
-135.7517      60 
-135.6684      60 
-135.5851      60 
-135.5018      60 
-135.4185      60 
-135.3352      60 
-135.2519      60 
 1             13 
 2 
 -9998.0  ,   -9997.0
  1999.0  ,    9990.0
 3 
-135.0853      60 
-135.002       60 
-135           60 
 1             14 
 2 
 -9998.0  ,   -9997.0
  1999.0  ,    9990.0
 29 
-134.8334      60 
-134.7501      60 
-134.6668      60 
-134.5835      60 
-134.5002      60 
-134.4169      60 
-134.3336      60 
-134.2503      60 
-134.167       60 
-134.0837      60 
-134.0004      60 
-133.9171      60 
-133.8338      60 
-133.7505      60 
-133.6672      60 
-133.5839      60 
-133.5006      60 
-133.4173      60 
-133.334       60 
-133.2507      60 
-133.1674      60 
-133.0841      60 
-133.0008      60 
-132.9175      60 
-132.8342      60 
-132.7509      60 
-132.6676      60 
-132.5843      60 
-132.501       60 
 1             15 
 2 
 -9998.0  ,   -9997.0
  1999.0  ,    9990.0
 3 
-132.501       60 
-132.4177      60.00001 
-132.3344      60 
 1             16 
 2 
 -9998.0  ,   -9997.0
  1999.0  ,    9990.0
 3 
-132.3344      60 
-132.2511      60.00001 
-132.1678      60 
 1             17 
 2 
 -9998.0  ,   -9997.0
  1999.0  ,    9990.0
 6 
-132.1678      60 
-132.0845      60 
-132.0012      60 
-132           60 
-131.9179      60 
-131.8346      60 
 1             18 
 2 
 -9998.0  ,   -9997.0
  1999.0  ,    9990.0
 3 
-131.8346      60 
-131.7513      60.00001 
-131.668       60 
 1             19 
 2 
 -9998.0  ,   -9997.0
  1999.0  ,    9990.0
 18 
-131.668       60 
-131.5847      60 
-131.5014      60 
-131.4181      60 
-131.3348      60 
-131.2515      60 
-131.1682      60 
-131.0849      60 
-131.0016      60 
-130.9183      60 
-130.835       60 
-130.7517      60 
-130.6684      60 
-130.5851      60 
-130.5018      60 
-130.4185      60 
-130.3352      60 
-130.2519      60 
 1             20 
 2 
 -9998.0  ,   -9997.0
  1999.0  ,    9990.0
 3 
-130.0853      60 
-130.002       60 
-130           60 
 1             21 
 2 
 -9998.0  ,   -9997.0
  1999.0  ,    9990.0
 20 
-139.0532      60 
-139.0004      60 
-138.9171      60 
-138.8338      60 
-138.7505      60 
-138.6672      60 
-138.5839      60 
-138.5006      60 
-138.4173      60 
-138.334       60 
-138.2507      60 
-138.1674      60 
-138.0841      60 
-138.0008      60 
-137.9175      60 
-137.8342      60 
-137.7509      60 
-137.6676      60 
-137.5843      60 
-137.501       60 
 1             22 
 2 
 -9998.0  ,   -9997.0
  1999.0  ,    9990.0
 5 
-137.1678      60 
-137.0845      60 
-137.0012      60 
-136.9179      60 
-136.8346      60 
 1             23 
 2 
 -9998.0  ,   -9997.0
  1999.0  ,    9990.0
 10 
-136.668       60 
-136.5847      60 
-136.5014      60 
-136.4181      60 
-136.3348      60 
-136.2515      60 
-136.1682      60 
-136.0849      60 
-136.0016      60 
-136           60 
 1             24 
 2 
 -9998.0  ,   -9997.0
  1999.0  ,    9990.0
 10 
-136           60 
-135.9183      60 
-135.835       60 
-135.7517      60 
-135.6684      60 
-135.5851      60 
-135.5018      60 
-135.4185      60 
-135.3352      60 
-135.2519      60 
 1             25 
 2 
 -9998.0  ,   -9997.0
  1999.0  ,    9990.0
 3 
-135.0853      60 
-135.002       60 
-135           60 
 1             26 
 2 
 -9998.0  ,   -9997.0
  1999.0  ,    9990.0
 29 
-134.8334      60 
-134.7501      60 
-134.6668      60 
-134.5835      60 
-134.5002      60 
-134.4169      60 
-134.3336      60 
-134.2503      60 
-134.167       60 
-134.0837      60 
-134.0004      60 
-133.9171      60 
-133.8338      60 
-133.7505      60 
-133.6672      60 
-133.5839      60 
-133.5006      60 
-133.4173      60 
-133.334       60 
-133.2507      60 
-133.1674      60 
-133.0841      60 
-133.0008      60 
-132.9175      60 
-132.8342      60 
-132.7509      60 
-132.6676      60 
-132.5843      60 
-132.501       60 
 1             27 
 2 
 -9998.0  ,   -9997.0
  1999.0  ,    9990.0
 6 
-132.1678      60 
-132.0845      60 
-132.0012      60 
-132           60 
-131.9179      60 
-131.8346      60 
 1             28 
 2 
 -9998.0  ,   -9997.0
  1999.0  ,    9990.0
 18 
-131.668       60 
-131.5847      60 
-131.5014      60 
-131.4181      60 
-131.3348      60 
-131.2515      60 
-131.1682      60 
-131.0849      60 
-131.0016      60 
-130.9183      60 
-130.835       60 
-130.7517      60 
-130.6684      60 
-130.5851      60 
-130.5018      60 
-130.4185      60 
-130.3352      60 
-130.2519      60 
 1             29 
 2 
 -9998.0  ,   -9997.0
  1999.0  ,    9990.0
 3 
-130.0853      60 
-130.002       60 
-130           60 
 1             30 
 2 
 -9998.0  ,   -9997.0
  1999.0  ,    9990.0
 3 
-135.2519      60 
-135.1686      60 
-135.0853      60 
 1             31 
 2 
 -9998.0  ,   -9997.0
  1999.0  ,    9990.0
 3 
-135           60 
-134.9167      60 
-134.8334      60 
 1             32 
 2 
 -9998.0  ,   -9997.0
  1999.0  ,    9990.0
 3 
-130.2519      60 
-130.1686      60 
-130.0853      60 
