 7 
 1             1 
 2 
 -9998.0  ,   -9997.0
  1999.0  ,    9990.0
 7 
-64.52375      60.31117 
-64.52133      60.31304 
-64.5375       60.34345 
-64.5206       60.35442 
-64.49813      60.36536 
-64.47296      60.37076 
-64.44044      60.37268 
 1             2 
 2 
 -9998.0  ,   -9997.0
  1999.0  ,    9990.0
 2 
-64.52741      60.30857 
-64.52375      60.31117 
 1             3 
 2 
 -9998.0  ,   -9997.0
  1999.0  ,    9990.0
 19 
-64.52741      60.30857 
-64.57393      60.32843 
-64.6127       60.34098 
-64.63488      60.34658 
-64.66286      60.34659 
-64.66675      60.34735 
-64.67491      60.3501 
-64.68198      60.35199 
-64.69135      60.35383 
-64.69915      60.3552 
-64.70906      60.35728 
-64.71703      60.36067 
-64.72715      60.36529 
-64.7376       60.36762 
-64.7507       60.36868 
-64.75157      60.36899 
-64.78496      60.37321 
-64.82388      60.38294 
-64.86006      60.3899 
 1             4 
 2 
 -9998.0  ,   -9997.0
  1999.0  ,    9990.0
 2 
-64.53028      60.30653 
-64.52741      60.30857 
 1             5 
 2 
 -9998.0  ,   -9997.0
  1999.0  ,    9990.0
 16 
-64.86235      60.22168 
-64.87228      60.23543 
-64.87491      60.25751 
-64.83033      60.27674 
-64.82415      60.27673 
-64.79699      60.27667 
-64.7273       60.29858 
-64.69945      60.30264 
-64.65235      60.29146 
-64.62169      60.29687 
-64.59603      60.30418 
-64.58818      60.30641 
-64.56596      60.30495 
-64.54106      60.29795 
-64.5326       60.30481 
-64.53028      60.30653 
 1             6 
 2 
 -9998.0  ,   -9997.0
  1999.0  ,    9990.0
 3 
-64.84496      60.21672 
-64.8613       60.22024 
-64.86235      60.22168 
 1             7 
 2 
 -9998.0  ,   -9997.0
  1999.0  ,    9990.0
 38 
-64.8684       60 
-64.90673      60.03684 
-64.92322      60.04928 
-64.93145      60.06033 
-64.92589      60.06584 
-64.90576      60.06581 
-64.90381      60.06581 
-64.87076      60.05472 
-64.81568      60.04221 
-64.78517      60.06008 
-64.76033      60.06002 
-64.7189       60.06267 
-64.7133       60.06955 
-64.71598      60.07784 
-64.71712      60.07959 
-64.7214       60.08613 
-64.73516      60.0903 
-64.74613      60.09861 
-64.74327      60.10688 
-64.7322       60.10961 
-64.69349      60.1095 
-64.66027      60.11354 
-64.60495      60.1161 
-64.60478      60.12714 
-64.60997      60.13783 
-64.6182       60.15478 
-64.62081      60.16582 
-64.62905      60.17137 
-64.65678      60.16733 
-64.67333      60.17289 
-64.68428      60.18258 
-64.712        60.18128 
-64.72595      60.17304 
-64.73977      60.17446 
-64.7676       60.19278 
-64.77555      60.198 
-64.80317      60.20772 
-64.84496      60.21672 
