 9 
 1             1 
1
 -9999.0   ,   9990.0 
 4 
-105          -74.03683 
-105.0288     -74.02893 
-105.0013     -74.02526 
-105          -74.02555 
 1             2 
1
 -9999.0   ,   9990.0 
 11 
-105.3259     -74.0771 
-105.2672     -74.08045 
-105.2353     -74.07948 
-105.1962     -74.0729 
-105.1837     -74.06343 
-105.2037     -74.06103 
-105.2209     -74.05223 
-105.2483     -74.05211 
-105.2965     -74.05755 
-105.3329     -74.06668 
-105.3259     -74.0771 
 1             3 
1
 -9999.0   ,   9990.0 
 5 
-105.2438     -74.10393 
-105.2936     -74.11108 
-105.3002     -74.10021 
-105.2839     -74.09763 
-105.2438     -74.10393 
 1             4 
1
 -9999.0   ,   9990.0 
 63 
-115.9079     -73.87251 
-115.9221     -73.86692 
-116.0414     -73.83518 
-116.1349     -73.82231 
-116.1898     -73.8299 
-116.3617     -73.86703 
-116.3972     -73.87438 
-116.4477     -73.88485 
-116.667      -73.92039 
-116.8059     -73.9575 
-116.8269     -73.9617 
-116.9074     -73.9777 
-116.8932     -73.98911 
-116.897      -73.99051 
-116.91       -73.99541 
-116.9889     -74.00936 
-117.02       -74.01483 
-117.0495     -74.0169 
-117.109      -74.03053 
-117.1739     -74.02265 
-117.2211     -74.03138 
-117.2387     -74.0391 
-117.2808     -74.04091 
-117.3449     -74.02953 
-117.392      -74.02808 
-117.4748     -74.04303 
-117.5766     -74.08121 
-117.621      -74.11824 
-117.6315     -74.1234 
-117.7097     -74.16186 
-117.7219     -74.1734 
-117.6469     -74.1772 
-117.6097     -74.17423 
-117.5108     -74.1752 
-117.4893     -74.17866 
-117.4074     -74.17266 
-117.3688     -74.17796 
-117.3472     -74.17636 
-117.2847     -74.18287 
-117.2423     -74.18308 
-117.2073     -74.18835 
-117.0859     -74.19216 
-117.0377     -74.19126 
-116.8954     -74.1885 
-116.7817     -74.17998 
-116.575      -74.15652 
-116.5219     -74.14743 
-116.3903     -74.10941 
-116.3054     -74.06893 
-116.3034     -74.0494 
-116.3184     -74.04539 
-116.3466     -74.0437 
-116.361      -74.03624 
-116.3566     -74.02222 
-116.2942     -73.99375 
-116.2034     -73.9645 
-116.1397     -73.95078 
-116.1068     -73.93905 
-116.0312     -73.92035 
-115.9649     -73.90697 
-115.9159     -73.8888 
-115.8807     -73.88317 
-115.9079     -73.87251 
 1             5 
1
 -9999.0   ,   9990.0 
 39 
-120          -74.25017 
-119.9655     -74.2435 
-119.9128     -74.22349 
-119.8535     -74.19361 
-119.8296     -74.18664 
-119.7124     -74.15231 
-119.6794     -74.13039 
-119.5827     -74.09275 
-119.4555     -74.06026 
-119.3606     -74.04563 
-119.2966     -74.02942 
-119.1976     -74.01496 
-119.1624     -74.00981 
-118.9899     -73.97216 
-118.936      -73.95763 
-118.8302     -73.92903 
-118.7494     -73.89374 
-118.6335     -73.82725 
-118.6296     -73.79708 
-118.6546     -73.77442 
-118.6908     -73.75676 
-118.7921     -73.7402 
-118.9004     -73.72241 
-119.0467     -73.7184 
-119.1209     -73.72931 
-119.1773     -73.72232 
-119.2495     -73.72166 
-119.3185     -73.73072 
-119.4024     -73.74731 
-119.5365     -73.74895 
-119.6093     -73.76152 
-119.6171     -73.75051 
-119.6051     -73.74253 
-119.6048     -73.73016 
-119.6504     -73.7252 
-119.7895     -73.74606 
-119.831      -73.7474 
-119.9682     -73.7362 
-120          -73.73036 
 1             6 
1
 -9999.0   ,   9990.0 
 17 
-117.192      -74.3486 
-117.1288     -74.35 
-117.0139     -74.33451 
-116.9885     -74.32678 
-116.7991     -74.30397 
-116.7517     -74.28399 
-116.7267     -74.24741 
-116.7381     -74.24035 
-116.8036     -74.25083 
-116.8873     -74.25076 
-116.9298     -74.2547 
-116.9503     -74.25906 
-117.0245     -74.27487 
-117.1359     -74.28772 
-117.2273     -74.32101 
-117.216      -74.33926 
-117.192      -74.3486 
 1             7 
1
 -9999.0   ,   9990.0 
 124 
-113.6617     -73.95481 
-113.6271     -73.94505 
-113.6046     -73.93042 
-113.6018     -73.91348 
-113.6104     -73.90162 
-113.6547     -73.88406 
-113.6932     -73.87901 
-113.7688     -73.875 
-113.8956     -73.84998 
-113.9504     -73.84293 
-113.9766     -73.84375 
-114.0194     -73.85295 
-114.0655     -73.8563 
-114.0948     -73.86365 
-114.1336     -73.88274 
-114.1965     -73.89098 
-114.2369     -73.90987 
-114.2619     -73.90783 
-114.3241     -73.90276 
-114.3677     -73.90885 
-114.4255     -73.90576 
-114.4602     -73.90846 
-114.5047     -73.92287 
-114.5343     -73.9391 
-114.5732     -73.94773 
-114.6244     -73.95386 
-114.6587     -73.96506 
-114.6591     -73.98986 
-114.7323     -74.01168 
-114.8426     -74.05909 
-114.8884     -74.0795 
-114.8935     -74.13264 
-114.9153     -74.15083 
-114.9186     -74.16193 
-114.8915     -74.19415 
-114.8631     -74.21457 
-114.8382     -74.22161 
-114.8243     -74.23426 
-114.7912     -74.24527 
-114.7403     -74.28332 
-114.7081     -74.335 
-114.6837     -74.34589 
-114.6212     -74.35938 
-114.6231     -74.37059 
-114.6659     -74.39529 
-114.6894     -74.4283 
-114.6856     -74.4561 
-114.6592     -74.48365 
-114.682      -74.48839 
-114.7232     -74.48745 
-114.7844     -74.47958 
-114.7957     -74.47523 
-114.8666     -74.46868 
-114.9299     -74.4665 
-115.0002     -74.47393 
-115.0661     -74.48461 
-115.111      -74.49187 
-115.2503     -74.5023 
-115.4369     -74.5063 
-115.5497     -74.49682 
-115.6114     -74.48813 
-115.6882     -74.4635 
-115.7242     -74.43591 
-115.7225     -74.42209 
-115.736      -74.40736 
-115.7243     -74.3953 
-115.7332     -74.38115 
-115.7504     -74.37395 
-115.7981     -74.37995 
-115.9079     -74.41068 
-115.9181     -74.4345 
-115.8782     -74.46716 
-115.8739     -74.48175 
-115.9247     -74.4924 
-115.9713     -74.488 
-116.0881     -74.51136 
-116.123      -74.51194 
-116.1699     -74.50445 
-116.2929     -74.50681 
-116.3858     -74.51854 
-116.4793     -74.5347 
-116.5248     -74.5389 
-116.6018     -74.53547 
-116.6543     -74.53723 
-116.7929     -74.5353 
-117.0412     -74.51673 
-117.0518     -74.51501 
-117.0967     -74.50783 
-117.1318     -74.49303 
-117.2721     -74.48186 
-117.2926     -74.47455 
-117.2825     -74.43276 
-117.2908     -74.41796 
-117.3503     -74.40433 
-117.4083     -74.39698 
-117.4683     -74.37461 
-117.4886     -74.37133 
-117.5603     -74.37833 
-117.5995     -74.37908 
-117.6224     -74.37214 
-117.7274     -74.305 
-117.7399     -74.2717 
-117.7812     -74.2349 
-117.8101     -74.2263 
-117.8453     -74.23106 
-117.945      -74.27576 
-118.0201     -74.29766 
-118.0765     -74.31401 
-118.1441     -74.34131 
-118.1908     -74.3685 
-118.2195     -74.39411 
-118.3205     -74.4362 
-118.5571     -74.4962 
-118.6337     -74.51548 
-118.6806     -74.52064 
-118.7869     -74.51989 
-118.8714     -74.5073 
-118.9973     -74.50001 
-119.2279     -74.528 
-119.3323     -74.52984 
-119.4047     -74.53683 
-119.4152     -74.53741 
-119.7271     -74.55463 
-120          -74.57855 
 1             8 
1
 -9999.0   ,   9990.0 
 279 
-106.6299     -75 
-106.6047     -74.97041 
-106.6765     -74.92696 
-106.6752     -74.91281 
-106.6661     -74.89831 
-106.5509     -74.81309 
-106.5581     -74.80162 
-106.5801     -74.79045 
-106.631      -74.78418 
-106.6447     -74.78381 
-106.7452     -74.78108 
-106.7639     -74.78485 
-106.9454     -74.78356 
-107.0406     -74.778 
-107.0894     -74.7732 
-107.1918     -74.75031 
-107.2251     -74.73051 
-107.2494     -74.68096 
-107.2263     -74.65775 
-107.24       -74.63981 
-107.237      -74.61053 
-107.2539     -74.58918 
-107.3295     -74.56448 
-107.3562     -74.56278 
-107.4266     -74.56945 
-107.5524     -74.58678 
-107.6755     -74.59381 
-107.8627     -74.58285 
-107.8933     -74.58951 
-107.8682     -74.61836 
-107.896      -74.62511 
-107.9626     -74.62048 
-108.0878     -74.60374 
-108.2227     -74.59701 
-108.3087     -74.6174 
-108.3062     -74.62863 
-108.2946     -74.63393 
-108.2684     -74.63617 
-108.2216     -74.65117 
-108.1969     -74.6835 
-108.2064     -74.6893 
-108.2488     -74.67804 
-108.2882     -74.67468 
-108.307      -74.68121 
-108.3149     -74.70686 
-108.3021     -74.71418 
-108.2441     -74.73061 
-108.2341     -74.75702 
-108.2463     -74.75769 
-108.2596     -74.76853 
-108.2879     -74.77378 
-108.3991     -74.74277 
-108.4528     -74.73768 
-108.5255     -74.71849 
-108.5732     -74.7202 
-108.5883     -74.72073 
-108.6639     -74.75493 
-108.7128     -74.79961 
-108.7331     -74.80696 
-108.7616     -74.80928 
-108.7963     -74.80482 
-108.8408     -74.79373 
-108.8978     -74.77528 
-108.934      -74.7721 
-109.0006     -74.74556 
-109.0443     -74.73833 
-109.1559     -74.73416 
-109.1811     -74.73671 
-109.3077     -74.72726 
-109.3091     -74.71703 
-109.27       -74.70516 
-109.2469     -74.70146 
-109.2159     -74.70281 
-109.1303     -74.68163 
-109.0659     -74.6725 
-109.0429     -74.6659 
-109.0612     -74.64746 
-109.1039     -74.634 
-109.1848     -74.6277 
-109.1853     -74.60121 
-109.2242     -74.59337 
-109.2595     -74.59547 
-109.2865     -74.59968 
-109.3161     -74.60428 
-109.4083     -74.60406 
-109.4842     -74.61782 
-109.5218     -74.62016 
-109.5581     -74.61875 
-109.5977     -74.62956 
-109.6163     -74.64231 
-109.6572     -74.65541 
-109.8055     -74.65179 
-109.8173     -74.63187 
-109.8411     -74.62096 
-109.9063     -74.6221 
-109.9251     -74.61841 
-109.9511     -74.60245 
-109.9293     -74.5847 
-109.9242     -74.55766 
-109.9269     -74.54196 
-109.9506     -74.53248 
-109.9741     -74.5066 
-109.9587     -74.4786 
-110.0283     -74.43721 
-110.1302     -74.43418 
-110.1403     -74.41836 
-110.1707     -74.40021 
-110.0896     -74.39657 
-110.0523     -74.38611 
-110.1303     -74.32983 
-110.2025     -74.275 
-110.2559     -74.25336 
-110.3064     -74.24586 
-110.3191     -74.24186 
-110.3851     -74.23925 
-110.4187     -74.24175 
-110.4471     -74.24961 
-110.4636     -74.26666 
-110.5504     -74.25643 
-110.6409     -74.26173 
-110.6782     -74.2696 
-110.8488     -74.23517 
-110.9028     -74.2284 
-111.0492     -74.21801 
-111.0925     -74.20653 
-111.115      -74.20436 
-111.2045     -74.20542 
-111.255      -74.20295 
-111.3317     -74.19423 
-111.3673     -74.194 
-111.4885     -74.20201 
-111.5141     -74.20492 
-111.5674     -74.21096 
-111.5818     -74.20641 
-111.6424     -74.24312 
-111.6502     -74.28793 
-111.6054     -74.31817 
-111.5368     -74.37013 
-111.4452     -74.42148 
-111.3896     -74.43663 
-111.3713     -74.4461 
-111.3477     -74.44996 
-111.4195     -74.485 
-111.412      -74.4989 
-111.4649     -74.50274 
-111.6108     -74.49894 
-111.6441     -74.50428 
-111.669      -74.5139 
-111.6988     -74.53976 
-111.7395     -74.57491 
-111.7149     -74.58821 
-111.7102     -74.61016 
-111.6915     -74.62378 
-111.6651     -74.63723 
-111.6246     -74.6448 
-111.5574     -74.63655 
-111.4849     -74.61957 
-111.4593     -74.62851 
-111.4852     -74.65024 
-111.4648     -74.65523 
-111.5518     -74.68587 
-111.5546     -74.69923 
-111.5452     -74.70798 
-111.5098     -74.71157 
-111.4425     -74.71108 
-111.3353     -74.6995 
-111.2288     -74.67416 
-111.2034     -74.67185 
-111.1863     -74.67405 
-111.1747     -74.68006 
-111.1887     -74.69763 
-111.2249     -74.7164 
-111.4033     -74.7808 
-111.5085     -74.7931 
-111.577      -74.7891 
-111.5923     -74.78561 
-111.7592     -74.78276 
-111.9038     -74.79235 
-111.9188     -74.79618 
-112.076      -74.79899 
-112.1259     -74.79625 
-112.1993     -74.80524 
-112.2922     -74.82561 
-112.3173     -74.8311 
-112.3286     -74.83236 
-112.4031     -74.826 
-112.4906     -74.83049 
-112.5475     -74.83821 
-112.694      -74.87075 
-112.759      -74.87855 
-112.788      -74.87545 
-112.8108     -74.86957 
-112.8149     -74.84701 
-112.7624     -74.8099 
-112.7044     -74.78713 
-112.6481     -74.74601 
-112.653      -74.67432 
-112.6672     -74.65217 
-112.697      -74.64503 
-112.7425     -74.65533 
-112.7566     -74.66561 
-112.833      -74.68975 
-112.8607     -74.68478 
-112.9038     -74.65748 
-112.9282     -74.66122 
-112.9526     -74.66494 
-112.9639     -74.65435 
-112.9581     -74.64466 
-112.9189     -74.61108 
-112.8732     -74.58756 
-112.8286     -74.5551 
-112.8163     -74.52793 
-112.8343     -74.51565 
-112.8622     -74.5003 
-112.9162     -74.48995 
-113.0056     -74.43854 
-112.9872     -74.42752 
-112.9867     -74.41528 
-113.0225     -74.40048 
-113.0391     -74.40262 
-113.1685     -74.41913 
-113.1932     -74.41735 
-113.2327     -74.39912 
-113.363      -74.4086 
-113.3824     -74.41281 
-113.3989     -74.41043 
-113.4919     -74.41123 
-113.5264     -74.40631 
-113.5792     -74.3909 
-113.6062     -74.37548 
-113.6031     -74.35955 
-113.5403     -74.34057 
-113.5258     -74.33136 
-113.4941     -74.32525 
-113.4055     -74.30811 
-113.4179     -74.29733 
-113.4404     -74.29772 
-113.4529     -74.28938 
-113.4288     -74.28326 
-113.4343     -74.27278 
-113.4693     -74.252 
-113.4797     -74.22713 
-113.2372     -74.18734 
-113.2271     -74.17961 
-113.1688     -74.16508 
-113.1591     -74.15043 
-113.1485     -74.149 
-113.1076     -74.11888 
-113.1109     -74.10917 
-113.1804     -74.06385 
-113.222      -74.02513 
-113.2488     -74.01564 
-113.2954     -74.00979 
-113.3303     -74.00922 
-113.4214     -74.01739 
-113.4919     -74.00724 
-113.564      -74.01307 
-113.6458     -74.04025 
-113.7841     -74.06464 
-113.8115     -74.07446 
-113.8487     -74.07791 
-113.8868     -74.0877 
-113.9501     -74.11283 
-114.0252     -74.1642 
-114.0735     -74.18048 
-114.1629     -74.18641 
-114.2086     -74.17871 
-114.1936     -74.16456 
-114.1198     -74.14004 
-114.0884     -74.12071 
-114.0582     -74.08363 
-113.9839     -74.03691 
-113.9264     -74.0141 
-113.8609     -73.99571 
-113.8044     -73.98625 
-113.7887     -73.9823 
-113.7435     -73.97084 
-113.6744     -73.95986 
-113.6617     -73.95481 
 1             9 
1
 -9999.0   ,   9990.0 
 11 
-105          -74.69415 
-105.0613     -74.71348 
-105.1158     -74.76251 
-105.1581     -74.78126 
-105.1753     -74.7947 
-105.1569     -74.85118 
-105.1932     -74.87242 
-105.2328     -74.89544 
-105.251      -74.92202 
-105.3028     -74.94767 
-105.3218     -75 
