 1 
 1             1 
1
 -9999.0   ,   9990.0 
 50 
-15           -72.89113 
-15.10938     -72.90345 
-15.43977     -72.96191 
-15.79923     -73.02443 
-16.1364      -73.0915 
-16.14591     -73.09338 
-16.80519     -73.23575 
-16.9574      -73.26795 
-17.1592      -73.30257 
-17.20429     -73.31273 
-17.32282     -73.3309 
-17.50751     -73.36816 
-17.66237     -73.39913 
-18.06559     -73.46983 
-18.21714     -73.50065 
-18.38577     -73.53468 
-18.40745     -73.5363 
-18.45818     -73.5523 
-18.60795     -73.58843 
-18.75406     -73.62628 
-18.86301     -73.65778 
-19.08268     -73.72075 
-19.37569     -73.80887 
-19.45165     -73.83545 
-19.59373     -73.88486 
-19.81367     -73.94657 
-19.85784     -73.96416 
-19.95978     -73.99277 
-20.0334      -74.01646 
-20.13092     -74.0477 
-20.6657      -74.18661 
-20.75206     -74.2087 
-21.29048     -74.36113 
-21.55669     -74.43491 
-21.69269     -74.46211 
-21.75256     -74.47085 
-21.9558      -74.49918 
-22.00901     -74.5056 
-22.36344     -74.54772 
-22.48891     -74.56627 
-22.56761     -74.58142 
-22.72079     -74.62666 
-22.75309     -74.6393 
-22.86162     -74.68155 
-22.94159     -74.72895 
-23.01489     -74.78975 
-23.09115     -74.86428 
-23.13183     -74.90375 
-23.16188     -74.98662 
-23.17405     -75 
