 7 
 1             1 
 2 
 -9998.0  ,   -9997.0
  1999.0  ,    9990.0
 10 
-105           36.99661 
-104.8422      36.9955 
-104.7687      36.99423 
-104.5633      36.9939 
-104.4615      36.99536 
-104.282       36.99508 
-104.0764      36.9974 
-103.8967      37.00001 
-103.4206      37.00288 
-103.0047      37.00256 
 1             2 
 2 
 -9998.0  ,   -9997.0
  1999.0  ,    9990.0
 6 
-102.0439      36.9913 
-102.0472      37.54618 
-102.0456      38.67792 
-102.0533      39.6652 
-102.0542      40 
-102.0526      40 
 1             3 
 2 
 -9998.0  ,   -9997.0
  1999.0  ,    9990.0
 8 
-103.0047      37.00256 
-103.0046      37.00523 
-102.7559      37.00161 
-102.6984      36.995 
-102.5219      36.99339 
-102.3772      36.99271 
-102.3509      36.99637 
-102.0439      36.9913 
 1             4 
 2 
 -9998.0  ,   -9997.0
  1999.0  ,    9990.0
 9 
-102.0439      36.9913 
-102.0386      36.9912 
-101.7459      36.99535 
-101.4592      36.99442 
-101.1349      36.99336 
-101.0337      36.99082 
-100.9664      36.99915 
-100.4359      37.0022 
-100           37.00137 
 1             5 
 2 
 -9998.0  ,   -9997.0
  1999.0  ,    9990.0
 2 
-103.0067      36.4965 
-103.0047      37.00256 
 1             6 
 2 
 -9998.0  ,   -9997.0
  1999.0  ,    9990.0
 2 
-100           36.49604 
-103.0067      36.4965 
 1             7 
 2 
 -9998.0  ,   -9997.0
  1999.0  ,    9990.0
 4 
-103.0067      36.4965 
-103.0503      36.49589 
-103.0461      35.24997 
-103.0464      35 
