 10 
 1             1 
 2 
 -9998.0  ,   -9997.0
  1999.0  ,    9990.0
 391 
-7.457417      37.41022 
-7.454389      37.41219 
-7.445528      37.41325 
-7.443222      37.41747 
-7.453084      37.43175 
-7.456472      37.4525 
-7.464583      37.46639 
-7.464472      37.46675 
-7.460667      37.48078 
-7.464361      37.48889 
-7.486972      37.50125 
-7.489695      37.5062 
-7.4885        37.51409 
-7.488306      37.51545 
-7.490334      37.51883 
-7.507528      37.52331 
-7.511944      37.52445 
-7.518889      37.55006 
-7.519055      37.55064 
-7.520444      37.55578 
-7.520833      37.55722 
-7.518417      37.55734 
-7.502361      37.558 
-7.499417      37.56111 
-7.500667      37.56267 
-7.509167      37.56484 
-7.506972      37.57067 
-7.498639      37.57975 
-7.493333      37.58225 
-7.495333      37.58608 
-7.491778      37.5977 
-7.492417      37.60106 
-7.492944      37.60375 
-7.490778      37.60994 
-7.488167      37.60797 
-7.48325       37.60769 
-7.476528      37.61922 
-7.469333      37.62389 
-7.465778      37.63531 
-7.453028      37.64708 
-7.449417      37.65367 
-7.444611      37.67222 
-7.443278      37.69111 
-7.436444      37.70717 
-7.431556      37.71867 
-7.426694      37.737 
-7.418389      37.74653 
-7.415916      37.7572 
-7.408         37.76394 
-7.397972      37.76506 
-7.382639      37.7735 
-7.365639      37.78736 
-7.34975       37.80034 
-7.346528      37.80225 
-7.325278      37.81486 
-7.299556      37.84114 
-7.295389      37.85256 
-7.287722      37.85909 
-7.274389      37.87884 
-7.275805      37.88292 
-7.281028      37.8882 
-7.271472      37.90403 
-7.265278      37.91428 
-7.259528      37.93422 
-7.249778      37.94975 
-7.253111      37.95861 
-7.257361      37.96986 
-7.257417      37.97164 
-7.257555      37.97786 
-7.250834      37.98617 
-7.235778      37.99111 
-7.209167      37.99669 
-7.206472      37.99917 
-7.198722      38.00628 
-7.192444      38.00811 
-7.186         38.007 
-7.174167      37.99803 
-7.169778      37.9975 
-7.125945      38.00075 
-7.115889      38.00711 
-7.115944      38.01331 
-7.120444      38.0207 
-7.119972      38.02256 
-7.107194      38.03678 
-7.102167      38.03994 
-7.094861      38.04011 
-7.088278      38.04025 
-7.080028      38.03825 
-7.057778      38.02439 
-7.041833      38.01948 
-7.023361      38.02083 
-6.993639      38.02811 
-6.990445      38.03306 
-6.99875       38.04672 
-6.992944      38.05636 
-6.991778      38.06144 
-6.991694      38.06358 
-6.991556      38.06786 
-6.992944      38.07289 
-6.9945        38.07853 
-6.993556      38.08225 
-6.960306      38.12494 
-6.956889      38.13384 
-6.951722      38.14728 
-6.944472      38.17778 
-6.943695      38.1802 
-6.933861      38.21119 
-6.935028      38.21386 
-6.935889      38.21583 
-6.936889      38.21819 
-6.943917      38.21931 
-6.950528      38.21769 
-6.966278      38.20889 
-6.970722      38.20906 
-6.975611      38.20922 
-6.989889      38.20528 
-7.001         38.20647 
-7.005583      38.20517 
-7.005861      38.19939 
-7.006111      38.19436 
-7.01          38.19086 
-7.01275       38.18839 
-7.013834      38.18803 
-7.019195      38.18625 
-7.023889      38.1847 
-7.026722      38.18375 
-7.035666      38.18297 
-7.053111      38.17797 
-7.06025       38.18161 
-7.064472      38.18375 
-7.067056      38.18297 
-7.071167      38.17686 
-7.072111      38.17545 
-7.074111      38.17558 
-7.081583      38.17611 
-7.082611      38.17619 
-7.090694      38.18158 
-7.09925       38.18728 
-7.114333      38.21147 
-7.133306      38.23234 
-7.133889      38.23456 
-7.134444      38.23675 
-7.142722      38.26845 
-7.145333      38.27314 
-7.145945      38.2738 
-7.151556      38.27981 
-7.155806      38.28294 
-7.171333      38.29442 
-7.179722      38.30328 
-7.203166      38.33517 
-7.204195      38.33606 
-7.210556      38.34156 
-7.230834      38.35911 
-7.249389      38.37781 
-7.269         38.39756 
-7.284222      38.4222 
-7.311833      38.43533 
-7.318278      38.43517 
-7.329583      38.43489 
-7.330306      38.43656 
-7.330611      38.43736 
-7.327944      38.44136 
-7.314333      38.44998 
-7.310083      38.46383 
-7.303028      38.47128 
-7.295889      38.47883 
-7.296722      38.4825 
-7.297083      38.48406 
-7.302166      38.48214 
-7.311333      38.4787 
-7.315778      38.48011 
-7.316916      38.4842 
-7.313         38.49886 
-7.310528      38.50806 
-7.306         38.516 
-7.301583      38.52378 
-7.297361      38.54044 
-7.29475       38.54536 
-7.285278      38.55258 
-7.282917      38.55667 
-7.276472      38.56775 
-7.272611      38.57439 
-7.260917      38.58994 
-7.260194      38.59092 
-7.255278      38.606 
-7.240889      38.62375 
-7.242306      38.62806 
-7.256639      38.63136 
-7.260972      38.63239 
-7.264667      38.63522 
-7.265167      38.63842 
-7.264555      38.66686 
-7.254806      38.71884 
-7.250861      38.72517 
-7.244972      38.72931 
-7.234111      38.73386 
-7.231972      38.73475 
-7.203694      38.74653 
-7.194806      38.75375 
-7.184916      38.76814 
-7.164472      38.7752 
-7.16175       38.77614 
-7.157         38.77975 
-7.152139      38.78747 
-7.145833      38.79739 
-7.126         38.81214 
-7.119722      38.81445 
-7.118389      38.81447 
-7.096611      38.81467 
-7.089694      38.81606 
-7.08475       38.82131 
-7.076583      38.84042 
-7.074584      38.84269 
-7.064         38.85464 
-7.05775       38.85764 
-7.053417      38.85883 
-7.037333      38.86323 
-7.0335        38.86772 
-7.031055      38.87561 
-7.032333      38.88092 
-7.032639      38.8822 
-7.043028      38.89647 
-7.046111      38.90072 
-7.048639      38.90736 
-7.046195      38.91219 
-7.027056      38.92078 
-7.025944      38.92192 
-7.022666      38.92536 
-7.016833      38.94147 
-7.016167      38.94333 
-6.999417      38.9632 
-6.990222      38.97131 
-6.969861      38.99981 
-6.953556      39.02258 
-6.953444      39.02575 
-6.953333      39.029 
-6.955306      39.03236 
-6.965778      39.04094 
-6.966889      39.04503 
-6.962139      39.05917 
-6.96325       39.06347 
-6.976778      39.07858 
-7.000722      39.09631 
-7.011445      39.10259 
-7.035722      39.11681 
-7.037         39.11703 
-7.043167      39.11814 
-7.0525        39.11689 
-7.09825       39.10034 
-7.115528      39.09925 
-7.127695      39.10108 
-7.134361      39.1045 
-7.14025       39.10978 
-7.144778      39.11628 
-7.145361      39.12106 
-7.141778      39.13517 
-7.131583      39.15595 
-7.133417      39.16711 
-7.144166      39.1745 
-7.172639      39.1787 
-7.194944      39.182 
-7.206611      39.18525 
-7.218111      39.19031 
-7.224444      39.19614 
-7.229639      39.20086 
-7.237778      39.21364 
-7.241722      39.23917 
-7.240583      39.25456 
-7.234278      39.26795 
-7.230166      39.2767 
-7.232528      39.28119 
-7.254778      39.29825 
-7.266111      39.30564 
-7.292278      39.32269 
-7.3105        39.34539 
-7.312833      39.34764 
-7.314055      39.35034 
-7.318194      39.35953 
-7.329778      39.38522 
-7.327445      39.38989 
-7.30875       39.40117 
-7.303195      39.40614 
-7.3015        39.40764 
-7.2995        39.41322 
-7.299833      39.43614 
-7.293222      39.45197 
-7.294389      39.45606 
-7.298         39.45897 
-7.300611      39.46108 
-7.314917      39.46739 
-7.332389      39.47209 
-7.337139      39.47336 
-7.338528      39.47428 
-7.348583      39.48092 
-7.359472      39.4805 
-7.371917      39.4855 
-7.376695      39.48934 
-7.378139      39.4905 
-7.3825        39.49814 
-7.391111      39.5265 
-7.399         39.53536 
-7.404917      39.53436 
-7.407778      39.53386 
-7.415555      39.53517 
-7.422444      39.5365 
-7.43          39.54097 
-7.434778      39.54472 
-7.44325       39.56136 
-7.449972      39.56875 
-7.4525        39.57153 
-7.460528      39.57672 
-7.470305      39.58036 
-7.481139      39.58439 
-7.492667      39.59308 
-7.504694      39.60956 
-7.507889      39.61614 
-7.525556      39.6525 
-7.524917      39.65642 
-7.522139      39.65906 
-7.515778      39.66158 
-7.501778      39.66489 
-7.488111      39.66406 
-7.466028      39.66606 
-7.423194      39.65859 
-7.421972      39.65822 
-7.403889      39.65314 
-7.393139      39.65194 
-7.391222      39.65231 
-7.386694      39.65311 
-7.371361      39.65197 
-7.326722      39.64864 
-7.313528      39.64767 
-7.264611      39.66242 
-7.252806      39.66597 
-7.251889      39.66625 
-7.250694      39.6662 
-7.183639      39.66264 
-7.175833      39.66223 
-7.170528      39.66075 
-7.163472      39.65878 
-7.158805      39.65822 
-7.150611      39.65725 
-7.147361      39.65686 
-7.136472      39.65883 
-7.109583      39.66372 
-7.105         39.66339 
-7.097111      39.6628 
-7.092222      39.66139 
-7.091084      39.66106 
-7.075389      39.6565 
-7.068278      39.65606 
-7.059389      39.65639 
-7.044361      39.66242 
-7.016111      39.67031 
-7.012055      39.67206 
-7.006028      39.68005 
-7.001083      39.69167 
-7.001         39.69233 
-6.99825       39.71422 
-6.995028      39.71886 
-6.991416      39.72408 
-6.991139      39.72528 
-6.990472      39.728 
-6.992055      39.7377 
-6.990889      39.74278 
-6.978583      39.76409 
-6.977194      39.77031 
-6.977139      39.77878 
-6.985694      39.79748 
-6.9835        39.80467 
-6.975028      39.8112 
-6.964806      39.81909 
-6.951556      39.82047 
-6.945889      39.82269 
-6.94375       39.82353 
-6.939972      39.82939 
-6.929278      39.83389 
-6.927889      39.84517 
-6.916972      39.85084 
-6.902555      39.86736 
-6.899722      39.89359 
-6.904528      39.914 
-6.902611      39.92142 
-6.892416      39.93039 
-6.888528      39.93384 
-6.885583      39.94378 
-6.890028      39.95803 
-6.886556      39.96939 
-6.885472      39.9717 
-6.8755        39.99289 
-6.874694      40 
 1             2 
 2 
 -9998.0  ,   -9997.0
  1999.0  ,    9990.0
 35 
-7.457417      37.41022 
-7.458139      37.40811 
-7.458139      37.4035 
-7.452889      37.39986 
-7.445639      37.39559 
-7.441667      37.39064 
-7.437722      37.38636 
-7.43375       37.37845 
-7.432111      37.36558 
-7.432778      37.3557 
-7.437056      37.34647 
-7.437722      37.34053 
-7.438056      37.32406 
-7.436389      37.31484 
-7.435417      37.30361 
-7.43375       37.2967 
-7.431139      37.28847 
-7.426833      37.28386 
-7.422222      37.27595 
-7.420917      37.271 
-7.421889      37.26539 
-7.424194      37.25978 
-7.427834      37.2542 
-7.429806      37.24792 
-7.427166      37.24364 
-7.423555      37.24 
-7.419583      37.23572 
-7.416611      37.23178 
-7.414639      37.2265 
-7.413445      37.21936 
-7.413         37.21661 
-7.410695      37.20739 
-7.408389      37.19817 
-7.403778      37.18795 
-7.394528      37.17114 
 1             3 
 2 
 -9998.0  ,   -9997.0
  1999.0  ,    9990.0
 5 
-5.336972      35.87739 
-5.344056      35.88144 
-5.345222      35.88211 
-5.360639      35.89092 
-5.3845        35.91992 
 1             4 
 2 
 -9998.0  ,   -9997.0
  -950.5  ,      -1.0
 102 
-6.1443 , 36.5481
-6.1478 , 36.5666
-6.1537 , 36.5845
-6.1617 , 36.6015
-6.1718 , 36.6175
-6.1838 , 36.632
-6.1975 , 36.6449
-6.2127 , 36.6559
-6.2293 , 36.665
-6.2468 , 36.6719
-6.265 , 36.6766
-6.2837 , 36.679
-6.3025 , 36.679
-6.3212 , 36.6766
-6.3395 , 36.6719
-6.357 , 36.665
-6.3735 , 36.6559
-6.3887 , 36.6449
-6.39          36.6435 
-6.384778      36.63608 
-6.358639      36.62023 
-6.352722      36.62086 
-6.340861      36.62814 
-6.325222      36.62822 
-6.299583      36.62228 
-6.286111      36.61917 
-6.277528      36.61281 
-6.268417      36.60092 
-6.263667      36.58617 
-6.260722      36.58372 
-6.256111      36.5825 
-6.2505        36.58383 
-6.238278      36.58953 
-6.2275        36.59009 
-6.224028      36.58859 
-6.221305      36.58597 
-6.216861      36.58172 
-6.214889      36.57628 
-6.214917      36.56569 
-6.217028      36.55692 
-6.21925       36.55047 
-6.2215        36.54392 
-6.229195      36.53289 
-6.235194      36.52833 
-6.241667      36.5272 
-6.245528      36.52478 
-6.245278      36.51975 
-6.24          36.51647 
-6.2355        36.51553 
-6.233417      36.51508 
-6.22625       36.5082 
-6.223333      36.50667 
-6.206472      36.50997 
-6.200917      36.51267 
-6.19425       36.52117 
-6.187639      36.52528 
-6.187222      36.52531 
-6.183111      36.52564 
-6.181222      36.52453 
-6.173417      36.51986 
-6.165722      36.51528 
-6.164083      36.51431 
-6.169139      36.5075 
-6.173278      36.50509 
-6.175861      36.50544 
-6.178222      36.50319 
-6.191306      36.49072 
-6.199944      36.48722 
-6.211667      36.47194 
-6.215333      36.47222 
-6.230472      36.47339 
-6.238333      36.47175 
-6.247194      36.47906 
-6.259389      36.50136 
-6.259917      36.50572 
-6.256417      36.50997 
-6.259111      36.51239 
-6.261416      36.51272 
-6.264528      36.51314 
-6.272167      36.52942 
-6.288         36.539 
-6.288139      36.53903 
-6.295444      36.54036 
-6.30275       36.53897 
-6.3055        36.53706 
-6.3045        36.53433 
-6.292778      36.52714 
-6.2815        36.509 
-6.259305      36.47328 
-6.255694      36.46753 
-6.228833      36.43489 
-6.211333      36.39689 
-6.2127 , 36.4026
-6.1975 , 36.4137
-6.1838 , 36.4266
-6.1718 , 36.4411
-6.1617 , 36.457
-6.1537 , 36.4741
-6.1478 , 36.492
-6.1443 , 36.5105
-6.1431 , 36.5293
-6.1443 , 36.5481
 1             5 
 2 
 -9998.0  ,   -9997.0
 -1000.1  ,      -1.0
 85 
-7.0341        37.2057
-7.0401 , 37.2237
-7.0571 , 37.2711
-7.0672 , 37.3354
-7.0977 , 37.3862
-7.1451 , 37.4472
-7.2094 , 37.4912
-7.2365 , 37.542
-7.2365 , 37.586
-7.2094 , 37.6097
-7.1688 , 37.6063
-7.1248 , 37.613
-7.0977 , 37.6503
-7.0571 , 37.7146
-7.0198 , 37.7857
-6.9826 , 37.8297
-6.9419 , 37.867
-6.8776 , 37.9008
-6.8201 , 37.9347
-6.7625 , 37.9651
-6.7016 , 38.0125
-6.6339 , 38.0464
-6.556 , 38.0836
-6.5018 , 38.0904
-6.4273 , 38.0904
-6.3664 , 38.0972
-6.3021 , 38.1107
-6.2547 , 38.1412
-6.2547 , 38.1852
-6.275 , 38.2258
-6.275 , 38.2495
-6.2411 , 38.2665
-6.1599 , 38.2732
-6.0989 , 38.2834
-6.0515 , 38.2698
-5.9906 , 38.2462
-5.9466 , 38.2021
-5.9229 , 38.1649
-5.8619 , 38.1277
-5.7739 , 38.0972
-5.6994 , 38.0735
-5.6453 , 38.0329
-5.5843 , 37.9821
-5.5843 , 37.9821
-5.5268 , 37.9211
-5.476 , 37.8602
-5.4049 , 37.8026
-5.3541 , 37.7586
-5.3236 , 37.7011
-5.2932 , 37.6571
-5.2525 , 37.5927
-5.195 , 37.5487
-5.1442 , 37.4979
-5.0934 , 37.4675
-5.0562 , 37.4133
-5.0393 , 37.3693
-5.0223 , 37.3185
-5.0189 , 37.2745
-5.0291 , 37.2271
-5.0731 , 37.1729
-5.1374 , 37.1221
-5.1882 , 37.0984
-5.2593 , 37.0747
-5.2966 , 37.0477
-5.3744 , 37.0206
-5.4557 , 37.0138
-5.5742 , 36.9732
-5.6351 , 36.9596
-5.7333 , 36.9359
-5.8416 , 36.9055
-5.906 , 36.8818
-5.9771 , 36.8174
-6.0482 , 36.7633
-6.1193 , 36.7294
-6.1971 , 36.6956
-6.2716 , 36.6854
-6.2837 , 36.679
-6.3025 , 36.679
-6.3212 , 36.6766
-6.3395 , 36.6719
-6.357 , 36.665
-6.3735 , 36.6559
-6.3887 , 36.6449
-6.39          36.6435 
-6.384778      36.63608 
 1             6 
 2 
 -9998.0  ,   -9997.0
  -940.1  ,      -1.0
 91 
-5.288 , 36.2734
-5.3001 , 36.2879
-5.3138 , 36.3008
-5.329 , 36.3119
-5.3455 , 36.3209
-5.363 , 36.3279
-5.3813 , 36.3325
-5.4 , 36.3349
-5.4188 , 36.3349
-5.4375 , 36.3325
-5.4558 , 36.3279
-5.4733 , 36.3209
-5.4898 , 36.3119
-5.505 , 36.3008
-5.5187 , 36.2879
-5.5308 , 36.2734
-5.5408 , 36.2575
-5.5489 , 36.2404
-5.5547 , 36.2225
-5.5582 , 36.204
-5.5594 , 36.1852
-5.5582 , 36.1664
-5.5547 , 36.1479
-5.5489 , 36.13
-5.5408 , 36.1129
-5.5308 , 36.097
-5.5187 , 36.0825
-5.505 , 36.0696
-5.495111      36.05595 
-5.487916      36.05981 
-5.480861      36.05945 
-5.46775       36.05597 
-5.461555      36.05661 
-5.442306      36.06903 
-5.425056      36.07567 
-5.422945      36.07917 
-5.423389      36.08331 
-5.426361      36.08711 
-5.436389      36.09075 
-5.438445      36.093 
-5.43975       36.09756 
-5.436944      36.10475 
-5.433389      36.10784 
-5.426361      36.10822 
-5.427889      36.11164 
-5.43475       36.11353 
-5.440639      36.11934 
-5.441028      36.12028 
-5.444194      36.12772 
-5.444111      36.12767 
-5.444944      36.12967 
-5.444972      36.13039 
-5.445361      36.13872 
-5.444556      36.14245 
-5.440834      36.15994 
-5.433917      36.17092 
-5.431917      36.1727 
-5.426556      36.17753 
-5.411778      36.18273 
-5.392583      36.18369 
-5.387444      36.18175 
-5.375139      36.17081 
-5.365417      36.16808 
-5.359361      36.16397 
-5.353222      36.15981 
-5.3525        36.15511 
-5.355639      36.14972 
-5.35725       36.14695 
-5.355361      36.14195 
-5.356639      36.13825 
-5.355528      36.13139 
-5.351083      36.12575 
-5.349028      36.11686 
-5.347167      36.11528 
-5.343917      36.11253 
-5.343778      36.11242 
-5.339639      36.11525 
-5.341084      36.1187 
-5.343083      36.12344 
-5.339694      36.13822 
-5.341639      36.14481 
-5.340167      36.15859 
-5.340028      36.15975 
-5.3385        36.16559 
-5.335917      36.17545 
-5.328861      36.20228 
-5.321917      36.22011 
-5.313667      36.23342 
-5.298028      36.24597 
-5.280806      36.27386 
-5.288 , 36.2734
 1             7 
 2 
 -9998.0  ,   -9997.0
  -900.1  ,    -405.1
 53 
-6.2059 , 35.0837
-6.1907 , 35.0727
-6.1742 , 35.0636
-6.1566 , 35.0566
-6.1384 , 35.052
-6.1197 , 35.0496
-6.1009 , 35.0496
-6.0822 , 35.052
-6.0639 , 35.0566
-6.0464 , 35.0636
-6.0299 , 35.0727
-6.0147 , 35.0837
-6.0009 , 35.0966
-5.9889 , 35.1111
-5.9788 , 35.127
-5.9708 , 35.1441
-5.965 , 35.162
-5.9615 , 35.1805
-5.9603 , 35.1993
-5.9615 , 35.2181
-5.965 , 35.2366
-5.9708 , 35.2545
-5.9788 , 35.2716
-5.9889 , 35.2875
-6.0009 , 35.302
-6.0147 , 35.3149
-6.0299 , 35.326
-6.0464 , 35.335
-6.0639 , 35.342
-6.0822 , 35.3466
-6.0979 , 35.3488
-6.115861      35.29825 
-6.149167      35.21342 
-6.146306      35.21167 
-6.140528      35.21392 
-6.127         35.22283 
-6.119195      35.22333 
-6.115639      35.21908 
-6.119139      35.21822 
-6.123111      35.21723 
-6.137944      35.2062 
-6.145111      35.20614 
-6.145722      35.20614 
-6.147139      35.20614 
-6.157333      35.20328 
-6.165417      35.19706 
-6.166584      35.19522 
-6.171639      35.1872 
-6.189722      35.14553 
-6.202028      35.12217 
-6.20325       35.11984 
-6.217 , 35.0934 
-6.2059 , 35.0837
 1             8 
 2 
 -9998.0  ,   -9997.0
  -863.1  ,      -1.0
 144 
-6.8404 , 37.1544
-6.8283 , 37.1689
-6.8183 , 37.1848
-6.8102 , 37.2019
-6.8044 , 37.2198
-6.8009 , 37.2383
-6.7997 , 37.2571
-6.8009 , 37.2759
-6.8044 , 37.2944
-6.8102 , 37.3123
-6.8183 , 37.3294
-6.8283 , 37.3453
-6.8404 , 37.3598
-6.8541 , 37.3727
-6.8693 , 37.3838
-6.8858 , 37.3928
-6.9033 , 37.3998
-6.9216 , 37.4044
-6.9403 , 37.4068
-6.9591 , 37.4068
-6.9778 , 37.4044
-6.9961 , 37.3998
-7.0136 , 37.3928
-7.0301 , 37.3838
-7.0453 , 37.3727
-7.059 , 37.3598
-7.0711 , 37.3453
-7.0811 , 37.3294
-7.0892 , 37.3123
-7.095 , 37.2944
-7.0985 , 37.2759
-7.0997 , 37.2571
-7.0985 , 37.2383
-7.095 , 37.2198
-7.0942 , 37.2155
-7.071361      37.21559 
-7.047806      37.21006
-7.0341        37.2057 
-6.960111      37.17775 
-6.958139      37.17703 
-6.953861      37.17742 
-6.954         37.17948 
-6.960528      37.18336 
-6.968111      37.19522 
-6.976417      37.20456 
-6.981778      37.20803 
-6.992167      37.20922 
-7.008222      37.21895 
-7.006583      37.22017 
-7.00425       37.21978 
-7.001945      37.21942 
-6.985139      37.21181 
-6.984222      37.21528 
-6.987417      37.22089 
-6.999694      37.23058 
-7.001555      37.23206 
-7.001194      37.23364 
-7.001194      37.23367 
-7.000889      37.23506 
-6.998111      37.23678 
-6.994833      37.23461 
-6.994861      37.23303 
-6.994916      37.23117 
-6.982722      37.22358 
-6.968778      37.20622 
-6.960166      37.19186 
-6.936194      37.16936 
-6.931167      37.16656 
-6.914278      37.16169 
-6.920417      37.17339 
-6.932305      37.18328 
-6.937889      37.18789 
-6.943028      37.20239 
-6.94825       37.20792 
-6.96025       37.21206 
-6.974667      37.22322 
-6.978722      37.22903 
-6.9755        37.23258 
-6.970722      37.22911 
-6.964111      37.21925 
-6.959944      37.21667 
-6.958972      37.21945 
-6.962167      37.23011 
-6.960195      37.24006 
-6.962083      37.24753 
-6.966417      37.25461 
-6.969389      37.25945 
-6.974778      37.26317 
-6.975778      37.26564 
-6.970611      37.26661 
-6.969333      37.2682 
-6.971389      37.27361 
-6.971472      37.28922 
-6.979         37.305 
-6.978556      37.31189 
-6.973834      37.3192 
-6.971194      37.31836 
-6.970278      37.31267 
-6.972472      37.30617 
-6.965445      37.27958 
-6.962639      37.28084 
-6.958305      37.2885 
-6.956944      37.29092 
-6.954167      37.29239 
-6.951222      37.29136 
-6.948861      37.28525 
-6.951611      37.2785 
-6.959694      37.27017 
-6.959833      37.26281 
-6.954444      37.24442 
-6.952361      37.22911 
-6.951416      37.22711 
-6.944833      37.21333 
-6.94          37.21398 
-6.934528      37.21836 
-6.928444      37.22322 
-6.914667      37.23819 
-6.884861      37.27061 
-6.879778      37.27617 
-6.874556      37.28531 
-6.868583      37.29081 
-6.861028      37.29347 
-6.848         37.30189 
-6.842528      37.30142 
-6.8375        37.29861 
-6.842417      37.29475 
-6.849972      37.29631 
-6.858222      37.29264 
-6.867611      37.28197 
-6.87125       37.27786 
-6.872222      37.27358 
-6.872528      37.27228 
-6.873083      37.26975 
-6.876722      37.2632 
-6.930111      37.21364 
-6.932944      37.21103 
-6.934444      37.20731 
-6.933055      37.20322 
-6.918472      37.1845 
-6.912694      37.17989 
-6.892334      37.16367 
-6.871972      37.1532 
-6.8522, 37.1449
-6.8404 , 37.1544
 1             9 
 2 
 -9998.0  ,   -9997.0
  -925.1  ,    -405.1
 53 
-5.941611      35.71414 
-5.9316 , 35.6993
-5.9195 , 35.6848
-5.9058 , 35.6719
-5.8906 , 35.6609
-5.8741 , 35.6518
-5.8566 , 35.6448
-5.8383 , 35.6402
-5.8196 , 35.6378
-5.8008 , 35.6378
-5.7821 , 35.6402
-5.7638 , 35.6448
-5.7463 , 35.6518
-5.7298 , 35.6609
-5.7146 , 35.6719
-5.7009 , 35.6848
-5.6888 , 35.6993
-5.6788 , 35.7152
-5.6707 , 35.7323
-5.6649 , 35.7502
-5.6614 , 35.7687
-5.6602 , 35.7875
-5.6614 , 35.8063
-5.6649 , 35.8248
-5.6707 , 35.8427
-5.6707 , 35.8427
-5.686778      35.84583 
-5.690139      35.84659 
-5.705167      35.84225 
-5.718361      35.8412 
-5.729778      35.83217 
-5.738083      35.82869 
-5.744056      35.82417 
-5.758695      35.8047 
-5.766         35.79805 
-5.777861      35.79267 
-5.788         35.79331 
-5.793667      35.80069 
-5.800611      35.80486 
-5.807278      35.80533 
-5.814445      35.80583 
-5.832667      35.81081 
-5.842556      35.81167 
-5.852278      35.80886 
-5.87225       35.80872 
-5.887389      35.81378 
-5.898611      35.813 
-5.914861      35.80539 
-5.923528      35.79825 
-5.9245        35.79631 
-5.933306      35.77845 
-5.933667      35.77578 
-5.941611      35.71414 
 1             10 
 2 
 -9998.0  ,   -9997.0
  -800.1  ,      -1.0
 51 
-5.4965 , 37.4703
-5.4977 , 37.4891
-5.5012 , 37.5076
-5.507 , 37.5255
-5.5151 , 37.5426
-5.5251 , 37.5585
-5.5372 , 37.573
-5.5509 , 37.5859
-5.5661 , 37.597
-5.5826 , 37.606
-5.6001 , 37.613
-5.6184 , 37.6176
-5.6371 , 37.62
-5.6559 , 37.62
-5.6746 , 37.6176
-5.6929 , 37.613
-5.7104 , 37.606
-5.7269 , 37.597
-5.7421 , 37.5859
-5.7558 , 37.573
-5.7679 , 37.5585
-5.7779 , 37.5426
-5.786 , 37.5255
-5.7918 , 37.5076
-5.7953 , 37.4891
-5.7965 , 37.4703
-5.7953 , 37.4515
-5.7918 , 37.433
-5.786 , 37.4151
-5.7779 , 37.398
-5.7679 , 37.3821
-5.7558 , 37.3676
-5.7421 , 37.3547
-5.7269 , 37.3437
-5.7104 , 37.3346
-5.6929 , 37.3276
-5.6746 , 37.323
-5.6559 , 37.3206
-5.6371 , 37.3206
-5.6184 , 37.323
-5.6001 , 37.3276
-5.5826 , 37.3346
-5.5661 , 37.3437
-5.5509 , 37.3547
-5.5372 , 37.3676
-5.5251 , 37.3821
-5.5151 , 37.398
-5.507 , 37.4151
-5.5012 , 37.433
-5.4977 , 37.4515
-5.4965 , 37.4703
