 1 
 1             1 
1
 -9999.0   ,   9990.0 
 437 
 25           -33.97987 
 24.9858      -33.98395 
 24.96009     -33.99293 
 24.93365     -34.00832 
 24.92847     -34.01135 
 24.9261      -34.0187 
 24.92679     -34.02786 
 24.93024     -34.03768 
 24.92581     -34.07185 
 24.92075     -34.08381 
 24.91281     -34.08664 
 24.90493     -34.09359 
 24.89175     -34.10414 
 24.84639     -34.14044 
 24.84034     -34.14095 
 24.81078     -34.13573 
 24.78074     -34.11001 
 24.77194     -34.10804 
 24.78146     -34.11521 
 24.80979     -34.1433 
 24.81532     -34.14508 
 24.82441     -34.145 
 24.83465     -34.14765 
 24.83605     -34.14969 
 24.83442     -34.17078 
 24.83523     -34.17191 
 24.83751     -34.1751 
 24.85057     -34.18231 
 24.85588     -34.18775 
 24.85788     -34.19254 
 24.85545     -34.19578 
 24.83619     -34.19871 
 24.83404     -34.20262 
 24.83718     -34.21038 
 24.83641     -34.21451 
 24.83034     -34.21434 
 24.79981     -34.19997 
 24.78986     -34.19823 
 24.77887     -34.20107 
 24.77197     -34.20045 
 24.7692      -34.19969 
 24.73572     -34.19047 
 24.72717     -34.18962 
 24.71974     -34.19083 
 24.71427     -34.19477 
 24.70628     -34.1953 
 24.69578     -34.19286 
 24.68243     -34.18335 
 24.66748     -34.17798 
 24.64537     -34.17266 
 24.62827     -34.17211 
 24.61264     -34.17933 
 24.60199     -34.18812 
 24.59786     -34.18837 
 24.57738     -34.1812 
 24.56139     -34.18086 
 24.54867     -34.17705 
 24.50038     -34.17143 
 24.48823     -34.16876 
 24.48691     -34.16818 
 24.47854     -34.16448 
 24.44361     -34.14179 
 24.43503     -34.13818 
 24.41237     -34.1303 
 24.40518     -34.12645 
 24.39268     -34.11461 
 24.3841      -34.10917 
 24.37775     -34.1076 
 24.36011     -34.10655 
 24.33502     -34.10257 
 24.31382     -34.10222 
 24.29641     -34.09383 
 24.28127     -34.09459 
 24.2498      -34.08322 
 24.23435     -34.07763 
 24.20594     -34.06928 
 24.19766     -34.06519 
 24.19514     -34.05833 
 24.188       -34.06134 
 24.1814      -34.06205 
 24.14559     -34.05738 
 24.13431     -34.05673 
 24.11808     -34.05839 
 24.10374     -34.05409 
 24.08365     -34.05301 
 24.07373     -34.0496 
 24.06367     -34.04648 
 24.02386     -34.04492 
 23.99271     -34.03471 
 23.97425     -34.03087 
 23.95388     -34.02956 
 23.94176     -34.02615 
 23.91653     -34.02184 
 23.90258     -34.01945 
 23.89028     -34.02239 
 23.85311     -34.01582 
 23.82917     -34.0138 
 23.81493     -34.00857 
 23.78568     -34.00768 
 23.76053     -34.0011 
 23.73228     -33.9924 
 23.71412     -33.98875 
 23.68275     -33.98327 
 23.6657      -33.9819 
 23.65112     -33.97847 
 23.64303     -33.97882 
 23.59556     -33.98029 
 23.58126     -33.98281 
 23.56998     -33.98028 
 23.56308     -33.98086 
 23.5455      -33.98576 
 23.5378      -33.99011 
 23.52679     -33.99925 
 23.49928     -33.99968 
 23.48525     -34.00332 
 23.46957     -34.00216 
 23.45829     -34.00306 
 23.43351     -34.00919 
 23.42218     -34.01404 
 23.41644     -34.01649 
 23.39584     -34.03094 
 23.38225     -34.04664 
 23.3768      -34.06632 
 23.37306     -34.08622 
 23.3747      -34.09172 
 23.38075     -34.0954 
 23.39148     -34.0984 
 23.40635     -34.10049 
 23.41158     -34.10347 
 23.4124      -34.10531 
 23.40964     -34.1069 
 23.40028     -34.10643 
 23.37606     -34.09791 
 23.37055     -34.09858 
 23.3631      -34.10246 
 23.35154     -34.10174 
 23.33943     -34.0985 
 23.32318     -34.09755 
 23.27525     -34.09809 
 23.2703      -34.09716 
 23.26151     -34.09072 
 23.256       -34.08956 
 23.24553     -34.09182 
 23.22711     -34.08511 
 23.22077     -34.08463 
 23.21223     -34.08621 
 23.19355     -34.08422 
 23.16764     -34.08146 
 23.14286     -34.08181 
 23.13077     -34.07672 
 23.08365     -34.08177 
 23.07374     -34.08127 
 23.06714     -34.0794 
 23.06248     -34.07595 
 23.0551      -34.06385 
 23.05267     -34.05987 
 23.06118     -34.06427 
 23.06423     -34.06062 
 23.0587      -34.0438 
 23.05721     -34.03952 
 23.05392     -34.03745 
 23.05335     -34.04065 
 23.05858     -34.04851 
 23.05356     -34.05026 
 23.0489      -34.04841 
 23.04179     -34.04013 
 23.03384     -34.0362 
 23.01292     -34.03677 
 23.0039      -34.02803 
 22.99758     -34.02639 
 22.9954      -34.02386 
 22.99518     -34.01584 
 22.98855     -34.01901 
 22.9852      -34.02541 
 22.98764     -34.03045 
 22.99477     -34.03393 
 22.99942     -34.03876 
 23.00105     -34.04197 
 22.99798     -34.04745 
 23.00016     -34.0509 
 23.01859     -34.05214 
 23.03863     -34.0598 
 23.04959     -34.06833 
 23.05363     -34.07416 
 23.05532     -34.0766 
 23.05721     -34.08233 
 23.04729     -34.08228 
 23.03743     -34.07559 
 23.01737     -34.06931 
 23.01104     -34.06859 
 22.9843      -34.07325 
 22.97656     -34.07664 
 22.97517     -34.07938 
 22.97732     -34.08649 
 22.97593     -34.08785 
 22.95753     -34.08133 
 22.94204     -34.07108 
 22.94149     -34.07093 
 22.88395     -34.0557 
 22.85783     -34.05118 
 22.79857     -34.03039 
 22.78074     -34.02523 
 22.77467     -34.02656 
 22.76553     -34.03244 
 22.75317     -34.03029 
 22.71122     -34.01577 
 22.6557      -34.0069 
 22.62964     -34.00273 
 22.62059     -34.00105 
 22.61835     -33.99909 
 22.57194     -33.99672 
 22.56394     -33.99894 
 22.55391     -34.00616 
 22.53506     -34.01973 
 22.51345     -34.03074 
 22.49371     -34.04498 
 22.48624     -34.04834 
 22.4777      -34.04848 
 22.46589     -34.04653 
 22.45761     -34.04805 
 22.44071     -34.05589 
 22.43106     -34.0566 
 22.41038     -34.05924 
 22.40185     -34.05847 
 22.39419     -34.05541 
 22.38341     -34.05804 
 22.37049     -34.05699 
 22.35341     -34.05335 
 22.32679     -34.05192 
 22.31308     -34.0488 
 22.26431     -34.05143 
 22.23594     -34.05824 
 22.18269     -34.07449 
 22.16772     -34.08071 
 22.15574     -34.08857 
 22.14291     -34.10027 
 22.13221     -34.11002 
 22.12659     -34.11903 
 22.11572     -34.13843 
 22.11457     -34.15651 
 22.11916     -34.16183 
 22.13499     -34.17028 
 22.14813     -34.17571 
 22.16381     -34.17774 
 22.16569     -34.18052 
 22.16177     -34.18436 
 22.12827     -34.1972 
 22.119       -34.20075 
 22.09997     -34.20096 
 22.09353     -34.20592 
 22.08691     -34.20606 
 22.07263     -34.20243 
 22.04587     -34.20276 
 22.01349     -34.2085 
 21.98825     -34.21547 
 21.98344     -34.21787 
 21.9822      -34.21849 
 21.96051     -34.22641 
 21.93985     -34.23824 
 21.92916     -34.24724 
 21.90984     -34.27283 
 21.90712     -34.2831 
 21.90765     -34.28441 
 21.91157     -34.29416 
 21.93544     -34.30117 
 21.93788     -34.30304 
 21.91222     -34.31502 
 21.90658     -34.31997 
 21.90281     -34.32816 
 21.90326     -34.33275 
 21.90807     -34.34015 
 21.90298     -34.34557 
 21.89769     -34.34732 
 21.88885     -34.34719 
 21.86796     -34.33724 
 21.85762     -34.3357 
 21.84969     -34.33214 
 21.83239     -34.31606 
 21.82732     -34.30841 
 21.83235     -34.2936 
 21.82963     -34.29196 
 21.82191     -34.30328 
 21.82231     -34.31017 
 21.83791     -34.32829 
 21.84712     -34.33599 
 21.86864     -34.34168 
 21.87478     -34.34628 
 21.87739     -34.35319 
 21.87506     -34.35843 
 21.87141     -34.36089 
 21.85066     -34.36725 
 21.84582     -34.36873 
 21.83153     -34.37698 
 21.81955     -34.38114 
 21.79844     -34.38583 
 21.75885     -34.38862 
 21.7301      -34.39982 
 21.72344     -34.40085 
 21.7144      -34.39749 
 21.70802     -34.39732 
 21.69175     -34.39687 
 21.65211     -34.39046 
 21.58819     -34.3719 
 21.56592     -34.36738 
 21.5616      -34.36593 
 21.5399      -34.35865 
 21.52776     -34.35796 
 21.51556     -34.3598 
 21.48606     -34.36726 
 21.46606     -34.37123 
 21.45027     -34.37253 
 21.42802     -34.3776 
 21.41631     -34.37181 
 21.40907     -34.35363 
 21.40607     -34.35243 
 21.40735     -34.36574 
 21.41008     -34.37015 
 21.417       -34.37647 
 21.42518     -34.39015 
 21.42286     -34.39377 
 21.41447     -34.39727 
 21.41091     -34.4059 
 21.40312     -34.40925 
 21.40223     -34.40963 
 21.38978     -34.41007 
 21.38087     -34.41219 
 21.36677     -34.42153 
 21.34851     -34.42185 
 21.33476     -34.42867 
 21.32878     -34.43474 
 21.31297     -34.43602 
 21.29071     -34.4406 
 21.28384     -34.43909 
 21.26458     -34.43097 
 21.24724     -34.42366 
 21.22605     -34.42024 
 21.20963     -34.41485 
 21.19277     -34.40555 
 21.14351     -34.38959 
 21.1241      -34.38504 
 21.07986     -34.37466 
 21.04601     -34.37023 
 21.02577     -34.37206 
 21.00434     -34.36813 
 21.00335     -34.36467 
 21.00692     -34.35696 
 21.00467     -34.34763 
 21.00141     -34.3462 
 21.00013     -34.36184 
 20.99808     -34.36523 
 20.99112     -34.3669 
 20.97043     -34.36551 
 20.93993     -34.36846 
 20.91274     -34.37148 
 20.89352     -34.37583 
 20.88006     -34.38123 
 20.87426     -34.3851 
 20.84722     -34.40312 
 20.84416     -34.40373 
 20.84039     -34.40089 
 20.82962     -34.4004 
 20.80816     -34.40355 
 20.79788     -34.40652 
 20.78823     -34.40677 
 20.76271     -34.39549 
 20.75419     -34.39531 
 20.75139     -34.39662 
 20.78566     -34.40991 
 20.79277     -34.4112 
 20.81413     -34.40619 
 20.84085     -34.41144 
 20.84788     -34.41574 
 20.8569      -34.42673 
 20.86288     -34.42985 
 20.86658     -34.44254 
 20.86438     -34.45033 
 20.8631      -34.45484 
 20.85724     -34.46432 
 20.85023     -34.4669 
 20.84584     -34.47344 
 20.84109     -34.47469 
 20.80439     -34.47173 
 20.73159     -34.4564 
 20.72283     -34.45456 
 20.69715     -34.45321 
 20.67        -34.45389 
 20.66041     -34.45157 
 20.64158     -34.452 
 20.57391     -34.46178 
 20.56784     -34.46265 
 20.52681     -34.4714 
 20.51191     -34.47719 
 20.49234     -34.48903 
 20.46593     -34.49884 
 20.45065     -34.5069 
 20.43832     -34.51518 
 20.43329     -34.51856 
 20.41736     -34.53554 
 20.41278     -34.55282 
 20.4046      -34.56314 
 20.39197     -34.57378 
 20.36426     -34.58721 
 20.33444     -34.59759 
 20.33369     -34.59817 
 20.32756     -34.60289 
 20.31609     -34.6186 
 20.28334     -34.6259 
 20.27571     -34.62912 
 20.23757     -34.65184 
 20.22917     -34.66007 
 20.2275      -34.67309 
 20.22819     -34.6759 
 20.23151     -34.68948 
 20.2307      -34.69541 
 20.20888     -34.69293 
 20.20051     -34.69383 
 20.14437     -34.70818 
 20.10851     -34.72154 
 20.09491     -34.72754 
 20.07342     -34.74223 
 20.05948     -34.75578 
 20.04663     -34.77308 
 20.0435      -34.7773 
 20.0412      -34.78502 
 20.04406     -34.80161 
 20.04727     -34.80423 
 20.05307     -34.8051 
 20.0587      -34.80986 
 20.05931     -34.81469 
 20.05511     -34.82144 
 20.04827     -34.82512 
 20.02943     -34.82362 
 20.02442     -34.82988 
 20.01283     -34.8341 
 20.00533     -34.83983 
 20.00458     -34.83973 
 20           -34.83909 
