 5 
 1             1 
 2 
 -9998.0  ,   -9997.0
  1999.0  ,    9990.0
 49 
 30           -6.775186 
 30.02317     -6.792657 
 30.08506     -6.836075 
 30.08695     -6.838324 
 30.09497     -6.847867 
 30.14081     -6.889933 
 30.17435     -6.9293 
 30.18375     -6.940332 
 30.22139     -6.995228 
 30.23257     -7.016803 
 30.23856     -7.021798 
 30.24542     -7.033102 
 30.25485     -7.048671 
 30.27054     -7.074955 
 30.30319     -7.136118 
 30.30575     -7.143917 
 30.3093      -7.154766 
 30.35889     -7.247829 
 30.36164     -7.256894 
 30.36931     -7.282168 
 30.37475     -7.292211 
 30.39886     -7.361446 
 30.40476     -7.375414 
 30.42286     -7.418212 
 30.45434     -7.479062 
 30.459       -7.489403 
 30.47923     -7.534328 
 30.51381     -7.603173 
 30.52225     -7.619986 
 30.54018     -7.66136 
 30.54112     -7.666988 
 30.56245     -7.719498 
 30.57521     -7.750932 
 30.60614     -7.837934 
 30.62714     -7.896992 
 30.63912     -7.933263 
 30.64559     -7.957787 
 30.65162     -7.980675 
 30.67979     -8 
 30.68432     -8.00679 
 30.71126     -8.065302 
 30.72831     -8.09492 
 30.73301     -8.10307 
 30.73866     -8.109821 
 30.74875     -8.14189 
 30.75669     -8.178979 
 30.75637     -8.184713 
 30.76901     -8.212749 
 30.77425     -8.224361 
 1             2 
 2 
 -9998.0  ,   -9997.0
  1999.0  ,    9990.0
 29 
 30           -8.316212 
 30.12331     -8.312075 
 30.13524     -8.30951 
 30.14299     -8.307841 
 30.21439     -8.300179 
 30.25279     -8.293977 
 30.26092     -8.293941 
 30.26317     -8.293932 
 30.2826      -8.290604 
 30.29251     -8.290778 
 30.29253     -8.289861 
 30.35194     -8.28172 
 30.36579     -8.281044 
 30.3857      -8.278022 
 30.42822     -8.271562 
 30.44004     -8.267861 
 30.4474      -8.269365 
 30.51066     -8.260735 
 30.53269     -8.257725 
 30.53673     -8.256629 
 30.55423     -8.251888 
 30.57956     -8.253688 
 30.59739     -8.249163 
 30.63553     -8.244755 
 30.66693     -8.241123 
 30.71294     -8.233376 
 30.76106     -8.227486 
 30.76931     -8.226475 
 30.77425     -8.224361 
 1             3 
 2 
 -9998.0  ,   -9997.0
  1999.0  ,    9990.0
 206 
 32.95351     -9.401446 
 32.93153     -9.399659 
 32.92507     -9.397079 
 32.91109     -9.37881 
 32.90382     -9.390701 
 32.89596     -9.389256 
 32.89299     -9.384176 
 32.89244     -9.365789 
 32.88271     -9.367086 
 32.86738     -9.373852 
 32.86538     -9.373225 
 32.86137     -9.371964 
 32.84871     -9.363584 
 32.82795     -9.354446 
 32.80953     -9.342799 
 32.79979     -9.328457 
 32.79049     -9.322182 
 32.78381     -9.318449 
 32.7764      -9.319304 
 32.76829     -9.317944 
 32.76835     -9.31211 
 32.76605     -9.307279 
 32.76085     -9.296418 
 32.75193     -9.28485 
 32.74571     -9.281118 
 32.73589     -9.280303 
 32.72101     -9.274007 
 32.70852     -9.272518 
 32.66152     -9.274852 
 32.65411     -9.273632 
 32.64673     -9.272419 
 32.6191      -9.257918 
 32.59558     -9.248506 
 32.58449     -9.246336 
 32.57385     -9.246466 
 32.5511      -9.253604 
 32.54091     -9.254656 
 32.53852     -9.248038 
 32.5355      -9.239669 
 32.49871     -9.190601 
 32.48663     -9.172331 
 32.49352     -9.153097 
 32.48203     -9.145021 
 32.47629     -9.140981 
 32.46086     -9.133706 
 32.44769     -9.132198 
 32.4314      -9.118252 
 32.41195     -9.120815 
 32.40869     -9.122391 
 32.40246     -9.121409 
 32.38739     -9.124933 
 32.3728      -9.126164 
 32.36458     -9.12868 
 32.3619      -9.129501 
 32.32648     -9.132125 
 32.30892     -9.130106 
 32.27375     -9.131576 
 32.26702     -9.133574 
 32.25756     -9.131177 
 32.24675     -9.125318 
 32.24283     -9.124817 
 32.24057     -9.123005 
 32.22631     -9.111544 
 32.20721     -9.102839 
 32.17901     -9.079558 
 32.17073     -9.075102 
 32.16139     -9.061675 
 32.1468      -9.063813 
 32.13636     -9.062533 
 32.12209     -9.060784 
 32.10943     -9.055589 
 32.09144     -9.051484 
 32.06091     -9.051372 
 32.03217     -9.05702 
 32.01593     -9.062348 
 32.01531     -9.065936 
 32.01495     -9.068 
 32.00935     -9.071693 
 31.99611     -9.076138 
 31.98438     -9.071176 
 31.97335     -9.064617 
 31.96994     -9.059752 
 31.96123     -9.052758 
 31.95401     -9.037051 
 31.94486     -9.028443 
 31.93666     -9.018008 
 31.93905     -9.011602 
 31.93865     -9.006084 
 31.93693     -9.000579 
 31.93129     -8.982564 
 31.93804     -8.959208 
 31.94726     -8.941626 
 31.94708     -8.9368 
 31.89443     -8.912978 
 31.8935      -8.912655 
 31.86842     -8.903938 
 31.82972     -8.892904 
 31.82974     -8.891756 
 31.82167     -8.89028 
 31.80411     -8.889378 
 31.7796      -8.890685 
 31.77136     -8.893586 
 31.76637     -8.895347 
 31.7568      -8.90304 
 31.74948     -8.915124 
 31.73928     -8.918611 
 31.73794     -8.919989 
 31.73475     -8.923262 
 31.72861     -8.916059 
 31.72516     -8.914634 
 31.70871     -8.917399 
 31.69994     -8.91636 
 31.69214     -8.912119 
 31.67991     -8.911264 
 31.67352     -8.904744 
 31.66895     -8.897145 
 31.65861     -8.87996 
 31.6292      -8.868069 
 31.61039     -8.857701 
 31.60009     -8.846951 
 31.5982      -8.845951 
 31.58475     -8.838832 
 31.57639     -8.823562 
 31.57482     -8.820093 
 31.56988     -8.809234 
 31.57895     -8.786841 
 31.58298     -8.761167 
 31.58202     -8.745534 
 31.57048     -8.709552 
 31.56299     -8.701725 
 31.55157     -8.689779 
 31.54235     -8.688281 
 31.53617     -8.683606 
 31.52674     -8.680954 
 31.50408     -8.682722 
 31.4969      -8.684693 
 31.48952     -8.684136 
 31.4751      -8.66345 
 31.47398     -8.655483 
 31.46514     -8.646704 
 31.45873     -8.640335 
 31.45207     -8.638171 
 31.43981     -8.639601 
 31.41305     -8.638292 
 31.40481     -8.633119 
 31.39814     -8.631414 
 31.39227     -8.622372 
 31.38606     -8.605055 
 31.3776      -8.59919 
 31.37501     -8.587209 
 31.3719      -8.587767 
 31.36437     -8.589119 
 31.36199     -8.593448 
 31.36397     -8.599907 
 31.36318     -8.606785 
 31.36131     -8.608364 
 31.35739     -8.608077 
 31.34965     -8.616054 
 31.3468      -8.616277 
 31.33531     -8.612442 
 31.32832     -8.617627 
 31.32447     -8.612062 
 31.3199      -8.608782 
 31.31038     -8.612554 
 31.29397     -8.630009 
 31.28138     -8.631053 
 31.27502     -8.631579 
 31.26589     -8.623641 
 31.26434     -8.619255 
 31.25864     -8.613662 
 31.25714     -8.605373 
 31.25259     -8.600946 
 31.248       -8.599042 
 31.2367      -8.598422 
 31.22736     -8.589561 
 31.21145     -8.587496 
 31.20986     -8.588059 
 31.19335     -8.593896 
 31.18753     -8.597486 
 31.1837      -8.606248 
 31.18324     -8.607301 
 31.18019     -8.610472 
 31.16011     -8.626029 
 31.14964     -8.631389 
 31.13646     -8.632804 
 31.10048     -8.629749 
 31.07797     -8.621837 
 31.06917     -8.615446 
 31.05924     -8.608238 
 31.04981     -8.605571 
 31.02808     -8.592154 
 31.01054     -8.576502 
 30.9781      -8.538346 
 30.97563     -8.533526 
 30.97407     -8.530476 
 30.95298     -8.505581 
 30.94987     -8.497724 
 30.93176     -8.474482 
 30.91111     -8.451431 
 30.89856     -8.433906 
 30.88717     -8.417991 
 30.87831     -8.408668 
 30.82321     -8.332508 
 30.80741     -8.310655 
 30.78884     -8.259618 
 30.77425     -8.224361 
 1             4 
 2 
 -9998.0  ,   -9997.0
  1999.0  ,    9990.0
 91 
 33.33331     -10 
 33.33419     -9.997274 
 33.33872     -9.986462 
 33.34504     -9.971367 
 33.34632     -9.951606 
 33.34939     -9.943118 
 33.35732     -9.937193 
 33.36575     -9.925754 
 33.37576     -9.920302 
 33.37903     -9.915956 
 33.38164     -9.906548 
 33.37066     -9.882798 
 33.37015     -9.878222 
 33.36825     -9.861172 
 33.36527     -9.856096 
 33.35835     -9.849154 
 33.35309     -9.837856 
 33.34574     -9.827463 
 33.33719     -9.822578 
 33.32908     -9.822295 
 33.30802     -9.815028 
 33.30064     -9.809 
 33.28951     -9.810075 
 33.28443     -9.806592 
 33.28335     -9.805101 
 33.2796      -9.799891 
 33.2724      -9.767891 
 33.26322     -9.754267 
 33.23648     -9.731783 
 33.22592     -9.716538 
 33.22503     -9.699022 
 33.22429     -9.684577 
 33.22728     -9.654487 
 33.21903     -9.641558 
 33.21681     -9.627749 
 33.21315     -9.620139 
 33.19565     -9.605534 
 33.18059     -9.604736 
 33.17468     -9.607034 
 33.15735     -9.613762 
 33.15156     -9.61349 
 33.14139     -9.610427 
 33.13374     -9.61106 
 33.12547     -9.601576 
 33.1213      -9.600855 
 33.11289     -9.610216 
 33.10862     -9.623515 
 33.10879     -9.632251 
 33.11479     -9.636432 
 33.11865     -9.646345 
 33.11123     -9.647899 
 33.11106     -9.654502 
 33.1109      -9.660998 
 33.10312     -9.678409 
 33.10145     -9.685521 
 33.09935     -9.687344 
 33.0931      -9.686378 
 33.08619     -9.679431 
 33.08259     -9.665152 
 33.07043     -9.648511 
 33.06243     -9.634659 
 33.05781     -9.632555 
 33.05039     -9.632728 
 33.04366     -9.641579 
 33.03822     -9.648724 
 33.02778     -9.650482 
 33.00514     -9.640652 
 33.00282     -9.612132 
 33.00454     -9.598815 
 33.00832     -9.588961 
 33.00789     -9.58436 
 33.0119      -9.575198 
 33.01122     -9.560005 
 33.01111     -9.557724 
 33.02403     -9.535531 
 33.02851     -9.524764 
 33.02679     -9.507283 
 33.02221     -9.501042 
 33.01228     -9.495909 
 32.99423     -9.494618 
 32.98846     -9.491583 
 32.98227     -9.48441 
 32.97534     -9.481367 
 32.96954     -9.482701 
 32.96676     -9.484096 
 32.95373     -9.490618 
 32.94774     -9.486663 
 32.94359     -9.425726 
 32.94718     -9.411736 
 32.95326     -9.404202 
 32.95351     -9.401446 
 1             5 
 2 
 -9998.0  ,   -9997.0
  1999.0  ,    9990.0
 193 
 34.51365     -10 
 34.50959     -9.993629 
 34.5066      -9.983274 
 34.50153     -9.976361 
 34.49319     -9.972424 
 34.48903     -9.967123 
 34.48051     -9.960743 
 34.47793     -9.958807 
 34.47099     -9.950278 
 34.45804     -9.941267 
 34.45274     -9.930903 
 34.42873     -9.900702 
 34.39592     -9.86751 
 34.39384     -9.865402 
 34.36225     -9.819076 
 34.34454     -9.806501 
 34.33554     -9.795466 
 34.33069     -9.786944 
 34.32749     -9.770846 
 34.32474     -9.766036 
 34.31919     -9.756337 
 34.30602     -9.740206 
 34.27018     -9.710439 
 34.24801     -9.686691 
 34.24658     -9.683615 
 34.24576     -9.681837 
 34.23819     -9.674648 
 34.20422     -9.642352 
 34.19636     -9.637949 
 34.1747      -9.612109 
 34.16568     -9.607241 
 34.15531     -9.59731 
 34.14485     -9.590089 
 34.13822     -9.585508 
 34.13569     -9.580671 
 34.11194     -9.557804 
 34.10272     -9.549256 
 34.09209     -9.543228 
 34.07573     -9.526601 
 34.06694     -9.524489 
 34.06233     -9.521019 
 34.05774     -9.511572 
 34.05382     -9.507186 
 34.05307     -9.506411 
 34.04254     -9.495639 
 34.0363      -9.49193 
 34.01508     -9.494536 
 34.01437     -9.494949 
 33.98614     -9.511237 
 33.96476     -9.528381 
 33.95472     -9.546264 
 33.95406     -9.548107 
 33.94535     -9.572193 
 33.94623     -9.581391 
 33.95556     -9.596684 
 33.9564      -9.598072 
 33.95926     -9.600616 
 33.95856     -9.604981 
 33.96666     -9.621764 
 33.96712     -9.627051 
 33.95737     -9.643359 
 33.95494     -9.664164 
 33.95434     -9.669325 
 33.95039     -9.677824 
 33.94351     -9.705051 
 33.94324     -9.70613 
 33.93895     -9.711681 
 33.93133     -9.706591 
 33.92135     -9.709304 
 33.91372     -9.703063 
 33.91909     -9.695042 
 33.91702     -9.691126 
 33.89921     -9.684836 
 33.88816     -9.676679 
 33.86225     -9.657541 
 33.85831     -9.656375 
 33.84747     -9.6446 
 33.84305     -9.64225 
 33.83569     -9.638337 
 33.82781     -9.63692 
 33.81603     -9.629048 
 33.81468     -9.621455 
 33.8034      -9.607379 
 33.79136     -9.604561 
 33.79065     -9.603779 
 33.77615     -9.587706 
 33.76389     -9.582588 
 33.75482     -9.583428 
 33.73867     -9.584922 
 33.73033     -9.586746 
 33.72337     -9.590409 
 33.71362     -9.599814 
 33.70177     -9.618408 
 33.69182     -9.610806 
 33.68973     -9.609973 
 33.68487     -9.608034 
 33.67468     -9.607784 
 33.66934     -9.609382 
 33.66124     -9.608218 
 33.65128     -9.602451 
 33.64572     -9.60221 
 33.6288      -9.605851 
 33.62186     -9.598022 
 33.61421     -9.597317 
 33.60496     -9.589713 
 33.59801     -9.587629 
 33.59293     -9.581412 
 33.58783     -9.580941 
 33.5825      -9.582998 
 33.57652     -9.587321 
 33.57205     -9.590557 
 33.55259     -9.591429 
 33.54213     -9.613757 
 33.53214     -9.617808 
 33.53097     -9.622171 
 33.52494     -9.622156 
 33.51983     -9.626969 
 33.51311     -9.626721 
 33.4976      -9.620478 
 33.48855     -9.625281 
 33.47359     -9.621654 
 33.46461     -9.619476 
 33.46044     -9.619728 
 33.44028     -9.612694 
 33.43014     -9.603666 
 33.42854     -9.600208 
 33.42254     -9.597182 
 33.41885     -9.593481 
 33.42306     -9.586842 
 33.42289     -9.577876 
 33.41923     -9.56935 
 33.4098      -9.558489 
 33.39781     -9.549449 
 33.39457     -9.542911 
 33.39255     -9.53884 
 33.38933     -9.535833 
 33.38284     -9.535561 
 33.37064     -9.523991 
 33.36201     -9.522808 
 33.35841     -9.522317 
 33.35352     -9.518031 
 33.34752     -9.507671 
 33.33966     -9.502821 
 33.32974     -9.491529 
 33.32511     -9.489906 
 33.31723     -9.491259 
 33.31307     -9.488946 
 33.3082      -9.488472 
 33.30054     -9.492581 
 33.29244     -9.492095 
 33.28686     -9.499201 
 33.28245     -9.501255 
 33.26763     -9.497757 
 33.26072     -9.488082 
 33.25563     -9.486225 
 33.25237     -9.488742 
 33.24519     -9.489406 
 33.238       -9.493287 
 33.22873     -9.494174 
 33.22479     -9.495998 
 33.22133     -9.503388 
 33.21024     -9.508881 
 33.20228     -9.507865 
 33.19695     -9.505548 
 33.18661     -9.497008 
 33.17428     -9.49765 
 33.16989     -9.493957 
 33.15321     -9.494582 
 33.14327     -9.489716 
 33.13519     -9.483482 
 33.12731     -9.482531 
 33.12338     -9.479989 
 33.12132     -9.475155 
 33.1111      -9.464271 
 33.10393     -9.462831 
 33.09636     -9.454034 
 33.07961     -9.449467 
 33.07814     -9.448345 
 33.06598     -9.439098 
 33.04669     -9.418955 
 33.03492     -9.413578 
 33.02732     -9.408004 
 33.02342     -9.402688 
 33.02025     -9.39416 
 33.01245     -9.384677 
 33.01065     -9.377769 
 33.00123     -9.368962 
 32.99591     -9.367541 
 32.99081     -9.368879 
 32.98893     -9.370566 
 32.96773     -9.389609 
 32.96745     -9.395352 
 32.95351     -9.401446 
