 6 
 1             1 
 2 
 -9998.0  ,   -9997.0
  1999.0  ,    9990.0
 8 
-65           -9.42403 
-65.00898     -9.418316 
-65.02336     -9.399527 
-65.02347     -9.389176 
-65.02178     -9.382296 
-65.01349     -9.36537 
-65.00602     -9.359242 
-65           -9.356463 
 1             2 
 2 
 -9998.0  ,   -9997.0
  1999.0  ,    9990.0
 99 
-66.79708     -9.826147 
-66.77919     -9.796797 
-66.76856     -9.785019 
-66.7434      -9.763829 
-66.72935     -9.755098 
-66.70692     -9.743981 
-66.70481     -9.743085 
-66.67728     -9.731376 
-66.64374     -9.720904 
-66.58517     -9.709006 
-66.58263     -9.708622 
-66.52641     -9.700091 
-66.49101     -9.687791 
-66.46741     -9.675525 
-66.46285     -9.671051 
-66.45495     -9.663304 
-66.44425     -9.646916 
-66.42824     -9.615891 
-66.41641     -9.585945 
-66.40961     -9.55789 
-66.40525     -9.539888 
-66.40426     -9.521501 
-66.40003     -9.502479 
-66.39493     -9.488069 
-66.37259     -9.451165 
-66.36336     -9.443927 
-66.35736     -9.439219 
-66.32288     -9.424584 
-66.28338     -9.414164 
-66.25281     -9.412342 
-66.24216     -9.413194 
-66.22785     -9.414339 
-66.17783     -9.426608 
-66.11996     -9.425877 
-66.11643     -9.425314 
-66.09098     -9.421252 
-66.00208     -9.403018 
-65.99213     -9.402474 
-65.99137     -9.402255 
-65.96866     -9.395686 
-65.94631     -9.386349 
-65.93633     -9.383964 
-65.9197      -9.384662 
-65.88745     -9.395014 
-65.87117     -9.403958 
-65.84749     -9.416969 
-65.83075     -9.427784 
-65.76628     -9.475331 
-65.76431     -9.476779 
-65.72181     -9.499904 
-65.65145     -9.529586 
-65.64125     -9.533882 
-65.61866     -9.541081 
-65.57758     -9.551055 
-65.5392      -9.552936 
-65.52756     -9.550648 
-65.5074      -9.546677 
-65.486       -9.53982 
-65.47294     -9.531707 
-65.46073     -9.51783 
-65.45023     -9.510834 
-65.41741     -9.496526 
-65.41581     -9.495574 
-65.40528     -9.489317 
-65.37841     -9.468261 
-65.36155     -9.47077 
-65.34135     -9.465498 
-65.30423     -9.444158 
-65.29708     -9.440048 
-65.28185     -9.424362 
-65.27735     -9.415446 
-65.28405     -9.393976 
-65.28383     -9.37673 
-65.27981     -9.369649 
-65.2733      -9.366277 
-65.26497     -9.366608 
-65.259       -9.370819 
-65.24988     -9.381507 
-65.2484      -9.382464 
-65.24299     -9.385959 
-65.23031     -9.389789 
-65.20555     -9.388932 
-65.19036     -9.39624 
-65.16315     -9.404147 
-65.15535     -9.408838 
-65.14871     -9.416274 
-65.14399     -9.428289 
-65.1436      -9.433728 
-65.14219     -9.45315 
-65.12286     -9.503282 
-65.11305     -9.515584 
-65.10387     -9.52305 
-65.09633     -9.532336 
-65.08754     -9.532896 
-65.08248     -9.531785 
-65.06759     -9.528521 
-65.03653     -9.524499 
-65.0103      -9.516972 
-65           -9.515315 
 1             3 
 2 
 -9998.0  ,   -9997.0
  1999.0  ,    9990.0
 56 
-70           -8.341864 
-69.97123     -8.3571 
-69.95558     -8.365385 
-69.8834      -8.401659 
-69.88173     -8.403924 
-69.86499     -8.410719 
-69.85857     -8.414291 
-69.7478      -8.475841 
-69.65016     -8.530035 
-69.64365     -8.5322 
-69.63651     -8.536282 
-69.5353      -8.59408 
-69.52616     -8.598654 
-69.41272     -8.655364 
-69.39371     -8.664864 
-69.39367     -8.666473 
-69.36315     -8.679839 
-69.33816     -8.692634 
-69.33322     -8.696894 
-69.3134      -8.706119 
-69.30089     -8.71282 
-69.18906     -8.772688 
-69.08649     -8.827538 
-69.07701     -8.832202 
-69.05123     -8.844904 
-69.05001     -8.846947 
-69.01072     -8.868125 
-69.00188     -8.871141 
-69           -8.874538 
-68.9047      -8.925914 
-68.7929      -8.986092 
-68.68106     -9.046228 
-68.6352      -9.070874 
-68.56651     -9.100888 
-68.55833     -9.104459 
-68.44928     -9.149921 
-68.33193     -9.198771 
-68.21456     -9.247572 
-68.09713     -9.296326 
-67.97967     -9.345031 
-67.86216     -9.393689 
-67.74461     -9.442298 
-67.62703     -9.49086 
-67.5094      -9.539373 
-67.39173     -9.587838 
-67.33014     -9.613179 
-67.27385     -9.635842 
-67.15573     -9.683345 
-67.03758     -9.730799 
-67.01128     -9.741348 
-66.91974     -9.779059 
-66.88803     -9.792118 
-66.82105     -9.818611 
-66.81066     -9.820404 
-66.80098     -9.824496 
-66.79708     -9.826147 
 1             4 
 2 
 -9998.0  ,   -9997.0
  1999.0  ,    9990.0
 3 
-66.79708     -9.826147 
-66.67932     -9.874732 
-66.62069     -9.897966 
 1             5 
 2 
 -9998.0  ,   -9997.0
  1999.0  ,    9990.0
 20 
-66.76096     -10 
-66.7556      -9.997006 
-66.73835     -9.990793 
-66.73038     -9.985376 
-66.71508     -9.968781 
-66.70603     -9.968672 
-66.69928     -9.966919 
-66.67595     -9.955721 
-66.65521     -9.948398 
-66.6509      -9.942819 
-66.65082     -9.937774 
-66.65033     -9.931838 
-66.64405     -9.930462 
-66.63973     -9.933369 
-66.63483     -9.938506 
-66.62964     -9.936806 
-66.62318     -9.934791 
-66.62265     -9.931119 
-66.62545     -9.917266 
-66.62069     -9.897966 
 1             6 
 2 
 -9998.0  ,   -9997.0
  1999.0  ,    9990.0
 190 
-66.62069     -9.897966 
-66.61626     -9.89316 
-66.60768     -9.892155 
-66.58345     -9.898773 
-66.57555     -9.897984 
-66.56876     -9.894647 
-66.55677     -9.884032 
-66.53845     -9.883186 
-66.53036     -9.885389 
-66.52365     -9.88504 
-66.50916     -9.878148 
-66.50615     -9.878426 
-66.50458     -9.881035 
-66.50321     -9.883308 
-66.49859     -9.884073 
-66.48173     -9.873536 
-66.47198     -9.872316 
-66.46571     -9.87234 
-66.46063     -9.871417 
-66.45226     -9.870174 
-66.44161     -9.870115 
-66.43241     -9.873946 
-66.43086     -9.879492 
-66.43127     -9.89007 
-66.42924     -9.894014 
-66.42208     -9.89528 
-66.41901     -9.891648 
-66.41791     -9.881773 
-66.41023     -9.874388 
-66.40944     -9.873626 
-66.39703     -9.865773 
-66.38683     -9.865017 
-66.38081     -9.866034 
-66.37217     -9.861569 
-66.36196     -9.860352 
-66.35673     -9.852611 
-66.35382     -9.844835 
-66.3454      -9.839449 
-66.33425     -9.838014 
-66.3228      -9.831524 
-66.31513     -9.830495 
-66.30095     -9.836384 
-66.29325     -9.839581 
-66.28744     -9.838061 
-66.27616     -9.828575 
-66.25218     -9.820666 
-66.23638     -9.818381 
-66.22944     -9.818948 
-66.21589     -9.827209 
-66.20501     -9.827606 
-66.20006     -9.822162 
-66.19371     -9.807631 
-66.19117     -9.801821 
-66.17858     -9.796262 
-66.16731     -9.787002 
-66.16126     -9.785022 
-66.15014     -9.785191 
-66.137       -9.789072 
-66.1245      -9.790181 
-66.11592     -9.789849 
-66.1052      -9.78541 
-66.10303     -9.795794 
-66.1032      -9.807065 
-66.10091     -9.809399 
-66.09807     -9.807573 
-66.096       -9.806251 
-66.08425     -9.779052 
-66.07793     -9.774545 
-66.06422     -9.772218 
-66.05701     -9.775619 
-66.04305     -9.782193 
-66.03669     -9.7908 
-66.03201     -9.803523 
-66.0265      -9.806824 
-66.01839     -9.806714 
-66.00861     -9.801484 
-65.99441     -9.799702 
-65.9789      -9.799929 
-65.97145     -9.797048 
-65.9559      -9.780017 
-65.93888     -9.772442 
-65.92728     -9.771458 
-65.92071     -9.76603 
-65.90776     -9.767595 
-65.89941     -9.767025 
-65.89382     -9.764345 
-65.87749     -9.756524 
-65.8724      -9.756597 
-65.86946     -9.761469 
-65.86965     -9.775271 
-65.87168     -9.787895 
-65.8676      -9.794164 
-65.85994     -9.793812 
-65.8511      -9.790945 
-65.83895     -9.783065 
-65.83618     -9.779549 
-65.81886     -9.757464 
-65.81323     -9.750297 
-65.80976     -9.750116 
-65.80704     -9.754754 
-65.808       -9.773836 
-65.80328     -9.784944 
-65.7982      -9.786165 
-65.79121     -9.783041 
-65.78252     -9.774419 
-65.77905     -9.758362 
-65.7805      -9.745 
-65.77945     -9.736272 
-65.77677     -9.727339 
-65.77358     -9.730434 
-65.76809     -9.73574 
-65.76836     -9.75529 
-65.76633     -9.759459 
-65.74841     -9.770289 
-65.74447     -9.770572 
-65.73862     -9.766281 
-65.73506     -9.760118 
-65.71685     -9.748406 
-65.70568     -9.745334 
-65.69225     -9.745978 
-65.68858     -9.748788 
-65.68864     -9.753439 
-65.68871     -9.758676 
-65.70476     -9.763752 
-65.70766     -9.790399 
-65.70615     -9.797781 
-65.70043     -9.802921 
-65.69438     -9.801392 
-65.68726     -9.788604 
-65.68068     -9.782251 
-65.67531     -9.778871 
-65.66905     -9.778728 
-65.65121     -9.788224 
-65.64893     -9.799241 
-65.64505     -9.802284 
-65.63942     -9.798449 
-65.6341      -9.798979 
-65.63        -9.821809 
-65.62326     -9.820288 
-65.61276     -9.814217 
-65.6049      -9.815931 
-65.5992      -9.823138 
-65.5972      -9.830064 
-65.5678      -9.832521 
-65.56558     -9.833402 
-65.56291     -9.834454 
-65.56015     -9.831931 
-65.56289     -9.81096 
-65.55727     -9.806202 
-65.55276     -9.806031 
-65.54823     -9.805859 
-65.54075     -9.800434 
-65.52588     -9.797867 
-65.51313     -9.797341 
-65.5073      -9.793966 
-65.50467     -9.788248 
-65.50489     -9.755612 
-65.50491     -9.752588 
-65.49963     -9.738162 
-65.4903      -9.732761 
-65.4878      -9.717839 
-65.47203     -9.716431 
-65.45849     -9.708551 
-65.43991     -9.684632 
-65.43383     -9.680567 
-65.42502     -9.680678 
-65.42035     -9.681656 
-65.40285     -9.685327 
-65.38491     -9.696131 
-65.37915     -9.697424 
-65.37729     -9.697836 
-65.35966     -9.715076 
-65.35511     -9.740208 
-65.34831     -9.752254 
-65.33698     -9.763982 
-65.33573     -9.76529 
-65.32211     -9.808935 
-65.3178      -9.815889 
-65.30218     -9.827352 
-65.29601     -9.835248 
-65.28971     -9.850741 
-65.29103     -9.863836 
-65.29882     -9.872584 
-65.30888     -9.883866 
-65.32254     -9.902106 
-65.3271      -9.914703 
-65.32691     -9.937712 
-65.31881     -9.976923 
-65.31737     -9.989098 
-65.31608     -10 
