 69 
 1 
 1             1             
1
 -9999.0   ,   9990.0
   7
 14 
25.38956      25.10709
25.38642      25.11492
25.38722      25.11858
25.39283      25.12242
25.40875      25.12311
25.41761      25.1192
25.42547      25.11372
25.42645      25.11072
25.42386      25.10661
25.41928      25.10439
25.40995      25.10475
25.40389      25.10322
25.39406      25.10428
25.38956      25.10709
 1 
 1             2             
1
 -9999.0   ,   9990.0
   7
 15 
28.57458      25.30859
28.56845      25.31247
28.56106      25.31139
28.55636      25.31408
28.55433      25.31945
28.55486      25.32539
28.55175      25.32964
28.5545       25.33436
28.559        25.33328
28.56333      25.32828
28.57011      25.32758
28.57631      25.31909
28.57761      25.31444
28.57586      25.30875
28.57458      25.30859
 1 
 1             3             
1
 -9999.0   ,   9990.0
   7
 20 
28.58075      25.33339
28.57811      25.33692
28.57803      25.34061
28.58142      25.343
28.58967      25.34064
28.595        25.33583
28.59936      25.32558
28.59978      25.31775
28.60231      25.31214
28.61084      25.30517
28.61231      25.29845
28.60561      25.29019
28.60233      25.29056
28.59856      25.29622
28.59583      25.30895
28.58642      25.31917
28.5832       25.32595
28.58286      25.32981
28.5827       25.33169
28.58075      25.33339
 1 
 1             4             
1
 -9999.0   ,   9990.0
   7
 26 
28.60208      25.43028
28.60244      25.42836
28.59642      25.418
28.59759      25.40745
28.5977       25.40672
28.59445      25.39672
28.59353      25.38758
28.59009      25.38381
28.58169      25.3832
28.57853      25.38561
28.57992      25.39406
28.57883      25.398
28.57617      25.40061
28.58492      25.40995
28.58875      25.41095
28.58972      25.41528
28.58561      25.43128
28.58089      25.43881
28.58006      25.44297
28.58186      25.44933
28.5837       25.45064
28.58472      25.4495
28.58731      25.44661
28.59028      25.43914
28.60183      25.43158
28.60208      25.43028
 1 
 1             5             
1
 -9999.0   ,   9990.0
   7
 27 
25.01428      25.93389
25.02078      25.92672
25.02272      25.91981
25.02772      25.91242
25.03011      25.90067
25.03014      25.89978
25.03064      25.88117
25.03333      25.87356
25.03658      25.87031
25.04445      25.86975
25.05353      25.86553
25.05983      25.86064
25.06808      25.85092
25.06803      25.847
25.0552       25.83659
25.044        25.83464
25.03414      25.83681
25.01225      25.83361
25.0085       25.83753
25.01153      25.84489
25.01295      25.84828
25.01342      25.86481
25.00672      25.87842
25            25.884
25            25.9362
25.00542      25.93697
25.01428      25.93389
 1 
 1             6             
1
 -9999.0   ,   9990.0
   7
 10 
28.93981      28.25253
28.93997      28.24286
28.93825      28.23947
28.93103      28.23517
28.92278      28.24697
28.92481      28.25128
28.92781      28.25436
28.93606      28.2582
28.93833      28.25695
28.93981      28.25253
 1 
 1             7             
1
 -9999.0   ,   9990.0
   7
 9 
29            28.24639
28.99831      28.24611
28.99372      28.24789
28.98778      28.25869
28.98414      28.26964
28.98775      28.27961
28.99458      28.28603
28.99997      28.29017
29            28.24639
 1 
 1             8             
1
 -9999.0   ,   9990.0
   7
 10 
26.56756      28.6712
26.55872      28.67206
26.55542      28.67536
26.5565       28.67739
26.5757       28.68342
26.58378      28.68347
26.59725      28.68089
26.60003      28.67761
26.59445      28.67314
26.56756      28.6712
 1 
 1             9             
1
 -9999.0   ,   9990.0
   7
 16 
26.5047       28.67642
26.51164      28.67558
26.51625      28.67297
26.51564      28.66953
26.513        28.66753
26.49508      28.67064
26.47781      28.67697
26.45622      28.67836
26.4555       28.68067
26.45795      28.6852
26.46406      28.68989
26.46792      28.68706
26.48539      28.68784
26.49195      28.67922
26.4975       28.6765
26.5047       28.67642
 1 
 1             10            
1
 -9999.0   ,   9990.0
   7
 9 
26.71803      28.69361
26.71589      28.69228
26.69658      28.69134
26.68933      28.69264
26.68681      28.69614
26.68981      28.70067
26.71806      28.70417
26.72106      28.6995
26.71803      28.69361
 1 
 1             11            
1
 -9999.0   ,   9990.0
   7
 10 
26.75         28.7092
26.75172      28.71022
26.75267      28.71192
26.75389      28.71325
26.75492      28.71425
26.76545      28.71159
26.76845      28.70694
26.76472      28.7045
26.76006      28.70506
26.75         28.7092
 1 
 1             12            
1
 -9999.0   ,   9990.0
   7
 13 
26.75492      28.71425
26.75389      28.71325
26.75267      28.71192
26.75172      28.71022
26.75         28.7092
26.73856      28.7005
26.73414      28.70084
26.73217      28.70522
26.73333      28.70933
26.73872      28.7152
26.74397      28.71714
26.75258      28.71672
26.75492      28.71425
 1 
 1             13            
1
 -9999.0   ,   9990.0
   7
 23 
26.5047       28.67642
26.4975       28.6765
26.49195      28.67922
26.48539      28.68784
26.46792      28.68706
26.46406      28.68989
26.45472      28.69958
26.45139      28.70303
26.4515       28.70761
26.45392      28.71056
26.46395      28.71495
26.47181      28.71661
26.475        28.71906
26.47845      28.73117
26.48622      28.73881
26.49008      28.73714
26.48853      28.72728
26.4957       28.71314
26.49733      28.70575
26.49347      28.69803
26.49464      28.69269
26.50347      28.68411
26.5047       28.67642
 1 
 1             14            
1
 -9999.0   ,   9990.0
   7
 19 
26.932        28.74445
26.94447      28.743
26.95011      28.73986
26.95203      28.73431
26.95006      28.72953
26.9437       28.72625
26.92417      28.72695
26.91681      28.72483
26.90692      28.71681
26.90058      28.7142
26.88758      28.71589
26.88297      28.71806
26.87845      28.72414
26.87986      28.72731
26.88383      28.72928
26.89717      28.73058
26.91339      28.74097
26.92339      28.74442
26.932        28.74445
 1 
 1             15            
1
 -9999.0   ,   9990.0
   7
 21 
27.00511      28.72222
26.99539      28.72822
26.98089      28.732
26.97125      28.732
26.96411      28.73725
26.96134      28.74053
26.962        28.74508
26.96578      28.7487
26.98584      28.75622
27.00172      28.75539
27.00514      28.75692
27.00828      28.75672
27.01217      28.7565
27.01831      28.752
27.02042      28.74481
27.02467      28.73897
27.04397      28.72289
27.04225      28.71967
27.03597      28.71756
27.02503      28.71714
27.00511      28.72222
 1 
 1             16            
1
 -9999.0   ,   9990.0
   7
 17 
26.932        28.74445
26.92339      28.74442
26.91339      28.74097
26.89717      28.73058
26.88383      28.72928
26.87986      28.72731
26.87845      28.72414
26.86478      28.72881
26.86283      28.73345
26.87131      28.73761
26.87864      28.74733
26.89395      28.75317
26.90358      28.76189
26.91017      28.76381
26.91536      28.76345
26.9332       28.74947
26.932        28.74445
 1 
 1             17            
1
 -9999.0   ,   9990.0
   7
 24 
27.27067      28.83533
27.26581      28.83183
27.24711      28.83061
27.2375       28.82686
27.22811      28.81778
27.21964      28.8135
27.21561      28.798
27.21164      28.795
27.20197      28.79322
27.19075      28.79422
27.18847      28.79625
27.18114      28.816
27.17256      28.81989
27.17133      28.82247
27.16792      28.82956
27.16886      28.83497
27.17836      28.8425
27.18836      28.84506
27.19767      28.84489
27.21184      28.83992
27.22372      28.83745
27.26764      28.84064
27.27092      28.83781
27.27067      28.83533
 1 
 1             18            
1
 -9999.0   ,   9990.0
   7
 11 
26.64833      28.89472
26.646        28.89525
26.63964      28.90111
26.62175      28.90564
26.61872      28.90961
26.61983      28.91167
26.62617      28.9145
26.63267      28.91392
26.6495       28.90872
26.65353      28.90311
26.64833      28.89472
 1 
 1             19            
1
 -9999.0   ,   9990.0
   7
 22 
26.41281      28.91486
26.40875      28.92
26.40336      28.92353
26.39817      28.92481
26.3975       28.92894
26.39978      28.936
26.40189      28.93689
26.40444      28.93522
26.42167      28.93464
26.43164      28.92595
26.43789      28.91481
26.43931      28.89961
26.44153      28.89453
26.43925      28.88722
26.43442      28.88272
26.42795      28.88422
26.42189      28.89261
26.42314      28.89506
26.42631      28.90125
26.42539      28.90703
26.41634      28.9102
26.41281      28.91486
 1 
 1             20            
1
 -9999.0   ,   9990.0
   7
 12 
26.78233      28.94983
26.77558      28.95089
26.7685       28.95014
26.76261      28.9542
26.76478      28.95711
26.77303      28.96175
26.79344      28.96358
26.79864      28.96256
26.80036      28.95861
26.79897      28.95611
26.78839      28.95084
26.78233      28.94983
 1 
 1             21            
1
 -9999.0   ,   9990.0
   7
 16 
26.38133      29.06297
26.37303      29.06536
26.37836      29.06895
26.38267      29.06914
26.38542      29.06925
26.39378      29.06886
26.40481      29.06061
26.42736      29.06314
26.43406      29.05886
26.43372      29.05589
26.41556      29.0512
26.40481      29.0505
26.40017      29.05242
26.39636      29.05686
26.38758      29.06117
26.38133      29.06297
 1 
 1             22            
1
 -9999.0   ,   9990.0
   7
 10 
26.37067      29.10536
26.37242      29.10236
26.3702       29.09759
26.36086      29.1005
26.35675      29.10358
26.34139      29.10617
26.33889      29.11106
26.34131      29.11375
26.35803      29.1125
26.37067      29.10536
 1 
 1             23            
1
 -9999.0   ,   9990.0
   7
 10 
27.63297      29.15247
27.63853      29.14695
27.64267      29.13589
27.64108      29.12981
27.63753      29.1275
27.63467      29.12839
27.62422      29.14628
27.62336      29.15683
27.62486      29.15725
27.63297      29.15247
 1 
 1             24            
1
 -9999.0   ,   9990.0
   7
 8 
25.6867       29.18067
25.68633      29.1747
25.67919      29.17158
25.67372      29.17303
25.67092      29.17675
25.67359      29.17947
25.67858      29.181
25.6867       29.18067
 1 
 1             25            
1
 -9999.0   ,   9990.0
   7
 19 
27.55503      29.15231
27.55172      29.15469
27.54792      29.16492
27.53859      29.18172
27.53997      29.1842
27.546        29.1845
27.54953      29.18095
27.55114      29.17425
27.5567       29.16881
27.56111      29.16775
27.568        29.16345
27.5722       29.16353
27.57778      29.15833
27.58161      29.14145
27.57934      29.13692
27.57181      29.13853
27.56458      29.14861
27.56158      29.14978
27.55503      29.15231
 1 
 1             26            
1
 -9999.0   ,   9990.0
   7
 13 
27.579        29.17714
27.57528      29.1832
27.5762       29.18617
27.582        29.18806
27.58686      29.18447
27.58778      29.18078
27.60722      29.16183
27.6092       29.15811
27.60695      29.1545
27.60303      29.15461
27.59572      29.16195
27.5855       29.16889
27.579        29.17714
 1 
 1             27            
1
 -9999.0   ,   9990.0
   7
 7 
25.6682       29.19906
25.67297      29.18889
25.66844      29.18461
25.66503      29.18397
25.66045      29.19
25.65981      29.19806
25.6682       29.19906
 1 
 1             28            
1
 -9999.0   ,   9990.0
   7
 32 
25.77981      29.15447
25.77836      29.15284
25.7777       29.15208
25.77225      29.15203
25.74389      29.17406
25.7332       29.17536
25.73053      29.17264
25.72503      29.1732
25.72245      29.17506
25.72678      29.18189
25.7232       29.18631
25.71847      29.18636
25.71583      29.18458
25.70694      29.18495
25.70156      29.19031
25.68961      29.19667
25.68792      29.20292
25.69117      29.20906
25.69409      29.21039
25.69836      29.21014
25.69956      29.21008
25.71203      29.20414
25.72053      29.19692
25.73117      29.19192
25.73811      29.18561
25.74589      29.18228
25.75075      29.17578
25.75436      29.17433
25.76181      29.16689
25.77425      29.16025
25.7765       29.15564
25.77981      29.15447
 1 
 1             29            
1
 -9999.0   ,   9990.0
   7
 17 
25.90861      29.18978
25.90931      29.18495
25.90656      29.17881
25.90392      29.17747
25.90133      29.17911
25.89139      29.19167
25.88917      29.19858
25.89322      29.20497
25.89825      29.20742
25.91325      29.21014
25.92117      29.21369
25.93422      29.21139
25.937        29.20653
25.93536      29.20381
25.91761      29.19353
25.91156      29.19294
25.90861      29.18978
 1 
 1             30            
1
 -9999.0   ,   9990.0
   7
 8 
27.599        29.20136
27.58828      29.20189
27.58445      29.20453
27.57797      29.22056
27.57945      29.22511
27.58186      29.22664
27.58575      29.22539
27.599        29.20136
 1 
 1             31            
1
 -9999.0   ,   9990.0
   7
 31 
25.43092      29.20547
25.43139      29.20628
25.44303      29.21347
25.44467      29.21736
25.44239      29.2222
25.43978      29.22247
25.42547      29.21278
25.42239      29.2165
25.43356      29.22545
25.43645      29.22778
25.45606      29.2257
25.46089      29.23183
25.47239      29.23075
25.48972      29.23397
25.49047      29.23142
25.484        29.22142
25.48656      29.21725
25.4942       29.21989
25.49892      29.21983
25.50017      29.21683
25.498        29.2125
25.48586      29.20831
25.48628      29.20211
25.48383      29.1957
25.47931      29.19233
25.47431      29.191
25.44583      29.19347
25.43514      29.19567
25.4315       29.198
25.42922      29.20239
25.43092      29.20547
 1 
 1             32            
1
 -9999.0   ,   9990.0
   7
 9 
25.58695      29.23675
25.5927       29.23645
25.59395      29.23275
25.59153      29.23025
25.58417      29.22831
25.57761      29.22817
25.57581      29.22934
25.57558      29.23094
25.58695      29.23675
 2 
 1             33            
1
 -9999.0   ,   9990.0
   7
 116 
26.56161      29.23783
26.56953      29.24064
26.57736      29.23014
26.59164      29.22503
26.59739      29.22514
26.59942      29.22256
26.5995       29.21589
26.5925       29.2087
26.59189      29.20595
26.59414      29.20178
26.59081      29.1952
26.59395      29.18547
26.59097      29.18186
26.5777       29.17572
26.56967      29.15959
26.56597      29.15806
26.56111      29.163
26.56453      29.16795
26.56547      29.16933
26.56781      29.178
26.56609      29.18172
26.56067      29.18411
26.55406      29.18172
26.55081      29.17789
26.54789      29.16739
26.54308      29.16428
26.53983      29.16
26.53986      29.15972
26.54019      29.15378
26.54725      29.15342
26.55258      29.1507
26.55292      29.15053
26.55303      29.15031
26.55542      29.14542
26.55308      29.13697
26.55761      29.13044
26.55584      29.1227
26.55003      29.1205
26.54459      29.1227
26.53903      29.1297
26.53695      29.1362
26.5362       29.13856
26.5315       29.14047
26.52597      29.13097
26.51506      29.12442
26.50242      29.12175
26.49095      29.12245
26.47492      29.1207
26.45947      29.11317
26.4575       29.11056
26.45803      29.10878
26.46147      29.10842
26.5032       29.11117
26.50414      29.11175
26.51092      29.11583
26.52742      29.12245
26.53022      29.12008
26.52664      29.11689
26.52225      29.10917
26.5257       29.10106
26.53395      29.0972
26.56008      29.0962
26.56339      29.08281
26.5625       29.07961
26.5552       29.07975
26.54297      29.08256
26.53522      29.08617
26.5302       29.08695
26.52506      29.08775
26.49922      29.09978
26.49347      29.10011
26.48189      29.09736
26.45839      29.09878
26.44772      29.10106
26.43667      29.10864
26.42014      29.10667
26.41442      29.10795
26.41195      29.11328
26.41284      29.11761
26.41553      29.12053
26.42028      29.12206
26.42734      29.12192
26.43214      29.12572
26.4307       29.12989
26.41945      29.13011
26.41456      29.13342
26.42167      29.14545
26.43097      29.15122
26.43775      29.15039
26.44142      29.14045
26.4465       29.14447
26.44792      29.14811
26.45159      29.1485
26.45636      29.14153
26.45631      29.13853
26.45914      29.13689
26.46881      29.13622
26.47145      29.13731
26.47642      29.14778
26.48767      29.14897
26.49086      29.14931
26.49625      29.15539
26.51172      29.16542
26.52272      29.16608
26.52392      29.16672
26.5307       29.17028
26.538        29.17956
26.54014      29.19006
26.54719      29.2092
26.5502       29.21328
26.55736      29.21681
26.56125      29.21534
26.56267      29.21967
26.56211      29.22795
26.56036      29.23097
26.56161      29.23783
 1             33            2 
1
 -9999.0   ,   9990.0
   7
 9 
26.50239      29.13475
26.49739      29.14058
26.49417      29.13928
26.49522      29.13214
26.49814      29.12828
26.501        29.1277
26.50278      29.12892
26.50372      29.13117
26.50239      29.13475
 1 
 1             34            
1
 -9999.0   ,   9990.0
   7
 9 
27.63722      29.21472
27.63031      29.21906
27.62008      29.23267
27.6135       29.24572
27.61669      29.2477
27.62011      29.24783
27.64067      29.22245
27.64106      29.21945
27.63722      29.21472
 1 
 1             35            
1
 -9999.0   ,   9990.0
   7
 10 
27.5612       29.22747
27.55783      29.22847
27.55047      29.24225
27.55061      29.24592
27.55408      29.24789
27.55695      29.24758
27.5605       29.24447
27.56342      29.23819
27.56495      29.22989
27.5612       29.22747
 1 
 1             36            
1
 -9999.0   ,   9990.0
   7
 17 
26.05184      29.24795
26.0522       29.25231
26.05825      29.25336
26.077        29.23764
26.07878      29.23531
26.07708      29.22983
26.0695       29.2302
26.06553      29.22775
26.06647      29.22381
26.06533      29.2197
26.05931      29.21958
26.05647      29.221
26.05419      29.22564
26.05511      29.23067
26.05722      29.23178
26.05761      29.23661
26.05184      29.24795
 1 
 1             37            
1
 -9999.0   ,   9990.0
   7
 17 
25.3192       29.26034
25.32539      29.2595
25.33003      29.25464
25.32886      29.24661
25.33136      29.23947
25.32839      29.23284
25.32886      29.23053
25.33306      29.23117
25.33645      29.22975
25.34128      29.22097
25.33995      29.2187
25.33311      29.21786
25.30283      29.22375
25.30986      29.23811
25.31186      29.24819
25.317        29.25869
25.3192       29.26034
 4 
 1             38            
1
 -9999.0   ,   9990.0
   7
 121 
25.77981      29.15447
25.7765       29.15564
25.77425      29.16025
25.76181      29.16689
25.75436      29.17433
25.75075      29.17578
25.74589      29.18228
25.73811      29.18561
25.73117      29.19192
25.72053      29.19692
25.71203      29.20414
25.69956      29.21008
25.69836      29.21014
25.69409      29.21039
25.69117      29.20906
25.68792      29.20292
25.68961      29.19667
25.70156      29.19031
25.70694      29.18495
25.71583      29.18458
25.71847      29.18636
25.7232       29.18631
25.72678      29.18189
25.72245      29.17506
25.72503      29.1732
25.73053      29.17264
25.7332       29.17536
25.74389      29.17406
25.77225      29.15203
25.7777       29.15208
25.77975      29.14756
25.77703      29.14253
25.7712       29.13803
25.76303      29.13611
25.75772      29.13228
25.75722      29.12514
25.757        29.12172
25.75406      29.11856
25.75039      29.11839
25.74575      29.12214
25.74178      29.13231
25.73667      29.13859
25.72628      29.14356
25.72106      29.14364
25.71717      29.146
25.71203      29.15089
25.70803      29.16014
25.70339      29.16411
25.6932       29.16447
25.68531      29.16231
25.67278      29.15033
25.66695      29.14742
25.65567      29.14575
25.65372      29.14609
25.64942      29.14678
25.63892      29.14578
25.6345       29.147
25.62859      29.15259
25.62081      29.15706
25.60825      29.17125
25.59372      29.17764
25.58519      29.18489
25.57272      29.18919
25.56831      29.19203
25.56397      29.1985
25.55672      29.20275
25.55417      29.20575
25.55553      29.20803
25.56         29.21003
25.56656      29.21042
25.56739      29.21267
25.56767      29.21339
25.55922      29.22406
25.55714      29.22947
25.5557       29.23328
25.56472      29.23959
25.57225      29.24936
25.56931      29.25533
25.56769      29.25861
25.56883      29.26342
25.57572      29.26814
25.58889      29.26711
25.59047      29.26281
25.59275      29.25661
25.59297      29.2557
25.59389      29.25186
25.59695      29.25072
25.60533      29.25164
25.61247      29.25203
25.61742      29.25194
25.61911      29.25761
25.61908      29.26331
25.62531      29.26345
25.6342       29.26392
25.64683      29.26092
25.6542       29.261
25.67961      29.26133
25.69489      29.25309
25.71967      29.2465
25.72419      29.23772
25.72559      29.22828
25.73708      29.21386
25.75486      29.19831
25.75922      29.19447
25.776        29.18228
25.778        29.17764
25.78319      29.17642
25.79353      29.16961
25.80031      29.16697
25.8137       29.15733
25.81922      29.14531
25.81647      29.13895
25.8125       29.13647
25.80753      29.13795
25.80419      29.13895
25.80028      29.14011
25.79125      29.14736
25.78453      29.1507
25.78328      29.15322
25.7815       29.15386
25.77981      29.15447
 1             38            2 
1
 -9999.0   ,   9990.0
   7
 7 
25.6682       29.19906
25.65981      29.19806
25.66045      29.19
25.66503      29.18397
25.66844      29.18461
25.67297      29.18889
25.6682       29.19906
 1             38            3 
1
 -9999.0   ,   9990.0
   7
 8 
25.6867       29.18067
25.67858      29.181
25.67359      29.17947
25.67092      29.17675
25.67372      29.17303
25.67919      29.17158
25.68633      29.1747
25.6867       29.18067
 1             38            4 
1
 -9999.0   ,   9990.0
   7
 9 
25.58695      29.23675
25.57558      29.23094
25.57581      29.22934
25.57761      29.22817
25.58417      29.22831
25.59153      29.23025
25.59395      29.23275
25.5927       29.23645
25.58695      29.23675
 1 
 1             39            
1
 -9999.0   ,   9990.0
   7
 14 
25.9305       29.25783
25.92036      29.26167
25.91758      29.26631
25.91869      29.26883
25.925        29.27008
25.9277       29.27395
25.93136      29.2732
25.93231      29.26928
25.93911      29.26825
25.93845      29.26253
25.94381      29.25578
25.9422       29.25375
25.93878      29.25289
25.9305       29.25783
 1 
 1             40            
1
 -9999.0   ,   9990.0
   7
 18 
25.3192       29.26034
25.317        29.25869
25.31186      29.24819
25.30986      29.23811
25.30283      29.22375
25.29731      29.22383
25.29528      29.22525
25.29536      29.22972
25.29825      29.23295
25.29978      29.23467
25.3          29.25111
25.30906      29.26409
25.31522      29.27722
25.31872      29.27661
25.32083      29.27072
25.32475      29.26856
25.32517      29.26533
25.3192       29.26034
 1 
 1             41            
1
 -9999.0   ,   9990.0
   7
 18 
27.02286      29.24425
27.0137       29.24472
27.01275      29.24564
27.00939      29.24895
27.00295      29.26059
26.99959      29.26228
26.99431      29.26103
26.98961      29.26183
26.98028      29.27331
26.99497      29.28214
26.99695      29.28692
27.00403      29.28675
27.01239      29.27736
27.02375      29.27203
27.02881      29.26661
27.03028      29.25511
27.02736      29.24622
27.02286      29.24425
 1 
 1             42            
1
 -9999.0   ,   9990.0
   7
 8 
25.98789      29.28236
25.98297      29.27347
25.97956      29.27308
25.97206      29.27734
25.9675       29.28522
25.96897      29.29253
25.98353      29.28656
25.98789      29.28236
 1 
 1             43            
1
 -9999.0   ,   9990.0
   7
 9 
25.99758      29.29481
26.02306      29.28472
26.02553      29.27872
26.02253      29.27303
26.00894      29.27464
25.99836      29.28239
25.99481      29.28683
25.99411      29.29142
25.99758      29.29481
 1 
 1             44            
1
 -9999.0   ,   9990.0
   7
 36 
27.35411      29.27411
27.35006      29.2735
27.34331      29.27483
27.33989      29.27839
27.33495      29.28356
27.333        29.28728
27.3342       29.29161
27.3377       29.2945
27.34608      29.2945
27.36578      29.288
27.36845      29.28953
27.36647      29.29303
27.36736      29.29578
27.37056      29.29753
27.37678      29.29506
27.38308      29.29581
27.38553      29.29825
27.38636      29.30697
27.38692      29.30817
27.38836      29.31128
27.39067      29.3117
27.39389      29.31228
27.39931      29.31006
27.43211      29.27403
27.43422      29.26661
27.43145      29.26211
27.42808      29.26122
27.41953      29.25897
27.41545      29.26186
27.39872      29.26345
27.39122      29.26594
27.38025      29.27453
27.37608      29.26775
27.37214      29.26761
27.35797      29.27467
27.35411      29.27411
 1 
 1             45            
1
 -9999.0   ,   9990.0
   7
 54 
27.20253      29.30564
27.21414      29.30742
27.23533      29.31442
27.24903      29.31545
27.27325      29.31092
27.27839      29.30847
27.2945       29.29633
27.30436      29.28528
27.30792      29.27486
27.31495      29.26547
27.31742      29.26442
27.31831      29.26403
27.32578      29.25325
27.32886      29.25156
27.33533      29.24175
27.335        29.2397
27.33256      29.23722
27.32494      29.23628
27.31211      29.23686
27.30536      29.23819
27.29839      29.24158
27.28736      29.25633
27.27192      29.27167
27.26528      29.27692
27.25519      29.28084
27.24817      29.28061
27.24022      29.28031
27.2307       29.27711
27.22603      29.27128
27.22495      29.26233
27.22703      29.25425
27.232        29.24609
27.23703      29.23953
27.24703      29.23353
27.25378      29.23197
27.26247      29.22531
27.27425      29.20983
27.27528      29.20109
27.274        29.19492
27.27095      29.1895
27.26861      29.18911
27.26489      29.1885
27.24684      29.20436
27.20664      29.26328
27.19784      29.26625
27.18633      29.2677
27.1817       29.26989
27.17747      29.27689
27.17717      29.27764
27.17384      29.2857
27.17528      29.29003
27.18128      29.297
27.1917       29.30247
27.20253      29.30564
 1 
 1             46            
1
 -9999.0   ,   9990.0
   7
 9 
25.15728      29.31842
25.14942      29.31895
25.14686      29.32403
25.14772      29.32792
25.14983      29.32883
25.16447      29.32659
25.16706      29.32336
25.16517      29.32131
25.15728      29.31842
 2 
 1             47            
1
 -9999.0   ,   9990.0
   7
 126 
26.05184      29.24795
26.05761      29.23661
26.05722      29.23178
26.05511      29.23067
26.05419      29.22564
26.05647      29.221
26.05931      29.21958
26.06533      29.2197
26.06647      29.22381
26.06553      29.22775
26.0695       29.2302
26.07708      29.22983
26.07878      29.23531
26.08347      29.23361
26.0857       29.22853
26.08511      29.226
26.10003      29.20256
26.09942      29.19889
26.08875      29.18967
26.08458      29.19067
26.08522      29.1957
26.08295      29.1992
26.06959      29.19942
26.05475      29.20336
26.0535       29.20614
26.0557       29.20817
26.05911      29.21131
26.05875      29.21392
26.0535       29.21739
26.04542      29.21892
26.03033      29.21228
26.02825      29.21325
26.0235       29.21125
26.0207       29.21406
26.0325       29.22739
26.03897      29.22408
26.04428      29.2265
26.04153      29.23206
26.02439      29.23925
26.01361      29.23783
26.01197      29.23464
26.01453      29.23161
26.00842      29.22781
26.0045       29.22811
26.00278      29.23039
25.99942      29.23486
25.99425      29.23794
25.98797      29.2385
25.97214      29.25692
25.96058      29.2562
25.95897      29.25461
25.95778      29.24797
25.96022      29.23875
25.96453      29.23317
25.9677       29.23356
25.97044      29.23925
25.97361      29.24103
25.98481      29.23742
25.98511      29.228
25.98322      29.22528
25.985        29.22203
25.98311      29.22022
25.97108      29.22089
25.96895      29.21909
25.96475      29.21892
25.96164      29.22036
25.95892      29.22706
25.94847      29.22839
25.94647      29.23392
25.93717      29.23845
25.92825      29.23906
25.92492      29.24139
25.91653      29.2537
25.90878      29.25958
25.89545      29.26047
25.89211      29.26353
25.89672      29.27081
25.89386      29.272
25.88014      29.26761
25.87817      29.27317
25.88047      29.27706
25.88631      29.28681
25.89186      29.28878
25.89825      29.29442
25.90722      29.30872
25.91222      29.30956
25.91489      29.31228
25.91711      29.31822
25.91617      29.32281
25.90703      29.33742
25.91031      29.34242
25.91497      29.34097
25.925        29.33117
25.93006      29.33497
25.93556      29.33489
25.94842      29.32342
25.9562       29.3187
25.96509      29.31808
25.97081      29.31592
25.97803      29.31075
25.98031      29.30706
25.97603      29.30275
25.96811      29.30128
25.96497      29.298
25.96489      29.29528
25.95278      29.29514
25.95033      29.29395
25.95278      29.29514
25.96489      29.29528
25.96897      29.29253
25.9675       29.28522
25.97206      29.27734
25.97956      29.27308
25.98297      29.27347
25.98789      29.28236
25.99453      29.27445
25.98981      29.26647
25.99178      29.26525
26.00389      29.27084
26.01581      29.26511
26.02428      29.25808
26.02633      29.25528
26.02417      29.25281
26.02675      29.25114
26.0432       29.24811
26.05184      29.24795
 1             47            2 
1
 -9999.0   ,   9990.0
   7
 14 
25.9305       29.25783
25.93878      29.25289
25.9422       29.25375
25.94381      29.25578
25.93845      29.26253
25.93911      29.26825
25.93231      29.26928
25.93136      29.2732
25.9277       29.27395
25.925        29.27008
25.91869      29.26883
25.91758      29.26631
25.92036      29.26167
25.9305       29.25783
 1 
 1             48            
1
 -9999.0   ,   9990.0
   7
 17 
25.31284      29.36111
25.32878      29.35703
25.33506      29.35695
25.34014      29.36261
25.34722      29.36278
25.35211      29.35764
25.37247      29.35097
25.38072      29.34283
25.378        29.33645
25.37217      29.33217
25.35958      29.33208
25.34031      29.34128
25.33145      29.34322
25.32714      29.34547
25.31895      29.34981
25.31456      29.35306
25.31284      29.36111
 1 
 1             49            
1
 -9999.0   ,   9990.0
   7
 56 
26.65347      29.31
26.65092      29.31145
26.64786      29.32392
26.64722      29.33908
26.6505       29.34314
26.66114      29.34842
26.67053      29.35647
26.67847      29.36825
26.68878      29.371
26.69347      29.37045
26.71286      29.35072
26.71839      29.34278
26.71906      29.33886
26.71742      29.33639
26.70725      29.33822
26.69903      29.33472
26.69572      29.32975
26.69561      29.32561
26.69633      29.32311
26.6992       29.31314
26.71147      29.30275
26.71853      29.30214
26.72672      29.29575
26.73478      29.29328
26.74142      29.29589
26.74497      29.30131
26.74695      29.30564
26.74553      29.31142
26.74747      29.31503
26.76356      29.31767
26.76978      29.31545
26.77592      29.31003
26.78172      29.31197
26.78475      29.29903
26.78414      29.29511
26.78281      29.28669
26.78431      29.28345
26.79558      29.27561
26.79859      29.27072
26.79742      29.26661
26.79308      29.26164
26.78081      29.26286
26.77517      29.26667
26.7697       29.2677
26.74167      29.26833
26.73006      29.26561
26.72011      29.26653
26.71761      29.27003
26.71797      29.2737
26.72433      29.28417
26.72283      29.28736
26.70292      29.29697
26.683        29.31556
26.67883      29.31611
26.67211      29.31097
26.65347      29.31
 1 
 1             50            
1
 -9999.0   ,   9990.0
   7
 25 
27.35914      29.39817
27.36931      29.39631
27.3795       29.38775
27.39897      29.35967
27.40611      29.35372
27.40878      29.3477
27.40631      29.345
27.38878      29.34547
27.38264      29.34311
27.36756      29.34628
27.36633      29.34883
27.35075      29.35664
27.34983      29.35709
27.33936      29.3652
27.33364      29.36647
27.31731      29.38781
27.30245      29.39786
27.29975      29.40367
27.30039      29.40708
27.30411      29.40792
27.31183      29.40358
27.32917      29.40425
27.33306      29.40256
27.35422      29.40061
27.35914      29.39817
 1 
 1             51            
1
 -9999.0   ,   9990.0
   7
 14 
26.80656      29.3975
26.7947       29.39547
26.78831      29.39286
26.7852       29.39408
26.78658      29.39636
26.78586      29.39845
26.79467      29.4035
26.8185       29.41078
26.83022      29.40867
26.83297      29.404
26.82864      29.39884
26.81959      29.39492
26.81756      29.39678
26.80656      29.3975
 1 
 1             52            
1
 -9999.0   ,   9990.0
   7
 10 
25.11742      29.4125
25.1122       29.41347
25.10886      29.41811
25.10995      29.42108
25.11417      29.42356
25.12389      29.42367
25.1265       29.4225
25.12775      29.41972
25.12614      29.41586
25.11742      29.4125
 1 
 1             53            
1
 -9999.0   ,   9990.0
   7
 21 
26.88086      29.40817
26.87539      29.40922
26.85681      29.42022
26.85478      29.42233
26.85564      29.42483
26.85886      29.42659
26.87095      29.42525
26.87456      29.42486
26.88744      29.42661
26.90542      29.43906
26.92092      29.43983
26.92786      29.44311
26.93153      29.44347
26.93411      29.44203
26.93586      29.43925
26.93489      29.43261
26.93136      29.42903
26.90808      29.42361
26.89622      29.41264
26.88481      29.40831
26.88086      29.40817
 1 
 1             54            
1
 -9999.0   ,   9990.0
   7
 13 
26.60525      29.55489
26.60517      29.55189
26.60217      29.54783
26.59395      29.54547
26.59081      29.546
26.58647      29.55092
26.58861      29.56189
26.59472      29.56406
26.59906      29.56833
26.60511      29.56911
26.60717      29.56747
26.60833      29.5617
26.60525      29.55489
 1 
 1             55            
1
 -9999.0   ,   9990.0
   7
 104 
26.60831      29.5102
26.61467      29.51611
26.61011      29.52195
26.59614      29.52017
26.59172      29.52189
26.59475      29.52734
26.60759      29.53531
26.61467      29.53495
26.62011      29.53275
26.62319      29.52969
26.63408      29.52442
26.64942      29.51856
26.65861      29.51906
26.66883      29.52734
26.67667      29.52847
26.69336      29.53092
26.70367      29.52381
26.70486      29.51964
26.71103      29.5147
26.71745      29.51867
26.70911      29.53033
26.70745      29.53611
26.71433      29.53825
26.72806      29.53175
26.73086      29.52847
26.74095      29.52297
26.74697      29.52306
26.75311      29.52567
26.75692      29.53042
26.75425      29.53784
26.75211      29.53922
26.75064      29.54019
26.74539      29.541
26.73328      29.54839
26.72717      29.5552
26.72758      29.56092
26.73833      29.56939
26.74517      29.56925
26.75125      29.56153
26.76006      29.55744
26.76464      29.55159
26.76881      29.55058
26.77236      29.55531
26.77653      29.55431
26.77784      29.54464
26.78289      29.53856
26.78836      29.53658
26.79661      29.54008
26.8          29.54425
26.80997      29.55653
26.81467      29.5555
26.84833      29.53889
26.85897      29.52647
26.8607       29.52253
26.84908      29.5035
26.83986      29.49386
26.83461      29.4935
26.81992      29.50045
26.8152       29.5027
26.80139      29.50667
26.78428      29.50544
26.78042      29.49889
26.78825      29.48906
26.79195      29.4805
26.78747      29.47095
26.78247      29.47083
26.7465       29.47922
26.74192      29.48439
26.73647      29.49475
26.72461      29.50359
26.72122      29.50411
26.71803      29.50258
26.71997      29.49728
26.7297       29.48808
26.73014      29.48533
26.72647      29.47692
26.7255       29.46203
26.72069      29.45892
26.71808      29.45942
26.71559      29.46408
26.71675      29.4675
26.71514      29.47581
26.71186      29.48022
26.70511      29.48289
26.70086      29.49081
26.69342      29.49603
26.68589      29.49153
26.68206      29.48456
26.683        29.48108
26.68983      29.472
26.69581      29.46956
26.70297      29.46297
26.70022      29.45867
26.67725      29.46308
26.67106      29.45817
26.66292      29.45789
26.66064      29.46047
26.64892      29.46417
26.6387       29.46486
26.62553      29.47225
26.61661      29.48186
26.60533      29.49245
26.60389      29.49684
26.60831      29.5102
 1 
 1             56            
1
 -9999.0   ,   9990.0
   7
 100 
27.19647      29.48408
27.19275      29.48431
27.18647      29.49295
27.17795      29.49708
27.15747      29.49714
27.14964      29.49895
27.13739      29.5042
27.13542      29.50506
27.12722      29.51147
27.11392      29.51456
27.10434      29.5265
27.10111      29.533
27.07875      29.55631
27.06417      29.56011
27.05783      29.55934
27.0512       29.55744
27.04078      29.55172
27.03153      29.55058
27.024        29.55064
27.01842      29.55067
27.0107       29.55636
27.00881      29.56261
27.01103      29.56622
27.01711      29.56792
27.02414      29.56614
27.03936      29.56553
27.04633      29.56928
27.05122      29.57467
27.05811      29.57656
27.06675      29.57542
27.07245      29.57231
27.0972       29.56547
27.11967      29.56975
27.14022      29.57175
27.15039      29.57745
27.17645      29.5862
27.18272      29.58558
27.19014      29.587
27.20525      29.58436
27.21028      29.5835
27.21389      29.57422
27.21261      29.56758
27.20522      29.55814
27.19839      29.55856
27.19736      29.56731
27.19353      29.57061
27.17972      29.56636
27.17458      29.56214
27.17236      29.55783
27.17356      29.55436
27.18578      29.55083
27.18822      29.54503
27.187        29.54047
27.19136      29.53669
27.20042      29.53278
27.20442      29.52695
27.20397      29.5232
27.20336      29.51825
27.20947      29.51325
27.22008      29.50839
27.22561      29.50825
27.23364      29.50506
27.25075      29.506
27.27064      29.51189
27.28536      29.51197
27.28892      29.516
27.28475      29.52483
27.28425      29.53311
27.28878      29.53553
27.293        29.53589
27.30131      29.53267
27.30725      29.53286
27.31775      29.55245
27.33608      29.55103
27.3472       29.5457
27.35356      29.53931
27.35697      29.53233
27.35628      29.52753
27.34786      29.51925
27.331        29.51053
27.32433      29.50014
27.32628      29.4955
27.33914      29.49361
27.35706      29.49697
27.35803      29.49442
27.35611      29.49217
27.35453      29.48442
27.34906      29.47836
27.34806      29.47589
27.34303      29.46358
27.33725      29.45547
27.33214      29.45217
27.31378      29.45289
27.2822       29.45786
27.27247      29.45811
27.26628      29.4595
27.25478      29.46203
27.23814      29.46728
27.21164      29.48314
27.19647      29.48408
 1 
 1             57            
1
 -9999.0   ,   9990.0
   7
 22 
26.69364      29.5775
26.69245      29.57225
26.68817      29.56984
26.68028      29.57
26.6795       29.57028
26.67014      29.57345
26.663        29.57175
26.65764      29.56775
26.64567      29.5632
26.64336      29.56461
26.63653      29.56475
26.6327       29.56875
26.63514      29.57167
26.64122      29.57339
26.65208      29.58578
26.6642       29.59514
26.67372      29.5977
26.67578      29.5965
26.68214      29.5982
26.68703      29.59442
26.69428      29.58095
26.69364      29.5775
 1 
 1             58            
1
 -9999.0   ,   9990.0
   7
 9 
27.21456      29.5935
27.21017      29.59589
27.19886      29.61158
27.20058      29.61611
27.21214      29.62339
27.21783      29.62095
27.22725      29.60372
27.22339      29.59831
27.21456      29.5935
 1 
 1             59            
1
 -9999.0   ,   9990.0
   7
 15 
26.52964      29.62489
26.53595      29.62475
26.54611      29.62203
26.55633      29.61078
26.55386      29.60717
26.54775      29.605
26.54147      29.59617
26.52939      29.58678
26.52036      29.58284
26.51356      29.58436
26.513        29.59311
26.51503      29.60958
26.51889      29.61617
26.52367      29.61767
26.52964      29.62489
 1 
 1             60            
1
 -9999.0   ,   9990.0
   7
 10 
27.08686      29.68489
27.08267      29.6935
27.07408      29.69692
27.0722       29.70292
27.07442      29.70678
27.08153      29.70706
27.09045      29.69767
27.09414      29.69045
27.09245      29.68706
27.08686      29.68489
 1 
 1             61            
1
 -9999.0   ,   9990.0
   7
 15 
26.87386      29.85208
26.88375      29.84797
26.88672      29.84192
26.88011      29.83267
26.87525      29.82864
26.86784      29.82767
26.86447      29.82936
26.86097      29.83542
26.85808      29.83595
26.85042      29.84322
26.85289      29.84661
26.86067      29.85125
26.86567      29.85092
26.87047      29.85331
26.87386      29.85208
 1 
 1             62            
1
 -9999.0   ,   9990.0
   7
 34 
27.47842      29.89797
27.48261      29.89739
27.48431      29.90056
27.48075      29.91167
27.49992      29.92378
27.50714      29.91945
27.50381      29.91472
27.50367      29.90414
27.50544      29.90203
27.51095      29.90072
27.51297      29.89884
27.51889      29.88789
27.524        29.88292
27.53669      29.87683
27.5397       29.87261
27.53583      29.86814
27.53036      29.86989
27.52558      29.87397
27.52397      29.87534
27.52028      29.87522
27.51059      29.86953
27.50428      29.86992
27.50064      29.87164
27.49428      29.88514
27.49189      29.8845
27.48442      29.87509
27.47889      29.875
27.47292      29.87745
27.46939      29.88214
27.46453      29.90064
27.465        29.90661
27.46692      29.90817
27.47186      29.90664
27.47842      29.89797
 1 
 1             63            
1
 -9999.0   ,   9990.0
   7
 9 
27.83672      29.93214
27.8245       29.93617
27.82231      29.94106
27.8265       29.94714
27.83211      29.94903
27.83953      29.94308
27.84089      29.93753
27.83917      29.93367
27.83672      29.93214
 1 
 1             64            
1
 -9999.0   ,   9990.0
   7
 12 
27.74603      29.95228
27.74392      29.95306
27.74117      29.95703
27.74286      29.95972
27.74525      29.96064
27.76828      29.96931
27.77303      29.96872
27.77447      29.96545
27.77192      29.96095
27.76345      29.95339
27.74808      29.95156
27.74603      29.95228
 2 
 1             65            
1
 -9999.0   ,   9990.0
   7
 234 
27.23553      29.83125
27.23181      29.84006
27.23033      29.85089
27.23361      29.86253
27.2325       29.8685
27.23114      29.8695
27.22506      29.87397
27.22086      29.87547
27.21689      29.87467
27.21475      29.86597
27.20828      29.85353
27.20578      29.84211
27.20256      29.84034
27.19747      29.8375
27.193        29.83786
27.18836      29.84095
27.18786      29.84544
27.18714      29.85178
27.18842      29.85886
27.18583      29.87545
27.18806      29.87953
27.19211      29.88217
27.1942       29.88189
27.20081      29.88975
27.19336      29.90417
27.19328      29.90922
27.1972       29.91603
27.18908      29.93345
27.18495      29.93608
27.17939      29.93603
27.17808      29.93603
27.16742      29.93217
27.1635       29.92583
27.15389      29.92194
27.14978      29.91722
27.14603      29.91547
27.14367      29.916
27.13675      29.93017
27.13661      29.93409
27.1287       29.9492
27.11461      29.95461
27.11236      29.95834
27.11628      29.9727
27.11983      29.97697
27.12892      29.9802
27.13403      29.97878
27.16733      29.96958
27.19134      29.96897
27.20072      29.96642
27.20461      29.96381
27.21039      29.9632
27.22286      29.96517
27.229        29.96778
27.24933      29.96817
27.25428      29.97378
27.25031      29.98122
27.25103      29.98739
27.25153      29.98803
27.25408      29.99144
27.25964      29.992
27.266        29.98495
27.26539      29.97486
27.26745      29.9705
27.26858      29.96811
27.27175      29.96639
27.27661      29.96378
27.28669      29.96511
27.29558      29.97061
27.30297      29.97822
27.30336      29.98189
27.30831      29.98794
27.32811      29.99547
27.35145      29.99897
27.35578      29.99892
27.36233      29.99883
27.37758      29.99861
27.38631      29.99253
27.39525      29.99161
27.40942      29.99672
27.41258      29.99542
27.41461      29.98672
27.41792      29.98364
27.41092      29.97947
27.37125      29.96975
27.35258      29.97117
27.35197      29.97108
27.34569      29.9702
27.33895      29.96625
27.3427       29.95972
27.3482       29.95889
27.35564      29.96031
27.35861      29.96228
27.37411      29.96095
27.39472      29.96222
27.40083      29.96297
27.41722      29.97125
27.42597      29.98045
27.43167      29.99175
27.43661      29.99736
27.44431      29.99808
27.44772      29.99039
27.45281      29.98497
27.4547       29.97872
27.4492       29.96581
27.45092      29.95472
27.44059      29.93872
27.43295      29.93181
27.43261      29.92242
27.44         29.91508
27.44145      29.91139
27.43867      29.90733
27.43367      29.9077
27.43195      29.90858
27.42331      29.91303
27.41009      29.93406
27.4065       29.9447
27.40395      29.94706
27.40133      29.94736
27.39758      29.94586
27.39534      29.94178
27.39536      29.93514
27.39206      29.93108
27.38731      29.931
27.38161      29.93389
27.3755       29.94025
27.37153      29.93992
27.36747      29.93703
27.36992      29.93145
27.37378      29.92883
27.36231      29.91789
27.35881      29.91297
27.35845      29.91247
27.35886      29.90972
27.364        29.90545
27.37236      29.9112
27.37572      29.9095
27.38025      29.91075
27.38575      29.91681
27.39206      29.91639
27.39845      29.91025
27.40659      29.90934
27.41614      29.90403
27.42739      29.90119
27.44081      29.89303
27.44434      29.88145
27.44703      29.87967
27.44928      29.87995
27.451        29.89069
27.45792      29.89303
27.45995      29.89117
27.46072      29.89042
27.46081      29.88536
27.46614      29.87192
27.47178      29.86739
27.47403      29.85831
27.47711      29.85575
27.47995      29.85617
27.48284      29.86258
27.48772      29.86472
27.49717      29.86278
27.50981      29.84797
27.514        29.84786
27.51836      29.85186
27.53136      29.85403
27.539        29.85381
27.5505       29.85808
27.55831      29.85764
27.56653      29.85717
27.57089      29.85358
27.57431      29.84661
27.57339      29.8432
27.57458      29.8395
27.57233      29.83564
27.55586      29.83197
27.55192      29.83233
27.54922      29.83078
27.51831      29.82822
27.50728      29.82922
27.49372      29.83303
27.48833      29.83756
27.4727       29.835
27.46884      29.833
27.45928      29.82803
27.45347      29.82772
27.44822      29.83589
27.44358      29.83833
27.41108      29.84334
27.40231      29.84083
27.39731      29.83383
27.39758      29.8265
27.39356      29.81742
27.3885       29.81595
27.37806      29.81853
27.37061      29.82422
27.35681      29.82722
27.34525      29.82972
27.33797      29.83956
27.33375      29.8397
27.33097      29.83561
27.33345      29.83075
27.33489      29.819
27.33258      29.81378
27.32939      29.81272
27.32342      29.81539
27.32053      29.8382
27.32139      29.84781
27.32664      29.85456
27.3382       29.86136
27.34236      29.86722
27.34078      29.87125
27.33783      29.87331
27.33284      29.87367
27.31856      29.86489
27.31456      29.84822
27.3047       29.84506
27.29708      29.84595
27.28845      29.85511
27.27617      29.85864
27.27436      29.85228
27.26947      29.84759
27.26939      29.8455
27.26025      29.83978
27.25883      29.83661
27.26339      29.82408
27.26242      29.82256
27.26014      29.81895
27.2585       29.81634
27.25783      29.81528
27.25406      29.81264
27.24572      29.81561
27.24103      29.82222
27.23692      29.828
27.23556      29.8312
27.23553      29.83125
 1             65            2 
1
 -9999.0   ,   9990.0
   7
 19 
27.31328      29.9107
27.31711      29.90692
27.32878      29.90156
27.34042      29.90217
27.34456      29.90022
27.34725      29.90175
27.34897      29.90561
27.34756      29.9107
27.35342      29.91997
27.34933      29.92397
27.33889      29.92678
27.33242      29.93797
27.32908      29.94011
27.32353      29.94003
27.32003      29.93806
27.31856      29.9335
27.32253      29.92631
27.32292      29.92239
27.31328      29.9107
 1 
 1             66            
1
 -9999.0   ,   9990.0
   7
 41 
27.5322       29.99908
27.53281      29.99425
27.53106      29.98925
27.53208      29.98142
27.53656      29.9737
27.54214      29.97517
27.54578      29.98033
27.55108      29.98181
27.55681      29.97956
27.56778      29.96228
27.56853      29.96039
27.57092      29.95439
27.56733      29.94322
27.55595      29.93436
27.55069      29.92786
27.54745      29.92567
27.54081      29.92422
27.52325      29.92772
27.51878      29.93472
27.51325      29.93511
27.50775      29.92928
27.49961      29.92997
27.49442      29.9322
27.48883      29.93831
27.47275      29.93095
27.46797      29.92995
27.46656      29.93022
27.45983      29.93153
27.45669      29.93919
27.461        29.94872
27.46214      29.96592
27.46472      29.97203
27.47478      29.97267
27.47917      29.97003
27.48389      29.96945
27.49781      29.97456
27.51017      29.97353
27.51511      29.97867
27.51703      29.98803
27.52217      29.99867
27.5322       29.99908
 1 
 1             67            
1
 -9999.0   ,   9990.0
   7
 13 
27.61759      30
27.6672       30
27.67461      29.9895
27.67514      29.98239
27.67342      29.97922
27.66964      29.97703
27.65836      29.97897
27.63728      29.98645
27.62753      29.98628
27.61633      29.98389
27.61203      29.98833
27.61795      29.99922
27.61759      30
 5 
 1             68            
1
 -9999.0   ,   9990.0
   7
 436 
27.73525      29.43778
27.72983      29.42375
27.72072      29.41875
27.7107       29.42386
27.69889      29.42422
27.69581      29.42592
27.69461      29.42581
27.68764      29.42522
27.6882       29.41947
27.68531      29.41197
27.67034      29.40483
27.66436      29.3995
27.66289      29.39564
27.66986      29.38578
27.66675      29.37967
27.65861      29.3797
27.62478      29.38642
27.61975      29.38586
27.61525      29.38483
27.60578      29.37161
27.60447      29.36978
27.5995       29.36992
27.58939      29.38789
27.57689      29.3972
27.56959      29.39808
27.55856      29.40531
27.55386      29.40634
27.54442      29.41372
27.53897      29.42261
27.52675      29.43261
27.52386      29.4327
27.5112       29.44497
27.504        29.44925
27.49989      29.45172
27.48417      29.46756
27.47697      29.47189
27.46972      29.48931
27.46053      29.49645
27.45197      29.50703
27.44908      29.52203
27.44633      29.52531
27.43495      29.53067
27.42995      29.5377
27.41856      29.5445
27.41297      29.54781
27.39667      29.56961
27.39769      29.57692
27.39503      29.5832
27.39022      29.58839
27.35731      29.60167
27.35208      29.6025
27.35047      29.60325
27.34536      29.60567
27.34283      29.60917
27.32472      29.6177
27.3155       29.61992
27.30647      29.62208
27.30547      29.62372
27.28292      29.62545
27.25395      29.63931
27.24814      29.63878
27.2322       29.63367
27.21103      29.63789
27.20339      29.63764
27.19653      29.6362
27.19006      29.63178
27.19125      29.62322
27.19156      29.62117
27.18856      29.61047
27.17203      29.5955
27.154        29.59067
27.14564      29.5847
27.12669      29.57553
27.114        29.57333
27.10692      29.57372
27.10111      29.581
27.10233      29.58647
27.10797      29.59
27.11797      29.58642
27.11967      29.58581
27.13131      29.59653
27.14639      29.59958
27.14911      29.6025
27.1482       29.6225
27.13914      29.63492
27.11486      29.63209
27.10453      29.63739
27.10008      29.63864
27.09586      29.63783
27.09264      29.63608
27.0967       29.63092
27.09811      29.62261
27.09297      29.61356
27.08922      29.61136
27.0682       29.61142
27.05842      29.61834
27.0457       29.63195
27.03008      29.63717
27.01325      29.64492
27.00556      29.65086
26.99128      29.6567
26.9792       29.65745
26.97847      29.65728
26.96278      29.65372
26.93164      29.65033
26.9185       29.65133
26.90992      29.65383
26.89395      29.66545
26.89158      29.66506
26.88822      29.66675
26.87236      29.66436
26.8682       29.66561
26.85406      29.67672
26.84681      29.67981
26.84211      29.68181
26.80381      29.68545
26.80003      29.69084
26.80389      29.6967
26.82167      29.71075
26.83686      29.70856
26.84997      29.69817
26.86447      29.69945
26.87264      29.7095
26.88744      29.72781
26.89695      29.73725
26.93089      29.75575
26.93122      29.75595
26.93317      29.75911
26.94442      29.76572
26.95147      29.77267
26.97934      29.79228
26.98083      29.79331
26.99139      29.80247
26.99556      29.80903
26.99639      29.81889
26.98133      29.84267
26.98414      29.84786
26.9835       29.85339
26.98047      29.85714
26.98175      29.8647
26.99417      29.87381
26.99853      29.87828
27.00031      29.88442
27.00814      29.89089
27.01122      29.89808
27.0127       29.90158
27.01314      29.92314
27.01492      29.92975
27.02106      29.94061
27.02811      29.94689
27.05739      29.9627
27.06556      29.97053
27.06753      29.97483
27.06581      29.97856
27.0627       29.98022
27.05689      29.98061
27.05475      29.97928
27.04603      29.97903
27.04117      29.97503
27.03792      29.97234
27.03311      29.97061
27.01944      29.97234
27.00395      29.96628
27.00169      29.96175
26.98917      29.94942
26.98667      29.94489
26.99728      29.92239
26.99706      29.91528
26.99456      29.91142
26.99147      29.91403
26.98842      29.92581
26.98661      29.92631
26.97639      29.91964
26.97342      29.91767
26.96525      29.91856
26.9585       29.91275
26.95647      29.90753
26.95956      29.90447
26.96586      29.90386
26.96758      29.90036
26.96378      29.89633
26.9552       29.89172
26.94164      29.8792
26.93911      29.88314
26.93956      29.88864
26.94347      29.89636
26.94231      29.9097
26.95322      29.92183
26.95503      29.92845
26.95372      29.9315
26.96653      29.94217
26.97106      29.94856
26.97584      29.961
26.97417      29.96678
26.98006      29.97789
27.00145      29.99764
27.00783      29.99764
27.00822      30
27.15464      30
27.15442      29.99695
27.13272      29.99645
27.1252       29.98514
27.119        29.98372
27.1105       29.98181
27.10481      29.97689
27.09647      29.96447
27.08536      29.95533
27.08089      29.9472
27.08103      29.94328
27.07161      29.92928
27.07278      29.92489
27.07742      29.92181
27.08489      29.92458
27.08936      29.92403
27.09481      29.92114
27.09928      29.91322
27.10186      29.9035
27.10578      29.90225
27.10914      29.90758
27.1122       29.91245
27.11625      29.90775
27.1185       29.89575
27.11736      29.89347
27.12147      29.88236
27.14361      29.85861
27.15075      29.83525
27.15083      29.82928
27.15517      29.82481
27.17695      29.81406
27.1865       29.80934
27.20678      29.80903
27.21542      29.79986
27.21886      29.79197
27.21686      29.78767
27.20831      29.78375
27.17372      29.80483
27.15128      29.81114
27.142        29.81017
27.12986      29.80892
27.11931      29.81631
27.11403      29.81597
27.11256      29.8112
27.10931      29.80853
27.09903      29.80831
27.09736      29.80539
27.09956      29.80006
27.09911      29.7865
27.09689      29.78267
27.09181      29.78072
27.08789      29.7815
27.08436      29.7862
27.083        29.79311
27.07722      29.79325
27.07186      29.79039
27.07225      29.7865
27.06728      29.77903
27.06433      29.77772
27.05595      29.77961
27.0552       29.77981
27.04045      29.77992
27.03831      29.77928
27.03708      29.77336
27.03311      29.773
27.03011      29.77811
27.02645      29.77867
27.02409      29.77047
27.02061      29.76939
27.01697      29.77017
27.01317      29.77486
27.00925      29.77633
27.00478      29.77597
27.00211      29.77489
27.00067      29.7715
26.99895      29.76672
26.99961      29.76278
26.99558      29.76036
26.98858      29.76353
26.9775       29.76264
26.97228      29.75586
26.9722       29.75336
26.96536      29.75306
26.96261      29.75014
26.96231      29.7472
26.96184      29.74281
26.96114      29.73664
26.96386      29.73058
26.972        29.73039
26.98         29.722
26.98995      29.72481
26.99486      29.72303
26.9932       29.71267
26.99081      29.70814
26.97214      29.70928
26.97042      29.70845
26.9705       29.70653
26.97372      29.70214
26.98564      29.69517
26.98997      29.69047
26.99956      29.68567
27.00364      29.68167
27.01108      29.67803
27.02486      29.67128
27.02742      29.66844
27.03109      29.66789
27.04142      29.66236
27.05303      29.6467
27.05339      29.64186
27.05586      29.63744
27.06103      29.63389
27.07311      29.63428
27.07411      29.64022
27.07183      29.64325
27.06634      29.64383
27.06195      29.64647
27.05853      29.66264
27.05556      29.66822
27.0495       29.67483
27.04717      29.67739
27.0425       29.67978
27.02336      29.68164
27.00492      29.68897
27.00108      29.69297
27.0012       29.69617
27.00361      29.69772
27.00861      29.69806
27.00986      29.69575
27.01561      29.69445
27.01678      29.69786
27.01253      29.70486
27.0137       29.7092
27.0175       29.713
27.02017      29.71339
27.02378      29.71147
27.03092      29.70464
27.03631      29.70817
27.03447      29.7165
27.04506      29.71992
27.04564      29.72011
27.05611      29.71872
27.05842      29.71636
27.04347      29.70181
27.04592      29.69578
27.05189      29.69378
27.05717      29.69389
27.0635       29.68683
27.06614      29.67897
27.0762       29.66381
27.08156      29.65908
27.09125      29.65814
27.10611      29.66192
27.11203      29.66589
27.11167      29.67317
27.11156      29.67556
27.11489      29.6812
27.11917      29.68317
27.12061      29.68681
27.11864      29.69122
27.12189      29.69411
27.12561      29.69517
27.13103      29.69228
27.13328      29.68856
27.139        29.68611
27.1425       29.6812
27.14078      29.67664
27.13         29.66867
27.12725      29.66483
27.12878      29.65931
27.13345      29.65275
27.12884      29.65167
27.11489      29.65664
27.11067      29.65653
27.1087       29.65289
27.11017      29.6492
27.11478      29.64517
27.1192       29.64414
27.12184      29.64456
27.13534      29.64672
27.13895      29.645
27.14506      29.63867
27.158        29.64039
27.16625      29.63559
27.17261      29.63728
27.18025      29.64534
27.20208      29.6457
27.21834      29.65147
27.22453      29.65592
27.2317       29.65778
27.24142      29.65778
27.24981      29.6517
27.25889      29.64514
27.2735       29.64222
27.27967      29.63795
27.28834      29.63725
27.293        29.63531
27.30747      29.63606
27.34386      29.63072
27.3477       29.62811
27.3545       29.627
27.36122      29.62383
27.37728      29.60917
27.37792      29.60764
27.37875      29.60567
27.38922      29.59759
27.40245      29.59217
27.41189      29.58433
27.42711      29.57589
27.45736      29.56197
27.46014      29.55892
27.48664      29.55036
27.48942      29.54778
27.50072      29.54664
27.50856      29.54586
27.51786      29.53481
27.52253      29.53331
27.52633      29.52928
27.5355       29.51386
27.54806      29.51306
27.55867      29.50839
27.56611      29.50359
27.56831      29.49895
27.57806      29.49314
27.59011      29.49189
27.59756      29.48753
27.61436      29.48306
27.62461      29.48033
27.62664      29.47867
27.6397       29.47692
27.64617      29.47397
27.65217      29.47333
27.67042      29.4767
27.68567      29.47695
27.70481      29.46239
27.71522      29.46025
27.725        29.45514
27.73256      29.44686
27.73525      29.43778
 1             68            2 
1
 -9999.0   ,   9990.0
   7
 24 
27.56592      29.44161
27.57142      29.44122
27.57758      29.44425
27.58728      29.4442
27.58917      29.44553
27.59247      29.44981
27.5875       29.45683
27.5692       29.46539
27.54775      29.47542
27.54378      29.48217
27.54208      29.49303
27.53745      29.49545
27.53195      29.49606
27.52717      29.49436
27.52089      29.48833
27.52308      29.48322
27.52864      29.47733
27.5335       29.46664
27.53886      29.46281
27.54408      29.46197
27.5532       29.45275
27.55614      29.44692
27.56075      29.44336
27.56592      29.44161
 1             68            3 
1
 -9999.0   ,   9990.0
   7
 12 
27.03822      29.84242
27.04453      29.84181
27.04884      29.8447
27.04958      29.85133
27.04856      29.86075
27.04606      29.86495
27.03745      29.867
27.03495      29.86361
27.03611      29.85878
27.03392      29.84759
27.03536      29.84364
27.03822      29.84242
 1             68            4 
1
 -9999.0   ,   9990.0
   7
 12 
27.04431      29.82514
27.04233      29.82881
27.03861      29.82959
27.03164      29.82847
27.02878      29.82489
27.02931      29.82289
27.03956      29.81767
27.04208      29.80853
27.04592      29.80631
27.04792      29.80758
27.0482       29.81072
27.04431      29.82514
 1             68            5 
1
 -9999.0   ,   9990.0
   7
 8 
27.01014      29.87042
27.01967      29.87983
27.01906      29.88581
27.01539      29.88658
27.00947      29.88236
27.00664      29.87647
27.00709      29.87347
27.01014      29.87042
 1 
 1             69            
1
 -9999.0   ,   9990.0
   7
 8 
27.70892      30
27.72508      30
27.72636      29.99864
27.72564      29.99375
27.72536      29.99192
27.72214      29.99064
27.71639      29.99172
27.70892      30
