 94 
 1 
 1             1             
1
 -9999.0   ,   9990.0
   7
 6 
-85.05333      30
-85.04848      30
-85.04571      29.99509
-85.04684      29.98939
-85.05114      29.99258
-85.05333      30
 1 
 1             2             
1
 -9999.0   ,   9990.0
   7
 8 
-89.84608      29.97803
-89.85218      29.97534
-89.85454      29.97583
-89.86664      29.97849
-89.86504      29.9803
-89.85633      29.98067
-89.85109      29.97786
-89.84608      29.97803
 1 
 1             3             
1
 -9999.0   ,   9990.0
   7
 9 
-89.86761      29.96542
-89.87033      29.95873
-89.87516      29.95429
-89.87552      29.95768
-89.87049      29.96751
-89.85723      29.97265
-89.85474      29.97538
-89.85648      29.96988
-89.86761      29.96542
 1 
 1             4             
1
 -9999.0   ,   9990.0
   7
 105 
-85.02442      29.95759
-85.02129      29.96135
-85.01328      29.9495
-85.00944      29.93852
-85.00914      29.93384
-85.00876      29.92792
-85.01248      29.91867
-85.01221      29.91429
-85.00664      29.90577
-85.00961      29.8958
-85.0084       29.87184
-85.00996      29.86318
-85.01484      29.85215
-85.02276      29.84768
-85.02763      29.83665
-85.02438      29.82478
-85.01734      29.81797
-85.01665      29.8173
-85.01458      29.81215
-85.02063      29.7991
-85.02718      29.79527
-85.036        29.77545
-85.04116      29.77292
-85.03922      29.77008
-85.02479      29.76
-85.01604      29.75638
-85            29.73926
-85            29.73356
-85.00951      29.74666
-85.03698      29.76354
-85.04512      29.77287
-85.04951      29.77445
-85.05402      29.77833
-85.06064      29.77794
-85.06509      29.77401
-85.06837      29.76749
-85.07332      29.76404
-85.07866      29.7629
-85.08689      29.76627
-85.09152      29.76635
-85.09558      29.76643
-85.11304      29.77434
-85.12182      29.77312
-85.12999      29.77763
-85.13726      29.77496
-85.14861      29.78397
-85.14971      29.7877
-85.14906      29.78974
-85.15166      29.79491
-85.15448      29.79641
-85.16501      29.79665
-85.17172      29.79902
-85.1765       29.80314
-85.17832      29.80805
-85.17699      29.81281
-85.17795      29.81446
-85.16979      29.81893
-85.14699      29.82089
-85.14391      29.81938
-85.13741      29.79956
-85.13281      29.79705
-85.12629      29.79584
-85.11892      29.79114
-85.11111      29.78505
-85.10759      29.77754
-85.09711      29.77178
-85.07703      29.76812
-85.07162      29.7704
-85.06883      29.77416
-85.06303      29.78196
-85.05813      29.78472
-85.05216      29.78307
-85.04566      29.77726
-85.04034      29.77794
-85.0372       29.78194
-85.03307      29.79393
-85.02369      29.80185
-85.01996      29.81002
-85.02123      29.81568
-85.02943      29.82409
-85.03238      29.83227
-85.03749      29.86258
-85.03941      29.87395
-85.04559      29.88112
-85.05026      29.89121
-85.05059      29.89467
-85.04459      29.91246
-85.03661      29.92608
-85.03879      29.91696
-85.04802      29.89777
-85.04377      29.88494
-85.03756      29.87846
-85.03577      29.87309
-85.03104      29.84599
-85.03084      29.84483
-85.02551      29.85034
-85.01648      29.85567
-85.01364      29.86358
-85.01507      29.89719
-85.01199      29.90464
-85.01752      29.90925
-85.01898      29.91576
-85.01812      29.92146
-85.01222      29.93176
-85.02442      29.95759
 1 
 1             5             
1
 -9999.0   ,   9990.0
   7
 8 
-89.86214      29.96077
-89.85274      29.95355
-89.85358      29.95035
-89.85838      29.94719
-89.86364      29.94793
-89.86094      29.95181
-89.86302      29.95412
-89.86214      29.96077
 1 
 1             6             
1
 -9999.0   ,   9990.0
   7
 8 
-89.87814      29.94763
-89.88346      29.94448
-89.89056      29.94593
-89.89708      29.95197
-89.89652      29.95403
-89.88783      29.95302
-89.8855       29.95024
-89.87814      29.94763
 1 
 1             7             
1
 -9999.0   ,   9990.0
   7
 47 
-90            29.93511
-90            29.94347
-89.98357      29.93199
-89.96009      29.92685
-89.95386      29.92549
-89.93145      29.9248
-89.92201      29.9208
-89.90511      29.90364
-89.90079      29.89166
-89.8996       29.88178
-89.90029      29.86962
-89.90352      29.86438
-89.91462      29.86197
-89.92304      29.86252
-89.93515      29.86688
-89.94403      29.87008
-89.95633      29.87687
-89.96264      29.87739
-89.96556      29.87604
-89.96797      29.87331
-89.97325      29.85157
-89.99825      29.81166
-90            29.80721
-90            29.82673
-89.98174      29.84752
-89.97739      29.85735
-89.97507      29.87453
-89.96999      29.88068
-89.96312      29.88107
-89.95077      29.8791
-89.93598      29.87295
-89.92534      29.86851
-89.91559      29.86772
-89.91084      29.86905
-89.90684      29.87268
-89.90545      29.87817
-89.9069       29.88759
-89.91099      29.89773
-89.91976      29.91205
-89.9255       29.91647
-89.93259      29.91884
-89.94601      29.92036
-89.96921      29.92083
-89.98081      29.92418
-89.98155      29.92439
-89.99805      29.93374
-90            29.93511
 1 
 1             8             
1
 -9999.0   ,   9990.0
   7
 6 
-89.47542      29.93259
-89.47761      29.92849
-89.48212      29.92649
-89.48971      29.92981
-89.4857       29.93319
-89.47542      29.93259
 1 
 1             9             
1
 -9999.0   ,   9990.0
   7
 16 
-89.50944      29.91699
-89.51079      29.91494
-89.51369      29.91498
-89.51611      29.91249
-89.51942      29.90427
-89.52621      29.90781
-89.52628      29.91534
-89.52267      29.91465
-89.52185      29.91624
-89.5244       29.92155
-89.53402      29.92948
-89.53316      29.93314
-89.53056      29.93104
-89.52348      29.92911
-89.51679      29.91893
-89.50944      29.91699
 1 
 1             10            
1
 -9999.0   ,   9990.0
   7
 12 
-89.51269      29.89661
-89.50596      29.90501
-89.50958      29.90919
-89.50692      29.9103
-89.50221      29.90863
-89.50225      29.90611
-89.49886      29.904
-89.49309      29.90231
-89.49312      29.90002
-89.50028      29.89828
-89.50447      29.89971
-89.51269      29.89661
 1 
 1             11            
1
 -9999.0   ,   9990.0
   7
 16 
-89.49278      29.88923
-89.49499      29.88352
-89.49998      29.88474
-89.50491      29.88962
-89.51224      29.89179
-89.50692      29.8947
-89.49513      29.89087
-89.48638      29.89419
-89.48157      29.8978
-89.47735      29.89797
-89.47292      29.89446
-89.47401      29.89242
-89.48111      29.89389
-89.48175      29.88701
-89.48652      29.88524
-89.49278      29.88923
 1 
 1             12            
1
 -9999.0   ,   9990.0
   7
 21 
-89.56246      29.85229
-89.55866      29.85913
-89.55364      29.85952
-89.55051      29.86216
-89.54692      29.86665
-89.54445      29.8734
-89.5402       29.87541
-89.53586      29.88292
-89.53737      29.88707
-89.53262      29.88724
-89.53223      29.8792
-89.53414      29.87533
-89.54808      29.86174
-89.55354      29.85011
-89.55776      29.84948
-89.55967      29.84583
-89.56469      29.84498
-89.56728      29.84777
-89.56671      29.85029
-89.56328      29.85047
-89.56246      29.85229
 1 
 1             13            
1
 -9999.0   ,   9990.0
   7
 16 
-89.44759      29.8512
-89.45891      29.85182
-89.46309      29.85371
-89.46408      29.85785
-89.46826      29.85975
-89.47031      29.86322
-89.46919      29.86665
-89.46216      29.86219
-89.45766      29.86282
-89.45479      29.8614
-89.45749      29.85753
-89.45436      29.85565
-89.45011      29.85789
-89.44302      29.85641
-89.44467      29.85231
-89.44759      29.8512
 1 
 1             14            
1
 -9999.0   ,   9990.0
   7
 8 
-89.59822      29.84266
-89.59808      29.84954
-89.5951       29.85409
-89.59089      29.85404
-89.5902       29.84783
-89.58732      29.84665
-89.58476      29.8418
-89.59822      29.84266
 1 
 1             15            
1
 -9999.0   ,   9990.0
   7
 11 
-89.65841      29.8435
-89.67091      29.84371
-89.67334      29.85051
-89.67031      29.85121
-89.66389      29.84885
-89.65916      29.84877
-89.64935      29.84372
-89.64896      29.84184
-89.65116      29.84037
-89.65589      29.84046
-89.65841      29.8435
 1 
 1             16            
1
 -9999.0   ,   9990.0
   7
 10 
-89.91595      29.84133
-89.90879      29.84447
-89.90064      29.84347
-89.89087      29.82523
-89.89196      29.82272
-89.8983       29.82118
-89.91779      29.82162
-89.91962      29.82301
-89.92237      29.8336
-89.91595      29.84133
 1 
 1             17            
1
 -9999.0   ,   9990.0
   7
 16 
-89.73017      29.83147
-89.73376      29.82633
-89.73206      29.82555
-89.72771      29.82698
-89.72863      29.82437
-89.73212      29.82217
-89.74121      29.82044
-89.7442       29.82162
-89.74461      29.82275
-89.74071      29.82381
-89.73338      29.8314
-89.73711      29.83726
-89.73312      29.8402
-89.72811      29.8406
-89.72208      29.83869
-89.73017      29.83147
 1 
 1             18            
1
 -9999.0   ,   9990.0
   7
 16 
-89.61201      29.83481
-89.60837      29.83223
-89.61134      29.82722
-89.62164      29.82597
-89.62689      29.82696
-89.63246      29.82474
-89.64005      29.82759
-89.64238      29.83037
-89.64686      29.83042
-89.64781      29.83755
-89.64384      29.83773
-89.63574      29.83373
-89.63394      29.83896
-89.62821      29.83743
-89.62416      29.83358
-89.61201      29.83481
 1 
 1             19            
1
 -9999.0   ,   9990.0
   7
 5 
-89.44504      29.83189
-89.46131      29.83578
-89.4602       29.83875
-89.44577      29.83488
-89.44504      29.83189
 1 
 1             20            
1
 -9999.0   ,   9990.0
   7
 11 
-89.69902      29.81248
-89.70043      29.82443
-89.69753      29.82416
-89.69459      29.82757
-89.69252      29.82479
-89.6891       29.82452
-89.68808      29.82268
-89.68996      29.81971
-89.69628      29.82002
-89.69584      29.81428
-89.69902      29.81248
 1 
 1             21            
1
 -9999.0   ,   9990.0
   7
 5 
-89.70406      29.81116
-89.71131      29.81928
-89.70969      29.82225
-89.70597      29.82381
-89.70406      29.81116
 1 
 1             22            
1
 -9999.0   ,   9990.0
   7
 27 
-89.62711      29.7968
-89.63576      29.79953
-89.63946      29.7982
-89.64156      29.79938
-89.64281      29.80284
-89.64916      29.80615
-89.65092      29.80707
-89.65408      29.80688
-89.65544      29.80391
-89.65443      29.80114
-89.65686      29.79751
-89.65679      29.78488
-89.65319      29.77933
-89.65849      29.77779
-89.66396      29.78176
-89.66493      29.78636
-89.66381      29.7907
-89.66677      29.80382
-89.67096      29.80548
-89.67218      29.81192
-89.66979      29.81327
-89.66694      29.8091
-89.66196      29.80812
-89.6577       29.81105
-89.65242      29.81168
-89.63281      29.80294
-89.62711      29.7968
 1 
 1             23            
1
 -9999.0   ,   9990.0
   7
 21 
-89.83553      29.80787
-89.82549      29.81074
-89.81182      29.80894
-89.80447      29.80683
-89.79615      29.79917
-89.79217      29.78306
-89.8124       29.78604
-89.81562      29.78195
-89.82109      29.78637
-89.82688      29.7862
-89.83114      29.78258
-89.83771      29.7838
-89.84381      29.78157
-89.85249      29.78121
-89.86151      29.77741
-89.86859      29.77863
-89.8693       29.78461
-89.87045      29.79656
-89.86309      29.79579
-89.85141      29.80254
-89.83553      29.80787
 1 
 1             24            
1
 -9999.0   ,   9990.0
   7
 9 
-89.56357      29.80651
-89.55946      29.81049
-89.55421      29.80927
-89.5477       29.80505
-89.55063      29.80303
-89.55692      29.80494
-89.5584       29.80351
-89.56234      29.80358
-89.56357      29.80651
 1 
 1             25            
1
 -9999.0   ,   9990.0
   7
 7 
-89.68629      29.78479
-89.6931       29.78716
-89.69539      29.79178
-89.69482      29.79499
-89.6914       29.79472
-89.68649      29.78869
-89.68629      29.78479
 1 
 1             26            
1
 -9999.0   ,   9990.0
   7
 7 
-89.78516      29.77586
-89.78453      29.78343
-89.78187      29.785
-89.77939      29.79301
-89.77609      29.78402
-89.78098      29.77398
-89.78516      29.77586
 1 
 1             27            
1
 -9999.0   ,   9990.0
   7
 9 
-89.52996      29.77957
-89.52776      29.78482
-89.52252      29.78315
-89.51959      29.78563
-89.5159       29.78558
-89.51493      29.78052
-89.51866      29.77781
-89.52059      29.77302
-89.52996      29.77957
 1 
 1             28            
1
 -9999.0   ,   9990.0
   7
 9 
-89.54756      29.77141
-89.55228      29.77262
-89.55469      29.77979
-89.55809      29.7821
-89.55458      29.78505
-89.5494       29.78533
-89.55207      29.78162
-89.54709      29.7729
-89.54756      29.77141
 1 
 1             29            
1
 -9999.0   ,   9990.0
   7
 29 
-89.68266      29.72989
-89.68601      29.73429
-89.69159      29.74836
-89.69071      29.75455
-89.6953       29.76401
-89.70739      29.7653
-89.69949      29.77284
-89.6967       29.7755
-89.69494      29.76997
-89.69259      29.76903
-89.69114      29.77681
-89.68591      29.7756
-89.67929      29.77759
-89.67676      29.77113
-89.67155      29.76762
-89.67794      29.76242
-89.68211      29.76546
-89.68348      29.7618
-89.67565      29.75734
-89.66276      29.7565
-89.66177      29.75327
-89.66445      29.74986
-89.66814      29.74968
-89.67414      29.75319
-89.67914      29.75257
-89.68314      29.75009
-89.68529      29.74645
-89.68024      29.73307
-89.68266      29.72989
 1 
 1             30            
1
 -9999.0   ,   9990.0
   7
 20 
-89.80057      29.76663
-89.80118      29.76067
-89.80417      29.75428
-89.80835      29.75639
-89.81651      29.75602
-89.8183       29.7604
-89.82222      29.76228
-89.82111      29.76617
-89.82472      29.77126
-89.82364      29.77309
-89.81942      29.77373
-89.81368      29.77045
-89.81298      29.76448
-89.81064      29.7617
-89.80722      29.7612
-89.80482      29.76415
-89.80389      29.77309
-89.80048      29.77282
-89.79868      29.77028
-89.80057      29.76663
 1 
 1             31            
1
 -9999.0   ,   9990.0
   7
 14 
-89.88591      29.74417
-89.88906      29.74489
-89.89138      29.74928
-89.88998      29.75454
-89.88392      29.7547
-89.88159      29.75193
-89.87791      29.75143
-89.88344      29.76656
-89.87976      29.76361
-89.87214      29.74999
-89.87458      29.74565
-89.88164      29.74802
-89.88402      29.74759
-89.88591      29.74417
 1 
 1             32            
1
 -9999.0   ,   9990.0
   7
 10 
-89.55446      29.74731
-89.56365      29.74858
-89.56671      29.75481
-89.57586      29.75861
-89.57397      29.76133
-89.56739      29.76102
-89.56272      29.75682
-89.55407      29.75465
-89.55282      29.75027
-89.55446      29.74731
 1 
 1             33            
1
 -9999.0   ,   9990.0
   7
 9 
-89.85754      29.75314
-89.84263      29.75242
-89.84188      29.74942
-89.8481       29.73756
-89.8533       29.74175
-89.8583       29.74203
-89.8647       29.74781
-89.86214      29.7514
-89.85754      29.75314
 1 
 1             34            
1
 -9999.0   ,   9990.0
   7
 10 
-89.82751      29.74123
-89.81901      29.74784
-89.81054      29.75045
-89.80722      29.7433
-89.80866      29.73482
-89.81212      29.73188
-89.81499      29.73398
-89.81897      29.7315
-89.8252       29.73707
-89.82751      29.74123
 2 
 1             35            
1
 -9999.0   ,   9990.0
   7
 119 
-89.81188      29.67473
-89.82065      29.68699
-89.82004      29.69295
-89.81786      29.69712
-89.81517      29.70231
-89.79142      29.70662
-89.79349      29.70917
-89.80613      29.70886
-89.80574      29.71757
-89.80994      29.71831
-89.81287      29.71651
-89.82523      29.71642
-89.82762      29.71484
-89.82847      29.71072
-89.83536      29.70666
-89.83358      29.70366
-89.83572      29.7007
-89.84072      29.7003
-89.84649      29.70197
-89.84941      29.69948
-89.85308      29.70112
-89.85454      29.7094
-89.85334      29.72202
-89.85269      29.72889
-89.84645      29.72354
-89.84278      29.72304
-89.84079      29.73312
-89.83736      29.73377
-89.83501      29.73259
-89.83451      29.73052
-89.83776      29.72459
-89.83543      29.72089
-89.82592      29.72331
-89.81806      29.72139
-89.81094      29.72222
-89.80481      29.72766
-89.80034      29.72715
-89.79504      29.72962
-89.79512      29.72365
-89.79282      29.71949
-89.78469      29.71733
-89.77282      29.7188
-89.76341      29.71479
-89.7609       29.7175
-89.75646      29.72228
-89.75015      29.72198
-89.73818      29.71289
-89.73422      29.71353
-89.7341       29.72179
-89.72124      29.71934
-89.71799      29.7255
-89.70589      29.72535
-89.70182      29.73041
-89.71194      29.74325
-89.71146      29.7465
-89.70089      29.73546
-89.69612      29.72707
-89.70011      29.7246
-89.69889      29.71838
-89.69971      29.71812
-89.70444      29.71662
-89.71101      29.71738
-89.71869      29.7138
-89.72326      29.70766
-89.72801      29.70726
-89.72884      29.70451
-89.72628      29.69944
-89.73313      29.6986
-89.74401      29.71043
-89.75137      29.71098
-89.75748      29.70715
-89.74936      29.70453
-89.75601      29.70002
-89.75525      29.69725
-89.74844      29.69511
-89.74797      29.69166
-89.75329      29.68736
-89.75362      29.68277
-89.74429      29.67394
-89.74406      29.67142
-89.74508      29.67038
-89.7534       29.66189
-89.76601      29.66318
-89.77261      29.66211
-89.7758       29.65917
-89.77406      29.65203
-89.76708      29.64369
-89.76097      29.64843
-89.75498      29.64469
-89.75124      29.64786
-89.74338      29.64639
-89.73835      29.64863
-89.72573      29.64802
-89.71999      29.64497
-89.74056      29.64154
-89.75082      29.64097
-89.75312      29.64188
-89.75501      29.64263
-89.77424      29.6401
-89.77603      29.64333
-89.78422      29.64045
-89.78056      29.63902
-89.78088      29.63559
-89.78562      29.63472
-89.79192      29.63617
-89.80472      29.6416
-89.81233      29.64283
-89.81439      29.64653
-89.8117       29.6504
-89.80328      29.65076
-89.79951      29.65669
-89.79447      29.65961
-89.79759      29.66263
-89.80049      29.66174
-89.80227      29.66613
-89.80912      29.66437
-89.81226      29.66624
-89.80799      29.67078
-89.81188      29.67473
 1             35            2 
1
 -9999.0   ,   9990.0
   7
 15 
-89.78979      29.67402
-89.78636      29.67444
-89.78199      29.68586
-89.79134      29.69423
-89.78841      29.69672
-89.78341      29.69712
-89.78337      29.69942
-89.78625      29.70106
-89.80547      29.6999
-89.81023      29.69789
-89.81213      29.69378
-89.81063      29.68848
-89.80624      29.68293
-89.79809      29.68214
-89.78979      29.67402
 1 
 1             36            
1
 -9999.0   ,   9990.0
   7
 9 
-89.73282      29.73738
-89.7354       29.74062
-89.73433      29.74199
-89.72827      29.74215
-89.71875      29.74525
-89.71799      29.74271
-89.72065      29.74114
-89.72701      29.738
-89.73282      29.73738
 1 
 1             37            
1
 -9999.0   ,   9990.0
   7
 256 
-90            29.7293
-90            29.73893
-89.99316      29.7345
-89.99261      29.73383
-89.98798      29.72825
-89.98468      29.71835
-89.96148      29.68048
-89.95765      29.67126
-89.95343      29.65193
-89.94956      29.64616
-89.91977      29.63139
-89.89362      29.61332
-89.86886      29.6049
-89.85074      29.60332
-89.83922      29.59998
-89.79504      29.57246
-89.77129      29.55399
-89.75419      29.53704
-89.72467      29.5259
-89.70369      29.50659
-89.69421      29.49064
-89.69196      29.48805
-89.68492      29.47997
-89.68107      29.47441
-89.66858      29.46714
-89.66309      29.46547
-89.6527       29.45845
-89.6173       29.45594
-89.60921      29.45262
-89.59728      29.44374
-89.59555      29.43729
-89.59891      29.42448
-89.59849      29.40678
-89.59844      29.40473
-89.59385      29.39641
-89.58766      29.38967
-89.57498      29.37964
-89.53982      29.36379
-89.52988      29.36251
-89.51321      29.35586
-89.48276      29.34121
-89.48107      29.34106
-89.47963      29.34094
-89.47008      29.34724
-89.46126      29.3563
-89.44859      29.36094
-89.44256      29.36109
-89.42589      29.35465
-89.40016      29.3412
-89.3734       29.31349
-89.37009      29.30794
-89.36966      29.30754
-89.35179      29.29091
-89.34734      29.29016
-89.33238      29.29625
-89.30714      29.30254
-89.3004       29.30553
-89.28661      29.31358
-89.27776      29.32401
-89.27492      29.33567
-89.27562      29.34005
-89.2709       29.33997
-89.27116      29.32597
-89.27956      29.31256
-89.28514      29.30828
-89.29623      29.30386
-89.30731      29.29962
-89.34189      29.28709
-89.34535      29.28462
-89.3462       29.28118
-89.34494      29.27864
-89.31554      29.25272
-89.29822      29.24029
-89.28287      29.22147
-89.28255      29.22083
-89.27353      29.20273
-89.26761      29.19758
-89.26236      29.19819
-89.25862      29.20158
-89.24901      29.22485
-89.23138      29.2558
-89.21929      29.27053
-89.20921      29.27916
-89.19636      29.29015
-89.19094      29.29924
-89.18903      29.31574
-89.19461      29.33879
-89.18967      29.33687
-89.18273      29.32942
-89.17889      29.32499
-89.18421      29.30223
-89.18519      29.298
-89.18984      29.28867
-89.19386      29.28391
-89.2109       29.27086
-89.23161      29.24409
-89.24268      29.22682
-89.25196      29.20745
-89.25368      29.19989
-89.25115      29.19526
-89.24275      29.19605
-89.22061      29.20397
-89.22892      29.19377
-89.24046      29.1928
-89.24469      29.19103
-89.25129      29.19225
-89.25471      29.18823
-89.25547      29.18844
-89.25743      29.18204
-89.25241      29.17095
-89.24271      29.15771
-89.23033      29.14833
-89.21733      29.144
-89.2121       29.14369
-89.18961      29.15573
-89.16704      29.15812
-89.15463      29.16263
-89.13386      29.16792
-89.12171      29.17323
-89.11933      29.17411
-89.11221      29.17698
-89.07604      29.18424
-89.03054      29.19972
-89.02675      29.20405
-89.02689      29.19892
-89.04088      29.19242
-89.04304      29.18985
-89.04249      29.18827
-89.03835      29.18688
-89.02823      29.18521
-89.00924      29.17915
-88.99869      29.17093
-89.00349      29.16688
-89.00394      29.16444
-89.00993      29.17159
-89.01921      29.17841
-89.02147      29.17911
-89.02779      29.18108
-89.05052      29.18376
-89.0694       29.1827
-89.15951      29.15525
-89.16294      29.15393
-89.17368      29.1541
-89.19159      29.14842
-89.20644      29.13832
-89.21488      29.13546
-89.22251      29.13375
-89.22956      29.13478
-89.24564      29.14297
-89.23835      29.12642
-89.23531      29.11532
-89.23274      29.1059
-89.21484      29.08426
-89.20828      29.07222
-89.18591      29.03949
-89.17259      29.02527
-89.15845      29.01356
-89.15929      29.01082
-89.17064      29.01835
-89.18473      29.03281
-89.20032      29.05143
-89.22805      29.09113
-89.23471      29.09835
-89.23822      29.10575
-89.23949      29.11342
-89.24305      29.13059
-89.24729      29.13781
-89.25018      29.13739
-89.26151      29.11989
-89.26733      29.10253
-89.27839      29.08548
-89.28937      29.0721
-89.30732      29.05494
-89.31141      29.05103
-89.34637      29.00292
-89.35543      28.99341
-89.36856      28.97569
-89.38614      28.95712
-89.38988      28.95189
-89.40464      28.93121
-89.40338      28.92821
-89.41136      28.92029
-89.41623      28.92564
-89.41109      28.93521
-89.40768      28.93654
-89.3986       28.94743
-89.39415      28.95806
-89.39287      28.96112
-89.38858      28.96703
-89.374        28.9783
-89.34564      29.01148
-89.30868      29.05886
-89.30658      29.06157
-89.28711      29.08102
-89.27796      29.09465
-89.26842      29.11402
-89.26233      29.13072
-89.25963      29.14971
-89.26375      29.16676
-89.2669       29.17215
-89.29545      29.22097
-89.3085       29.237
-89.31828      29.24633
-89.35241      29.27141
-89.36059      29.28277
-89.37081      29.29739
-89.39959      29.32948
-89.41341      29.34114
-89.4299       29.35012
-89.44191      29.35304
-89.45213      29.35341
-89.4553       29.35231
-89.46812      29.3394
-89.47657      29.33562
-89.48679      29.33622
-89.50292      29.34355
-89.51492      29.34716
-89.53936      29.36011
-89.56288      29.36502
-89.56964      29.36901
-89.59634      29.38887
-89.60277      29.39676
-89.60526      29.40459
-89.60613      29.41562
-89.60246      29.43256
-89.60367      29.43831
-89.61376      29.44763
-89.61636      29.4485
-89.62159      29.45025
-89.64754      29.45242
-89.65984      29.45533
-89.67235      29.46145
-89.68763      29.47472
-89.71159      29.50485
-89.72552      29.51986
-89.72839      29.52296
-89.74174      29.52587
-89.75219      29.53059
-89.76389      29.53876
-89.78591      29.56013
-89.79709      29.56852
-89.8263       29.58446
-89.83839      29.59529
-89.84058      29.59725
-89.87023      29.60079
-89.8909       29.60835
-89.90552      29.61609
-89.9201       29.62657
-89.95275      29.64298
-89.95718      29.64624
-89.96001      29.65085
-89.96048      29.654
-89.96292      29.67085
-89.96728      29.67985
-89.99772      29.7272
-90            29.7293
 1 
 1             38            
1
 -9999.0   ,   9990.0
   7
 11 
-89.88502      29.71226
-89.88159      29.71291
-89.88033      29.709
-89.88168      29.70626
-89.88514      29.70354
-89.89304      29.7034
-89.8989       29.69795
-89.90071      29.70003
-89.90039      29.70462
-89.89242      29.7105
-89.88502      29.71226
 1 
 1             39            
1
 -9999.0   ,   9990.0
   7
 9 
-89.95708      29.69558
-89.96021      29.69722
-89.96691      29.70922
-89.96212      29.71192
-89.95951      29.71075
-89.95904      29.70707
-89.95361      29.69875
-89.95418      29.69578
-89.95708      29.69558
 1 
 1             40            
1
 -9999.0   ,   9990.0
   7
 5 
-89.62563      29.69131
-89.63447      29.69831
-89.62211      29.69792
-89.61562      29.69279
-89.62563      29.69131
 1 
 1             41            
1
 -9999.0   ,   9990.0
   7
 7 
-89.91288      29.67515
-89.91628      29.67656
-89.91958      29.68601
-89.91952      29.69037
-89.9114       29.68799
-89.91043      29.68132
-89.91288      29.67515
 1 
 1             42            
1
 -9999.0   ,   9990.0
   7
 9 
-89.71296      29.67564
-89.72452      29.676
-89.73081      29.67791
-89.73392      29.68048
-89.73336      29.68346
-89.72129      29.68125
-89.71233      29.68205
-89.71053      29.67905
-89.71296      29.67564
 1 
 1             43            
1
 -9999.0   ,   9990.0
   7
 6 
-89.88029      29.67273
-89.88733      29.67809
-89.88546      29.6799
-89.87784      29.67936
-89.87476      29.67428
-89.88029      29.67273
 1 
 1             44            
1
 -9999.0   ,   9990.0
   7
 7 
-89.68318      29.66242
-89.68759      29.66546
-89.69912      29.66881
-89.69616      29.67314
-89.68854      29.67281
-89.68077      29.66469
-89.68318      29.66242
 1 
 1             45            
1
 -9999.0   ,   9990.0
   7
 16 
-89.89374      29.65085
-89.89636      29.65225
-89.89736      29.65593
-89.90099      29.6601
-89.90394      29.65509
-89.90705      29.65856
-89.91202      29.66045
-89.91618      29.66417
-89.91535      29.66737
-89.91222      29.66619
-89.91009      29.66754
-89.90564      29.66589
-89.90454      29.66978
-89.90216      29.67044
-89.89055      29.65379
-89.89374      29.65085
 1 
 1             46            
1
 -9999.0   ,   9990.0
   7
 5 
-90            29.64415
-89.99282      29.63535
-89.99443      29.63307
-90            29.63087
-90            29.64415
 1 
 1             47            
1
 -9999.0   ,   9990.0
   7
 8 
-89.94541      29.62133
-89.95716      29.62765
-89.9634       29.63322
-89.96257      29.63642
-89.95916      29.63593
-89.93618      29.62352
-89.93648      29.62054
-89.94541      29.62133
 1 
 1             48            
1
 -9999.0   ,   9990.0
   7
 10 
-89.89277      29.58611
-89.89642      29.58845
-89.9057       29.60186
-89.90566      29.60553
-89.90329      29.60527
-89.89444      29.59921
-89.88109      29.59494
-89.87825      29.59077
-89.88119      29.58782
-89.89277      29.58611
 1 
 1             49            
1
 -9999.0   ,   9990.0
   7
 36 
-89.9824       29.5439
-89.98714      29.54326
-89.99461      29.5555
-89.99299      29.55892
-89.98665      29.56139
-89.96876      29.56235
-89.96146      29.55814
-89.95701      29.55764
-89.95066      29.56079
-89.94639      29.56602
-89.94524      29.5729
-89.9467       29.58232
-89.93917      29.57535
-89.93588      29.56614
-89.92672      29.56283
-89.92284      29.55751
-89.9116       29.55395
-89.91005      29.55164
-89.9148       29.55008
-89.91562      29.54734
-89.91309      29.54065
-89.91047      29.53994
-89.90782      29.54151
-89.90355      29.54652
-89.90176      29.54306
-89.90607      29.5353
-89.91341      29.53584
-89.92092      29.54441
-89.92669      29.54447
-89.92557      29.5502
-89.9271       29.55365
-89.93632      29.55192
-89.94078      29.55334
-89.95469      29.55349
-89.98026      29.54755
-89.9824       29.5439
 1 
 1             50            
1
 -9999.0   ,   9990.0
   7
 13 
-89.7338       29.56549
-89.73721      29.56599
-89.74006      29.56877
-89.73924      29.57129
-89.74159      29.57247
-89.74049      29.57498
-89.73396      29.5726
-89.72582      29.57205
-89.72186      29.57338
-89.72111      29.57061
-89.72405      29.56721
-89.73008      29.56911
-89.7338       29.56549
 1 
 1             51            
1
 -9999.0   ,   9990.0
   7
 12 
-89.86144      29.55226
-89.86404      29.55413
-89.87452      29.55539
-89.87725      29.56781
-89.87483      29.57169
-89.87036      29.57233
-89.86643      29.57114
-89.86543      29.56699
-89.85892      29.56279
-89.85715      29.55841
-89.85906      29.55269
-89.86144      29.55226
 1 
 1             52            
1
 -9999.0   ,   9990.0
   7
 10 
-89.91502      29.51336
-89.91922      29.51363
-89.92469      29.51691
-89.92751      29.5229
-89.92668      29.52588
-89.91693      29.52807
-89.9104       29.52502
-89.90862      29.52064
-89.91105      29.51584
-89.91502      29.51336
 1 
 1             53            
1
 -9999.0   ,   9990.0
   7
 18 
-89.89222      29.4897
-89.894        29.49454
-89.89948      29.49713
-89.89944      29.49988
-89.89232      29.50164
-89.89224      29.50807
-89.88907      29.50964
-89.88569      29.50639
-89.88419      29.50132
-89.87945      29.50265
-89.87109      29.49957
-89.87006      29.49796
-89.87882      29.49071
-89.88196      29.49189
-89.88216      29.49625
-89.88558      29.49606
-89.88932      29.49036
-89.89222      29.4897
 1 
 1             54            
1
 -9999.0   ,   9990.0
   7
 7 
-89.64058      29.47827
-89.64939      29.48549
-89.64856      29.48801
-89.64594      29.48798
-89.64231      29.48518
-89.63949      29.48078
-89.64058      29.47827
 1 
 1             55            
1
 -9999.0   ,   9990.0
   7
 96 
-89.70111      29.45216
-89.70342      29.45494
-89.70102      29.45767
-89.7023       29.45975
-89.70491      29.46047
-89.70695      29.46463
-89.70429      29.46712
-89.70088      29.46662
-89.68921      29.45752
-89.68568      29.4483
-89.68179      29.44435
-89.6785       29.43719
-89.67513      29.43371
-89.66888      29.43133
-89.66528      29.42647
-89.66057      29.42526
-89.66012      29.42067
-89.66513      29.41866
-89.66781      29.41525
-89.66368      29.41107
-89.65946      29.41217
-89.65793      29.40962
-89.65876      29.40642
-89.65671      29.40387
-89.64674      29.40306
-89.64229      29.39888
-89.63434      29.39142
-89.63025      29.40101
-89.63721      29.40844
-89.62982      29.4111
-89.62626      29.4044
-89.62284      29.40482
-89.62357      29.4085
-89.62169      29.41146
-89.62704      29.4214
-89.63198      29.42468
-89.63192      29.42743
-89.6241       29.4248
-89.61869      29.41831
-89.61624      29.40749
-89.61871      29.4004
-89.62582      29.39935
-89.62824      29.39502
-89.62675      29.3904
-89.62423      29.38875
-89.61896      29.38526
-89.61345      29.38496
-89.61034      29.38285
-89.60133      29.37149
-89.59994      29.36022
-89.60342      29.35567
-89.60488      29.34697
-89.60813      29.34035
-89.60792      29.33714
-89.60323      29.33524
-89.60747      29.333
-89.61174      29.328
-89.62548      29.35458
-89.63052      29.3675
-89.63592      29.37445
-89.63506      29.37903
-89.63708      29.38411
-89.64723      29.3886
-89.64969      29.39942
-89.65522      29.39811
-89.65992      29.39932
-89.67232      29.4121
-89.675        29.42521
-89.67788      29.42594
-89.68031      29.42138
-89.67841      29.40896
-89.67354      29.40132
-89.66986      29.39769
-89.66579      29.39365
-89.66334      29.36493
-89.66271      29.35505
-89.66883      29.33263
-89.66751      29.31654
-89.67194      29.30053
-89.67149      29.29662
-89.67439      29.29551
-89.67584      29.30136
-89.67611      29.30242
-89.67386      29.31226
-89.67264      29.34071
-89.66793      29.35672
-89.66754      29.38174
-89.66873      29.38979
-89.68372      29.4042
-89.68477      29.42166
-89.68483      29.43498
-89.68685      29.43982
-89.68998      29.44192
-89.69352      29.44954
-89.69826      29.44914
-89.70111      29.45216
 1 
 1             56            
1
 -9999.0   ,   9990.0
   7
 9 
-89.72478      29.449
-89.72546      29.45567
-89.72636      29.46371
-89.72308      29.46444
-89.71778      29.46201
-89.72171      29.4587
-89.7189       29.45086
-89.72042      29.44933
-89.72478      29.449
 1 
 1             57            
1
 -9999.0   ,   9990.0
   7
 47 
-89.74334      29.32986
-89.74971      29.32466
-89.75231      29.32629
-89.75351      29.33342
-89.74894      29.3414
-89.74937      29.34761
-89.74411      29.36614
-89.74036      29.37137
-89.74107      29.37712
-89.74541      29.38452
-89.74354      29.38725
-89.73782      29.38351
-89.73726      29.38626
-89.74704      29.399
-89.74751      29.40245
-89.74589      29.40541
-89.74197      29.40491
-89.73792      29.3943
-89.73359      29.3909
-89.7317       29.38941
-89.73392      29.39907
-89.73901      29.40923
-89.73789      29.41404
-89.73342      29.41468
-89.7343       29.40872
-89.72716      29.3944
-89.72322      29.39527
-89.72092      29.39088
-89.72472      29.38221
-89.72321      29.37874
-89.71668      29.37614
-89.72411      29.37026
-89.72936      29.37101
-89.7408       29.35967
-89.74016      29.34956
-89.73943      29.34565
-89.73804      29.34375
-89.73404      29.33824
-89.73089      29.33798
-89.72546      29.35099
-89.72286      29.34959
-89.72429      29.34065
-89.72044      29.33555
-89.73234      29.32927
-89.73548      29.32908
-89.7391       29.33279
-89.74334      29.32986
 1 
 1             58            
1
 -9999.0   ,   9990.0
   7
 9 
-89.49335      29.36661
-89.49728      29.36689
-89.50297      29.37179
-89.50214      29.37431
-89.48709      29.37961
-89.48078      29.38021
-89.47822      29.3765
-89.4823       29.36829
-89.49335      29.36661
 1 
 1             59            
1
 -9999.0   ,   9990.0
   7
 9 
-89.68206      29.34174
-89.68462      29.34614
-89.68405      29.34888
-89.68058      29.35297
-89.67769      29.35271
-89.67591      29.3497
-89.68011      29.34907
-89.67992      29.3447
-89.68206      29.34174
 1 
 1             60            
1
 -9999.0   ,   9990.0
   7
 68 
-89.52299      29.27335
-89.52199      29.26989
-89.52458      29.25638
-89.52692      29.25733
-89.52918      29.26333
-89.53594      29.26664
-89.53798      29.2701
-89.53501      29.27557
-89.5355       29.27742
-89.54181      29.2759
-89.54528      29.27273
-89.54666      29.26862
-89.54576      29.25942
-89.54739      29.256
-89.55316      29.25561
-89.55495      29.25816
-89.55779      29.26096
-89.55901      29.26625
-89.55756      29.27496
-89.54971      29.27347
-89.54886      29.2776
-89.55418      29.2829
-89.55634      29.28504
-89.5568       29.28895
-89.55119      29.29553
-89.55088      29.29851
-89.55466      29.30683
-89.55967      29.30575
-89.56454      29.29594
-89.56877      29.29416
-89.57044      29.30405
-89.56797      29.31091
-89.56532      29.31248
-89.55433      29.31142
-89.55401      29.31485
-89.55813      29.31927
-89.55911      29.32387
-89.55355      29.32656
-89.55034      29.33065
-89.54862      29.33958
-89.55093      29.34213
-89.55933      29.34155
-89.55437      29.34603
-89.55055      29.34947
-89.54662      29.34896
-89.54147      29.34407
-89.53205      29.34234
-89.52894      29.33977
-89.5295       29.33772
-89.53719      29.33322
-89.53751      29.32933
-89.53209      29.32398
-89.53868      29.32246
-89.54242      29.31837
-89.54487      29.31267
-89.54552      29.3051
-89.54348      29.30232
-89.54059      29.30182
-89.53532      29.30382
-89.53271      29.30263
-89.53806      29.29674
-89.53731      29.29443
-89.53155      29.29412
-89.52928      29.28927
-89.52485      29.28715
-89.5223       29.28275
-89.52448      29.27819
-89.52299      29.27335
 1 
 1             61            
1
 -9999.0   ,   9990.0
   7
 14 
-89.64467      29.33508
-89.64643      29.33946
-89.65036      29.33974
-89.65774      29.33731
-89.66061      29.33826
-89.65976      29.34239
-89.65763      29.34442
-89.65373      29.34231
-89.64504      29.34519
-89.63958      29.34167
-89.63324      29.34458
-89.63253      29.33952
-89.63726      29.33889
-89.64467      29.33508
 1 
 1             62            
1
 -9999.0   ,   9990.0
   7
 5 
-89.46439      29.32696
-89.46039      29.33126
-89.45166      29.3355
-89.44574      29.32945
-89.46439      29.32696
 1 
 1             63            
1
 -9999.0   ,   9990.0
   7
 5 
-89.68926      29.31704
-89.67864      29.3254
-89.67713      29.32148
-89.67851      29.31713
-89.68926      29.31704
 1 
 1             64            
1
 -9999.0   ,   9990.0
   7
 8 
-89.33852      29.3139
-89.34005      29.31599
-89.33997      29.32058
-89.33203      29.32414
-89.33078      29.32136
-89.33321      29.3175
-89.33563      29.31409
-89.33852      29.3139
 1 
 1             65            
1
 -9999.0   ,   9990.0
   7
 9 
-89.79084      29.30861
-89.79344      29.30979
-89.79237      29.31161
-89.78468      29.31749
-89.78264      29.31379
-89.77454      29.31186
-89.7751       29.30934
-89.78295      29.31035
-89.79084      29.30861
 1 
 1             66            
1
 -9999.0   ,   9990.0
   7
 15 
-89.40415      29.29443
-89.40486      29.29856
-89.40718      29.30113
-89.41529      29.3017
-89.41707      29.30494
-89.41596      29.30837
-89.41171      29.31106
-89.4036       29.31026
-89.40012      29.31434
-89.39644      29.31475
-89.39441      29.31127
-89.40055      29.30516
-89.39699      29.29891
-89.39916      29.29504
-89.40415      29.29443
 1 
 1             67            
1
 -9999.0   ,   9990.0
   7
 13 
-89.71042      29.29862
-89.71304      29.30014
-89.71256      29.30148
-89.70752      29.3051
-89.69569      29.30816
-89.68626      29.30736
-89.6798       29.30131
-89.68431      29.29815
-89.68201      29.29422
-89.69017      29.29482
-89.69556      29.29921
-89.69953      29.29673
-89.71042      29.29862
 1 
 1             68            
1
 -9999.0   ,   9990.0
   7
 12 
-89.43372      29.29737
-89.433        29.29369
-89.42914      29.28904
-89.43049      29.28722
-89.43521      29.28683
-89.44197      29.29037
-89.4466       29.29526
-89.45257      29.29878
-89.4528       29.30062
-89.44309      29.30094
-89.43979      29.29493
-89.43372      29.29737
 1 
 1             69            
1
 -9999.0   ,   9990.0
   7
 12 
-89.4289       29.27343
-89.43201      29.27554
-89.42586      29.28257
-89.41799      29.28268
-89.41179      29.29201
-89.40841      29.29081
-89.40836      29.27887
-89.41077      29.27638
-89.41598      29.27784
-89.42024      29.27376
-89.42599      29.27499
-89.4289       29.27343
 1 
 1             70            
1
 -9999.0   ,   9990.0
   7
 10 
-89.48278      29.27946
-89.49062      29.2814
-89.49188      29.28372
-89.49026      29.28622
-89.48371      29.28682
-89.48059      29.28517
-89.47549      29.29152
-89.47399      29.28783
-89.47674      29.28029
-89.48278      29.27946
 1 
 1             71            
1
 -9999.0   ,   9990.0
   7
 29 
-89.21668      29.24363
-89.21868      29.24848
-89.217        29.25374
-89.20171      29.27209
-89.19799      29.2741
-89.19512      29.27337
-89.19414      29.2718
-89.19309      29.27012
-89.18711      29.26773
-89.18624      29.27185
-89.18087      29.27842
-89.17821      29.27999
-89.17327      29.2783
-89.17288      29.27164
-89.17823      29.26621
-89.17281      29.26199
-89.17764      29.25656
-89.17511      29.25193
-89.17731      29.24691
-89.18049      29.24535
-89.18512      29.24956
-89.18604      29.25554
-89.18992      29.25813
-89.19138      29.26389
-89.19818      29.26446
-89.20724      29.25726
-89.20742      29.24785
-89.21117      29.244
-89.21668      29.24363
 1 
 1             72            
1
 -9999.0   ,   9990.0
   7
 14 
-89.47661      29.25779
-89.49623      29.25921
-89.50787      29.26878
-89.50757      29.27061
-89.50328      29.27652
-89.50145      29.27627
-89.49271      29.26582
-89.48829      29.26415
-89.48154      29.27531
-89.47533      29.27086
-89.47488      29.26649
-89.47158      29.26094
-89.47266      29.2582
-89.47661      29.25779
 1 
 1             73            
1
 -9999.0   ,   9990.0
   7
 11 
-89.30071      29.26099
-89.31014      29.26159
-89.319        29.26402
-89.3208       29.26612
-89.3202       29.27001
-89.31261      29.26967
-89.31044      29.27331
-89.30753      29.27487
-89.30362      29.27343
-89.3006       29.26719
-89.30071      29.26099
 1 
 1             74            
1
 -9999.0   ,   9990.0
   7
 12 
-89.25888      29.24314
-89.2547       29.2557
-89.2502       29.25793
-89.24426      29.26702
-89.24216      29.26699
-89.23965      29.26167
-89.24287      29.25758
-89.24189      29.2539
-89.2435       29.25208
-89.24744      29.25169
-89.25599      29.24309
-89.25888      29.24314
 1 
 1             75            
1
 -9999.0   ,   9990.0
   7
 8 
-89.27048      29.23918
-89.27086      29.24631
-89.27679      29.25145
-89.27288      29.26401
-89.27056      29.26237
-89.26503      29.24989
-89.26754      29.24189
-89.27048      29.23918
 1 
 1             76            
1
 -9999.0   ,   9990.0
   7
 7 
-89.17253      29.23696
-89.16582      29.24466
-89.16005      29.24526
-89.15491      29.24058
-89.165        29.23363
-89.16648      29.23824
-89.17253      29.23696
 1 
 1             77            
1
 -9999.0   ,   9990.0
   7
 12 
-89.19238      29.22718
-89.20298      29.22069
-89.20479      29.22163
-89.20606      29.22395
-89.19902      29.23532
-89.19428      29.23662
-89.18937      29.23356
-89.18502      29.24129
-89.18161      29.2417
-89.18089      29.23801
-89.1855       29.23051
-89.19238      29.22718
 1 
 1             78            
1
 -9999.0   ,   9990.0
   7
 8 
-89.21581      29.22135
-89.22008      29.2306
-89.21914      29.23816
-89.21391      29.23762
-89.21556      29.23374
-89.21154      29.22518
-89.21344      29.22177
-89.21581      29.22135
 1 
 1             79            
1
 -9999.0   ,   9990.0
   7
 7 
-89.19044      29.21823
-89.18013      29.224
-89.1753       29.22943
-89.17268      29.22985
-89.17227      29.22364
-89.19111      29.21537
-89.19044      29.21823
 1 
 1             80            
1
 -9999.0   ,   9990.0
   7
 13 
-89.14993      29.2017
-89.16269      29.20558
-89.16316      29.20789
-89.15912      29.21333
-89.1518       29.21275
-89.14908      29.21776
-89.14192      29.22201
-89.13374      29.22486
-89.13036      29.22388
-89.13121      29.22068
-89.13942      29.21622
-89.14704      29.20211
-89.14993      29.2017
 1 
 1             81            
1
 -9999.0   ,   9990.0
   7
 6 
-89.17411      29.21036
-89.17803      29.21111
-89.18137      29.2146
-89.16712      29.21942
-89.16561      29.21665
-89.17411      29.21036
 1 
 1             82            
1
 -9999.0   ,   9990.0
   7
 21 
-89.18009      29.18657
-89.185        29.18987
-89.19102      29.18996
-89.20501      29.18467
-89.20573      29.18744
-89.20304      29.1913
-89.20458      29.19339
-89.21057      29.1944
-89.21436      29.20158
-89.20306      29.2037
-89.19404      29.20907
-89.19231      29.20399
-89.19454      29.19736
-89.19196      29.19572
-89.18732      29.2046
-89.18305      29.20866
-89.17916      29.20699
-89.17805      29.1971
-89.18128      29.19279
-89.17924      29.18954
-89.18009      29.18657
 1 
 1             83            
1
 -9999.0   ,   9990.0
   7
 9 
-89.12154      29.19598
-89.12454      29.1882
-89.12849      29.18735
-89.13119      29.18303
-89.13591      29.18288
-89.13742      29.18566
-89.13204      29.19269
-89.12354      29.19852
-89.12154      29.19598
 1 
 1             84            
1
 -9999.0   ,   9990.0
   7
 9 
-89.16903      29.17652
-89.1713       29.18069
-89.16857      29.18639
-89.16435      29.1877
-89.15666      29.18023
-89.15989      29.17546
-89.16306      29.17413
-89.16614      29.1774
-89.16903      29.17652
 1 
 1             85            
1
 -9999.0   ,   9990.0
   7
 8 
-89.29861      29.16453
-89.302        29.16527
-89.30658      29.17292
-89.30932      29.18008
-89.30641      29.18141
-89.30202      29.17836
-89.29801      29.16866
-89.29861      29.16453
 2 
 1             86            
1
 -9999.0   ,   9990.0
   7
 62 
-89.35266      29.07281
-89.34926      29.07299
-89.34395      29.07705
-89.34018      29.08296
-89.33383      29.10078
-89.32639      29.1071
-89.31452      29.11197
-89.32098      29.11666
-89.32891      29.14019
-89.33632      29.14949
-89.33808      29.15433
-89.33642      29.15867
-89.33379      29.15909
-89.33073      29.15469
-89.32705      29.15601
-89.32622      29.15852
-89.32777      29.16285
-89.33194      29.17445
-89.33081      29.17879
-89.32582      29.17964
-89.3153       29.16823
-89.30956      29.167
-89.30779      29.16375
-89.30561      29.1403
-89.30683      29.13137
-89.30491      29.12216
-89.30883      29.12221
-89.31078      29.11604
-89.30928      29.11281
-89.30374      29.11456
-89.2975       29.11263
-89.29588      29.1149
-89.30118      29.12554
-89.30084      29.12674
-89.29838      29.13537
-89.30018      29.15101
-89.29731      29.15028
-89.2922       29.14378
-89.28958      29.14419
-89.28629      29.15149
-89.28131      29.15187
-89.27537      29.14765
-89.26626      29.14522
-89.26472      29.13524
-89.26666      29.1302
-89.27079      29.12715
-89.27592      29.1092
-89.27745      29.1075
-89.28764      29.10789
-89.28824      29.10376
-89.28537      29.09662
-89.28425      29.09383
-89.28539      29.08926
-89.29553      29.07839
-89.30216      29.07413
-89.31095      29.06531
-89.3206       29.05259
-89.32404      29.05057
-89.32769      29.05132
-89.34211      29.06347
-89.35144      29.06797
-89.35266      29.07281
 1             86            2 
1
 -9999.0   ,   9990.0
   7
 9 
-89.27556      29.12138
-89.27941      29.1282
-89.28518      29.1276
-89.28548      29.12508
-89.28133      29.1234
-89.28084      29.12133
-89.28281      29.1147
-89.27859      29.11133
-89.27556      29.12138
 1 
 1             87            
1
 -9999.0   ,   9990.0
   7
 14 
-89.41275      29.1506
-89.41391      29.15865
-89.40826      29.16753
-89.40132      29.17477
-89.39776      29.16875
-89.39041      29.16979
-89.3889       29.16656
-89.39193      29.15811
-89.39906      29.15523
-89.40324      29.15552
-89.4          29.16052
-89.40101      29.16306
-89.40442      29.16196
-89.41275      29.1506
 1 
 1             88            
1
 -9999.0   ,   9990.0
   7
 8 
-89.17169      29.16164
-89.17901      29.16222
-89.18288      29.16458
-89.17813      29.1668
-89.17645      29.17205
-89.17384      29.17224
-89.16659      29.16753
-89.17169      29.16164
 1 
 1             89            
1
 -9999.0   ,   9990.0
   7
 13 
-89.37864      29.1547
-89.37496      29.1558
-89.36938      29.16054
-89.36676      29.1605
-89.36501      29.15611
-89.36511      29.15037
-89.36943      29.14309
-89.37364      29.14177
-89.37776      29.14573
-89.38324      29.1465
-89.38478      29.14836
-89.38421      29.15111
-89.37864      29.1547
 1 
 1             90            
1
 -9999.0   ,   9990.0
   7
 7 
-89.35496      29.13254
-89.35698      29.1367
-89.35284      29.14812
-89.34914      29.15037
-89.34634      29.14642
-89.35259      29.13343
-89.35496      29.13254
 1 
 1             91            
1
 -9999.0   ,   9990.0
   7
 10 
-89.34219      29.13094
-89.34205      29.13704
-89.33707      29.13779
-89.33323      29.13314
-89.33262      29.10948
-89.33558      29.10539
-89.33809      29.11071
-89.34278      29.11193
-89.34065      29.12797
-89.34219      29.13094
 1 
 1             92            
1
 -9999.0   ,   9990.0
   7
 12 
-89.35416      29.12305
-89.35425      29.11968
-89.3579       29.11661
-89.36009      29.11125
-89.36127      29.10454
-89.36602      29.09857
-89.36756      29.09859
-89.36822      29.10265
-89.36562      29.1044
-89.36725      29.11117
-89.36041      29.11867
-89.35416      29.12305
 1 
 1             93            
1
 -9999.0   ,   9990.0
   7
 7 
-89.39754      29.1086
-89.40144      29.11003
-89.40235      29.11739
-89.39969      29.11988
-89.39497      29.1205
-89.39216      29.11655
-89.39754      29.1086
 1 
 1             94            
1
 -9999.0   ,   9990.0
   7
 7 
-89.3847       29.09975
-89.38012      29.10191
-89.37719      29.10486
-89.37596      29.10117
-89.37918      29.09639
-89.38548      29.09556
-89.3847       29.09975
