 114 
 1             1 
1
 -9999.0   ,   9990.0 
 288 
 35.50203      23.7307 
 35.50295      23.74303 
 35.49831      23.74547 
 35.49603      23.74461 
 35.49175      23.75092 
 35.48758      23.75286 
 35.48642      23.75497 
 35.49156      23.75964 
 35.49745      23.75764 
 35.50089      23.76303 
 35.50511      23.76292 
 35.50653      23.76059 
 35.50458      23.75467 
 35.50548      23.75145 
 35.50928      23.74628 
 35.51056      23.73984 
 35.51303      23.73909 
 35.51586      23.74197 
 35.517        23.7605 
 35.51414      23.77939 
 35.50975      23.78961 
 35.50578      23.79064 
 35.50334      23.78545 
 35.50311      23.78497 
 35.498        23.7817 
 35.49503      23.7742 
 35.48911      23.76889 
 35.48622      23.77147 
 35.48658      23.77536 
 35.49695      23.79456 
 35.49656      23.798 
 35.49381      23.79761 
 35.48919      23.78631 
 35.48322      23.77914 
 35.47922      23.77878 
 35.4772       23.78525 
 35.47861      23.7905 
 35.47603      23.7947 
 35.47484      23.80411 
 35.47975      23.80903 
 35.47986      23.81314 
 35.48447      23.81622 
 35.48483      23.818 
 35.48564      23.8217 
 35.48245      23.83025 
 35.48386      23.83595 
 35.47856      23.84139 
 35.47867      23.84436 
 35.48095      23.84497 
 35.48356      23.8417 
 35.48734      23.8425 
 35.49045      23.84586 
 35.48889      23.85208 
 35.49194      23.86095 
 35.48611      23.88081 
 35.48409      23.89439 
 35.48617      23.90486 
 35.48506      23.90833 
 35.48269      23.9052 
 35.47922      23.90575 
 35.47909      23.9092 
 35.48256      23.91597 
 35.48186      23.91783 
 35.47739      23.91772 
 35.47595      23.91984 
 35.47789      23.92597 
 35.47456      23.9302 
 35.47739      23.93331 
 35.48269      23.92811 
 35.48592      23.93445 
 35.48689      23.94153 
 35.49142      23.94278 
 35.49495      23.94545 
 35.49578      23.94608 
 35.4972       23.95131 
 35.50258      23.95597 
 35.49703      23.96117 
 35.50322      23.96694 
 35.50184      23.97064 
 35.50369      23.97428 
 35.51034      23.97867 
 35.51556      23.97806 
 35.52372      23.97622 
 35.53425      23.97017 
 35.53708      23.97239 
 35.54006      23.97209 
 35.54709      23.96614 
 35.55572      23.96336 
 35.55764      23.96103 
 35.53731      23.94947 
 35.536        23.94925 
 35.52678      23.9477 
 35.52011      23.94264 
 35.52178      23.94075 
 35.53119      23.94536 
 35.53147      23.94395 
 35.51294      23.92978 
 35.51186      23.9275 
 35.51406      23.92608 
 35.54608      23.95106 
 35.559        23.95639 
 35.56525      23.95692 
 35.56892      23.95497 
 35.57278      23.94853 
 35.57411      23.94633 
 35.58573      23.93569 
 35.59747      23.92939 
 35.60464      23.92756 
 35.62111      23.92756 
 35.63839      23.93003 
 35.64219      23.92892 
 35.64706      23.92747 
 35.65336      23.92292 
 35.66033      23.92203 
 35.67672      23.91331 
 35.68914      23.91156 
 35.69439      23.91164 
 35.69628      23.91228 
 35.70044      23.91375 
 35.70947      23.92264 
 35.71553      23.92428 
 35.72017      23.92897 
 35.73853      23.93322 
 35.73867      23.93367 
 35.73967      23.93709 
 35.74517      23.93739 
 35.76164      23.93092 
 35.76572      23.91933 
 35.77369      23.91178 
 35.78767      23.89072 
 35.7917       23.897 
 35.79373      23.90017 
 35.79486      23.90381 
 35.79397      23.90703 
 35.78795      23.91272 
 35.77984      23.91639 
 35.77242      23.92533 
 35.76811      23.94447 
 35.76164      23.95889 
 35.73845      23.98067 
 35.72986      23.98528 
 35.72217      23.99284 
 35.71947      23.99361 
 35.71031      23.99617 
 35.69444      24 
 35.69422      24.00272 
 35.67975      24.00389 
 35.67053      24.00736 
 35.66378      24.00439 
 35.65656      24.00508 
 35.64633      24.00878 
 35.64509      24.00281 
 35.64258      24.00122 
 35.63709      24.00167 
 35.62911      24.00742 
 35.61789      24.01272 
 35.60792      24.02075 
 35.60795      24.02442 
 35.61195      24.03472 
 35.61072      24.04 
 35.60758      24.04497 
 35.59403      24.06639 
 35.58831      24.07972 
 35.58458      24.08797 
 35.57858      24.09395 
 35.56786      24.10014 
 35.55489      24.11161 
 35.55092      24.11322 
 35.53267      24.11325 
 35.5247       24.12425 
 35.51647      24.13161 
 35.49947      24.1392 
 35.49472      24.13942 
 35.49097      24.13392 
 35.49322      24.13025 
 35.49736      24.12931 
 35.49922      24.12886 
 35.50397      24.12428 
 35.5117       24.11189 
 35.5122       24.108 
 35.50995      24.10478 
 35.50245      24.1032 
 35.49894      24.10411 
 35.49247      24.11511 
 35.49297      24.12475 
 35.48625      24.13483 
 35.48275      24.13736 
 35.4815       24.14286 
 35.47175      24.14631 
 35.46675      24.15272 
 35.46053      24.1555 
 35.44728      24.16878 
 35.44678      24.16925 
 35.43081      24.18944 
 35.43131      24.20778 
 35.43106      24.21078 
 35.43581      24.21628 
 35.43356      24.21903 
 35.42481      24.22178 
 35.42206      24.22567 
 35.41881      24.23945 
 35.41156      24.24906 
 35.39256      24.26833 
 35.39606      24.27178 
 35.39606      24.27453 
 35.38956      24.28233 
 35.38155      24.28644 
 35.37303      24.29425 
 35.35603      24.31625 
 35.34975      24.31992 
 35.3445       24.32061 
 35.3375       24.33114 
 35.33408      24.33383 
 35.33222      24.33528 
 35.33198      24.34308 
 35.32498      24.34558 
 35.32245      24.35614 
 35.3197       24.35911 
 35.31445      24.36233 
 35.30869      24.36256 
 35.3067       24.35867 
 35.3027       24.3582 
 35.29742      24.36553 
 35.27814      24.37056 
 35.27239      24.37467 
 35.26586      24.3857 
 35.26108      24.39003 
 35.25058      24.39347 
 35.23956      24.40103 
 35.22853      24.40903 
 35.22575      24.415 
 35.22575      24.42395 
 35.20892      24.4457 
 35.20892      24.44845 
 35.20739      24.45672 
 35.20139      24.45992 
 35.19634      24.47184 
 35.18833      24.47664 
 35.17753      24.48006 
 35.17403      24.48281 
 35.16297      24.49817 
 35.15695      24.50114 
 35.14139      24.51281 
 35.13836      24.51944 
 35.15261      24.53256 
 35.15436      24.53692 
 35.14981      24.54861 
 35.15156      24.55206 
 35.15584      24.55503 
 35.16736      24.55689 
 35.16911      24.55897 
 35.16834      24.56356 
 35.16583      24.56789 
 35.149        24.58003 
 35.14522      24.58439 
 35.14483      24.58564 
 35.13892      24.60503 
 35.13386      24.61075 
 35.12658      24.6137 
 35.11908      24.60475 
 35.11583      24.60658 
 35.11506      24.60886 
 35.11881      24.6137 
 35.11881      24.61714 
 35.10697      24.62995 
 35.1032       24.63658 
 35.1027       24.64072 
 35.11067      24.66117 
 35.10989      24.66414 
 35.09833      24.66895 
 35.09456      24.67214 
 35.08825      24.68772 
 35.09175      24.6937 
 35.09375      24.69784 
 35.09245      24.71503 
 35.07678      24.74645 
 35.07173      24.75239 
 35.06695      24.75489 
 35.0687       24.7572 
 35.06645      24.76156 
 35.06214      24.76567 
 35.05486      24.7675 
 35.05108      24.77092 
 35.04325      24.78445 
 35.03442      24.79428 
 35.00872      24.81072 
 35.00319      24.81575 
 35            24.82139 
 1             2 
1
 -9999.0   ,   9990.0 
 4 
 35            24.96995 
 35.00464      24.96997 
 35.00539      24.97136 
 35            24.97892 
 1             3 
1
 -9999.0   ,   9990.0 
 833 
 35.62336      23.14689 
 35.63006      23.14106 
 35.63172      23.12495 
 35.63481      23.12006 
 35.6392       23.11831 
 35.64131      23.11481 
 35.64042      23.11 
 35.64289      23.10306 
 35.6517       23.09178 
 35.65817      23.07095 
 35.66045      23.0647 
 35.66072      23.03714 
 35.66347      23.01572 
 35.66181      23.01095 
 35.66097      23.00778 
 35.66464      22.99917 
 35.6637       22.9937 
 35.67122      22.98131 
 35.67495      22.96719 
 35.67267      22.96589 
 35.67047      22.96689 
 35.66628      22.97481 
 35.66223      22.97239 
 35.65986      22.96859 
 35.66459      22.96131 
 35.66561      22.95578 
 35.66981      22.94764 
 35.66817      22.94356 
 35.66908      22.941 
 35.6732       22.945 
 35.67745      22.94603 
 35.67978      22.94917 
 35.67578      22.9557 
 35.67806      22.95656 
 35.68147      22.95553 
 35.683        22.95642 
 35.68234      22.95872 
 35.68414      22.96097 
 35.68709      22.95997 
 35.68795      22.95603 
 35.69197      22.95109 
 35.69095      22.94975 
 35.68575      22.94992 
 35.68956      22.9452 
 35.68961      22.94014 
 35.69325      22.93728 
 35.70092      22.92306 
 35.71039      22.9175 
 35.71175      22.91378 
 35.70942      22.91042 
 35.7092       22.904 
 35.71603      22.89094 
 35.72264      22.885 
 35.72906      22.88411 
 35.731        22.87581 
 35.73617      22.87428 
 35.74         22.8705 
 35.75992      22.84511 
 35.76339      22.84544 
 35.76331      22.85006 
 35.75872      22.86097 
 35.75345      22.86572 
 35.75047      22.87317 
 35.75258      22.87631 
 35.75722      22.87433 
 35.76006      22.87792 
 35.75225      22.88825 
 35.75264      22.88986 
 35.75369      22.89417 
 35.75186      22.89836 
 35.74775      22.9017 
 35.74139      22.90372 
 35.73756      22.90728 
 35.73486      22.90806 
 35.73181      22.90631 
 35.72589      22.9067 
 35.71933      22.91081 
 35.71681      22.91661 
 35.71697      22.9212 
 35.71931      22.92389 
 35.7272       22.92297 
 35.73492      22.92433 
 35.75867      22.90917 
 35.76792      22.89717 
 35.76734      22.88547 
 35.76708      22.88 
 35.771        22.8792 
 35.77461      22.88986 
 35.78197      22.87381 
 35.78195      22.866 
 35.7857       22.85303 
 35.78447      22.8462 
 35.78192      22.84397 
 35.77503      22.84533 
 35.77261      22.84011 
 35.77845      22.82939 
 35.78736      22.82247 
 35.79086      22.82375 
 35.79297      22.82758 
 35.79261      22.83103 
 35.78945      22.83295 
 35.78589      22.82986 
 35.78389      22.83656 
 35.78684      22.84314 
 35.78936      22.84467 
 35.79256      22.84411 
 35.80544      22.81617 
 35.80461      22.81367 
 35.80186      22.81239 
 35.80275      22.80961 
 35.81403      22.79986 
 35.82319      22.78581 
 35.82772      22.78064 
 35.84367      22.76244 
 35.85642      22.7522 
 35.88017      22.7377 
 35.92959      22.71503 
 35.93403      22.7142 
 35.93961      22.7155 
 35.94275      22.71622 
 35.94483      22.71181 
 35.94914      22.70775 
 35.94553      22.70397 
 35.94386      22.6992 
 35.94703      22.69084 
 35.94514      22.68586 
 35.94597      22.68214 
 35.95197      22.68333 
 35.96139      22.69084 
 35.96503      22.69556 
 35.96925      22.69589 
 35.97586      22.69383 
 35.977        22.69128 
 35.97467      22.68858 
 35.96964      22.6867 
 35.97033      22.68483 
 35.98414      22.68325 
 35.98939      22.68536 
 35.99647      22.68286 
 36            22.6835 
 36.01064      22.68211 
 36.02783      22.67978 
 36.0347       22.67447 
 36.03706      22.67822 
 36.05406      22.67967 
 36.06442      22.67334 
 36.08058      22.67083 
 36.09247      22.66339 
 36.09795      22.66242 
 36.12486      22.6637 
 36.13086      22.66228 
 36.13675      22.66314 
 36.14064      22.66556 
 36.14981      22.65733 
 36.1637       22.65661 
 36.17197      22.66031 
 36.1845       22.65586 
 36.18325      22.64895 
 36.19298      22.63911 
 36.19956      22.63495 
 36.21247      22.63328 
 36.22131      22.62803 
 36.22628      22.62772 
 36.23211      22.62353 
 36.23228      22.61872 
 36.23981      22.61109 
 36.2402       22.6107 
 36.24545      22.609 
 36.25361      22.60903 
 36.25342      22.60028 
 36.25772      22.59053 
 36.26853      22.58511 
 36.27542      22.57844 
 36.28239      22.56256 
 36.28464      22.55458 
 36.28356      22.55042 
 36.28711      22.54756 
 36.29094      22.52239 
 36.29445      22.50925 
 36.29519      22.50645 
 36.30417      22.49706 
 36.30278      22.49425 
 36.30708      22.49117 
 36.3097       22.48711 
 36.3207       22.48308 
 36.32486      22.47653 
 36.3322       22.47217 
 36.34667      22.45972 
 36.38142      22.44006 
 36.38217      22.43989 
 36.38739      22.43864 
 36.40022      22.43164 
 36.40975      22.43492 
 36.41631      22.43097 
 36.42445      22.42339 
 36.42361      22.419 
 36.41939      22.4127 
 36.41892      22.40464 
 36.42128      22.39275 
 36.42497      22.38575 
 36.42728      22.37547 
 36.43231      22.37308 
 36.43598      22.36631 
 36.43445      22.36075 
 36.44356      22.35367 
 36.44914      22.34922 
 36.45733      22.34761 
 36.46869      22.33967 
 36.48084      22.33842 
 36.49331      22.32706 
 36.49492      22.33033 
 36.53247      22.31347 
 36.54506      22.30603 
 36.54947      22.30706 
 36.5567       22.29761 
 36.56989      22.29339 
 36.57214      22.29231 
 36.57609      22.28531 
 36.59289      22.27658 
 36.59253      22.27197 
 36.60264      22.26492 
 36.61086      22.26239 
 36.61092      22.26031 
 36.617        22.25497 
 36.61567      22.25103 
 36.63081      22.2402 
 36.63428      22.23984 
 36.64036      22.24183 
 36.64239      22.24006 
 36.64003      22.22942 
 36.64289      22.22467 
 36.64753      22.21861 
 36.651        22.21778 
 36.66364      22.20781 
 36.66525      22.20417 
 36.66697      22.20353 
 36.67503      22.201 
 36.67467      22.19914 
 36.67147      22.19831 
 36.67817      22.19281 
 36.68522      22.19575 
 36.69069      22.19475 
 36.69761      22.18645 
 36.69553      22.18203 
 36.701        22.18011 
 36.70419      22.17331 
 36.7077       22.17111 
 36.718        22.1645 
 36.71808      22.16267 
 36.73428      22.15645 
 36.74144      22.15617 
 36.74236      22.15803 
 36.75139      22.16103 
 36.75897      22.17067 
 36.76703      22.17364 
 36.77483      22.16006 
 36.78158      22.15689 
 36.78242      22.1565 
 36.78684      22.15442 
 36.79423      22.14703 
 36.79608      22.14272 
 36.79328      22.13478 
 36.79314      22.13436 
 36.79711      22.1255 
 36.81089      22.11809 
 36.82433      22.10581 
 36.82672      22.10036 
 36.83617      22.0892 
 36.83795      22.08709 
 36.85567      22.07997 
 36.86406      22.07975 
 36.86775      22.07181 
 36.88059      22.06272 
 36.89111      22.06414 
 36.89161      22.04831 
 36.88936      22.04089 
 36.88894      22.02181 
 36.88575      22.01392 
 36.87861      22.00417 
 36.87511      21.99936 
 36.87322      21.99681 
 36.87081      21.98756 
 36.86275      21.97656 
 36.85689      21.97547 
 36.86147      21.97031 
 36.85964      21.96589 
 36.86358      21.96578 
 36.86661      21.96356 
 36.8697       21.95928 
 36.87167      21.95058 
 36.87875      21.94459 
 36.87842      21.93928 
 36.88033      21.93311 
 36.87878      21.92734 
 36.87275      21.9235 
 36.86931      21.91536 
 36.87092      21.91058 
 36.87028      21.90781 
 36.8607       21.90708 
 36.86672      21.90336 
 36.87167      21.90234 
 36.87303      21.89822 
 36.87361      21.88675 
 36.87203      21.88189 
 36.87436      21.87781 
 36.87453      21.87278 
 36.8705       21.86761 
 36.86928      21.85975 
 36.87222      21.85133 
 36.87595      21.85006 
 36.87831      21.83703 
 36.87675      21.83356 
 36.87381      21.83125 
 36.86789      21.83133 
 36.85758      21.83325 
 36.85417      21.84142 
 36.84892      21.83728 
 36.84847      21.83428 
 36.8515       21.83086 
 36.86469      21.82819 
 36.85608      21.82025 
 36.85731      21.81672 
 36.86975      21.82758 
 36.87611      21.82878 
 36.88228      21.82792 
 36.88189      21.8162 
 36.87811      21.80347 
 36.872        21.79228 
 36.86469      21.78928 
 36.8612       21.79019 
 36.85664      21.78906 
 36.85456      21.78853 
 36.85514      21.78706 
 36.8565       21.78708 
 36.85967      21.78717 
 36.86061      21.78245 
 36.86247      21.78247 
 36.86633      21.78781 
 36.87114      21.79017 
 36.87489      21.78775 
 36.88106      21.77067 
 36.88025      21.76514 
 36.86917      21.76345 
 36.86525      21.75983 
 36.86245      21.75917 
 36.86181      21.75903 
 36.86081      21.75675 
 36.86281      21.75556 
 36.86325      21.75531 
 36.87222      21.75928 
 36.87942      21.76028 
 36.88825      21.7442 
 36.89361      21.72986 
 36.89514      21.72025 
 36.89192      21.71845 
 36.8822       21.71758 
 36.87769      21.71575 
 36.87828      21.714 
 36.88306      21.71536 
 36.88547      21.7142 
 36.89239      21.71575 
 36.8955       21.71589 
 36.89656      21.71364 
 36.89678      21.70675 
 36.89459      21.69772 
 36.89498      21.68447 
 36.88736      21.68453 
 36.88297      21.68917 
 36.8812       21.69511 
 36.87906      21.69581 
 36.87625      21.69456 
 36.87614      21.6945 
 36.87628      21.69386 
 36.87739      21.68878 
 36.87956      21.68308 
 36.87992      21.67411 
 36.88206      21.67442 
 36.88692      21.68153 
 36.89336      21.68092 
 36.89631      21.67364 
 36.90164      21.66758 
 36.89967      21.65925 
 36.90156      21.64597 
 36.8975       21.64195 
 36.88936      21.64267 
 36.88811      21.64195 
 36.8855       21.64047 
 36.88825      21.63831 
 36.89481      21.63314 
 36.89819      21.63461 
 36.89934      21.63834 
 36.90489      21.64078 
 36.91108      21.63081 
 36.91256      21.62328 
 36.9075       21.61164 
 36.90806      21.60914 
 36.90925      21.6085 
 36.91331      21.60628 
 36.91453      21.59806 
 36.91295      21.59342 
 36.91375      21.59158 
 36.92764      21.58667 
 36.9292       21.58395 
 36.92731      21.58161 
 36.92959      21.57892 
 36.92703      21.57469 
 36.93161      21.56931 
 36.9317       21.56609 
 36.93747      21.56186 
 36.93406      21.55703 
 36.93997      21.55228 
 36.94359      21.54595 
 36.94781      21.54467 
 36.94945      21.53945 
 36.953        21.53539 
 36.95822      21.52495 
 36.95844      21.52322 
 36.95883      21.52014 
 36.9565       21.51664 
 36.95736      21.51275 
 36.96156      21.51172 
 36.96645      21.50447 
 36.96428      21.50258 
 36.95744      21.50172 
 36.95456      21.49959 
 36.95517      21.495 
 36.95236      21.49033 
 36.94911      21.49231 
 36.94803      21.4962 
 36.94717      21.49575 
 36.94439      21.49425 
 36.94311      21.48847 
 36.9447       21.48439 
 36.94528      21.48403 
 36.94786      21.48239 
 36.95556      21.48259 
 36.96175      21.4807 
 36.96211      21.49264 
 36.96514      21.4987 
 36.97014      21.49561 
 36.98164      21.48006 
 36.99614      21.4455 
 37.0025       21.43831 
 37.00564      21.43195 
 37.01211      21.42845 
 37.01317      21.42617 
 37.00967      21.42011 
 36.99978      21.41386 
 36.98942      21.40764 
 36.97961      21.40783 
 36.97944      21.40461 
 36.97511      21.4022 
 36.97259      21.39592 
 36.98214      21.39639 
 36.99281      21.40128 
 37.00092      21.40861 
 37.00397      21.412 
 37.008        21.41597 
 37.01131      21.417 
 37.0222       21.40203 
 37.035        21.39181 
 37.04186      21.38439 
 37.04714      21.37164 
 37.05553      21.36131 
 37.05339      21.35847 
 37.04659      21.35692 
 37.04206      21.35222 
 37.03603      21.35667 
 37.02231      21.35653 
 37.01217      21.36822 
 37.00908      21.36422 
 37.00875      21.35939 
 37.01175      21.35695 
 37.00939      21.35367 
 37.00422      21.35445 
 36.99922      21.34928 
 37.00281      21.345 
 37.00697      21.34442 
 37.01489      21.35036 
 37.01998      21.34453 
 37.014        21.33931 
 37.01734      21.33364 
 37.02006      21.33347 
 37.02347      21.34161 
 37.02517      21.35156 
 37.02867      21.34911 
 37.04017      21.35008 
 37.04147      21.34831 
 37.04642      21.3495 
 37.05111      21.34822 
 37.05178      21.35475 
 37.05795      21.35378 
 37.07186      21.33872 
 37.0882       21.32536 
 37.08906      21.32122 
 37.0933       21.31767 
 37.11908      21.28222 
 37.13128      21.26759 
 37.1332       21.26564 
 37.15778      21.2407 
 37.19217      21.21947 
 37.19409      21.21239 
 37.19817      21.20697 
 37.20408      21.20506 
 37.21011      21.20014 
 37.21806      21.18725 
 37.22514      21.17939 
 37.22633      21.17883 
 37.23086      21.17675 
 37.23592      21.17092 
 37.25609      21.14153 
 37.26783      21.13261 
 37.27372      21.12356 
 37.28309      21.09414 
 37.28797      21.08622 
 37.30069      21.07803 
 37.31314      21.07003 
 37.315        21.06389 
 37.31386      21.06086 
 37.3062       21.05561 
 37.30336      21.05142 
 37.30864      21.04625 
 37.30581      21.04297 
 37.30514      21.03972 
 37.29686      21.03011 
 37.28914      21.03497 
 37.28481      21.04328 
 37.28203      21.04386 
 37.28106      21.04125 
 37.28392      21.03745 
 37.284        21.03356 
 37.29081      21.0272 
 37.29497      21.02706 
 37.29603      21.02456 
 37.29486      21.022 
 37.28983      21.01797 
 37.28447      21.01731 
 37.28084      21.01684 
 37.26108      21.02233 
 37.25897      21.01997 
 37.25214      21.01889 
 37.251        21.01586 
 37.25339      21.00075 
 37.24953      20.99861 
 37.24353      21.01156 
 37.24028      21.02275 
 37.23678      21.02564 
 37.22972      21.04203 
 37.21089      21.07672 
 37.20545      21.07842 
 37.20947      21.08336 
 37.19769      21.10295 
 37.19942      21.10236 
 37.20267      21.10045 
 37.20603      21.09797 
 37.21034      21.09745 
 37.21339      21.10045 
 37.21928      21.10042 
 37.22092      21.09422 
 37.22706      21.08447 
 37.22867      21.07856 
 37.23061      21.07122 
 37.23414      21.06764 
 37.24133      21.06392 
 37.24867      21.05606 
 37.26684      21.04478 
 37.27478      21.04433 
 37.27056      21.04781 
 37.27942      21.04992 
 37.28058      21.05178 
 37.27981      21.05406 
 37.25803      21.07075 
 37.25308      21.07295 
 37.24556      21.07989 
 37.2415       21.08689 
 37.23836      21.09233 
 37.23661      21.10242 
 37.23036      21.10664 
 37.23028      21.11811 
 37.23658      21.12036 
 37.23725      21.12267 
 37.2347       21.1272 
 37.23525      21.13297 
 37.23269      21.13703 
 37.22828      21.13692 
 37.22578      21.13961 
 37.21903      21.13509 
 37.21633      21.13525 
 37.2132       21.14253 
 37.21047      21.14383 
 37.2017       21.1427 
 37.20028      21.14036 
 37.20556      21.13567 
 37.20031      21.13117 
 37.19675      21.13545 
 37.19303      21.13675 
 37.19389      21.14114 
 37.18586      21.15678 
 37.18675      21.16003 
 37.18328      21.162 
 37.17967      21.15939 
 37.176        21.15056 
 37.18061      21.14356 
 37.17725      21.14117 
 37.17322      21.14453 
 37.16142      21.14697 
 37.16017      21.16464 
 37.15664      21.168 
 37.16306      21.17506 
 37.17136      21.19297 
 37.16375      21.21117 
 37.15681      21.21795 
 37.15595      21.21881 
 37.147        21.22272 
 37.14114      21.22256 
 37.13239      21.22808 
 37.11659      21.22447 
 37.11031      21.22156 
 37.10553      21.21661 
 37.10231      21.21008 
 37.09786      21.20261 
 37.10203      21.20225 
 37.10406      21.20003 
 37.09239      21.18822 
 37.0955       21.18208 
 37.09278      21.17467 
 37.10058      21.1675 
 37.09733      21.161 
 37.09989      21.15783 
 37.11242      21.15634 
 37.11789      21.15278 
 37.12256      21.15267 
 37.12834      21.15581 
 37.13081      21.15564 
 37.13111      21.15311 
 37.12125      21.14689 
 37.11698      21.1422 
 37.11736      21.13758 
 37.12192      21.13242 
 37.12486      21.13203 
 37.12645      21.12817 
 37.12189      21.12484 
 37.11908      21.12017 
 37.12017      21.11675 
 37.11672      21.11078 
 37.11572      21.10906 
 37.122        21.10392 
 37.12278      21.10186 
 37.12095      21.0977 
 37.12258      21.09175 
 37.12861      21.08661 
 37.12406      21.08306 
 37.12375      21.07706 
 37.112        21.0685 
 37.10756      21.06975 
 37.10547      21.07431 
 37.10053      21.07533 
 37.09675      21.07936 
 37.09064      21.07117 
 37.08739      21.05592 
 37.09         21.05 
 37.09239      21.03558 
 37.09464      21.03333 
 37.10247      21.03378 
 37.10547      21.03109 
 37.10734      21.02608 
 37.10561      21.01775 
 37.10775      21.01161 
 37.11442      21.00992 
 37.12455      20.99708 
 37.12684      20.99508 
 37.1265       20.98886 
 37.13003      20.98572 
 37.12895      20.98064 
 37.13958      20.96781 
 37.13886      20.95928 
 37.14131      20.95014 
 37.14486      20.94517 
 37.14834      20.94342 
 37.15406      20.93231 
 37.15297      20.92722 
 37.15578      20.92317 
 37.15717      20.91675 
 37.15775      20.90503 
 37.15469      20.90083 
 37.15531      20.89669 
 37.16278      20.89206 
 37.16739      20.87517 
 37.16622      20.86478 
 37.16858      20.85911 
 37.16531      20.8542 
 37.16742      20.84828 
 37.16583      20.84408 
 37.16692      20.83997 
 37.16417      20.83439 
 37.16678      20.82803 
 37.16728      20.81883 
 37.16425      20.80497 
 37.16442      20.79944 
 37.16667      20.79697 
 37.1705       20.78322 
 37.17503      20.78242 
 37.17211      20.77803 
 37.17595      20.7625 
 37.17225      20.75528 
 37.17167      20.74975 
 37.17894      20.73475 
 37.18067      20.72492 
 37.17553      20.708 
 37.17489      20.705 
 37.17645      20.70158 
 37.17881      20.69611 
 37.17561      20.68844 
 37.18681      20.68045 
 37.1857       20.67697 
 37.19131      20.65986 
 37.19675      20.65703 
 37.20103      20.65253 
 37.20467      20.64458 
 37.20233      20.64083 
 37.20522      20.63378 
 37.20395      20.62708 
 37.20783      20.61914 
 37.209        20.61203 
 37.22098      20.59347 
 37.22358      20.57858 
 37.23281      20.56364 
 37.23559      20.55061 
 37.23503      20.54486 
 37.23736      20.53939 
 37.23578      20.5267 
 37.23661      20.52328 
 37.22847      20.49322 
 37.22709      20.48808 
 37.22706      20.48028 
 37.23325      20.4687 
 37.23461      20.46297 
 37.23417      20.46158 
 37.22731      20.46281 
 37.2232       20.462 
 37.21814      20.45889 
 37.21639      20.46047 
 37.21336      20.46019 
 37.20139      20.44375 
 37.20003      20.4465 
 37.21008      20.46183 
 37.20561      20.46225 
 37.20484      20.46156 
 37.20159      20.45872 
 37.19753      20.46367 
 37.19097      20.46306 
 37.18694      20.45858 
 37.18622      20.45578 
 37.1852       20.45186 
 37.18914      20.43242 
 37.19267      20.42858 
 37.19564      20.42753 
 37.19636      20.41903 
 37.20334      20.40425 
 37.204        20.39783 
 37.19739      20.38228 
 37.18692      20.37281 
 37.18606      20.36933 
 37.18739      20.36478 
 37.18984      20.35608 
 37.18733      20.34958 
 37.18845      20.34478 
 37.18639      20.34275 
 37.18583      20.34219 
 37.18436      20.33364 
 37.18533      20.33358 
 37.18997      20.33333 
 37.19125      20.33175 
 37.19089      20.31842 
 37.19278      20.31203 
 37.1895       20.30733 
 37.19134      20.30208 
 37.19584      20.29875 
 37.19673      20.29233 
 37.19942      20.28825 
 37.20009      20.28681 
 37.20033      20.28561 
 37.20117      20.28164 
 37.20156      20.25889 
 37.20311      20.25572 
 37.20048      20.23656 
 37.19986      20.22411 
 37.20356      20.21411 
 37.20314      20.20283 
 37.20522      20.19781 
 37.20445      20.19089 
 37.20878      20.18342 
 37.20914      20.17975 
 37.20264      20.17842 
 37.20783      20.17375 
 37.21078      20.1552 
 37.21042      20.14642 
 37.21019      20.14161 
 37.21117      20.13775 
 37.21239      20.13292 
 37.21225      20.13245 
 37.21061      20.12689 
 37.21161      20.12236 
 37.2145       20.10906 
 37.21267      20.10511 
 37.21447      20.08422 
 37.21322      20.07661 
 37.20881      20.06914 
 37.2095       20.06225 
 37.20633      20.05775 
 37.20014      20.04895 
 37.19639      20.03761 
 37.19522      20.03695 
 37.1942       20.0382 
 37.19411      20.04136 
 37.20106      20.05911 
 37.19383      20.05245 
 37.19378      20.05036 
 37.17978      20.03781 
 37.17944      20.03228 
 37.1817       20.02178 
 37.18606      20.02164 
 37.19053      20.01025 
 37.18786      20.007 
 37.17625      20.00775 
 37.17553      20.00781 
 37.17606      20.00681 
 37.17944      20.00033 
 37.17994      20.00033 
 37.18364      20.00389 
 37.18828      20.00414 
 37.19167      20.00361 
 37.19353      20 
 1             4 
1
 -9999.0   ,   9990.0 
 354 
 37.27978      25 
 37.28197      24.99686 
 37.28558      24.98786 
 37.2837       24.98031 
 37.28444      24.96539 
 37.281        24.95395 
 37.25825      24.9327 
 37.25633      24.92331 
 37.25297      24.91922 
 37.25006      24.90895 
 37.25061      24.89745 
 37.266        24.86992 
 37.26189      24.86403 
 37.24997      24.85914 
 37.24378      24.84981 
 37.23345      24.84764 
 37.22475      24.83883 
 37.20945      24.84017 
 37.19808      24.83781 
 37.19158      24.83903 
 37.18239      24.84672 
 37.16756      24.84647 
 37.16175      24.84495 
 37.15386      24.83953 
 37.1515       24.83314 
 37.15367      24.82736 
 37.167        24.81206 
 37.17481      24.79681 
 37.17878      24.79239 
 37.18475      24.78978 
 37.19634      24.77608 
 37.20211      24.77556 
 37.203        24.78403 
 37.22278      24.79433 
 37.22806      24.79425 
 37.2315       24.79078 
 37.22489      24.78511 
 37.22859      24.78186 
 37.22778      24.77867 
 37.22272      24.77506 
 37.23117      24.76919 
 37.23333      24.76345 
 37.23275      24.75978 
 37.23047      24.7582 
 37.21603      24.7655 
 37.21275      24.76508 
 37.21119      24.76214 
 37.22692      24.72589 
 37.22803      24.71692 
 37.22442      24.71078 
 37.22489      24.70825 
 37.23406      24.70147 
 37.26453      24.69072 
 37.28314      24.67808 
 37.29161      24.67497 
 37.29659      24.67122 
 37.31495      24.64481 
 37.31608      24.63836 
 37.32072      24.63097 
 37.32184      24.62178 
 37.32908      24.61958 
 37.33547      24.62686 
 37.33558      24.63397 
 37.33867      24.63781 
 37.34284      24.63247 
 37.345        24.62717 
 37.34136      24.61942 
 37.3415       24.61322 
 37.35636      24.58686 
 37.3682       24.56122 
 37.374        24.54942 
 37.38239      24.5415 
 37.38798      24.53156 
 37.39714      24.52522 
 37.40645      24.5127 
 37.41559      24.50614 
 37.42028      24.50192 
 37.42661      24.49083 
 37.42859      24.47611 
 37.43319      24.46708 
 37.44578      24.45658 
 37.44936      24.44667 
 37.46069      24.43753 
 37.46239      24.43314 
 37.46161      24.40564 
 37.45636      24.40481 
 37.44886      24.40606 
 37.43703      24.41678 
 37.43228      24.41639 
 37.43267      24.41045 
 37.43081      24.4052 
 37.43392      24.39689 
 37.43036      24.39395 
 37.42383      24.39289 
 37.42614      24.38161 
 37.42472      24.37361 
 37.42711      24.36739 
 37.43992      24.35481 
 37.45583      24.34928 
 37.46839      24.33853 
 37.47744      24.3267 
 37.4815       24.31656 
 37.49353      24.30328 
 37.50145      24.28595 
 37.51892      24.27031 
 37.52339      24.26886 
 37.53344      24.271 
 37.5462       24.27081 
 37.56183      24.26436 
 37.566        24.26039 
 37.57006      24.25022 
 37.5752       24.24395 
 37.57892      24.2425 
 37.58367      24.24267 
 37.59528      24.24911 
 37.60456      24.24989 
 37.61375      24.24606 
 37.61975      24.2462 
 37.62356      24.24933 
 37.62403      24.26036 
 37.62792      24.26695 
 37.6255       24.27111 
 37.61828      24.27353 
 37.61558      24.27586 
 37.61545      24.28136 
 37.61203      24.28625 
 37.61358      24.28875 
 37.62361      24.28972 
 37.63378      24.28497 
 37.64475      24.28408 
 37.65181      24.28672 
 37.66033      24.28703 
 37.67328      24.28383 
 37.67408      24.28703 
 37.66575      24.29545 
 37.66603      24.29681 
 37.68803      24.29553 
 37.6915       24.29431 
 37.69464      24.28967 
 37.69328      24.28372 
 37.69545      24.27886 
 37.69939      24.27606 
 37.71114      24.27608 
 37.71603      24.27142 
 37.71797      24.26747 
 37.71486      24.26317 
 37.70886      24.26328 
 37.70733      24.2617 
 37.70956      24.25958 
 37.72125      24.25664 
 37.73197      24.256 
 37.74764      24.26306 
 37.75367      24.26433 
 37.75381      24.2595 
 37.7472       24.25436 
 37.75836      24.25003 
 37.76425      24.2442 
 37.76195      24.24169 
 37.75923      24.24314 
 37.75295      24.24256 
 37.74942      24.24056 
 37.75236      24.23819 
 37.76131      24.23528 
 37.76547      24.23156 
 37.76492      24.22881 
 37.75764      24.22564 
 37.78267      24.20417 
 37.78933      24.20153 
 37.81639      24.18108 
 37.82914      24.16869 
 37.83717      24.15825 
 37.84406      24.15375 
 37.86367      24.14789 
 37.87139      24.14753 
 37.8835       24.15189 
 37.89025      24.15267 
 37.90022      24.15133 
 37.91358      24.14489 
 37.92231      24.14406 
 37.92817      24.14945 
 37.92928      24.154 
 37.92547      24.16325 
 37.92658      24.16736 
 37.92475      24.17497 
 37.92689      24.18158 
 37.92472      24.18461 
 37.92022      24.18583 
 37.9092       24.1842 
 37.90806      24.18836 
 37.9105       24.19747 
 37.91406      24.19947 
 37.925        24.19789 
 37.92678      24.19925 
 37.92364      24.20342 
 37.92445      24.20661 
 37.93033      24.20147 
 37.93606      24.19975 
 37.93722      24.20708 
 37.94325      24.20834 
 37.94745      24.20642 
 37.94864      24.20411 
 37.94428      24.19892 
 37.94125      24.18636 
 37.93156      24.17781 
 37.92994      24.17325 
 37.93031      24.16706 
 37.93389      24.15964 
 37.93928      24.1552 
 37.94631      24.15553 
 37.9543       24.16775 
 37.96114      24.17128 
 37.97039      24.17158 
 37.98345      24.16261 
 37.98856      24.15653 
 37.97739      24.15975 
 37.96872      24.16403 
 37.9635       24.16458 
 37.95844      24.16261 
 37.95553      24.15556 
 37.9507       24.15131 
 37.93586      24.14769 
 37.93353      24.14336 
 37.93614      24.13736 
 37.947        24.13189 
 37.9585       24.12089 
 37.98708      24.10358 
 38.02747      24.06886 
 38.03292      24.066 
 38.04186      24.06489 
 38.05353      24.06914 
 38.06453      24.07317 
 38.07184      24.07508 
 38.07372      24.07136 
 38.079        24.07195 
 38.0807       24.07031 
 38.07653      24.06306 
 38.08806      24.05411 
 38.10242      24.049 
 38.10756      24.04522 
 38.11284      24.0355 
 38.11967      24.02961 
 38.13297      24.02292 
 38.14156      24.01678 
 38.15492      24 
 38.1567       23.99853 
 38.16169      23.99795 
 38.17742      23.98586 
 38.19653      23.97981 
 38.20764      23.97336 
 38.21297      23.96797 
 38.21239      23.96292 
 38.217        23.95683 
 38.23164      23.95822 
 38.24595      23.95367 
 38.25284      23.9467 
 38.25578      23.94928 
 38.26211      23.94389 
 38.26736      23.94353 
 38.281        23.93553 
 38.28853      23.93314 
 38.29645      23.92436 
 38.30378      23.89675 
 38.31339      23.88958 
 38.35786      23.87228 
 38.37442      23.8547 
 38.3855       23.83814 
 38.38828      23.82422 
 38.39342      23.81628 
 38.40028      23.8102 
 38.40631      23.80756 
 38.42542      23.81089 
 38.44017      23.79578 
 38.44595      23.79358 
 38.45164      23.78292 
 38.45253      23.77842 
 38.44917      23.77003 
 38.45125      23.76525 
 38.44983      23.76133 
 38.45289      23.75817 
 38.45461      23.75958 
 38.45311      23.77192 
 38.4557       23.77495 
 38.45986      23.77067 
 38.46075      23.76403 
 38.45847      23.75367 
 38.45744      23.74456 
 38.45503      23.74528 
 38.45306      23.749 
 38.45225      23.74811 
 38.45469      23.73158 
 38.45892      23.73189 
 38.45883      23.72411 
 38.46884      23.70845 
 38.48011      23.66875 
 38.48525      23.66081 
 38.48564      23.6537 
 38.48986      23.65356 
 38.48947      23.64872 
 38.50709      23.62608 
 38.51031      23.62661 
 38.51567      23.6322 
 38.51795      23.63108 
 38.51883      23.62422 
 38.52442      23.62067 
 38.52486      23.61881 
 38.52203      23.618 
 38.51706      23.62317 
 38.51161      23.62456 
 38.51067      23.62134 
 38.53031      23.59806 
 38.53459      23.58253 
 38.53742      23.57775 
 38.53653      23.57292 
 38.53906      23.55761 
 38.53717      23.55253 
 38.5342       23.55178 
 38.53286      23.54372 
 38.54317      23.53908 
 38.56259      23.52475 
 38.56861      23.53356 
 38.57211      23.5327 
 38.5807       23.52689 
 38.58375      23.52328 
 38.58661      23.5252 
 38.58742      23.53114 
 38.59478      23.53039 
 38.59703      23.53211 
 38.58364      23.54047 
 38.57889      23.542 
 38.57342      23.54739 
 38.5752       23.54911 
 38.57845      23.54661 
 38.58153      23.54708 
 38.5842       23.55058 
 38.58092      23.55372 
 38.5765       23.55336 
 38.57075      23.55195 
 38.56956      23.54942 
 38.56092      23.5465 
 38.55889      23.54739 
 38.55356      23.55417 
 38.55289      23.56197 
 38.55758      23.56433 
 38.55972      23.5685 
 38.56175      23.56717 
 38.56261      23.56075 
 38.57142      23.55622 
 38.57692      23.55672 
 38.579        23.56242 
 38.584        23.56089 
 38.58531      23.56964 
 38.58853      23.57106 
 38.59164      23.57617 
 38.5957       23.573 
 1             5 
1
 -9999.0   ,   9990.0 
 15 
 37.06086      24.95753 
 37.06283      24.95717 
 37.06761      24.95631 
 37.07675      24.96053 
 37.08253      24.96025 
 37.10875      24.94661 
 37.11328      24.94608 
 37.11642      24.95453 
 37.11428      24.96306 
 37.07825      24.99381 
 37.07592      24.9897 
 37.06981      24.9852 
 37.06528      24.96803 
 37.06239      24.96117 
 37.06086      24.95753 
 1             6 
1
 -9999.0   ,   9990.0 
 9 
 37.18056      24.9365 
 37.17731      24.93814 
 37.17517      24.94597 
 37.17625      24.95033 
 37.17853      24.95097 
 37.1855       24.94697 
 37.18836      24.9432 
 37.18875      24.94183 
 37.18056      24.9365 
 1             7 
1
 -9999.0   ,   9990.0 
 6 
 37.13836      24.89367 
 37.14972      24.89536 
 37.15053      24.89695 
 37.13903      24.90306 
 37.13622      24.90036 
 37.13836      24.89367 
 1             8 
1
 -9999.0   ,   9990.0 
 7 
 35.14522      24.69014 
 35.14847      24.69406 
 35.14367      24.70897 
 35.13889      24.71078 
 35.13789      24.70781 
 35.14322      24.69175 
 35.14522      24.69014 
 1             9 
1
 -9999.0   ,   9990.0 
 14 
 35.17734      24.66028 
 35.17692      24.66083 
 35.15756      24.67709 
 35.14853      24.67753 
 35.14778      24.67525 
 35.15281      24.66883 
 35.15534      24.66058 
 35.16136      24.65897 
 35.17719      24.64525 
 35.18273      24.64228 
 35.18384      24.64639 
 35.18397      24.64686 
 35.18145      24.65489 
 35.17734      24.66028 
 1             10 
1
 -9999.0   ,   9990.0 
 9 
 37.40561      24.45283 
 37.41017      24.45481 
 37.41425      24.45911 
 37.41581      24.46184 
 37.41386      24.46509 
 37.40959      24.46422 
 37.4042       24.45767 
 37.40339      24.4547 
 37.40561      24.45283 
 1             11 
1
 -9999.0   ,   9990.0 
 10 
 37.42714      24.42384 
 37.42867      24.42564 
 37.426        24.43025 
 37.41764      24.43795 
 37.41603      24.44625 
 37.41306      24.44789 
 37.41122      24.44356 
 37.41175      24.43095 
 37.41839      24.4242 
 37.42714      24.42384 
 1             12 
1
 -9999.0   ,   9990.0 
 17 
 37.44392      24.42289 
 37.44145      24.42567 
 37.444        24.42861 
 37.44206      24.43117 
 37.43653      24.43034 
 37.43231      24.43222 
 37.42742      24.43942 
 37.42472      24.45575 
 37.42775      24.45686 
 37.42936      24.45556 
 37.42942      24.4555 
 37.43192      24.45206 
 37.43672      24.44111 
 37.44634      24.43203 
 37.44897      24.42745 
 37.44745      24.42442 
 37.44392      24.42289 
 1             13 
1
 -9999.0   ,   9990.0 
 11 
 37.42244      24.40003 
 37.41864      24.41064 
 37.41295      24.41417 
 37.40645      24.41494 
 37.40264      24.41272 
 37.40047      24.41756 
 37.40156      24.42145 
 37.40856      24.42181 
 37.41903      24.41914 
 37.42394      24.414 
 37.42244      24.40003 
 1             14 
1
 -9999.0   ,   9990.0 
 18 
 35.37336      24.39539 
 35.37125      24.39172 
 35.371        24.38714 
 35.3725       24.38256 
 35.38378      24.37589 
 35.38872      24.37694 
 35.38928      24.37706 
 35.39103      24.37981 
 35.38953      24.39656 
 35.39103      24.40803 
 35.38928      24.41489 
 35.38528      24.41972 
 35.37925      24.42314 
 35.37375      24.42339 
 35.37225      24.42064 
 35.37925      24.40825 
 35.378        24.40342 
 35.37336      24.39539 
 1             15 
1
 -9999.0   ,   9990.0 
 10 
 35.40381      24.34311 
 35.40106      24.34311 
 35.39053      24.34883 
 35.38803      24.35778 
 35.38128      24.36397 
 35.38953      24.36397 
 35.39528      24.3617 
 35.40081      24.35686 
 35.40481      24.34539 
 35.40381      24.34311 
 1             16 
1
 -9999.0   ,   9990.0 
 8 
 35.38228      24.32245 
 35.38978      24.32522 
 35.39128      24.32772 
 35.38978      24.33047 
 35.38728      24.33117 
 35.37978      24.32728 
 35.38003      24.32453 
 35.38228      24.32245 
 1             17 
1
 -9999.0   ,   9990.0 
 9 
 35.39656      24.31925 
 35.40081      24.31947 
 35.4058       24.32636 
 35.41056      24.33003 
 35.41056      24.33278 
 35.40506      24.33645 
 35.40256      24.33575 
 35.39506      24.32406 
 35.39656      24.31925 
 1             18 
1
 -9999.0   ,   9990.0 
 14 
 35.38328      24.29631 
 35.37953      24.30389 
 35.37328      24.30822 
 35.37153      24.31489 
 35.36778      24.3165 
 35.36703      24.319 
 35.37003      24.32336 
 35.35875      24.32542 
 35.35075      24.33025 
 35.346        24.33 
 35.34575      24.32817 
 35.36628      24.31053 
 35.37478      24.29884 
 35.38328      24.29631 
 1             19 
1
 -9999.0   ,   9990.0 
 6 
 38.14853      23.99725 
 38.15114      23.99811 
 38.15736      23.99339 
 38.15608      23.99175 
 38.1495       23.99325 
 38.14853      23.99725 
 1             20 
1
 -9999.0   ,   9990.0 
 20 
 38.19286      23.96878 
 38.19431      23.97153 
 38.20106      23.96958 
 38.20417      23.96278 
 38.22009      23.95139 
 38.22681      23.95081 
 38.23125      23.95225 
 38.23734      23.94686 
 38.24861      23.94294 
 38.24789      23.94156 
 38.24495      23.93944 
 38.23672      23.9407 
 38.23361      23.94611 
 38.22314      23.94731 
 38.21864      23.94931 
 38.21031      23.95464 
 38.2027       23.96206 
 38.19667      23.96472 
 38.19497      23.96653 
 38.19286      23.96878 
 1             21 
1
 -9999.0   ,   9990.0 
 18 
 38.16697      23.89495 
 38.18092      23.89145 
 38.18956      23.88708 
 38.19608      23.88719 
 38.20014      23.88875 
 38.22175      23.86847 
 38.22098      23.86697 
 38.21442      23.86872 
 38.20978      23.87653 
 38.20406      23.87645 
 38.20147      23.88353 
 38.19697      23.8842 
 38.19253      23.88225 
 38.18097      23.88845 
 38.17117      23.88828 
 38.16739      23.89264 
 38.167        23.89308 
 38.16697      23.89495 
 1             22 
1
 -9999.0   ,   9990.0 
 9 
 35.80925      23.83161 
 35.80564      23.83495 
 35.8067       23.83697 
 35.81075      23.83892 
 35.81417      23.84386 
 35.81614      23.84286 
 35.81783      23.83458 
 35.81572      23.8312 
 35.80925      23.83161 
 1             23 
1
 -9999.0   ,   9990.0 
 6 
 37.9037       23.82959 
 37.89739      23.8432 
 37.89353      23.84725 
 37.8905       23.83895 
 37.89459      23.83467 
 37.9037       23.82959 
 1             24 
1
 -9999.0   ,   9990.0 
 8 
 35.60172      23.81261 
 35.60714      23.82506 
 35.60631      23.82967 
 35.60311      23.83136 
 35.60084      23.82295 
 35.60164      23.8172 
 35.59878      23.81361 
 35.60172      23.81261 
 1             25 
1
 -9999.0   ,   9990.0 
 6 
 37.928        23.8187 
 37.93503      23.81831 
 37.94045      23.81209 
 37.93919      23.81036 
 37.9372       23.81058 
 37.928        23.8187 
 1             26 
1
 -9999.0   ,   9990.0 
 11 
 38.26983      23.82475 
 38.27317      23.81989 
 38.27434      23.81433 
 38.27334      23.81103 
 38.26872      23.80964 
 38.26831      23.81192 
 38.26711      23.81817 
 38.26631      23.82306 
 38.26623      23.828 
 38.26906      23.8287 
 38.26983      23.82475 
 1             27 
1
 -9999.0   ,   9990.0 
 9 
 35.50358      23.79895 
 35.50869      23.80339 
 35.51275      23.80486 
 35.51067      23.80997 
 35.51283      23.81495 
 35.51189      23.81681 
 35.50986      23.81595 
 35.50536      23.80783 
 35.50358      23.79895 
 1             28 
1
 -9999.0   ,   9990.0 
 6 
 37.93559      23.78711 
 37.93603      23.78942 
 37.92931      23.79961 
 37.92536      23.79861 
 37.93078      23.79047 
 37.93559      23.78711 
 1             29 
1
 -9999.0   ,   9990.0 
 8 
 37.96928      23.75295 
 37.97122      23.75436 
 37.96917      23.75753 
 37.95139      23.77139 
 37.94739      23.77245 
 37.94697      23.76947 
 37.96122      23.75645 
 37.96928      23.75295 
 1             30 
1
 -9999.0   ,   9990.0 
 2 
 35.50308      23.72492 
 35.50203      23.7307 
 1             31 
1
 -9999.0   ,   9990.0 
 2 
 35.5075       23.70784 
 35.50308      23.72492 
 1             32 
1
 -9999.0   ,   9990.0 
 3 
 35.50892      23.6977 
 35.50956      23.70203 
 35.5075       23.70784 
 1             33 
1
 -9999.0   ,   9990.0 
 9 
 38.38411      23.71044 
 38.38578      23.71006 
 38.38764      23.69892 
 38.39228      23.69425 
 38.39264      23.69134 
 38.39114      23.69047 
 38.38764      23.69139 
 38.38258      23.70206 
 38.38411      23.71044 
 1             34 
1
 -9999.0   ,   9990.0 
 9 
 38.36789      23.68661 
 38.37023      23.68331 
 38.37047      23.67745 
 38.37706      23.67336 
 38.37669      23.66945 
 38.36767      23.67461 
 38.36755      23.6795 
 38.36506      23.6835 
 38.36789      23.68661 
 1             35 
1
 -9999.0   ,   9990.0 
 16 
 36.18231      23.59428 
 36.19311      23.59803 
 36.19719      23.60206 
 36.20117      23.60242 
 36.2087       23.6077 
 36.19967      23.61681 
 36.19778      23.62136 
 36.19178      23.62164 
 36.19047      23.62342 
 36.18503      23.62258 
 36.18028      23.62358 
 36.17906      23.6155 
 36.18284      23.60714 
 36.18003      23.602 
 36.17972      23.59672 
 36.18231      23.59428 
 1             36 
1
 -9999.0   ,   9990.0 
 9 
 38.45181      23.58356 
 38.44959      23.57931 
 38.44364      23.57922 
 38.44047      23.57664 
 38.43178      23.57609 
 38.43536      23.58036 
 38.44681      23.58181 
 38.44906      23.58395 
 38.45181      23.58356 
 1             37 
1
 -9999.0   ,   9990.0 
 8 
 36.24178      23.56531 
 36.24294      23.56764 
 36.24136      23.57008 
 36.24003      23.57214 
 36.22928      23.57364 
 36.227        23.56783 
 36.24017      23.56559 
 36.24178      23.56531 
 1             38 
1
 -9999.0   ,   9990.0 
 7 
 38.41072      23.54914 
 38.4067       23.54442 
 38.405        23.53722 
 38.40178      23.53717 
 38.40392      23.5465 
 38.40889      23.55039 
 38.41072      23.54914 
 1             39 
1
 -9999.0   ,   9990.0 
 7 
 38.35936      23.52764 
 38.36075      23.52639 
 38.35489      23.52122 
 38.35367      23.51317 
 38.35081      23.52031 
 38.35481      23.52672 
 38.35936      23.52764 
 1             40 
1
 -9999.0   ,   9990.0 
 9 
 38.23831      23.51003 
 38.23459      23.5125 
 38.23214      23.52092 
 38.22931      23.52508 
 38.22775      23.53478 
 38.22292      23.5407 
 38.22281      23.54506 
 38.22831      23.54445 
 38.23831      23.51003 
 1             41 
1
 -9999.0   ,   9990.0 
 8 
 38.41539      23.5205 
 38.41361      23.51625 
 38.41372      23.51117 
 38.41145      23.50986 
 38.41006      23.5107 
 38.41039      23.51831 
 38.41397      23.52217 
 38.41539      23.5205 
 1             42 
1
 -9999.0   ,   9990.0 
 7 
 38.52922      23.45467 
 38.53242      23.45386 
 38.53342      23.4505 
 38.53261      23.44289 
 38.53125      23.442 
 38.52831      23.45336 
 38.52922      23.45467 
 1             43 
1
 -9999.0   ,   9990.0 
 6 
 38.55364      23.44572 
 38.56434      23.43658 
 38.56347      23.43236 
 38.56025      23.43359 
 38.5542       23.43981 
 38.55364      23.44572 
 1             44 
1
 -9999.0   ,   9990.0 
 6 
 38.55014      23.43511 
 38.55756      23.43017 
 38.55625      23.42761 
 38.55397      23.42672 
 38.54975      23.43258 
 38.55014      23.43511 
 1             45 
1
 -9999.0   ,   9990.0 
 5 
 38.62031      23.4015 
 38.62361      23.39564 
 38.62272      23.39353 
 38.619        23.39811 
 38.62031      23.4015 
 1             46 
1
 -9999.0   ,   9990.0 
 5 
 38.62283      23.38803 
 38.6257       23.38089 
 38.62481      23.37834 
 38.62156      23.38209 
 38.62283      23.38803 
 1             47 
1
 -9999.0   ,   9990.0 
 5 
 38.63789      23.36247 
 38.644        23.35283 
 38.64367      23.34608 
 38.63561      23.36158 
 38.63789      23.36247 
 1             48 
1
 -9999.0   ,   9990.0 
 77 
 35.62336      23.14689 
 35.62161      23.14842 
 35.61445      23.16378 
 35.6057       23.16883 
 35.60103      23.17897 
 35.59136      23.2 
 35.57592      23.21353 
 35.57333      23.22131 
 35.57322      23.22164 
 35.57653      23.23117 
 35.57586      23.23372 
 35.57228      23.24553 
 35.57609      23.2555 
 35.56281      23.28111 
 35.55567      23.31228 
 35.55456      23.31667 
 35.55761      23.32645 
 35.555        23.33684 
 35.55564      23.34095 
 35.56056      23.347 
 35.55828      23.3755 
 35.55575      23.38108 
 35.54809      23.38245 
 35.54595      23.38503 
 35.54586      23.39031 
 35.54161      23.39708 
 35.54386      23.40458 
 35.53931      23.40978 
 35.53481      23.42389 
 35.53336      23.42483 
 35.52703      23.42892 
 35.52003      23.44267 
 35.51031      23.44936 
 35.50369      23.45964 
 35.49639      23.46445 
 35.49442      23.47253 
 35.49067      23.4795 
 35.49209      23.48497 
 35.48739      23.49289 
 35.48892      23.50111 
 35.49281      23.50628 
 35.49697      23.52678 
 35.50203      23.53067 
 35.50361      23.53186 
 35.50572      23.53595 
 35.50731      23.54575 
 35.50611      23.5545 
 35.50925      23.56634 
 35.507        23.57372 
 35.5105       23.589 
 35.51175      23.60456 
 35.51064      23.60825 
 35.50867      23.60853 
 35.50881      23.59797 
 35.50764      23.59297 
 35.50511      23.59167 
 35.50103      23.61717 
 35.50078      23.61861 
 35.49733      23.62742 
 35.49534      23.62725 
 35.49472      23.62361 
 35.4922       23.62208 
 35.49144      23.62945 
 35.48734      23.63322 
 35.49095      23.63725 
 35.49106      23.64778 
 35.49478      23.64745 
 35.49983      23.63517 
 35.50345      23.63139 
 35.51036      23.63003 
 35.513        23.63408 
 35.511        23.64906 
 35.5137       23.66961 
 35.51347      23.67931 
 35.51331      23.6875 
 35.50923      23.6922 
 35.50892      23.6977 
 1             49 
1
 -9999.0   ,   9990.0 
 16 
 38.6505       23.34661 
 38.65603      23.34456 
 38.65428      23.34075 
 38.65853      23.3332 
 38.65717      23.3315 
 38.6595       23.32814 
 38.66009      23.32056 
 38.67078      23.31142 
 38.66853      23.30925 
 38.66067      23.31295 
 38.65942      23.30658 
 38.65508      23.31964 
 38.6535       23.33228 
 38.64786      23.34108 
 38.64825      23.34489 
 38.6505       23.34661 
 1             50 
1
 -9999.0   ,   9990.0 
 9 
 38.66223      23.302 
 38.66544      23.30078 
 38.66736      23.29614 
 38.67339      23.29159 
 38.67342      23.28906 
 38.67117      23.28775 
 38.67031      23.28478 
 38.6642       23.294 
 38.66223      23.302 
 1             51 
1
 -9999.0   ,   9990.0 
 5 
 38.67353      23.28228 
 38.6805       23.27647 
 38.68297      23.2647 
 38.675        23.27639 
 38.67353      23.28228 
 1             52 
1
 -9999.0   ,   9990.0 
 8 
 38.67475      23.26372 
 38.67472      23.26583 
 38.67745      23.26714 
 38.68164      23.26256 
 38.68689      23.24953 
 38.68508      23.24781 
 38.68036      23.25747 
 38.67475      23.26372 
 1             53 
1
 -9999.0   ,   9990.0 
 7 
 38.61694      23.24895 
 38.62245      23.24775 
 38.62622      23.24064 
 38.62486      23.23892 
 38.61928      23.24517 
 38.61698      23.24597 
 38.61694      23.24895 
 1             54 
1
 -9999.0   ,   9990.0 
 6 
 38.696        23.25133 
 38.69781      23.25264 
 38.702        23.24764 
 38.70306      23.2392 
 38.70125      23.23833 
 38.696        23.25133 
 1             55 
1
 -9999.0   ,   9990.0 
 15 
 38.69909      23.23267 
 38.7012       23.2327 
 38.70547      23.22864 
 38.70939      23.21828 
 38.71311      23.20514 
 38.71933      23.1985 
 38.71939      23.19503 
 38.71775      23.19459 
 38.71275      23.1995 
 38.71011      23.20356 
 38.70883      23.21047 
 38.70589      23.21758 
 38.70083      23.22531 
 38.69889      23.2305 
 38.69909      23.23267 
 1             56 
1
 -9999.0   ,   9990.0 
 62 
 35.72086      23.19111 
 35.72342      23.19264 
 35.70542      23.21061 
 35.70175      23.21233 
 35.70017      23.21697 
 35.69467      23.22308 
 35.69742      23.22392 
 35.703        23.21986 
 35.7065       23.22067 
 35.70461      23.22347 
 35.70092      23.2245 
 35.69959      23.22845 
 35.69711      23.22922 
 35.69592      23.23772 
 35.69228      23.24036 
 35.69064      23.23584 
 35.68692      23.2357 
 35.68153      23.23083 
 35.67081      23.22953 
 35.65944      23.23103 
 35.65458      23.23414 
 35.65242      23.23464 
 35.64989      23.2352 
 35.64286      23.23289 
 35.60069      23.22633 
 35.59636      23.22347 
 35.58728      23.2265 
 35.58403      23.22592 
 35.58445      23.22292 
 35.58889      23.22234 
 35.58947      23.21772 
 35.59314      23.216 
 35.5925       23.21167 
 35.59461      23.20839 
 35.60397      23.2065 
 35.61228      23.20236 
 35.61698      23.20156 
 35.61956      23.20422 
 35.61644      23.20775 
 35.6097       23.20956 
 35.60292      23.21136 
 35.59981      23.21511 
 35.60378      23.21547 
 35.61264      23.21245 
 35.61256      23.2175 
 35.62295      23.22383 
 35.63469      23.22647 
 35.65606      23.22678 
 35.66061      23.22158 
 35.66311      23.22197 
 35.6647       23.22536 
 35.67634      23.22386 
 35.68197      23.22209 
 35.68981      23.21131 
 35.69497      23.21 
 35.69825      23.20486 
 35.69847      23.20292 
 35.69864      23.20142 
 35.70578      23.19936 
 35.70836      23.20228 
 35.71103      23.20103 
 35.72086      23.19111 
 1             57 
1
 -9999.0   ,   9990.0 
 16 
 38.70645      23.23806 
 38.71061      23.23681 
 38.71559      23.23047 
 38.71995      23.21961 
 38.7222       23.20872 
 38.72794      23.19661 
 38.74272      23.18461 
 38.74283      23.17883 
 38.73864      23.17942 
 38.72381      23.19528 
 38.71734      23.20867 
 38.71795      23.21445 
 38.71367      23.21953 
 38.71253      23.22189 
 38.70722      23.23292 
 38.70645      23.23806 
 1             58 
1
 -9999.0   ,   9990.0 
 9 
 38.74772      23.16189 
 38.74714      23.15545 
 38.74925      23.15292 
 38.75347      23.14975 
 38.75589      23.15139 
 38.75514      23.15428 
 38.75092      23.15808 
 38.74947      23.16192 
 38.74772      23.16189 
 1             59 
1
 -9999.0   ,   9990.0 
 12 
 38.74386      23.14256 
 38.74809      23.14039 
 38.75572      23.13983 
 38.76056      23.1412 
 38.76189      23.14442 
 38.75945      23.14503 
 38.75528      23.14497 
 38.75006      23.14683 
 38.74831      23.14778 
 38.74309      23.14769 
 38.74314      23.14545 
 38.74386      23.14256 
 1             60 
1
 -9999.0   ,   9990.0 
 10 
 38.77611      23.13236 
 38.77175      23.13525 
 38.76617      23.13708 
 38.7627       23.1377 
 38.76417      23.13322 
 38.76906      23.13072 
 38.77464      23.1295 
 38.77881      23.12956 
 38.77806      23.13147 
 38.77611      23.13236 
 1             61 
1
 -9999.0   ,   9990.0 
 15 
 38.79253      23.10889 
 38.79528      23.11084 
 38.7967       23.10958 
 38.79689      23.09803 
 38.79183      23.06584 
 38.78853      23.05422 
 38.77495      23.03542 
 38.77278      23.04117 
 38.77269      23.04761 
 38.7747       23.05211 
 38.7782       23.05025 
 38.78306      23.05031 
 38.78853      23.06631 
 38.7897       23.06967 
 38.79253      23.10889 
 1             62 
1
 -9999.0   ,   9990.0 
 19 
 38.85545      22.96553 
 38.85761      22.96411 
 38.86384      22.95825 
 38.87184      22.95664 
 38.87403      22.95353 
 38.87595      22.94845 
 38.87847      22.94533 
 38.88         22.94422 
 38.87911      22.94281 
 38.87667      22.9422 
 38.87539      22.94589 
 38.87228      22.94811 
 38.86609      22.95117 
 38.86297      22.95425 
 38.85861      22.95817 
 38.85581      22.96184 
 38.85331      22.96406 
 38.85328      22.96606 
 38.85545      22.96553 
 1             63 
1
 -9999.0   ,   9990.0 
 8 
 38.75914      22.93806 
 38.76508      22.93722 
 38.76778      22.94003 
 38.77         22.93958 
 38.77147      22.941 
 38.77067      22.9435 
 38.76275      22.94361 
 38.75914      22.93806 
 1             64 
1
 -9999.0   ,   9990.0 
 15 
 36.24281      22.90464 
 36.24194      22.905 
 36.24136      22.90525 
 36.24167      22.90545 
 36.24486      22.90736 
 36.252        22.90822 
 36.26403      22.9132 
 36.27553      22.91217 
 36.27628      22.91089 
 36.27128      22.91009 
 36.26711      22.90664 
 36.26414      22.90922 
 36.25984      22.90975 
 36.25492      22.90697 
 36.24281      22.90464 
 1             65 
1
 -9999.0   ,   9990.0 
 6 
 36.28211      22.90772 
 36.2835       22.90908 
 36.29211      22.90867 
 36.29508      22.90542 
 36.29442      22.90408 
 36.28211      22.90772 
 1             66 
1
 -9999.0   ,   9990.0 
 6 
 35.73181      22.89161 
 35.73211      22.90078 
 35.726        22.90325 
 35.72586      22.89914 
 35.72936      22.89283 
 35.73181      22.89161 
 1             67 
1
 -9999.0   ,   9990.0 
 6 
 35.7255       22.88814 
 35.72631      22.89017 
 35.71667      22.90539 
 35.71492      22.90475 
 35.72136      22.891 
 35.7255       22.88814 
 1             68 
1
 -9999.0   ,   9990.0 
 12 
 38.92547      22.89075 
 38.94161      22.88325 
 38.9417       22.87706 
 38.94         22.87589 
 38.93378      22.87717 
 38.92656      22.88028 
 38.92303      22.88411 
 38.9225       22.88903 
 38.92017      22.89097 
 38.9137       22.90717 
 38.92161      22.9075 
 38.92547      22.89075 
 1             69 
1
 -9999.0   ,   9990.0 
 28 
 36.19139      22.78903 
 36.1942       22.79042 
 36.20711      22.78945 
 36.21134      22.79222 
 36.21242      22.80289 
 36.21161      22.80553 
 36.20792      22.80872 
 36.20931      22.81075 
 36.21372      22.80689 
 36.21825      22.79972 
 36.21834      22.79708 
 36.21544      22.79767 
 36.21559      22.793 
 36.22214      22.78989 
 36.22642      22.79067 
 36.22861      22.78872 
 36.24008      22.78839 
 36.24372      22.7865 
 36.24453      22.78386 
 36.23947      22.78572 
 36.2287       22.78675 
 36.2137       22.78567 
 36.21175      22.78639 
 36.20717      22.78814 
 36.20436      22.78606 
 36.2045       22.78208 
 36.20164      22.782 
 36.19139      22.78903 
 1             70 
1
 -9999.0   ,   9990.0 
 13 
 36.2612       22.77503 
 36.26344      22.77442 
 36.27147      22.77 
 36.27445      22.76675 
 36.27089      22.76533 
 36.26328      22.77139 
 36.26281      22.77175 
 36.25925      22.77167 
 36.25483      22.77486 
 36.25128      22.77409 
 36.24836      22.776 
 36.24972      22.77803 
 36.2612       22.77503 
 1             71 
1
 -9999.0   ,   9990.0 
 12 
 36.31075      22.75175 
 36.31222      22.74922 
 36.31233      22.74522 
 36.30678      22.7525 
 36.30486      22.75497 
 36.29908      22.75681 
 36.29681      22.76075 
 36.29175      22.76258 
 36.28953      22.7652 
 36.29164      22.76592 
 36.30692      22.75836 
 36.31075      22.75175 
 1             72 
1
 -9999.0   ,   9990.0 
 7 
 36.10639      22.75945 
 36.1092       22.75983 
 36.11278      22.75767 
 36.11478      22.75022 
 36.11136      22.74753 
 36.11011      22.75303 
 36.10639      22.75945 
 1             73 
1
 -9999.0   ,   9990.0 
 12 
 36.15464      22.75461 
 36.15572      22.75367 
 36.15422      22.74614 
 36.14422      22.74033 
 36.13936      22.72847 
 36.13445      22.728 
 36.13017      22.73047 
 36.13567      22.73389 
 36.13989      22.74442 
 36.14853      22.74858 
 36.15289      22.75456 
 36.15464      22.75461 
 1             74 
1
 -9999.0   ,   9990.0 
 13 
 36.09317      22.72422 
 36.09489      22.73533 
 36.10275      22.74239 
 36.12103      22.74161 
 36.12531      22.73947 
 36.12681      22.73689 
 36.12547      22.73425 
 36.11939      22.73767 
 36.10956      22.73836 
 36.1012       22.7365 
 36.09747      22.73217 
 36.09903      22.72731 
 36.09317      22.72422 
 1             75 
1
 -9999.0   ,   9990.0 
 7 
 36.14261      22.72561 
 36.15194      22.72981 
 36.15372      22.72886 
 36.15381      22.72658 
 36.14653      22.72411 
 36.14448      22.72178 
 36.14261      22.72561 
 1             76 
1
 -9999.0   ,   9990.0 
 24 
 36.05786      22.76228 
 36.06064      22.763 
 36.06103      22.76172 
 36.05431      22.75272 
 36.05819      22.7522 
 36.05936      22.74897 
 36.05767      22.73622 
 36.06222      22.72625 
 36.06086      22.72492 
 36.05617      22.72836 
 36.05258      22.74128 
 36.04697      22.74111 
 36.04364      22.73581 
 36.03814      22.73272 
 36.03825      22.72914 
 36.04086      22.72403 
 36.04028      22.72106 
 36.03786      22.7197 
 36.03364      22.73064 
 36.03481      22.73783 
 36.04142      22.744 
 36.04672      22.74892 
 36.05134      22.75753 
 36.05786      22.76228 
 1             77 
1
 -9999.0   ,   9990.0 
 10 
 36.18447      22.71217 
 36.18556      22.71122 
 36.18356      22.70758 
 36.18372      22.7027 
 36.17867      22.70678 
 36.17309      22.70564 
 36.16986      22.70784 
 36.17225      22.70953 
 36.18         22.70911 
 36.18447      22.71217 
 1             78 
1
 -9999.0   ,   9990.0 
 11 
 36.06342      22.70089 
 36.06194      22.70247 
 36.06364      22.70417 
 36.07475      22.70806 
 36.0762       22.70711 
 36.07422      22.7025 
 36.08456      22.69825 
 36.085        22.695 
 36.0815       22.69522 
 36.07328      22.69922 
 36.06342      22.70089 
 1             79 
1
 -9999.0   ,   9990.0 
 22 
 36.0975       22.69958 
 36.09731      22.70545 
 36.0987       22.70581 
 36.10019      22.70261 
 36.10961      22.70417 
 36.10956      22.70645 
 36.10631      22.70897 
 36.11109      22.713 
 36.11703      22.71383 
 36.12311      22.71008 
 36.1252       22.71081 
 36.128        22.72164 
 36.13467      22.72181 
 36.13767      22.71572 
 36.13456      22.71433 
 36.13358      22.71203 
 36.12528      22.70853 
 36.11925      22.71031 
 36.11261      22.69872 
 36.11142      22.6925 
 36.104        22.69358 
 36.0975       22.69958 
 1             80 
1
 -9999.0   ,   9990.0 
 11 
 36.08956      22.69578 
 36.09195      22.69747 
 36.0965       22.69761 
 36.10195      22.69256 
 36.10095      22.69059 
 36.0985       22.68986 
 36.09636      22.69111 
 36.09114      22.68964 
 36.0907       22.69289 
 36.08892      22.69381 
 36.08956      22.69578 
 1             81 
1
 -9999.0   ,   9990.0 
 16 
 36.36492      22.66634 
 36.35983      22.66883 
 36.34339      22.68208 
 36.32311      22.69839 
 36.31864      22.70489 
 36.32292      22.70503 
 36.32447      22.70109 
 36.3332       22.69667 
 36.34269      22.68709 
 36.34281      22.68697 
 36.35081      22.6832 
 36.35461      22.676 
 36.36339      22.66961 
 36.36698      22.6697 
 36.3692       22.66645 
 36.36492      22.66634 
 1             82 
1
 -9999.0   ,   9990.0 
 12 
 36.12589      22.68372 
 36.12595      22.68164 
 36.12903      22.67897 
 36.1317       22.67997 
 36.13472      22.67825 
 36.13756      22.6827 
 36.13922      22.69858 
 36.13189      22.7025 
 36.12723      22.69456 
 36.12834      22.69114 
 36.126        22.68761 
 36.12589      22.68372 
 1             83 
1
 -9999.0   ,   9990.0 
 14 
 38.98475      22.68533 
 38.98353      22.68178 
 38.97645      22.68464 
 38.96625      22.68095 
 38.965        22.67856 
 38.95547      22.67428 
 38.95753      22.66539 
 38.95503      22.66061 
 38.94909      22.67361 
 38.9522       22.6802 
 38.96172      22.68386 
 38.96553      22.68689 
 38.98089      22.68709 
 38.98475      22.68533 
 1             84 
1
 -9999.0   ,   9990.0 
 16 
 36.17019      22.67564 
 36.16609      22.67989 
 36.16722      22.68289 
 36.17209      22.68533 
 36.18772      22.68397 
 36.19181      22.67975 
 36.20009      22.66942 
 36.19778      22.66453 
 36.2002       22.65934 
 36.19911      22.65469 
 36.19364      22.64856 
 36.19031      22.6595 
 36.18728      22.66053 
 36.17944      22.67247 
 36.17667      22.67447 
 36.17019      22.67564 
 1             85 
1
 -9999.0   ,   9990.0 
 8 
 36.23658      22.641 
 36.23581      22.64295 
 36.23928      22.64467 
 36.24075      22.65206 
 36.24453      22.64986 
 36.24561      22.64761 
 36.24181      22.64214 
 36.23658      22.641 
 1             86 
1
 -9999.0   ,   9990.0 
 7 
 36.25875      22.60764 
 36.26014      22.60767 
 36.26619      22.60111 
 36.26686      22.59778 
 36.26522      22.5962 
 36.25834      22.60272 
 36.25875      22.60764 
 1             87 
1
 -9999.0   ,   9990.0 
 7 
 36.36161      22.57584 
 36.36467      22.57667 
 36.36447      22.57383 
 36.36136      22.56625 
 36.35944      22.56542 
 36.35795      22.56847 
 36.36161      22.57584 
 1             88 
1
 -9999.0   ,   9990.0 
 8 
 38.92275      22.55767 
 38.93081      22.56353 
 38.92878      22.56647 
 38.93334      22.57389 
 38.93206      22.57686 
 38.92961      22.57592 
 38.92192      22.56247 
 38.92275      22.55767 
 1             89 
1
 -9999.0   ,   9990.0 
 13 
 38.94619      22.42989 
 38.9435       22.42825 
 38.94028      22.43003 
 38.94111      22.43703 
 38.93814      22.44447 
 38.941        22.44556 
 38.94789      22.44619 
 38.94909      22.44247 
 38.94336      22.44078 
 38.944        22.43759 
 38.94686      22.43709 
 38.94808      22.43336 
 38.94619      22.42989 
 1             90 
1
 -9999.0   ,   9990.0 
 9 
 36.50622      22.40517 
 36.51117      22.41122 
 36.5132       22.40711 
 36.51895      22.40728 
 36.52161      22.40436 
 36.52372      22.39789 
 36.52183      22.39664 
 36.51914      22.40133 
 36.50622      22.40517 
 1             91 
1
 -9999.0   ,   9990.0 
 6 
 36.5395       22.40425 
 36.5407       22.40667 
 36.54592      22.40383 
 36.55258      22.39389 
 36.54942      22.39381 
 36.5395       22.40425 
 1             92 
1
 -9999.0   ,   9990.0 
 11 
 36.52864      22.40397 
 36.52989      22.4052 
 36.53394      22.39817 
 36.53845      22.3965 
 36.5472       22.38186 
 36.55961      22.37328 
 36.5597       22.37031 
 36.55261      22.3725 
 36.54992      22.37717 
 36.54469      22.38 
 36.52864      22.40397 
 1             93 
1
 -9999.0   ,   9990.0 
 11 
 36.61836      22.35281 
 36.61892      22.35639 
 36.62667      22.353 
 36.63009      22.34597 
 36.63464      22.34311 
 36.63342      22.3407 
 36.62822      22.34356 
 36.62378      22.34283 
 36.61856      22.34686 
 36.61717      22.35039 
 36.61836      22.35281 
 1             94 
1
 -9999.0   ,   9990.0 
 18 
 36.60442      22.32747 
 36.60606      22.33703 
 36.60858      22.3377 
 36.61186      22.33539 
 36.61536      22.32539 
 36.62394      22.31609 
 36.62333      22.31489 
 36.61883      22.31595 
 36.61636      22.31234 
 36.61717      22.307 
 36.61597      22.30458 
 36.6127       22.30689 
 36.61253      22.31281 
 36.61553      22.31945 
 36.61017      22.32822 
 36.60822      22.32875 
 36.60575      22.32572 
 36.60442      22.32747 
 1             95 
1
 -9999.0   ,   9990.0 
 6 
 36.62642      22.28486 
 36.6395       22.29258 
 36.63423      22.29497 
 36.62539      22.29358 
 36.62403      22.29008 
 36.62642      22.28486 
 1             96 
1
 -9999.0   ,   9990.0 
 8 
 39.07603      22.28164 
 39.07775      22.28006 
 39.07403      22.25917 
 39.07234      22.25808 
 39.07053      22.26286 
 39.071        22.27142 
 39.07264      22.27734 
 39.07603      22.28164 
 1             97 
1
 -9999.0   ,   9990.0 
 10 
 39.06261      22.29536 
 39.0655       22.29433 
 39.06625      22.28153 
 39.0692       22.27622 
 39.06431      22.25745 
 39.06036      22.25153 
 39.05747      22.25364 
 39.0597       22.25792 
 39.05945      22.27608 
 39.06261      22.29536 
 1             98 
1
 -9999.0   ,   9990.0 
 22 
 36.62775      22.25139 
 36.62947      22.25878 
 36.62708      22.26375 
 36.63306      22.26967 
 36.63381      22.27725 
 36.63844      22.27842 
 36.6415       22.28325 
 36.64409      22.28214 
 36.64236      22.27245 
 36.64828      22.27192 
 36.64989      22.26783 
 36.6577       22.263 
 36.66033      22.25103 
 36.65853      22.24742 
 36.65586      22.2515 
 36.65622      22.25514 
 36.64939      22.26025 
 36.64189      22.25589 
 36.63447      22.25639 
 36.63098      22.25089 
 36.62886      22.25122 
 36.62775      22.25139 
 1             99 
1
 -9999.0   ,   9990.0 
 6 
 39.02761      22.24206 
 39.029        22.24081 
 39.02553      22.22664 
 39.02056      22.22017 
 39.02531      22.24117 
 39.02761      22.24206 
 1             100 
1
 -9999.0   ,   9990.0 
 12 
 36.83159      22.1525 
 36.83128      22.1495 
 36.8285       22.14831 
 36.82483      22.15047 
 36.82528      22.15892 
 36.82536      22.16022 
 36.82853      22.16181 
 36.84         22.15422 
 36.84131      22.1505 
 36.84014      22.14897 
 36.83484      22.15222 
 36.83159      22.1525 
 1             101 
1
 -9999.0   ,   9990.0 
 8 
 36.86489      22.11214 
 36.86606      22.11367 
 36.86897      22.10925 
 36.88006      22.10164 
 36.87728      22.10008 
 36.87483      22.10114 
 36.86578      22.10917 
 36.86489      22.11214 
 1             102 
1
 -9999.0   ,   9990.0 
 12 
 39.00964      22.04589 
 39.01331      22.04756 
 39.01783      22.05658 
 39.02422      22.05806 
 39.02761      22.06108 
 39.02358      22.06586 
 39.02061      22.06697 
 39.01675      22.06253 
 39.01259      22.06156 
 39.009        22.05578 
 39.00834      22.05069 
 39.00964      22.04589 
 1             103 
1
 -9999.0   ,   9990.0 
 6 
 38.99417      22.04142 
 38.99556      22.04056 
 38.9985       22.02734 
 38.99619      22.02858 
 38.99239      22.03753 
 38.99417      22.04142 
 1             104 
1
 -9999.0   ,   9990.0 
 19 
 38.96789      21.99611 
 38.96542      21.99678 
 38.96442      21.99861 
 38.96611      21.99956 
 38.96283      22.005 
 38.9657       22.01034 
 38.96186      22.01808 
 38.96472      22.02342 
 38.96167      22.02911 
 38.96822      22.0345 
 38.9717       22.03408 
 38.97322      22.03089 
 38.98306      22.0315 
 38.98333      22.0292 
 38.97798      22.02614 
 38.97759      22.0197 
 38.97256      22.01089 
 38.97128      21.99986 
 38.96789      21.99611 
 1             105 
1
 -9999.0   ,   9990.0 
 48 
 38.94836      21.94809 
 38.95061      21.95078 
 38.95203      21.96203 
 38.95686      21.96281 
 38.96122      21.96847 
 38.96764      21.96764 
 38.97061      21.96583 
 38.97917      21.95517 
 38.97859      21.94667 
 38.97025      21.94495 
 38.96667      21.93845 
 38.96481      21.93222 
 38.96528      21.91914 
 38.95958      21.91997 
 38.95678      21.91514 
 38.95364      21.91525 
 38.95081      21.91711 
 38.94647      21.92436 
 38.94409      21.93272 
 38.94097      21.94358 
 38.939        21.95847 
 38.94208      21.9652 
 38.93622      21.97658 
 38.93278      21.977 
 38.93089      22.00131 
 38.92853      22.00956 
 38.92992      22.01461 
 38.93508      22.0147 
 38.93714      22.02439 
 38.941        22.02789 
 38.94481      22.02242 
 38.95053      22.01883 
 38.95009      22.01561 
 38.94781      22.01378 
 38.94572      22.01211 
 38.94389      22.0045 
 38.94045      22.00375 
 38.94003      21.99961 
 38.93833      21.99822 
 38.93845      21.99156 
 38.94178      21.98286 
 38.94745      21.9825 
 38.95178      21.97406 
 38.95161      21.9697 
 38.94628      21.97083 
 38.94584      21.96922 
 38.94586      21.95597 
 38.94836      21.94809 
 1             106 
1
 -9999.0   ,   9990.0 
 8 
 39.11636      21.33311 
 39.11975      21.335 
 39.11553      21.33817 
 39.114        21.34342 
 39.10911      21.34222 
 39.10719      21.33897 
 39.108        21.3337 
 39.11636      21.33311 
 1             107 
1
 -9999.0   ,   9990.0 
 8 
 37.13558      21.14264 
 37.13622      21.14461 
 37.14267      21.14861 
 37.14614      21.14742 
 37.15092      21.1485 
 37.1435       21.14283 
 37.13733      21.14172 
 37.13558      21.14264 
 1             108 
1
 -9999.0   ,   9990.0 
 9 
 39.46411      20.76417 
 39.47656      20.76819 
 39.47961      20.76697 
 39.47983      20.76467 
 39.474        20.75892 
 39.47136      20.75853 
 39.4647       20.76094 
 39.46336      20.76256 
 39.46411      20.76417 
 1             109 
1
 -9999.0   ,   9990.0 
 22 
 37.24853      20.82317 
 37.25367      20.83178 
 37.25153      20.83817 
 37.26242      20.85108 
 37.26778      20.85169 
 37.27747      20.84572 
 37.28095      20.84442 
 37.28459      20.84497 
 37.28564      20.84247 
 37.27847      20.82711 
 37.27736      20.81444 
 37.27486      20.80747 
 37.27336      20.77667 
 37.27331      20.77547 
 37.26833      20.76042 
 37.25622      20.75689 
 37.25275      20.75061 
 37.248        20.75464 
 37.24536      20.761 
 37.24689      20.76794 
 37.24553      20.77342 
 37.24853      20.82317 
 1             110 
1
 -9999.0   ,   9990.0 
 16 
 39.60994      20.53156 
 39.60506      20.53242 
 39.59864      20.53922 
 39.59609      20.54678 
 39.5877       20.55428 
 39.57975      20.56545 
 39.57772      20.57117 
 39.57864      20.576 
 39.58275      20.57997 
 39.58573      20.57494 
 39.58892      20.57336 
 39.59028      20.56303 
 39.59503      20.55275 
 39.60192      20.54778 
 39.60992      20.53408 
 39.60994      20.53156 
 1             111 
1
 -9999.0   ,   9990.0 
 10 
 39.74481      20.30486 
 39.74825      20.30406 
 39.74864      20.30183 
 39.74703      20.29992 
 39.74867      20.29719 
 39.74781      20.29342 
 39.74472      20.29461 
 39.74286      20.29853 
 39.74353      20.30417 
 39.74481      20.30486 
 1             112 
1
 -9999.0   ,   9990.0 
 10 
 39.48553      20.26594 
 39.48842      20.26758 
 39.47922      20.2815 
 39.47361      20.28258 
 39.46742      20.28964 
 39.46497      20.28983 
 39.46359      20.28592 
 39.46608      20.28111 
 39.47833      20.27436 
 39.48553      20.26594 
 1             113 
1
 -9999.0   ,   9990.0 
 5 
 40            20.24856 
 39.99911      20.24956 
 39.99611      20.25233 
 39.99867      20.25506 
 40            20.25553 
 1             114 
1
 -9999.0   ,   9990.0 
 817 
 38.5957       23.573 
 38.60019      23.57172 
 38.59931      23.56664 
 38.59686      23.56431 
 38.59328      23.54361 
 38.59533      23.54019 
 38.60008      23.53936 
 38.60414      23.53531 
 38.60961      23.53564 
 38.61114      23.53358 
 38.6082       23.53147 
 38.60728      23.52756 
 38.60492      23.52589 
 38.60684      23.5217 
 38.61717      23.51764 
 38.62297      23.51222 
 38.62822      23.51095 
 38.63056      23.50592 
 38.6317       23.49836 
 38.62361      23.49297 
 38.62861      23.47884 
 38.63381      23.48006 
 38.63203      23.46878 
 38.63519      23.45945 
 38.63442      23.44864 
 38.63844      23.43172 
 38.63611      23.42411 
 38.63864      23.42278 
 38.64047      23.41756 
 38.63981      23.41295 
 38.6467       23.39033 
 38.65259      23.38172 
 38.64939      23.38086 
 38.64903      23.38122 
 38.64444      23.38159 
 38.64308      23.38028 
 38.65025      23.37342 
 38.65306      23.37072 
 38.66295      23.34703 
 38.66667      23.34595 
 38.66784      23.3515 
 38.67386      23.34608 
 38.67817      23.33517 
 38.67922      23.32589 
 38.67314      23.33467 
 38.67309      23.33678 
 38.66581      23.335 
 38.66678      23.3312 
 38.6742       23.32581 
 38.67573      23.31528 
 38.68222      23.31114 
 38.68922      23.30153 
 38.68931      23.29689 
 38.68747      23.29645 
 38.68378      23.2985 
 38.67719      23.30981 
 38.67383      23.30934 
 38.67394      23.30361 
 38.68419      23.28703 
 38.68681      23.27997 
 38.69514      23.27206 
 38.6935       23.26745 
 38.69764      23.25764 
 38.70445      23.25247 
 38.71056      23.24342 
 38.71789      23.23664 
 38.71945      23.233 
 38.71978      23.22928 
 38.72144      23.22647 
 38.72386      23.22283 
 38.72581      23.21853 
 38.72892      23.2095 
 38.73039      23.20472 
 38.74328      23.19183 
 38.76669      23.16183 
 38.77303      23.15742 
 38.77097      23.15483 
 38.76133      23.15472 
 38.76486      23.14706 
 38.76806      23.14014 
 38.77681      23.13592 
 38.782        23.136 
 38.7787       23.141 
 38.77839      23.14422 
 38.78447      23.15028 
 38.79056      23.14325 
 38.78842      23.13842 
 38.78947      23.13497 
 38.79933      23.12459 
 38.803        23.11294 
 38.80117      23.10486 
 38.80617      23.08958 
 38.80475      23.07142 
 38.80197      23.06083 
 38.79         23.04975 
 38.7825       23.03528 
 38.78142      23.03319 
 38.78247      23.03164 
 38.78931      23.02161 
 38.79431      23.01895 
 38.80322      23.00575 
 38.80633      22.998 
 38.80834      22.99733 
 38.81017      22.99233 
 38.80928      22.98611 
 38.81495      22.97403 
 38.82017      22.9732 
 38.82219      22.97047 
 38.82992      22.96739 
 38.83361      22.97044 
 38.83489      22.97264 
 38.83522      22.97528 
 38.83573      22.9797 
 38.83344      22.98119 
 38.83192      22.98061 
 38.83186      22.977 
 38.83081      22.97556 
 38.82878      22.97586 
 38.8235       22.98036 
 38.81828      22.98097 
 38.81528      22.98392 
 38.81619      22.98645 
 38.81892      22.9872 
 38.82395      22.98383 
 38.82914      22.98367 
 38.83028      22.98897 
 38.82847      22.99309 
 38.83017      22.99609 
 38.83558      22.99686 
 38.83733      22.99572 
 38.83875      22.98681 
 38.84103      22.98364 
 38.84672      22.98417 
 38.85069      22.98264 
 38.85411      22.98567 
 38.86111      22.98347 
 38.85745      22.98067 
 38.85483      22.97419 
 38.85689      22.96895 
 38.86061      22.96925 
 38.86622      22.97392 
 38.87522      22.969 
 38.88484      22.97236 
 38.89397      22.97275 
 38.90297      22.96897 
 38.91067      22.96839 
 38.91467      22.96478 
 38.91675      22.96022 
 38.91878      22.94236 
 38.92114      22.93528 
 38.92695      22.9287 
 38.93033      22.91911 
 38.9305       22.9097 
 38.93831      22.90156 
 38.9445       22.88789 
 38.94975      22.88406 
 38.95847      22.88075 
 38.96361      22.87003 
 38.97339      22.86306 
 38.95853      22.84908 
 38.95495      22.84214 
 38.94914      22.84734 
 38.938        22.84761 
 38.934        22.85008 
 38.92781      22.85136 
 38.92539      22.84697 
 38.9207       22.84781 
 38.91681      22.85764 
 38.91747      22.86153 
 38.92492      22.86072 
 38.92661      22.86328 
 38.92481      22.86717 
 38.90867      22.88322 
 38.9072       22.89672 
 38.89506      22.91217 
 38.88961      22.92586 
 38.87428      22.93847 
 38.8675       22.94342 
 38.86469      22.94795 
 38.86303      22.95025 
 38.86139      22.95295 
 38.85711      22.95531 
 38.84878      22.96539 
 38.8465       22.96856 
 38.84642      22.97061 
 38.84756      22.97314 
 38.84659      22.97556 
 38.84395      22.97747 
 38.84342      22.97297 
 38.83722      22.96753 
 38.83097      22.96425 
 38.83175      22.96283 
 38.84025      22.95745 
 38.84509      22.95178 
 38.84778      22.93875 
 38.85058      22.93397 
 38.86245      22.92245 
 38.86856      22.91222 
 38.88128      22.87797 
 38.90006      22.85208 
 38.91311      22.82797 
 38.92336      22.82261 
 38.92719      22.81508 
 38.93922      22.80608 
 38.94492      22.79172 
 38.95403      22.77875 
 38.96247      22.76236 
 38.97303      22.75264 
 38.97711      22.74558 
 38.98095      22.73875 
 38.9842       22.7372 
 38.98614      22.73883 
 38.97881      22.74836 
 38.98169      22.75256 
 38.98969      22.74853 
 38.99236      22.75108 
 38.99906      22.74959 
 39.00275      22.75034 
 39.00703      22.7465 
 39.01292      22.74933 
 39.01731      22.75214 
 39.0175       22.75675 
 39.02464      22.75775 
 39.0257       22.75433 
 39.02386      22.74511 
 39.0127       22.73325 
 39.01083      22.72589 
 39.0045       22.72097 
 39.00028      22.72184 
 38.9945       22.72678 
 38.98706      22.72828 
 38.98636      22.72531 
 38.99833      22.7055 
 39.00836      22.69622 
 39.014        22.68461 
 39.01564      22.67522 
 39.0238       22.66086 
 39.02681      22.64256 
 39.02964      22.63592 
 39.04325      22.62028 
 39.05003      22.61903 
 39.04606      22.61481 
 39.05234      22.60895 
 39.058        22.59456 
 39.06353      22.59028 
 39.07261      22.57708 
 39.07597      22.56909 
 39.07556      22.56428 
 39.0817       22.55081 
 39.07886      22.54342 
 39.08072      22.53495 
 39.07589      22.50514 
 39.07356      22.49075 
 39.08364      22.46289 
 39.083        22.45669 
 39.0772       22.44811 
 39.07603      22.42947 
 39.06872      22.40872 
 39.06983      22.4007 
 39.07364      22.39456 
 39.08442      22.38506 
 39.09061      22.38283 
 39.09153      22.37231 
 39.08797      22.36353 
 39.08875      22.361 
 39.09245      22.36014 
 39.09539      22.36247 
 39.09553      22.36822 
 39.09945      22.37033 
 39.10034      22.37678 
 39.103        22.37981 
 39.11042      22.37878 
 39.11286      22.38042 
 39.11755      22.37908 
 39.11828      22.38117 
 39.11914      22.389 
 39.11303      22.39947 
 39.10331      22.40553 
 39.10769      22.40881 
 39.11361      22.40936 
 39.11736      22.40781 
 39.12075      22.4112 
 39.12342      22.41386 
 39.12639      22.41411 
 39.12986      22.41303 
 39.13592      22.40439 
 39.13748      22.39981 
 39.13164      22.39444 
 39.13209      22.38159 
 39.12908      22.3687 
 39.12517      22.36681 
 39.12167      22.36972 
 39.11331      22.36825 
 39.11039      22.36431 
 39.10745      22.36381 
 39.10383      22.358 
 39.10536      22.35458 
 39.1037       22.35111 
 39.10053      22.34922 
 39.09892      22.34231 
 39.09522      22.34228 
 39.09195      22.34636 
 39.09258      22.35233 
 39.09131      22.35439 
 39.08661      22.355 
 39.08331      22.34647 
 39.08272      22.34158 
 39.08111      22.32817 
 39.07817      22.3335 
 39.07864      22.34097 
 39.07695      22.3427 
 39.07475      22.34106 
 39.07372      22.32864 
 39.07089      22.32195 
 39.07169      22.31714 
 39.065        22.30347 
 39.06656      22.30053 
 39.07103      22.29853 
 39.07489      22.30317 
 39.08092      22.29614 
 39.07486      22.28939 
 39.08061      22.28533 
 39.08236      22.28261 
 39.07575      22.26528 
 39.07642      22.25519 
 39.0697       22.24314 
 39.06283      22.24097 
 39.05831      22.23128 
 39.05134      22.22131 
 39.05042      22.21647 
 39.03997      22.20758 
 39.03425      22.19508 
 39.03695      22.18089 
 39.034        22.17592 
 39.03145      22.17164 
 39.03536      22.15883 
 39.03409      22.14161 
 39.02744      22.12978 
 39.02564      22.12056 
 39.01558      22.10342 
 39.01514      22.09997 
 39.022        22.08789 
 39.02545      22.08861 
 39.02759      22.10725 
 39.03778      22.13995 
 39.04417      22.14792 
 39.04508      22.15092 
 39.04231      22.15572 
 39.04589      22.16289 
 39.05267      22.15425 
 39.05053      22.14986 
 39.05181      22.14642 
 39.05553      22.14603 
 39.05583      22.14189 
 39.05189      22.12714 
 39.05322      22.1205 
 39.05064      22.11311 
 39.04561      22.10522 
 39.04767      22.09997 
 39.04092      22.09114 
 39.04053      22.08447 
 39.04292      22.0735 
 39.04922      22.06486 
 39.04978      22.06094 
 39.04322      22.05489 
 39.03361      22.05545 
 39.02553      22.05372 
 39.01489      22.04208 
 39.00925      22.03992 
 39.00578      22.02608 
 39.01061      22.01789 
 39.01183      22.00414 
 39.01092      21.99883 
 39.00506      21.99622 
 39.0055       21.98497 
 39.00334      21.98103 
 39.00017      21.97914 
 38.9895       21.98428 
 38.9825       21.97681 
 38.97636      21.97581 
 38.97495      21.97281 
 38.97781      21.96342 
 38.98447      21.96214 
 38.98725      21.95758 
 38.9847       21.95033 
 38.99133      21.94892 
 38.99647      21.93614 
 38.99867      21.93639 
 39.00208      21.92497 
 39.00953      21.92095 
 39.01047      21.90856 
 39.00433      21.90778 
 39.00047      21.90333 
 39.00795      21.89817 
 39.00631      21.89286 
 39.00808      21.88967 
 39.01581      21.88403 
 39.01758      21.88017 
 39.01645      21.87395 
 39.02648      21.86375 
 39.0245       21.84878 
 39.02606      21.844 
 39.02958      21.83875 
 39.03406      21.83653 
 39.03497      21.83953 
 39.03245      21.84409 
 39.03556      21.84825 
 39.04364      21.85045 
 39.04492      21.8477 
 39.04156      21.84375 
 39.04581      21.83945 
 39.04442      21.8337 
 39.042        21.83136 
 39.03684      21.83058 
 39.02856      21.82634 
 39.02314      21.82695 
 39.01433      21.83922 
 39.01839      21.84572 
 39.01808      21.84983 
 39.01272      21.86172 
 38.99922      21.87439 
 38.99703      21.87342 
 38.98989      21.8747 
 38.98442      21.87736 
 38.98139      21.88147 
 38.98589      21.89164 
 38.98039      21.89753 
 38.97658      21.89081 
 38.97217      21.89006 
 38.9667       21.8925 
 38.96272      21.89581 
 38.96097      21.89725 
 38.95833      21.90778 
 38.95542      21.91147 
 38.94881      21.91461 
 38.94617      21.91311 
 38.94889      21.90794 
 38.9683       21.8707 
 38.97103      21.85558 
 38.97703      21.849 
 39.00145      21.82984 
 39.02334      21.80075 
 39.03447      21.79517 
 39.04794      21.76803 
 39.04817      21.75425 
 39.06081      21.73306 
 39.06706      21.72695 
 39.07722      21.70711 
 39.08147      21.70233 
 39.08569      21.70297 
 39.08939      21.70778 
 39.09478      21.71425 
 39.10522      21.72175 
 39.10581      21.73119 
 39.1152       21.74372 
 39.12275      21.74706 
 39.12542      21.75075 
 39.12747      21.76045 
 39.1375       21.76242 
 39.13781      21.75942 
 39.12933      21.75058 
 39.127        21.74389 
 39.12664      21.734 
 39.11958      21.73092 
 39.11278      21.72531 
 39.10681      21.71603 
 39.10097      21.71111 
 39.09408      21.70906 
 39.09003      21.70231 
 39.08742      21.70033 
 39.08475      21.69642 
 39.086        21.68081 
 39.09031      21.67145 
 39.08944      21.66456 
 39.09234      21.65264 
 39.09792      21.64122 
 39.09736      21.63067 
 39.10203      21.61508 
 39.10294      21.60317 
 39.10236      21.57903 
 39.10775      21.56372 
 39.10639      21.55725 
 39.11342      21.53161 
 39.11692      21.52822 
 39.12656      21.52422 
 39.13859      21.52325 
 39.13334      21.53006 
 39.13597      21.534 
 39.13714      21.53408 
 39.14725      21.53486 
 39.1522       21.53195 
 39.15473      21.52784 
 39.15453      21.52461 
 39.14814      21.5187 
 39.148        21.51856 
 39.15503      21.51431 
 39.15989      21.51136 
 39.16842      21.49931 
 39.17233      21.50006 
 39.17383      21.4987 
 39.17275      21.48833 
 39.18047      21.48131 
 39.17564      21.4762 
 39.17531      21.46608 
 39.17361      21.46536 
 39.16861      21.46736 
 39.163        21.46958 
 39.15706      21.46408 
 39.15695      21.46397 
 39.16164      21.46197 
 39.1605       21.45622 
 39.16253      21.45189 
 39.16319      21.45172 
 39.17928      21.44753 
 39.17839      21.42544 
 39.18142      21.41997 
 39.18914      21.4125 
 39.19117      21.40839 
 39.18495      21.39889 
 39.186        21.39361 
 39.18217      21.38736 
 39.17736      21.382 
 39.17192      21.36928 
 39.1642       21.36114 
 39.15894      21.35186 
 39.13753      21.34331 
 39.13014      21.34458 
 39.13042      21.35186 
 39.13569      21.36036 
 39.13272      21.36031 
 39.12678      21.3552 
 39.12428      21.34289 
 39.12583      21.33878 
 39.12953      21.33722 
 39.13109      21.33217 
 39.1345       21.33222 
 39.13528      21.32947 
 39.13361      21.32625 
 39.12819      21.3287 
 39.12309      21.32678 
 39.1145       21.32736 
 39.10939      21.32475 
 39.107        21.32058 
 39.10903      21.31647 
 39.10475      21.30814 
 39.10664      21.29736 
 39.11306      21.294 
 39.12483      21.27764 
 39.12119      21.27506 
 39.12328      21.26772 
 39.13192      21.26417 
 39.12856      21.25975 
 39.13456      21.25225 
 39.14247      21.24686 
 39.13964      21.24083 
 39.1442       21.23147 
 39.14642      21.22967 
 39.15203      21.23206 
 39.15595      21.23119 
 39.1587       21.22847 
 39.16103      21.21909 
 39.1675       21.2132 
 39.16878      21.21022 
 39.16575      21.20031 
 39.17472      21.1887 
 39.17525      21.18597 
 39.17019      21.1815 
 39.16789      21.17158 
 39.16992      21.1675 
 39.17408      21.16731 
 39.17686      21.16206 
 39.16956      21.16036 
 39.16884      21.15828 
 39.17114      21.15303 
 39.17595      21.1577 
 39.1795       21.16486 
 39.17695      21.17311 
 39.17786      21.17611 
 39.18495      21.1785 
 39.18934      21.17833 
 39.19431      21.1745 
 39.19511      21.16967 
 39.19298      21.16597 
 39.18472      21.16011 
 39.18875      21.15259 
 39.19586      21.15267 
 39.20106      21.14884 
 39.20311      21.14311 
 39.20122      21.13781 
 39.19689      21.13339 
 39.18234      21.12536 
 39.18803      21.12039 
 39.20025      21.12147 
 39.20081      21.11781 
 39.19845      21.11134 
 39.19528      21.11106 
 39.19134      21.11286 
 39.18867      21.11028 
 39.19553      21.09522 
 39.20461      21.08533 
 39.20506      21.09581 
 39.21617      21.08906 
 39.22272      21.07675 
 39.22683      21.0807 
 39.23047      21.08145 
 39.23192      21.06814 
 39.23475      21.07483 
 39.2372       21.07533 
 39.23992      21.07284 
 39.24078      21.06481 
 39.2445       21.05981 
 39.2502       21.0555 
 39.24903      21.0525 
 39.25134      21.04586 
 39.25884      21.03403 
 39.26375      21.03361 
 39.26553      21.02836 
 39.26439      21.02375 
 39.26542      21.01986 
 39.27706      21.01106 
 39.28017      20.99775 
 39.27947      20.99545 
 39.27319      20.99031 
 39.27014      20.98222 
 39.27167      20.9772 
 39.27536      20.97564 
 39.28145      20.96122 
 39.28745      20.95328 
 39.29611      20.94581 
 39.30789      20.92642 
 39.31008      20.92714 
 39.315        20.92514 
 39.31836      20.92931 
 39.33445      20.93206 
 39.33886      20.93211 
 39.34478      20.92758 
 39.34872      20.92464 
 39.34781      20.9205 
 39.35625      20.91164 
 39.36036      20.91561 
 39.36358      20.91264 
 39.36147      20.90597 
 39.363        20.90231 
 39.36736      20.90328 
 39.36984      20.90217 
 39.37459      20.89394 
 39.37181      20.88495 
 39.36861      20.88467 
 39.36636      20.88808 
 39.36072      20.89033 
 39.35742      20.88178 
 39.36328      20.86508 
 39.36989      20.86378 
 39.38914      20.85139 
 39.39633      20.84206 
 39.40639      20.84056 
 39.41839      20.82142 
 39.42244      20.8195 
 39.42792      20.82039 
 39.43009      20.82292 
 39.42283      20.83478 
 39.43992      20.83592 
 39.44142      20.83295 
 39.43833      20.82786 
 39.43886      20.82442 
 39.44664      20.82703 
 39.45353      20.82344 
 39.45628      20.81842 
 39.45511      20.81589 
 39.44734      20.81211 
 39.46042      20.80331 
 39.45947      20.80031 
 39.4522       20.79631 
 39.44725      20.80061 
 39.43967      20.80214 
 39.43786      20.80739 
 39.43197      20.80961 
 39.42948      20.81464 
 39.42522      20.81608 
 39.42361      20.81367 
 39.42445      20.80678 
 39.42928      20.7935 
 39.43036      20.78617 
 39.43378      20.78575 
 39.437        20.78142 
 39.45314      20.74553 
 39.45614      20.74119 
 39.46494      20.73831 
 39.4762       20.73731 
 39.48169      20.72795 
 39.48761      20.72839 
 39.4885       20.73103 
 39.48156      20.73783 
 39.46353      20.75256 
 39.45211      20.76781 
 39.44803      20.77575 
 39.44508      20.7815 
 39.44531      20.78206 
 39.4465       20.78497 
 39.45967      20.78561 
 39.46114      20.78425 
 39.462        20.77483 
 39.46375      20.77208 
 39.47253      20.77311 
 39.47842      20.77089 
 39.48453      20.77211 
 39.48736      20.76814 
 39.4917       20.76586 
 39.49472      20.76164 
 39.49259      20.75928 
 39.4917       20.75267 
 39.4992       20.74311 
 39.49564      20.73933 
 39.49456      20.73361 
 39.49856      20.73383 
 39.50614      20.73356 
 39.50756      20.73033 
 39.50464      20.728 
 39.50347      20.72431 
 39.50803      20.71333 
 39.50758      20.70872 
 39.50072      20.71095 
 39.49725      20.71481 
 39.49767      20.7217 
 39.4947       20.72489 
 39.48784      20.725 
 39.48597      20.72267 
 39.48903      20.70989 
 39.49397      20.70533 
 39.51139      20.6805 
 39.51956      20.67278 
 39.52709      20.657 
 39.53045      20.64256 
 39.53344      20.63594 
 39.54358      20.62594 
 39.55983      20.61508 
 39.56372      20.59697 
 39.56722      20.5915 
 39.57784      20.58245 
 39.5805       20.58247 
 39.58389      20.5855 
 39.58925      20.58578 
 39.59636      20.58289 
 39.60036      20.57489 
 39.61492      20.56147 
 39.62075      20.54408 
 39.62006      20.54064 
 39.6167       20.53783 
 39.61214      20.52997 
 39.60928      20.52625 
 39.61614      20.52403 
 39.62459      20.51033 
 39.62756      20.50808 
 39.64067      20.51189 
 39.64481      20.51194 
 39.64653      20.51011 
 39.64486      20.50781 
 39.64406      20.49539 
 39.64509      20.48895 
 39.64961      20.47911 
 39.65523      20.47733 
 39.65708      20.46564 
 39.66297      20.46272 
 39.66397      20.46044 
 39.65997      20.44958 
 39.66339      20.44825 
 39.67031      20.44211 
 39.67836      20.44106 
 39.67911      20.43922 
 39.67697      20.43528 
 39.67772      20.43253 
 39.68167      20.42983 
 39.68917      20.43358 
 39.69261      20.42972 
 39.69608      20.42517 
 39.69517      20.42169 
 39.69619      20.41758 
 39.70106      20.41831 
 39.71711      20.39964 
 39.72692      20.39492 
 39.73386      20.38489 
 39.75992      20.36492 
 39.76531      20.36247 
 39.78917      20.34225 
 39.80478      20.34011 
 39.84208      20.31522 
 39.86667      20.29339 
 39.88917      20.28328 
 39.91492      20.26581 
 39.92372      20.262 
 39.94397      20.25828 
 39.94739      20.25878 
 39.94978      20.26156 
 39.94706      20.26522 
 39.94119      20.26675 
 39.93919      20.27294 
 39.935        20.27706 
 39.92453      20.27717 
 39.91911      20.28472 
 39.91664      20.28631 
 39.91106      20.28647 
 39.90933      20.28806 
 39.91147      20.29292 
 39.90703      20.2977 
 39.91459      20.29708 
 39.92292      20.29278 
 39.92725      20.29697 
 39.93431      20.29636 
 39.94214      20.29367 
 39.95172      20.28481 
 39.95881      20.28325 
 39.97839      20.27194 
 39.98289      20.26186 
 39.98656      20.25936 
 39.9912       20.25897 
 39.99556      20.26039 
 40            20.259 
