 63 
 1             1 
1
 -9999.0   ,   9990.0 
 74 
-74.45939      24 
-74.46331      23.9981 
-74.46809      23.98882 
-74.46841      23.97782 
-74.47058      23.97237 
-74.47463      23.97017 
-74.47655      23.98147 
-74.47294      23.98527 
-74.46983      23.99735 
-74.46836      24 
-74.47267      24 
-74.4814       23.98641 
-74.4823       23.97312 
-74.48361      23.97086 
-74.48963      23.9701 
-74.50437      23.96107 
-74.50499      23.95718 
-74.49948      23.95796 
-74.4973       23.95561 
-74.49326      23.95688 
-74.49175      23.96331 
-74.49155      23.96418 
-74.48922      23.96688 
-74.4822       23.96761 
-74.48261      23.96235 
-74.47958      23.95493 
-74.48288      23.95318 
-74.5131       23.95349 
-74.51678      23.95542 
-74.51966      23.95939 
-74.52465      23.95997 
-74.54349      23.95586 
-74.55621      23.94792 
-74.56095      23.9485 
-74.56205      23.95335 
-74.55786      23.95989 
-74.55202      23.96296 
-74.54341      23.97605 
-74.53506      24 
-74.5334       24.00527 
-74.52678      24.01468 
-74.52481      24.02677 
-74.52593      24.03622 
-74.53447      24.05417 
-74.53588      24.06271 
-74.52963      24.08177 
-74.53058      24.08915 
-74.52573      24.09816 
-74.51515      24.11272 
-74.51205      24.11464 
-74.50848      24.11685 
-74.50508      24.12087 
-74.49975      24.12229 
-74.47778      24.12132 
-74.46761      24.12556 
-74.46086      24.12556 
-74.45828      24.12731 
-74.45496      24.135 
-74.44931      24.12631 
-74.44591      24.1239 
-74.44234      24.11323 
-74.4379       24.1055 
-74.4351       24.0882 
-74.4299       24.07645 
-74.42388      24.0628 
-74.42493      24.06146 
-74.4279       24.06202 
-74.43181      24.05826 
-74.43364      24.05006 
-74.43162      24.03829 
-74.44024      24.02895 
-74.45025      24.01025 
-74.45326      24 
-74.45939      24 
 1             2 
1
 -9999.0   ,   9990.0 
 68 
-74.78815      23.70586 
-74.79121      23.71297 
-74.80058      23.71686 
-74.80451      23.71677 
-74.81005      23.71663 
-74.81493      23.72042 
-74.82525      23.71722 
-74.82968      23.71916 
-74.83691      23.7191 
-74.84424      23.71583 
-74.8535       23.71468 
-74.86256      23.71144 
-74.8656       23.70948 
-74.86941      23.70702 
-74.88471      23.7037 
-74.89395      23.70346 
-74.89426      23.70332 
-74.90831      23.69737 
-74.92306      23.69587 
-74.92446      23.68994 
-74.92728      23.68693 
-74.92983      23.68501 
-74.94612      23.68172 
-74.94843      23.67925 
-74.94981      23.67446 
-74.94403      23.65757 
-74.94136      23.65476 
-74.93812      23.65468 
-74.92979      23.65885 
-74.92308      23.65824 
-74.91826      23.66111 
-74.91226      23.66166 
-74.89421      23.65688 
-74.8877       23.65741 
-74.88093      23.66161 
-74.87985      23.66228 
-74.87306      23.66419 
-74.8666       23.66358 
-74.85837      23.65466 
-74.8385       23.65235 
-74.82763      23.63971 
-74.82315      23.63983 
-74.80351      23.64671 
-74.80143      23.6501 
-74.80226      23.65586 
-74.80856      23.65325 
-74.8097       23.64846 
-74.81391      23.64948 
-74.8162       23.6477 
-74.82017      23.64825 
-74.82243      23.65634 
-74.8244       23.65753 
-74.82478      23.6569 
-74.82805      23.65142 
-74.83103      23.65195 
-74.83143      23.65563 
-74.82835      23.659 
-74.81903      23.66311 
-74.81648      23.66423 
-74.8098       23.66443 
-74.80801      23.66449 
-74.79455      23.65522 
-74.79329      23.65587 
-74.7907       23.66995 
-74.78976      23.67507 
-74.78429      23.69284 
-74.78512      23.69883 
-74.78815      23.70586 
 1             3 
1
 -9999.0   ,   9990.0 
 7 
-73.63776      23.08865 
-73.63496      23.09063 
-73.63635      23.0932 
-73.64501      23.09438 
-73.64778      23.09309 
-73.64761      23.09102 
-73.63776      23.08865 
 1             4 
1
 -9999.0   ,   9990.0 
 30 
-73.74586      23.07237 
-73.73606      23.07553 
-73.72885      23.07577 
-73.71335      23.0861 
-73.70256      23.08923 
-73.665        23.09108 
-73.66125      23.09166 
-73.65943      23.0939 
-73.6641       23.09565 
-73.66645      23.09916 
-73.67212      23.10048 
-73.67885      23.1 
-73.6846       23.10568 
-73.69811      23.10644 
-73.7022       23.10667 
-73.70959      23.10873 
-73.73046      23.10132 
-73.75911      23.10607 
-73.78252      23.10424 
-73.79588      23.10578 
-73.81148      23.09981 
-73.8192       23.09935 
-73.81951      23.09752 
-73.81075      23.09376 
-73.79307      23.08618 
-73.77312      23.0741 
-73.76791      23.07372 
-73.75205      23.08014 
-73.74735      23.07954 
-73.74586      23.07237 
 1             5 
1
 -9999.0   ,   9990.0 
 60 
-75            23.11047 
-74.9849       23.11074 
-74.96261      23.10839 
-74.95693      23.10688 
-74.95145      23.09849 
-74.94731      23.09586 
-74.94112      23.09457 
-74.93578      23.09009 
-74.92983      23.08972 
-74.9248       23.09213 
-74.90898      23.07063 
-74.90439      23.06616 
-74.90345      23.06561 
-74.89461      23.06042 
-74.88823      23.04833 
-74.8748       23.03079 
-74.85084      23.0084 
-74.84751      23.00327 
-74.84713      22.9989 
-74.85356      22.98159 
-74.85261      22.9795 
-74.8452       22.97887 
-74.84227      22.97673 
-74.84193      22.97098 
-74.84271      22.96801 
-74.84636      22.95409 
-74.84507      22.94671 
-74.83885      22.93829 
-74.84168      22.93446 
-74.83636      22.92928 
-74.83593      22.91824 
-74.8314       22.91147 
-74.82493      22.87594 
-74.82706      22.87025 
-74.8322       22.86417 
-74.84373      22.85939 
-74.84549      22.85826 
-74.85408      22.85274 
-74.8569       22.8581 
-74.8586       22.8687 
-74.86613      22.87462 
-74.86826      22.87835 
-74.8687       22.88962 
-74.87137      22.9007 
-74.87676      22.91255 
-74.87898      22.91306 
-74.8798       22.91009 
-74.87289      22.8904 
-74.87297      22.88742 
-74.87501      22.8854 
-74.88131      22.90393 
-74.89731      22.95093 
-74.91218      22.98848 
-74.93235      23.0204 
-74.95195      23.05142 
-74.96495      23.06711 
-74.97006      23.0709 
-74.97847      23.07178 
-74.99005      23.07572 
-75            23.08219 
 1             6 
1
 -9999.0   ,   9990.0 
 13 
-73.97854      22.68652 
-73.97278      22.69601 
-73.96489      22.70244 
-73.96308      22.70515 
-73.9645       22.7068 
-73.96799      22.70621 
-73.98096      22.69555 
-73.9904       22.6949 
-73.9965       22.69783 
-73.99659      22.69508 
-73.98856      22.69048 
-73.98189      22.69006 
-73.97854      22.68652 
 1             7 
1
 -9999.0   ,   9990.0 
 152 
-74.3443       22.83983 
-74.34948      22.83734 
-74.35053      22.8353 
-74.34825      22.82884 
-74.34195      22.81096 
-74.33638      22.79518 
-74.32261      22.77529 
-74.30883      22.76412 
-74.30271      22.76143 
-74.29107      22.74012 
-74.28793      22.73438 
-74.2853       22.72374 
-74.29053      22.70274 
-74.29235      22.69544 
-74.28904      22.69029 
-74.28387      22.68924 
-74.2707       22.69049 
-74.26079      22.70677 
-74.2538       22.70865 
-74.24714      22.71559 
-74.24485      22.72563 
-74.2419       22.72464 
-74.24009      22.71907 
-74.24326      22.71273 
-74.24118      22.70807 
-74.2446       22.70173 
-74.24367      22.69964 
-74.24019      22.70001 
-74.23652      22.70634 
-74.23227      22.7076 
-74.22721      22.704 
-74.22621      22.7033 
-74.22106      22.69374 
-74.21796      22.69802 
-74.2136       22.69492 
-74.21028      22.69781 
-74.20738      22.69566 
-74.20461      22.68893 
-74.19404      22.68657 
-74.18785      22.68686 
-74.18568      22.69232 
-74.18263      22.68718 
-74.18478      22.68423 
-74.1915       22.68091 
-74.18753      22.67948 
-74.17699      22.68518 
-74.17411      22.68212 
-74.16966      22.682 
-74.16776      22.67942 
-74.1592       22.67597 
-74.16406      22.67127 
-74.16038      22.67002 
-74.15486      22.67273 
-74.14931      22.67546 
-74.14748      22.6784 
-74.13897      22.68115 
-74.12981      22.68112 
-74.12501      22.68398 
-74.1206       22.69029 
-74.11303      22.69468 
-74.1083       22.69546 
-74.10702      22.68899 
-74.09933      22.68947 
-74.09911      22.68831 
-74.10195      22.68495 
-74.10913      22.68515 
-74.11216      22.68316 
-74.11273      22.68065 
-74.10416      22.67766 
-74.10181      22.67345 
-74.10211      22.66427 
-74.10042      22.66284 
-74.09397      22.66312 
-74.08173      22.66781 
-74.07717      22.66955 
-74.07066      22.67971 
-74.05925      22.68812 
-74.05101      22.68972 
-74.04795      22.6924 
-74.04133      22.70577 
-74.03546      22.71157 
-74.03334      22.71188 
-74.03021      22.71234 
-74.02485      22.71748 
-74.01593      22.71769 
-74.01236      22.72057 
-74.0064       22.72109 
-74.00633      22.72293 
-74.00901      22.72438 
-74.03566      22.729 
-74.03765      22.72934 
-74.04228      22.73015 
-74.06211      22.7376 
-74.07176      22.74568 
-74.07875      22.7445 
-74.10274      22.7454 
-74.10421      22.73809 
-74.10251      22.73712 
-74.09921      22.73956 
-74.09649      22.73948 
-74.09581      22.73739 
-74.09788      22.73469 
-74.10315      22.73254 
-74.1081       22.73291 
-74.11051      22.73482 
-74.11211      22.73923 
-74.1244       22.74232 
-74.13035      22.74203 
-74.13265      22.73744 
-74.13433      22.7341 
-74.13661      22.73233 
-74.1408       22.7329 
-74.15178      22.73826 
-74.15369      22.74061 
-74.15529      22.7526 
-74.16046      22.75412 
-74.16186      22.75623 
-74.1661       22.75588 
-74.17067      22.76014 
-74.17419      22.75863 
-74.17609      22.7534 
-74.183        22.75405 
-74.19278      22.75845 
-74.19876      22.76505 
-74.20033      22.77061 
-74.19943      22.77541 
-74.20226      22.77985 
-74.21718      22.79682 
-74.21902      22.79892 
-74.22341      22.8011 
-74.22501      22.80551 
-74.23106      22.8105 
-74.24492      22.81111 
-74.26023      22.82094 
-74.26988      22.82166 
-74.27735      22.82483 
-74.28896      22.82975 
-74.2938       22.83402 
-74.29779      22.84102 
-74.30439      22.84418 
-74.32176      22.84372 
-74.33163      22.83733 
-74.3395       22.83156 
-74.34009      22.82813 
-74.3366       22.82091 
-74.34011      22.8194 
-74.34623      22.8299 
-74.34491      22.83262 
-74.33241      22.83974 
-74.33248      22.84171 
-74.34268      22.8406 
-74.3443       22.83983 
 1             8 
1
 -9999.0   ,   9990.0 
 7 
-74.17274      22.66278 
-74.16774      22.66425 
-74.16613      22.66834 
-74.16745      22.67366 
-74.17118      22.67308 
-74.17581      22.66746 
-74.17274      22.66278 
 1             9 
1
 -9999.0   ,   9990.0 
 12 
-74.02998      22.66664 
-74.02848      22.6668 
-74.02966      22.66063 
-74.02972      22.66062 
-74.03491      22.65917 
-74.03596      22.65713 
-74.03842      22.65789 
-74.04048      22.663 
-74.04439      22.66472 
-74.04083      22.66738 
-74.03866      22.66571 
-74.02998      22.66664 
 1             10 
1
 -9999.0   ,   9990.0 
 9 
-74.19045      22.65086 
-74.18264      22.65524 
-74.18431      22.65735 
-74.18973      22.65819 
-74.19338      22.66036 
-74.19933      22.66006 
-74.20165      22.65714 
-74.19933      22.65179 
-74.19045      22.65086 
 1             11 
1
 -9999.0   ,   9990.0 
 16 
-73.4643       22.59664 
-73.46325      22.59821 
-73.46606      22.60244 
-73.47261      22.60632 
-73.4764       22.61127 
-73.50183      22.62011 
-73.52058      22.62184 
-73.52933      22.61982 
-73.54419      22.61959 
-73.5522       22.61731 
-73.556        22.61467 
-73.55137      22.61269 
-73.5315       22.6146 
-73.5252       22.61405 
-73.5152       22.61317 
-73.4643       22.59664 
 1             12 
1
 -9999.0   ,   9990.0 
 13 
-73.62036      22.57321 
-73.61538      22.57375 
-73.6102       22.58025 
-73.6008       22.58732 
-73.59433      22.60229 
-73.59034      22.60286 
-73.59395      22.61285 
-73.5981       22.61481 
-73.60358      22.61383 
-73.6082       22.60938 
-73.61811      22.60876 
-73.62435      22.57908 
-73.62036      22.57321 
 1             13 
1
 -9999.0   ,   9990.0 
 28 
-74.37441      22.537 
-74.36938      22.53986 
-74.36003      22.55477 
-74.35431      22.57163 
-74.34736      22.58041 
-74.33923      22.58754 
-74.32364      22.5954 
-74.31075      22.6201 
-74.29708      22.63645 
-74.29456      22.63943 
-74.28693      22.65416 
-74.28523      22.66101 
-74.28268      22.6637 
-74.28408      22.66649 
-74.28726      22.6675 
-74.29056      22.66483 
-74.29875      22.64827 
-74.30819      22.63911 
-74.31901      22.62515 
-74.32991      22.61694 
-74.35202      22.60416 
-74.35311      22.60354 
-74.36964      22.58858 
-74.3784       22.57709 
-74.3835       22.55585 
-74.38285      22.54458 
-74.37736      22.53754 
-74.37441      22.537 
 1             14 
1
 -9999.0   ,   9990.0 
 12 
-74.29048      22.51431 
-74.2875       22.51492 
-74.28415      22.51897 
-74.28256      22.52237 
-74.28371      22.52539 
-74.28623      22.52408 
-74.28935      22.51888 
-74.29106      22.51984 
-74.29261      22.52563 
-74.29587      22.52411 
-74.29552      22.51951 
-74.29048      22.51431 
 1             15 
1
 -9999.0   ,   9990.0 
 7 
-74.24416      22.48388 
-74.24585      22.49357 
-74.25143      22.49695 
-74.25391      22.49701 
-74.25451      22.49335 
-74.24665      22.48394 
-74.24416      22.48388 
 1             16 
1
 -9999.0   ,   9990.0 
 9 
-74.0989       22.38189 
-74.09966      22.3921 
-74.10236      22.39264 
-74.10544      22.38905 
-74.1051       22.38444 
-74.1024       22.38155 
-74.10223      22.38137 
-74.0988       22.38059 
-74.0989       22.38189 
 1             17 
1
 -9999.0   ,   9990.0 
 8 
-72.72548      22.31713 
-72.71268      22.318 
-72.7116       22.32194 
-72.71398      22.32622 
-72.71911      22.32491 
-72.72538      22.32081 
-72.72728      22.31914 
-72.72548      22.31713 
 1             18 
1
 -9999.0   ,   9990.0 
 7 
-74.18255      22.31097 
-74.17171      22.31756 
-74.17086      22.32122 
-74.17533      22.32065 
-74.18165      22.31646 
-74.1845       22.31171 
-74.18255      22.31097 
 1             19 
1
 -9999.0   ,   9990.0 
 117 
-73.13448      22.36654 
-73.12188      22.3697 
-73.11124      22.36981 
-73.09853      22.36594 
-73.08628      22.3585 
-73.07727      22.35304 
-73.0634       22.34117 
-73.05908      22.33748 
-73.05296      22.3359 
-73.02433      22.36044 
-73.00785      22.37069 
-73            22.36516 
-72.99443      22.36595 
-72.99341      22.36577 
-72.97156      22.3619 
-72.96869      22.35809 
-72.96713      22.34965 
-72.96655      22.34933 
-72.96436      22.34813 
-72.95978      22.3485 
-72.95451      22.34892 
-72.9306       22.35643 
-72.92671      22.35765 
-72.90905      22.36075 
-72.89672      22.36116 
-72.87736      22.35858 
-72.87233      22.35634 
-72.86632      22.35366 
-72.84326      22.33332 
-72.84017      22.3306 
-72.82366      22.31603 
-72.81904      22.31319 
-72.81305      22.3095 
-72.805        22.29897 
-72.80462      22.29873 
-72.77922      22.28282 
-72.77233      22.28327 
-72.75674      22.29502 
-72.74345      22.30256 
-72.73773      22.30825 
-72.73535      22.31062 
-72.73295      22.3223 
-72.72945      22.33078 
-72.73157      22.33484 
-72.74471      22.34291 
-72.75241      22.35047 
-72.75855      22.35004 
-72.76356      22.34552 
-72.76802      22.34583 
-72.78051      22.35376 
-72.79711      22.37083 
-72.80058      22.37118 
-72.80511      22.36713 
-72.81011      22.36858 
-72.8136       22.37232 
-72.82195      22.38127 
-72.83173      22.38532 
-72.85889      22.38535 
-72.87062      22.39507 
-72.88063      22.39864 
-72.90778      22.39843 
-72.92318      22.40068 
-72.93106      22.40616 
-72.93676      22.40811 
-72.94757      22.41181 
-72.954        22.41206 
-72.95638      22.40968 
-72.95746      22.40574 
-72.95458      22.40171 
-72.94863      22.40076 
-72.94429      22.40366 
-72.93785      22.40295 
-72.93476      22.39984 
-72.93491      22.39851 
-72.93531      22.395 
-72.93959      22.39073 
-72.95175      22.39239 
-72.95526      22.39342 
-72.95888      22.39789 
-72.96133      22.39859 
-72.96762      22.40035 
-72.97926      22.40135 
-73            22.40973 
-73.00321      22.42019 
-73.0258       22.43728 
-73.03141      22.43908 
-73.04135      22.43891 
-73.04503      22.43885 
-73.05286      22.44095 
-73.05835      22.44619 
-73.06688      22.44947 
-73.07058      22.44982 
-73.07049      22.44921 
-73.0698       22.44428 
-73.07245      22.44 
-73.08028      22.43544 
-73.08753      22.43338 
-73.09345      22.43404 
-73.09972      22.43816 
-73.10344      22.44426 
-73.10834      22.44558 
-73.11734      22.45599 
-73.12418      22.45829 
-73.12618      22.45789 
-73.12551      22.44982 
-73.12867      22.43131 
-73.1324       22.42431 
-73.1318       22.42061 
-73.13756      22.41206 
-73.13851      22.40627 
-73.1392       22.40201 
-73.16071      22.38203 
-73.16673      22.37327 
-73.16524      22.36724 
-73.152        22.3645 
-73.13885      22.36544 
-73.13448      22.36654 
 1             20 
1
 -9999.0   ,   9990.0 
 328 
-73.87631      22.67799 
-73.87522      22.67986 
-73.87701      22.68543 
-73.87694      22.69508 
-73.87493      22.70329 
-73.87268      22.70392 
-73.87123      22.70597 
-73.8706       22.70684 
-73.86373      22.70504 
-73.85939      22.70123 
-73.8561       22.70343 
-73.85423      22.71464 
-73.84775      22.73076 
-73.84836      22.73469 
-73.85409      22.74129 
-73.85752      22.74231 
-73.86474      22.73402 
-73.87831      22.72867 
-73.87618      22.72516 
-73.88105      22.7207 
-73.88596      22.72154 
-73.88906      22.72553 
-73.89322      22.72703 
-73.90068      22.72633 
-73.9042       22.72459 
-73.9055       22.72279 
-73.90446      22.71913 
-73.90999      22.71442 
-73.92416      22.71276 
-73.9348       22.71353 
-73.93992      22.71597 
-73.94342      22.72228 
-73.9428       22.72617 
-73.94421      22.72828 
-73.95306      22.7306 
-73.95658      22.72909 
-73.9544       22.7203 
-73.9599       22.71149 
-73.95818      22.71075 
-73.95165      22.71309 
-73.94846      22.71231 
-73.94707      22.70952 
-73.93933      22.70378 
-73.94111      22.70222 
-73.94605      22.70259 
-73.95786      22.70546 
-73.9607       22.70229 
-73.97251      22.68911 
-73.97233      22.68703 
-73.96816      22.68576 
-73.9738       22.68041 
-73.97321      22.67511 
-73.97581      22.67128 
-73.98001      22.67231 
-73.97892      22.67481 
-73.98108      22.67694 
-73.97891      22.68285 
-73.98185      22.68409 
-73.98831      22.68335 
-73.99213      22.68001 
-74.00397      22.6815 
-74.0085       22.68714 
-74.01271      22.6868 
-74.01527      22.68435 
-74.01754      22.69062 
-74.0195       22.69159 
-74.02233      22.688 
-74.02219      22.685 
-74.01956      22.68195 
-74.014        22.67811 
-74.00989      22.67701 
-74.00441      22.67554 
-74.00228      22.67295 
-74.00586      22.66914 
-74.00476      22.66475 
-73.99718      22.66936 
-73.99623      22.66841 
-73.99838      22.66319 
-73.99627      22.65945 
-73.99685      22.65671 
-74.0023       22.65687 
-74.00231      22.64882 
-74.00715      22.65218 
-74.01014      22.65157 
-74.01108      22.65321 
-74.0138       22.65329 
-74.01912      22.64976 
-74.01956      22.6438 
-74.02158      22.64248 
-74.02402      22.64369 
-74.02825      22.64312 
-74.02873      22.64249 
-74.03213      22.63795 
-74.0323       22.6329 
-74.03453      22.63273 
-74.0391       22.63723 
-74.04251      22.63135 
-74.04163      22.62764 
-74.04518      22.62522 
-74.04401      22.62266 
-74.0443       22.62054 
-74.04466      22.61785 
-74.04183      22.61387 
-74.03888      22.61309 
-74.03433      22.61572 
-74.03145      22.62069 
-74.03008      22.61698 
-74.0318       22.61013 
-74.03463      22.60654 
-74.03393      22.60537 
-74.02873      22.60545 
-74.02633      22.60888 
-74.02353      22.61289 
-74.02223      22.60734 
-74.01874      22.60793 
-74.01615      22.60395 
-74.01045      22.60401 
-74.0012       22.60697 
-73.99927      22.6053 
-73.99984      22.60302 
-74.01021      22.59619 
-74.01133      22.59255 
-73.98766      22.58912 
-73.98348      22.591 
-73.98189      22.59171 
-73.97995      22.59074 
-73.98431      22.5858 
-73.98161      22.58527 
-73.97683      22.58743 
-73.97141      22.59417 
-73.9692       22.59364 
-73.97065      22.58725 
-73.96852      22.58397 
-73.96601      22.58505 
-73.96506      22.59881 
-73.9598       22.5936 
-73.95714      22.59904 
-73.95275      22.59731 
-73.95472      22.58978 
-73.95391      22.58425 
-73.95116      22.58508 
-73.94853      22.5896 
-73.94876      22.59834 
-73.94743      22.6006 
-73.94395      22.60119 
-73.93885      22.59806 
-73.93765      22.60446 
-73.93388      22.5996 
-73.93219      22.59741 
-73.92667      22.60713 
-73.92495      22.60685 
-73.92187      22.60263 
-73.91888      22.60323 
-73.91825      22.59953 
-73.91259      22.5911 
-73.90965      22.59009 
-73.90885      22.58432 
-73.90445      22.58282 
-73.90145      22.57676 
-73.89522      22.57749 
-73.8828       22.56403 
-73.88251      22.56332 
-73.88098      22.55938 
-73.88206      22.5562 
-73.87739      22.54802 
-73.8738       22.53688 
-73.87241      22.5265 
-73.87316      22.5201 
-73.87346      22.51757 
-73.87736      22.5117 
-73.8819       22.50931 
-73.88302      22.50544 
-73.88958      22.50149 
-73.88896      22.49802 
-73.89318      22.48987 
-73.90443      22.47894 
-73.912        22.47456 
-73.9228       22.46959 
-73.92665      22.46889 
-73.95116      22.46443 
-73.97981      22.46203 
-73.9839       22.46169 
-73.99948      22.45478 
-74.00233      22.45049 
-74.00067      22.44815 
-73.99416      22.45072 
-73.99136      22.43777 
-73.99187      22.4367 
-73.9935       22.43323 
-74.00075      22.43827 
-74.00135      22.4353 
-73.99752      22.42347 
-74.00761      22.4095 
-74.01239      22.40711 
-74.02707      22.40431 
-74.04243      22.40325 
-74.05496      22.40239 
-74.07911      22.40072 
-74.09679      22.39685 
-74.09783      22.39504 
-74.0905       22.38518 
-74.09243      22.3825 
-74.09488      22.3791 
-74.08335      22.37625 
-74.08023      22.37363 
-74.08261      22.36106 
-74.09212      22.34937 
-74.10148      22.34194 
-74.10581      22.33849 
-74.12213      22.3309 
-74.12532      22.33122 
-74.12297      22.33529 
-74.12516      22.33627 
-74.13716      22.33224 
-74.14753      22.33253 
-74.154        22.33087 
-74.1568       22.32865 
-74.15798      22.32247 
-74.16106      22.31842 
-74.17107      22.31479 
-74.18148      22.30565 
-74.19003      22.30106 
-74.19085      22.29878 
-74.18871      22.29574 
-74.17643      22.29333 
-74.17578      22.29186 
-74.1746       22.28914 
-74.17876      22.28236 
-74.1877       22.27295 
-74.19631      22.26629 
-74.19893      22.26131 
-74.19483      22.25798 
-74.18558      22.26163 
-74.18573      22.25704 
-74.19992      22.23743 
-74.20751      22.23189 
-74.21553      22.2282 
-74.22535      22.23008 
-74.23155      22.2291 
-74.23621      22.22991 
-74.24175      22.23538 
-74.2422       22.23582 
-74.25274      22.23864 
-74.26504      22.23208 
-74.27767      22.23081 
-74.28321      22.22751 
-74.28555      22.2239 
-74.28505      22.21607 
-74.27841      22.19865 
-74.28173      22.18724 
-74.28889      22.17916 
-74.29         22.17551 
-74.2879       22.17109 
-74.28399      22.16983 
-74.27625      22.17261 
-74.26946      22.18206 
-74.25795      22.19809 
-74.24511      22.20579 
-74.23863      22.20792 
-74.22631      22.20666 
-74.22026      22.21063 
-74.20627      22.20795 
-74.198        22.21186 
-74.19051      22.22223 
-74.183        22.22593 
-74.18037      22.23092 
-74.1736       22.23395 
-74.16431      22.24383 
-74.16159      22.24672 
-74.16006      22.25633 
-74.15149      22.26942 
-74.14893      22.28016 
-74.14402      22.28692 
-74.13618      22.29268 
-74.12645      22.29585 
-74.12366      22.29808 
-74.1258       22.30043 
-74.13048      22.30102 
-74.13141      22.30289 
-74.12683      22.30736 
-74.12165      22.30675 
-74.12022      22.30533 
-74.11988      22.30027 
-74.11615      22.29373 
-74.11022      22.2931 
-74.10218      22.29748 
-74.0968       22.30207 
-74.09202      22.30616 
-74.07223      22.31457 
-74.05641      22.31481 
-74.03621      22.32045 
-74.02113      22.32071 
-74.00409      22.32781 
-73.99268      22.33667 
-73.98691      22.34685 
-73.97881      22.35176 
-73.97531      22.35388 
-73.96239      22.39373 
-73.94721      22.41191 
-73.94348      22.42008 
-73.9378       22.42618 
-73.93347      22.43082 
-73.92917      22.4415 
-73.92409      22.44549 
-73.91424      22.44406 
-73.91017      22.44739 
-73.90875      22.44991 
-73.90493      22.45666 
-73.9013       22.45991 
-73.89498      22.46556 
-73.8788       22.47612 
-73.86854      22.48709 
-73.86373      22.50485 
-73.85725      22.52882 
-73.85354      22.53606 
-73.8479       22.54164 
-73.84442      22.54223 
-73.83443      22.53757 
-73.83425      22.53813 
-73.8336       22.54007 
-73.84158      22.54582 
-73.84573      22.55491 
-73.85916      22.61206 
-73.86328      22.62942 
-73.8683       22.67185 
-73.87028      22.67214 
-73.87437      22.66727 
-73.87631      22.67799 
 1             21 
1
 -9999.0   ,   9990.0 
 13 
-74.32425      22.12862 
-74.31545      22.1339 
-74.30023      22.13142 
-74.29812      22.13573 
-74.29741      22.14261 
-74.29885      22.14403 
-74.3061       22.14123 
-74.31763      22.14338 
-74.32161      22.14234 
-74.32715      22.13904 
-74.32927      22.13381 
-74.3284       22.13057 
-74.32425      22.12862 
 1             22 
1
 -9999.0   ,   9990.0 
 12 
-72.01172      21.96418 
-72.00915      21.96447 
-72.01025      21.96811 
-72.01331      21.97124 
-72.0188       21.97361 
-72.01893      21.97359 
-72.02395      21.97278 
-72.02585      21.97066 
-72.02524      21.96723 
-72.02196      21.9648 
-72.01563      21.96374 
-72.01172      21.96418 
 1             23 
1
 -9999.0   ,   9990.0 
 18 
-71.87786      21.9215 
-71.88109      21.92463 
-71.88426      21.93143 
-71.88993      21.93174 
-71.89541      21.93388 
-71.9013       21.94084 
-71.90522      21.9405 
-71.90686      21.93793 
-71.90141      21.92913 
-71.89098      21.92643 
-71.8871       21.92034 
-71.88285      21.91816 
-71.87951      21.91389 
-71.87456      21.9131 
-71.87377      21.91389 
-71.87361      21.91405 
-71.87397      21.91771 
-71.87786      21.9215 
 1             24 
1
 -9999.0   ,   9990.0 
 11 
-72.06385      21.90577 
-72.06205      21.91133 
-72.06309      21.92049 
-72.0614       21.9288 
-72.05025      21.93416 
-72.05156      21.93665 
-72.06517      21.93122 
-72.0673       21.92863 
-72.06881      21.90724 
-72.06728      21.90568 
-72.06385      21.90577 
 1             25 
1
 -9999.0   ,   9990.0 
 9 
-71.89055      21.88816 
-71.8913       21.88933 
-71.89128      21.8894 
-71.889        21.89604 
-71.891        21.90654 
-71.8873       21.90899 
-71.88471      21.89303 
-71.8891       21.88587 
-71.89055      21.88816 
 1             26 
1
 -9999.0   ,   9990.0 
 11 
-71.88403      21.91181 
-71.87658      21.87586 
-71.86881      21.86368 
-71.86585      21.86307 
-71.8638       21.86795 
-71.86982      21.87995 
-71.87443      21.88556 
-71.87765      21.89397 
-71.87975      21.90919 
-71.88195      21.91187 
-71.88403      21.91181 
 1             27 
1
 -9999.0   ,   9990.0 
 9 
-71.84823      21.87227 
-71.84796      21.8732 
-71.84333      21.87447 
-71.84243      21.86967 
-71.84012      21.86652 
-71.84295      21.86477 
-71.84711      21.8622 
-71.85085      21.86348 
-71.84823      21.87227 
 1             28 
1
 -9999.0   ,   9990.0 
 11 
-72.09878      21.86116 
-72.09417      21.86313 
-72.08192      21.87197 
-72.08051      21.87431 
-72.08608      21.87874 
-72.0895       21.8853 
-72.09603      21.88167 
-72.09885      21.87057 
-72.10433      21.86514 
-72.10225      21.86198 
-72.09878      21.86116 
 1             29 
1
 -9999.0   ,   9990.0 
 10 
-72.12618      21.84155 
-72.11981      21.84243 
-72.1119       21.84862 
-72.1055       21.85615 
-72.1091       21.86087 
-72.12625      21.85096 
-72.13502      21.84842 
-72.13418      21.84545 
-72.1304       21.84258 
-72.12618      21.84155 
 1             30 
1
 -9999.0   ,   9990.0 
 86 
-72.009        21.96063 
-71.9953       21.96141 
-71.9869       21.96188 
-71.98148      21.96157 
-71.96556      21.95651 
-71.94558      21.95546 
-71.93681      21.95065 
-71.93386      21.94993 
-71.92491      21.94776 
-71.92103      21.94213 
-71.91665      21.93582 
-71.91761      21.93157 
-71.92139      21.91503 
-71.91495      21.88307 
-71.89502      21.85217 
-71.88516      21.84372 
-71.87728      21.84324 
-71.87468      21.83918 
-71.87606      21.83616 
-71.8769       21.83562 
-71.88088      21.83305 
-71.87838      21.83151 
-71.87496      21.83229 
-71.86637      21.84102 
-71.86471      21.84061 
-71.86216      21.83998 
-71.86084      21.83726 
-71.86232      21.83611 
-71.87189      21.8287 
-71.87369      21.82337 
-71.87807      21.82187 
-71.89898      21.82199 
-71.90861      21.83091 
-71.9151       21.83394 
-71.91761      21.83712 
-71.92254      21.84338 
-71.9331       21.85043 
-71.93708      21.8517 
-71.94373      21.84937 
-71.94705      21.84821 
-71.95305      21.85126 
-71.96698      21.8713 
-71.96872      21.87929 
-71.97449      21.88257 
-71.97766      21.88914 
-71.97629      21.89262 
-71.96315      21.89712 
-71.9627       21.8974 
-71.95542      21.90193 
-71.94932      21.91105 
-71.94355      21.93072 
-71.94608      21.94052 
-71.95012      21.94265 
-71.9556       21.94554 
-71.95856      21.94568 
-71.96585      21.94227 
-71.96648      21.93926 
-71.96115      21.92633 
-71.96366      21.92075 
-71.9727       21.91 
-71.97433      21.90806 
-71.98686      21.90725 
-71.98797      21.90378 
-71.98241      21.89911 
-71.9823       21.89567 
-71.98561      21.89168 
-71.99076      21.89107 
-71.99853      21.89545 
-72.0059       21.89501 
-72.00968      21.89766 
-72.00121      21.90248 
-72.00399      21.90448 
-72.00709      21.90401 
-72.01918      21.90221 
-72.02761      21.90381 
-72.03121      21.90876 
-72.03031      21.92646 
-72.03199      21.93284 
-72.03375      21.93394 
-72.0403       21.931 
-72.04304      21.93184 
-72.04671      21.93908 
-72.04515      21.94349 
-72.03128      21.95628 
-72.01885      21.96007 
-72.009        21.96063 
 1             31 
1
 -9999.0   ,   9990.0 
 10 
-71.65226      21.7633 
-71.65328      21.76589 
-71.65707      21.76924 
-71.65856      21.76776 
-71.65921      21.76711 
-71.65238      21.75283 
-71.64364      21.74824 
-71.643        21.75124 
-71.65035      21.75839 
-71.65226      21.7633 
 1             32 
1
 -9999.0   ,   9990.0 
 12 
-71.60636      21.74255 
-71.60243      21.74311 
-71.60256      21.7555 
-71.6086       21.76017 
-71.60853      21.76614 
-71.61211      21.77063 
-71.61709      21.76454 
-71.62366      21.76253 
-71.62456      21.75975 
-71.62102      21.75617 
-71.61261      21.75455 
-71.60636      21.74255 
 1             33 
1
 -9999.0   ,   9990.0 
 9 
-71.63585      21.74886 
-71.63336      21.74942 
-71.63012      21.74813 
-71.62854      21.74472 
-71.6303       21.73975 
-71.63035      21.73963 
-71.63401      21.73862 
-71.638        21.74838 
-71.63585      21.74886 
 1             34 
1
 -9999.0   ,   9990.0 
 116 
-72.31855      21.85369 
-72.32393      21.86148 
-72.3301       21.86221 
-72.33182      21.8578 
-72.33236      21.85641 
-72.3321       21.84126 
-72.33383      21.83478 
-72.33913      21.82475 
-72.34136      21.81091 
-72.34911      21.80012 
-72.34915      21.79415 
-72.34731      21.79099 
-72.34683      21.79085 
-72.34508      21.79037 
-72.34171      21.79253 
-72.33417      21.80194 
-72.33028      21.80344 
-72.32779      21.80259 
-72.32543      21.7983 
-72.33088      21.76393 
-72.33493      21.7599 
-72.33743      21.76121 
-72.33473      21.76841 
-72.33726      21.77063 
-72.34134      21.76775 
-72.34973      21.75441 
-72.34628      21.74694 
-72.3313       21.75367 
-72.31393      21.75755 
-72.3128       21.76011 
-72.31491      21.76418 
-72.32243      21.76854 
-72.32501      21.77214 
-72.32326      21.77816 
-72.32111      21.78029 
-72.31746      21.78109 
-72.29148      21.77612 
-72.28762      21.77164 
-72.28573      21.76665 
-72.27715      21.76047 
-72.27222      21.75281 
-72.27476      21.74815 
-72.27867      21.74734 
-72.29024      21.75481 
-72.29448      21.75652 
-72.31232      21.77481 
-72.31621      21.77355 
-72.31538      21.77082 
-72.30468      21.75277 
-72.30014      21.74969 
-72.28823      21.74637 
-72.27334      21.73533 
-72.25882      21.74334 
-72.25838      21.74358 
-72.2575       21.74613 
-72.25886      21.75045 
-72.2571       21.75624 
-72.24544      21.76784 
-72.24366      21.7734 
-72.23868      21.77148 
-72.23633      21.76742 
-72.24008      21.76225 
-72.23722      21.75752 
-72.23297      21.75558 
-72.22095      21.75616 
-72.21443      21.75979 
-72.19549      21.75966 
-72.18732      21.75783 
-72.18376      21.75426 
-72.17934      21.75462 
-72.17553      21.7584 
-72.18205      21.76182 
-72.1913       21.76667 
-72.19648      21.7672 
-72.20994      21.7652 
-72.21405      21.76279 
-72.21725      21.76315 
-72.21755      21.76498 
-72.20963      21.77049 
-72.19701      21.77545 
-72.1792       21.77965 
-72.1698       21.78497 
-72.16781      21.7848 
-72.16727      21.7832 
-72.17121      21.77574 
-72.17129      21.7638 
-72.16897      21.76066 
-72.16555      21.76144 
-72.16246      21.76452 
-72.16046      21.76891 
-72.14871      21.79453 
-72.13526      21.8041 
-72.1248       21.80762 
-72.12636      21.8101 
-72.1353       21.81236 
-72.14336      21.81833 
-72.14808      21.82525 
-72.14827      21.82554 
-72.1493       21.82521 
-72.15145      21.82453 
-72.16116      21.81391 
-72.16535      21.80645 
-72.17133      21.80168 
-72.18108      21.79846 
-72.1835       21.79766 
-72.19455      21.78976 
-72.20206      21.78656 
-72.20965      21.78565 
-72.2238       21.78937 
-72.22889      21.78738 
-72.25537      21.79234 
-72.26268      21.79718 
-72.29021      21.83287 
-72.30338      21.8435 
-72.31461      21.84798 
-72.31855      21.85369 
 1             35 
1
 -9999.0   ,   9990.0 
 92 
-71.71478      21.7837 
-71.7168       21.78466 
-71.71907      21.78375 
-71.73161      21.77875 
-71.75516      21.78479 
-71.77116      21.78528 
-71.78166      21.78293 
-71.81037      21.7697 
-71.81924      21.76562 
-71.82388      21.76503 
-71.82631      21.77162 
-71.82985      21.77474 
-71.83566      21.77987 
-71.84281      21.80355 
-71.84265      21.80389 
-71.83912      21.81145 
-71.84002      21.81671 
-71.8367       21.82828 
-71.84151      21.83251 
-71.84943      21.83436 
-71.85073      21.83639 
-71.85022      21.84375 
-71.85191      21.85059 
-71.84144      21.85386 
-71.83918      21.85943 
-71.83825      21.86175 
-71.83128      21.85138 
-71.82621      21.84668 
-71.82215      21.8429 
-71.80416      21.83398 
-71.78818      21.83418 
-71.76001      21.83815 
-71.73741      21.83094 
-71.71344      21.82767 
-71.70887      21.83101 
-71.70463      21.83709 
-71.70177      21.83779 
-71.70048      21.83811 
-71.68506      21.83255 
-71.67135      21.83452 
-71.65932      21.81922 
-71.65834      21.81121 
-71.64966      21.78458 
-71.63833      21.76766 
-71.63878      21.76627 
-71.64125      21.76643 
-71.65143      21.77811 
-71.65311      21.78058 
-71.66095      21.79209 
-71.66397      21.80234 
-71.67036      21.80241 
-71.67533      21.82018 
-71.67808      21.82149 
-71.68261      21.81678 
-71.6839       21.81032 
-71.67985      21.79871 
-71.67475      21.79265 
-71.67516      21.78231 
-71.67354      21.775 
-71.67232      21.76953 
-71.66894      21.76342 
-71.66631      21.76707 
-71.66935      21.77037 
-71.66852      21.77314 
-71.66787      21.77299 
-71.66603      21.77257 
-71.66573      21.77206 
-71.66212      21.76566 
-71.65945      21.75058 
-71.65516      21.74702 
-71.64325      21.74343 
-71.64041      21.73845 
-71.64252      21.73541 
-71.64521      21.73456 
-71.65518      21.73141 
-71.66133      21.73171 
-71.67831      21.75629 
-71.68616      21.76388 
-71.69265      21.76647 
-71.69703      21.76566 
-71.69967      21.76353 
-71.70101      21.75913 
-71.6988       21.75092 
-71.70086      21.74605 
-71.70258      21.74623 
-71.70668      21.75163 
-71.70703      21.76265 
-71.71352      21.76592 
-71.71576      21.77504 
-71.71516      21.77799 
-71.71405      21.78335 
-71.71478      21.7837 
 1             36 
1
 -9999.0   ,   9990.0 
 9 
-71.84883      21.70628 
-71.84058      21.70948 
-71.83892      21.71159 
-71.84175      21.71519 
-71.84468      21.71488 
-71.84658      21.71277 
-71.84956      21.71361 
-71.85216      21.71055 
-71.84883      21.70628 
 1             37 
1
 -9999.0   ,   9990.0 
 8 
-73.85275      21.6877 
-73.84878      21.6885 
-73.84773      21.69054 
-73.84504      21.69736 
-73.84685      21.70225 
-73.85211      21.69941 
-73.85548      21.69445 
-73.85275      21.6877 
 1             38 
1
 -9999.0   ,   9990.0 
 8 
-71.66126      21.65664 
-71.65687      21.65744 
-71.65308      21.66213 
-71.65148      21.66608 
-71.65279      21.6688 
-71.65642      21.66686 
-71.6621       21.65983 
-71.66126      21.65664 
 1             39 
1
 -9999.0   ,   9990.0 
 46 
-71.48688      21.67557 
-71.49406      21.67746 
-71.49585      21.67948 
-71.4952       21.68271 
-71.49654      21.68635 
-71.51359      21.69809 
-71.52959      21.69883 
-71.5392       21.70799 
-71.54826      21.70708 
-71.55421      21.70853 
-71.56206      21.71637 
-71.57068      21.71706 
-71.5874       21.72559 
-71.58983      21.73264 
-71.59288      21.73488 
-71.59863      21.73907 
-71.59871      21.74206 
-71.5949       21.74583 
-71.5953       21.75132 
-71.59265      21.75323 
-71.58533      21.7548 
-71.58125      21.75834 
-71.57779      21.75775 
-71.57271      21.75214 
-71.54932      21.73437 
-71.53081      21.72382 
-71.5188       21.72458 
-71.50813      21.72141 
-71.49793      21.72007 
-71.48025      21.71775 
-71.47181      21.72324 
-71.46785      21.7222 
-71.46636      21.71351 
-71.46145      21.70491 
-71.46436      21.69542 
-71.46231      21.68377 
-71.46147      21.66359 
-71.46463      21.65409 
-71.46772      21.65034 
-71.476        21.64784 
-71.48116      21.6562 
-71.47998      21.6592 
-71.47978      21.65968 
-71.47249      21.66239 
-71.48064      21.67206 
-71.48688      21.67557 
 1             40 
1
 -9999.0   ,   9990.0 
 21 
-72.44268      21.6514 
-72.4353       21.68501 
-72.43038      21.69871 
-72.41939      21.70754 
-72.41896      21.70939 
-72.43245      21.70829 
-72.43598      21.71117 
-72.44036      21.70966 
-72.44773      21.70254 
-72.4577       21.69971 
-72.46126      21.69616 
-72.46553      21.68052 
-72.46757      21.673 
-72.46871      21.65644 
-72.47307      21.64092 
-72.48387      21.62015 
-72.48085      21.61749 
-72.47425      21.61907 
-72.46318      21.62538 
-72.44586      21.64267 
-72.44268      21.6514 
 1             41 
1
 -9999.0   ,   9990.0 
 7 
-71.58313      21.6155 
-71.58151      21.61852 
-71.58366      21.62513 
-71.58953      21.6236 
-71.59065      21.62036 
-71.58784      21.61676 
-71.58313      21.6155 
 1             42 
1
 -9999.0   ,   9990.0 
 10 
-71.48545      21.62015 
-71.48727      21.62988 
-71.48423      21.64373 
-71.48106      21.64473 
-71.48002      21.64246 
-71.48203      21.62748 
-71.4816       21.62003 
-71.487        21.60394 
-71.48962      21.60961 
-71.48545      21.62015 
 1             43 
1
 -9999.0   ,   9990.0 
 25 
-71.53226      21.61307 
-71.53081      21.61569 
-71.52821      21.62701 
-71.52171      21.63176 
-71.52453      21.63559 
-71.52108      21.64372 
-71.52358      21.64925 
-71.52661      21.65597 
-71.52418      21.66545 
-71.51281      21.67148 
-71.50131      21.67337 
-71.5002       21.66881 
-71.5015       21.66281 
-71.50858      21.65322 
-71.5138       21.63013 
-71.50875      21.61694 
-71.50912      21.61279 
-71.5139       21.60831 
-71.51783      21.59967 
-71.51875      21.59763 
-71.52186      21.59503 
-71.52585      21.59699 
-71.52781      21.6052 
-71.53339      21.61103 
-71.53226      21.61307 
 1             44 
1
 -9999.0   ,   9990.0 
 9 
-71.49455      21.59162 
-71.49431      21.59366 
-71.49623      21.60027 
-71.4906       21.60087 
-71.48881      21.59885 
-71.49031      21.59177 
-71.4914       21.58661 
-71.49491      21.58859 
-71.49455      21.59162 
 1             45 
1
 -9999.0   ,   9990.0 
 5 
-71.49868      21.57495 
-71.49132      21.57536 
-71.49128      21.58248 
-71.50122      21.5781 
-71.49868      21.57495 
 1             46 
1
 -9999.0   ,   9990.0 
 31 
-71.53655      21.52116 
-71.53454      21.52537 
-71.5321       21.52589 
-71.52389      21.5222 
-71.5119       21.52365 
-71.5075       21.51526 
-71.50378      21.51444 
-71.50075      21.52829 
-71.50118      21.53471 
-71.50627      21.54101 
-71.5084       21.54624 
-71.50661      21.55225 
-71.50596      21.55316 
-71.49647      21.56651 
-71.49211      21.56868 
-71.49128      21.5655 
-71.49488      21.54566 
-71.49153      21.51475 
-71.49287      21.4983 
-71.49315      21.49496 
-71.49668      21.48959 
-71.50196      21.48578 
-71.51451      21.48707 
-71.52157      21.48506 
-71.52725      21.48506 
-71.53065      21.48506 
-71.53316      21.48683 
-71.54411      21.50882 
-71.54256      21.5146 
-71.53778      21.51863 
-71.53655      21.52116 
 1             47 
1
 -9999.0   ,   9990.0 
 7 
-71.63671      21.4534 
-71.62384      21.45809 
-71.6203       21.46278 
-71.6223       21.4641 
-71.63861      21.45932 
-71.64163      21.45396 
-71.63671      21.4534 
 1             48 
1
 -9999.0   ,   9990.0 
 10 
-71.54405      21.47324 
-71.5344       21.47899 
-71.53646      21.48193 
-71.54061      21.48136 
-71.5647       21.46628 
-71.57101      21.45555 
-71.56993      21.45214 
-71.56603      21.45316 
-71.55868      21.46184 
-71.54405      21.47324 
 1             49 
1
 -9999.0   ,   9990.0 
 45 
-73            21.54306 
-72.99818      21.54486 
-72.99128      21.5517 
-72.98639      21.55209 
-72.98181      21.54788 
-72.97465      21.53434 
-72.96485      21.52847 
-72.95817      21.52089 
-72.9506       21.5154 
-72.94496      21.51317 
-72.93937      21.51095 
-72.92678      21.5093 
-72.91598      21.49657 
-72.91497      21.48948 
-72.92039      21.48333 
-72.92168      21.47893 
-72.92338      21.47738 
-72.92951      21.47177 
-72.95399      21.46981 
-72.96672      21.46272 
-72.98105      21.45237 
-72.98895      21.45371 
-72.999        21.45291 
-73            21.45236 
-73.0075       21.45147 
-73.02333      21.44258 
-73.02458      21.44115 
-73.03668      21.42739 
-73.04301      21.42278 
-73.04719      21.42269 
-73.05011      21.43613 
-73.04975      21.44601 
-73.0569       21.4711 
-73.07178      21.49943 
-73.07191      21.50091 
-73.07231      21.50521 
-73.07039      21.50997 
-73.06613      21.51323 
-73.06205      21.51636 
-73.03868      21.5227 
-73.0243       21.5321 
-73.01695      21.5376 
-73.00822      21.54719 
-73.0034       21.54535 
-73            21.54306 
 1             50 
1
 -9999.0   ,   9990.0 
 25 
-71.13811      21.50672 
-71.13373      21.50964 
-71.1291       21.51089 
-71.12684      21.50911 
-71.12635      21.50764 
-71.12445      21.50205 
-71.12831      21.49025 
-71.12836      21.46522 
-71.12725      21.46029 
-71.1253       21.45175 
-71.12748      21.44137 
-71.12365      21.43571 
-71.12623      21.43152 
-71.13851      21.42297 
-71.1434       21.42263 
-71.14671      21.42668 
-71.15255      21.4518 
-71.14971      21.45864 
-71.14793      21.46293 
-71.14885      21.4698 
-71.14595      21.4802 
-71.14781      21.49485 
-71.14736      21.49622 
-71.14556      21.50179 
-71.13811      21.50672 
 1             51 
1
 -9999.0   ,   9990.0 
 8 
-71.09075      21.40755 
-71.09081      21.40984 
-71.09941      21.41883 
-71.1044       21.42239 
-71.10634      21.42165 
-71.10195      21.41349 
-71.09395      21.4077 
-71.09075      21.40755 
 1             52 
1
 -9999.0   ,   9990.0 
 9 
-71.16075      21.35633 
-71.15464      21.35739 
-71.14399      21.36246 
-71.14163      21.36573 
-71.1424       21.36732 
-71.15195      21.36664 
-71.16113      21.3616 
-71.1623       21.35905 
-71.16075      21.35633 
 1             53 
1
 -9999.0   ,   9990.0 
 7 
-71.08466      21.34478 
-71.08173      21.34507 
-71.08034      21.34809 
-71.086        21.3576 
-71.08892      21.3573 
-71.09079      21.35382 
-71.08466      21.34478 
 1             54 
1
 -9999.0   ,   9990.0 
 12 
-71.21688      21.30197 
-71.21231      21.30483 
-71.20673      21.31621 
-71.19847      21.31916 
-71.18946      21.32994 
-71.18031      21.33635 
-71.17866      21.33892 
-71.18097      21.34254 
-71.20981      21.3391 
-71.21329      21.3319 
-71.21796      21.30561 
-71.21688      21.30197 
 1             55 
1
 -9999.0   ,   9990.0 
 15 
-71.69263      21.28362 
-71.68825      21.28465 
-71.67795      21.2925 
-71.66122      21.29868 
-71.65936      21.30195 
-71.66188      21.30418 
-71.67295      21.30549 
-71.69204      21.30453 
-71.70395      21.301 
-71.71468      21.29957 
-71.71923      21.29554 
-71.7147       21.29176 
-71.70681      21.29059 
-71.69828      21.28416 
-71.69263      21.28362 
 1             56 
1
 -9999.0   ,   9990.0 
 14 
-71.63343      21.27943 
-71.63028      21.28043 
-71.62123      21.2972 
-71.62576      21.30971 
-71.62286      21.3192 
-71.6247       21.32329 
-71.62871      21.3264 
-71.6321       21.3247 
-71.63276      21.32239 
-71.6306       21.31533 
-71.63228      21.30633 
-71.63981      21.29603 
-71.63996      21.29281 
-71.63343      21.27943 
 1             57 
1
 -9999.0   ,   9990.0 
 9 
-71.2464       21.18163 
-71.24398      21.18261 
-71.24614      21.1899 
-71.2456       21.19681 
-71.24836      21.19927 
-71.25053      21.1983 
-71.25206      21.19137 
-71.25015      21.18453 
-71.2464       21.18163 
 1             58 
1
 -9999.0   ,   9990.0 
 7 
-71.67178      21.17004 
-71.66897      21.17425 
-71.67052      21.17696 
-71.6791       21.17719 
-71.68196      21.17436 
-71.68036      21.17027 
-71.67178      21.17004 
 1             59 
1
 -9999.0   ,   9990.0 
 162 
-73.55556      21.13341 
-73.55522      21.13353 
-73.55279      21.1399 
-73.55347      21.14866 
-73.54745      21.1548 
-73.54535      21.15694 
-73.54253      21.15982 
-73.54204      21.16671 
-73.53588      21.17434 
-73.53097      21.18845 
-73.52515      21.18642 
-73.51342      21.18513 
-73.50885      21.18292 
-73.49906      21.18192 
-73.46936      21.18213 
-73.43818      21.18605 
-73.42845      21.18727 
-73.41995      21.19137 
-73.40801      21.20295 
-73.40003      21.21305 
-73.39392      21.22596 
-73.38935      21.23065 
-73.38514      21.23143 
-73.38271      21.23067 
-73.36934      21.2001 
-73.35893      21.18304 
-73.35845      21.18226 
-73.34632      21.16507 
-73.3376       21.15559 
-73.33062      21.15145 
-73.31988      21.15018 
-73.31067      21.14712 
-73.3045       21.1414 
-73.29892      21.13961 
-73.28131      21.13857 
-73.27438      21.13328 
-73.26953      21.1322 
-73.2675       21.13374 
-73.25816      21.13413 
-73.24865      21.14028 
-73.24157      21.14485 
-73.22811      21.15085 
-73.21173      21.15583 
-73.19701      21.15557 
-73.18834      21.15804 
-73.15543      21.17213 
-73.1444       21.1782 
-73.13545      21.18779 
-73.13316      21.19475 
-73.13268      21.19622 
-73.13269      21.20887 
-73.1221       21.22324 
-73.12085      21.23654 
-73.11522      21.24256 
-73.09913      21.25237 
-73.09252      21.25836 
-73.08548      21.2756 
-73.0781       21.28272 
-73.07643      21.28795 
-73.07204      21.29332 
-73.06977      21.29914 
-73.0685       21.30241 
-73.06987      21.31143 
-73.06851      21.31483 
-73.0652       21.31817 
-73.03575      21.33051 
-73.01991      21.33342 
-73.01477      21.33301 
-73.00998      21.32986 
-73.0046       21.31679 
-73.0028       21.30592 
-73.00443      21.28099 
-73.0058       21.26024 
-73.01045      21.24107 
-73.01458      21.2044 
-73.01887      21.18844 
-73.02888      21.16417 
-73.03074      21.15779 
-73.03566      21.14093 
-73.04207      21.13378 
-73.05581      21.12712 
-73.07867      21.10673 
-73.09228      21.09063 
-73.10046      21.07163 
-73.10624      21.0582 
-73.11513      21.03756 
-73.12465      21.02592 
-73.13575      21.01778 
-73.14191      21.00993 
-73.14478      20.99875 
-73.15315      20.9781 
-73.15784      20.97089 
-73.16434      20.96743 
-73.18294      20.96704 
-73.21118      20.96646 
-73.22573      20.96418 
-73.24755      20.95685 
-73.28276      20.95893 
-73.29068      20.95689 
-73.30978      20.94347 
-73.31091      20.94337 
-73.31544      20.94297 
-73.3183       20.94536 
-73.31771      20.94787 
-73.30706      20.95765 
-73.30746      20.95997 
-73.31185      20.96057 
-73.32231      20.95631 
-73.32916      20.9563 
-73.35212      20.95153 
-73.38234      20.93571 
-73.38825      20.93498 
-73.40681      20.94015 
-73.4143       20.93892 
-73.43255      20.93594 
-73.4524       20.92898 
-73.47332      20.92619 
-73.512        20.93386 
-73.52261      20.93834 
-73.53721      20.94167 
-73.57171      20.94954 
-73.60283      20.94935 
-73.6194       20.94527 
-73.63479      20.93907 
-73.64262      20.93218 
-73.64761      20.92244 
-73.65738      20.91607 
-73.66957      20.91759 
-73.67463      20.92028 
-73.68151      20.92716 
-73.68484      20.93581 
-73.6878       20.94346 
-73.68868      20.975 
-73.69283      20.98298 
-73.70316      21.00282 
-73.71356      21.01441 
-73.71679      21.02026 
-73.7127       21.02543 
-73.69085      21.02614 
-73.68374      21.02854 
-73.6802       21.02973 
-73.6709       21.03612 
-73.65881      21.04881 
-73.65386      21.054 
-73.65163      21.06198 
-73.6517       21.06577 
-73.65181      21.07096 
-73.65555      21.08327 
-73.66383      21.09203 
-73.67517      21.09744 
-73.6791       21.10469 
-73.67855      21.10629 
-73.67363      21.1066 
-73.65414      21.09854 
-73.65138      21.0974 
-73.64332      21.0967 
-73.64151      21.09747 
-73.62565      21.1042 
-73.60398      21.12079 
-73.58242      21.12725 
-73.56913      21.12868 
-73.55556      21.13341 
 1             60 
1
 -9999.0   ,   9990.0 
 13 
-74.89238      20.6864 
-74.89241      20.68633 
-74.8926       20.68629 
-74.89831      20.68486 
-74.89987      20.69088 
-74.90973      20.6971 
-74.91559      20.69747 
-74.92088      20.70081 
-74.92128      20.70427 
-74.90885      20.70306 
-74.89321      20.69371 
-74.89086      20.68951 
-74.89238      20.6864 
 1             61 
1
 -9999.0   ,   9990.0 
 194 
-75            20.70021 
-74.99595      20.70142 
-74.98371      20.70183 
-74.9786       20.70102 
-74.97118      20.6944 
-74.96105      20.69028 
-74.95618      20.6883 
-74.94846      20.69364 
-74.94483      20.69241 
-74.94467      20.68872 
-74.94921      20.68377 
-74.93585      20.66856 
-74.93353      20.66592 
-74.92966      20.66467 
-74.92371      20.66776 
-74.91611      20.6685 
-74.91185      20.6723 
-74.9065       20.67149 
-74.90276      20.66496 
-74.88996      20.6681 
-74.8851       20.66753 
-74.88151      20.66376 
-74.87738      20.66297 
-74.87422      20.66221 
-74.87404      20.6599 
-74.8793       20.65497 
-74.87165      20.64926 
-74.86723      20.64938 
-74.86356      20.64056 
-74.85816      20.64112 
-74.85428      20.63987 
-74.84769      20.63051 
-74.84113      20.62874 
-74.83629      20.62725 
-74.82319      20.63245 
-74.81561      20.6325 
-74.8125       20.63035 
-74.80476      20.62694 
-74.79715      20.6286 
-74.79011      20.62613 
-74.78025      20.62934 
-74.76864      20.62491 
-74.76059      20.62425 
-74.7595       20.62883 
-74.75653      20.63013 
-74.7426       20.62979 
-74.73583      20.62732 
-74.72988      20.62142 
-74.72885      20.61929 
-74.7264       20.61421 
-74.72823      20.60114 
-74.73137      20.6026 
-74.74045      20.60121 
-74.74076      20.59915 
-74.73625      20.59421 
-74.73451      20.58588 
-74.72718      20.57719 
-74.72874      20.57377 
-74.72641      20.56958 
-74.72613      20.56198 
-74.72428      20.55871 
-74.71679      20.56405 
-74.71669      20.5675 
-74.72135      20.57589 
-74.71859      20.57859 
-74.7155       20.57598 
-74.71305      20.55774 
-74.70075      20.55191 
-74.6988       20.54312 
-74.70061      20.53926 
-74.69895      20.53784 
-74.6921       20.53813 
-74.68371      20.54091 
-74.67242      20.53418 
-74.66939      20.52905 
-74.67113      20.52794 
-74.6743       20.52848 
-74.6763       20.52646 
-74.67071      20.51666 
-74.66781      20.51543 
-74.66426      20.52063 
-74.66606      20.52597 
-74.66285      20.52681 
-74.65561      20.52364 
-74.65086      20.51869 
-74.64411      20.51576 
-74.63661      20.51304 
-74.62131      20.50091 
-74.62018      20.49789 
-74.62613      20.49483 
-74.62646      20.49161 
-74.62501      20.49089 
-74.61808      20.49439 
-74.61093      20.488 
-74.59818      20.48974 
-74.59243      20.48638 
-74.58916      20.47952 
-74.5869       20.47473 
-74.5805       20.46767 
-74.5692       20.46162 
-74.56782      20.45837 
-74.5699       20.45405 
-74.57461      20.45141 
-74.57104      20.4481 
-74.5638       20.44538 
-74.56005      20.44022 
-74.55775      20.42636 
-74.55581      20.42562 
-74.54985      20.42938 
-74.54306      20.42759 
-74.53731      20.42353 
-74.53361      20.41653 
-74.52987      20.4024 
-74.52638      20.39633 
-74.5279       20.3943 
-74.53045      20.39068 
-74.52393      20.38821 
-74.52008      20.37776 
-74.51605      20.37351 
-74.51071      20.37269 
-74.50867      20.37585 
-74.50041      20.36598 
-74.4991       20.36088 
-74.50013      20.35883 
-74.50508      20.35666 
-74.50512      20.35505 
-74.50271      20.35407 
-74.4973       20.35554 
-74.49298      20.35313 
-74.48953      20.34567 
-74.48231      20.34203 
-74.47696      20.34143 
-74.47253      20.3427 
-74.4711       20.35002 
-74.46836      20.35202 
-74.46226      20.35209 
-74.45016      20.34855 
-74.40388      20.31258 
-74.41258      20.30692 
-74.41261      20.30554 
-74.40055      20.30996 
-74.39336      20.30484 
-74.38645      20.29993 
-74.38136      20.29841 
-74.38122      20.29518 
-74.38645      20.29164 
-74.38583      20.28748 
-74.38346      20.28535 
-74.38029      20.28549 
-74.37753      20.28795 
-74.37741      20.29255 
-74.37358      20.29797 
-74.3667       20.29939 
-74.35351      20.29996 
-74.34164      20.29734 
-74.33816      20.29909 
-74.32963      20.29908 
-74.3058       20.2966 
-74.30136      20.29855 
-74.29629      20.30462 
-74.29071      20.31137 
-74.27991      20.31361 
-74.2628       20.31475 
-74.24852      20.31839 
-74.24485      20.31932 
-74.21904      20.31769 
-74.19458      20.30389 
-74.16067      20.27235 
-74.15818      20.26927 
-74.15456      20.26481 
-74.14878      20.26235 
-74.1429       20.25551 
-74.1437       20.25323 
-74.14247      20.24686 
-74.1345       20.23062 
-74.13283      20.21525 
-74.13178      20.20549 
-74.13426      20.19636 
-74.14251      20.18187 
-74.1558       20.17028 
-74.16349      20.16566 
-74.17858      20.15895 
-74.20661      20.1427 
-74.22013      20.1387 
-74.22342      20.13488 
-74.23161      20.12223 
-74.23265      20.09579 
-74.23728      20.08787 
-74.24878      20.07829 
-74.26335      20.07202 
-74.27759      20.06804 
-74.28609      20.06919 
-74.29173      20.06773 
-74.29275      20.06798 
 1             62 
1
 -9999.0   ,   9990.0 
 72 
-74.87439      20 
-74.87439      20 
-74.87131      20.00853 
-74.86831      20.01168 
-74.85799      20.01534 
-74.85328      20.01845 
-74.85149      20.02162 
-74.85456      20.02657 
-74.85569      20.0284 
-74.86328      20.02743 
-74.8647       20.02907 
-74.86341      20.03135 
-74.8553       20.03437 
-74.8489       20.02754 
-74.84646      20.02772 
-74.83676      20.0353 
-74.81452      20.03798 
-74.80733      20.0431 
-74.80438      20.04395 
-74.79536      20.04396 
-74.78916      20.03944 
-74.78477      20.03979 
-74.76748      20.04857 
-74.75041      20.04952 
-74.74728      20.04807 
-74.74309      20.0498 
-74.74096      20.04768 
-74.7304       20.05087 
-74.72495      20.05442 
-74.70298      20.05617 
-74.69865      20.05422 
-74.69401      20.05433 
-74.69128      20.05611 
-74.68678      20.05162 
-74.6514       20.04521 
-74.64311      20.04546 
-74.63887      20.04926 
-74.63496      20.04985 
-74.62973      20.05363 
-74.62373      20.05504 
-74.61821      20.05633 
-74.60803      20.05492 
-74.58943      20.04938 
-74.57142      20.04869 
-74.56651      20.04994 
-74.55635      20.05613 
-74.52986      20.0628 
-74.51723      20.06155 
-74.50771      20.06223 
-74.50153      20.06506 
-74.49741      20.06449 
-74.4952       20.06558 
-74.48556      20.07016 
-74.4817       20.06868 
-74.47887      20.06561 
-74.47204      20.06589 
-74.4676       20.06785 
-74.45521      20.06683 
-74.41044      20.07324 
-74.39988      20.07618 
-74.36623      20.0818 
-74.36193      20.08252 
-74.35311      20.08066 
-74.3445       20.07883 
-74.3394       20.07892 
-74.33491      20.08202 
-74.33105      20.08077 
-74.32588      20.0827 
-74.31153      20.08162 
-74.30606      20.07756 
-74.29705      20.06903 
-74.29275      20.06798 
 1             63 
1
 -9999.0   ,   9990.0 
 47 
-72.62066      20 
-72.6209       20.00079 
-72.63452      20.01437 
-72.6447       20.01979 
-72.65073      20.02557 
-72.67413      20.03999 
-72.69211      20.0463 
-72.70505      20.04566 
-72.70571      20.04563 
-72.73424      20.05688 
-72.74126      20.05964 
-72.76508      20.07219 
-72.77616      20.07551 
-72.7809       20.07797 
-72.79996      20.08782 
-72.82806      20.08342 
-72.83891      20.08172 
-72.84433      20.0828 
-72.85558      20.08507 
-72.88201      20.08258 
-72.8909       20.0793 
-72.9066       20.0767 
-72.93982      20.06732 
-72.9587       20.06461 
-72.96249      20.06196 
-72.9631       20.05895 
-72.95945      20.05218 
-72.95445      20.0489 
-72.93473      20.04842 
-72.91606      20.04353 
-72.90311      20.03615 
-72.89505      20.03481 
-72.88826      20.03573 
-72.87662      20.03014 
-72.86561      20.02844 
-72.85775      20.0286 
-72.84763      20.02881 
-72.81005      20.02473 
-72.80708      20.0244 
-72.79988      20.02027 
-72.78845      20.02019 
-72.77435      20.01662 
-72.76757      20.0149 
-72.76243      20.01309 
-72.73703      20.00418 
-72.72701      20.00312 
-72.7209       20 
