 3 
 1             1 
1
 -9999.0   ,   9990.0 
 8 
-91.40456      22.13003 
-91.40186      22.13348 
-91.40434      22.13692 
-91.40755      22.13852 
-91.41174      22.13806 
-91.41345      22.13553 
-91.40974      22.13071 
-91.40456      22.13003 
 1             2 
1
 -9999.0   ,   9990.0 
 34 
-90.42574      20.76454 
-90.43014      20.76456 
-90.43135      20.76686 
-90.42814      20.7742 
-90.42055      20.78382 
-90.42296      20.79164 
-90.40396      20.82503 
-90.40182      20.82878 
-90.39664      20.84093 
-90.39291      20.86136 
-90.37012      20.94282 
-90.36856      20.94658 
-90.35925      20.96897 
-90.3462       20.9928 
-90.32948      21.01364 
-90.32041      21.02049 
-90.29318      21.03553 
-90.2854       21.04042 
-90.26374      21.05401 
-90.23946      21.06721 
-90.21419      21.07881 
-90.19848      21.0893 
-90.18449      21.09658 
-90.17122      21.10662 
-90.15352      21.12031 
-90.11058      21.14328 
-90.09852      21.15309 
-90.09066      21.15695 
-90.08134      21.15966 
-90.0539       21.16282 
-90.04336      21.16404 
-90.02372      21.17265 
-90.01024      21.17348 
-90            21.17728 
 1             3 
1
 -9999.0   ,   9990.0 
 61 
-90.47332      20 
-90.47306      20.00102 
-90.46477      20.01018 
-90.46329      20.01546 
-90.46616      20.02244 
-90.47861      20.0406 
-90.48578      20.0606 
-90.48938      20.07322 
-90.4869       20.08723 
-90.48123      20.11042 
-90.48141      20.13133 
-90.48358      20.13961 
-90.48842      20.14536 
-90.49228      20.15801 
-90.49491      20.17526 
-90.49344      20.17869 
-90.48344      20.18579 
-90.48001      20.19405 
-90.47774      20.21885 
-90.48111      20.23058 
-90.47861      20.25171 
-90.47904      20.27308 
-90.47949      20.28319 
-90.47628      20.29697 
-90.477        20.30248 
-90.47372      20.33716 
-90.47392      20.35141 
-90.47221      20.35347 
-90.47269      20.35462 
-90.46339      20.37067 
-90.46066      20.38261 
-90.46209      20.39571 
-90.46839      20.40515 
-90.47467      20.42287 
-90.47221      20.42929 
-90.47268      20.43779 
-90.48526      20.46724 
-90.48569      20.48723 
-90.47332      20.54348 
-90.47061      20.55312 
-90.46203      20.56664 
-90.45927      20.59144 
-90.45264      20.6013 
-90.45142      20.60589 
-90.45212      20.61485 
-90.4467       20.62908 
-90.44659      20.66426 
-90.44656      20.67296 
-90.44401      20.70419 
-90.44618      20.71224 
-90.44912      20.71041 
-90.45331      20.69917 
-90.45482      20.68309 
-90.45678      20.68195 
-90.45991      20.69276 
-90.45842      20.70332 
-90.44868      20.724 
-90.43609      20.73656 
-90.43241      20.74297 
-90.43139      20.75308 
-90.42454      20.75719 
