 19 
 1             1 
1
 -9999.0   ,   9990.0 
 12 
-112.1227      24.94813 
-112.1167      24.94712 
-112.1149      24.95145 
-112.1155      24.9549 
-112.1193      24.95427 
-112.1239      24.95044 
-112.1283      24.94638 
-112.1274      24.94292 
-112.1189      24.93567 
-112.1174      24.93588 
-112.1166      24.93839 
-112.1227      24.94813 
 1             2 
1
 -9999.0   ,   9990.0 
 13 
-112.1356      24.9031 
-112.1263      24.91604 
-112.1191      24.92488 
-112.1151      24.92551 
-112.1119      24.92018 
-112.1192      24.9203 
-112.1164      24.90923 
-112.1196      24.89803 
-112.124       24.89465 
-112.1271      24.88942 
-112.1303      24.89131 
-112.1305      24.89453 
-112.1356      24.9031 
 1             3 
1
 -9999.0   ,   9990.0 
 45 
-110.5719      25 
-110.5723      24.99494 
-110.5675      24.98126 
-110.5726      24.97061 
-110.5714      24.95404 
-110.5669      24.94958 
-110.5633      24.94601 
-110.5612      24.9347 
-110.5543      24.92969 
-110.556       24.92376 
-110.5516      24.91928 
-110.5496      24.91119 
-110.5456      24.90856 
-110.5436      24.90115 
-110.5336      24.89192 
-110.5334      24.88824 
-110.5407      24.88178 
-110.5476      24.87899 
-110.5545      24.87711 
-110.5728      24.87738 
-110.5861      24.872 
-110.5927      24.87217 
-110.5839      24.87951 
-110.5798      24.88744 
-110.5812      24.89299 
-110.5853      24.89838 
-110.5865      24.89942 
-110.5917      24.90361 
-110.6046      24.90809 
-110.6106      24.91629 
-110.6156      24.92033 
-110.6236      24.92123 
-110.6371      24.91769 
-110.6405      24.92099 
-110.6362      24.92915 
-110.6352      24.93578 
-110.6375      24.94204 
-110.6494      24.95131 
-110.652       24.9562 
-110.6562      24.97423 
-110.6613      24.97848 
-110.6636      24.9804 
-110.6661      24.98919 
-110.6712      24.99392 
-110.6732      25 
 1             4 
1
 -9999.0   ,   9990.0 
 13 
-110.5719      24.82752 
-110.5687      24.82766 
-110.5668      24.83014 
-110.573       24.84087 
-110.5721      24.85462 
-110.5884      24.84863 
-110.5912      24.8455 
-110.5935      24.83844 
-110.5918      24.83633 
-110.5875      24.83713 
-110.5828      24.83333 
-110.5743      24.83218 
-110.5719      24.82752 
 1             5 
1
 -9999.0   ,   9990.0 
 99 
-112.132       25 
-112.1357      24.99677 
-112.1429      24.98724 
-112.1456      24.98108 
-112.141       24.96862 
-112.1433      24.96498 
-112.1558      24.96126 
-112.1658      24.96532 
-112.1698      24.96423 
-112.1749      24.95972 
-112.1773      24.95425 
-112.1744      24.94961 
-112.1708      24.94933 
-112.1625      24.95205 
-112.1615      24.9524 
-112.1582      24.95235 
-112.156       24.95025 
-112.1623      24.94828 
-112.1641      24.94394 
-112.1734      24.94478 
-112.174       24.9418 
-112.1731      24.93788 
-112.1653      24.93799 
-112.1628      24.93314 
-112.1583      24.93284 
-112.1554      24.91328 
-112.1626      24.8879 
-112.1597      24.88258 
-112.1635      24.87919 
-112.1665      24.86822 
-112.1651      24.86452 
-112.1613      24.86727 
-112.1574      24.87015 
-112.1547      24.86896 
-112.1545      24.86574 
-112.1583      24.8619 
-112.1677      24.85768 
-112.1706      24.85106 
-112.1741      24.85135 
-112.1773      24.85599 
-112.1801      24.85557 
-112.1824      24.85101 
-112.1811      24.84319 
-112.1759      24.83691 
-112.1737      24.81805 
-112.1713      24.81411 
-112.1658      24.80967 
-112.1625      24.81031 
-112.1674      24.81773 
-112.1669      24.81979 
-112.1608      24.81878 
-112.16        24.82129 
-112.1647      24.82871 
-112.1642      24.82951 
-112.1549      24.84394 
-112.1505      24.84548 
-112.1466      24.85552 
-112.1438      24.858 
-112.1428      24.85454 
-112.1449      24.85044 
-112.1425      24.84604 
-112.1468      24.84313 
-112.1474      24.83785 
-112.1549      24.82993 
-112.146       24.81694 
-112.1438      24.80405 
-112.1413      24.80195 
-112.1395      24.80376 
-112.1363      24.81381 
-112.1387      24.82004 
-112.1367      24.82618 
-112.1365      24.82667 
-112.1394      24.83475 
-112.1389      24.83635 
-112.1354      24.83583 
-112.1319      24.85988 
-112.1446      24.86559 
-112.1398      24.86965 
-112.1399      24.8786 
-112.1355      24.88519 
-112.1394      24.89076 
-112.1393      24.89443 
-112.1374      24.90198 
-112.1335      24.9089 
-112.1283      24.91929 
-112.1274      24.92455 
-112.1304      24.92735 
-112.1293      24.93239 
-112.1318      24.93656 
-112.1343      24.94808 
-112.1272      24.96519 
-112.1187      24.97378 
-112.117       24.98477 
-112.1155      24.98544 
-112.1115      24.98193 
-112.108       24.98349 
-112.1067      24.98644 
-112.1051      24.99033 
-112.1035      25 
 1             6 
1
 -9999.0   ,   9990.0 
 18 
-112.0266      24.74664 
-112.0271      24.74252 
-112.0257      24.73836 
-112.0227      24.73625 
-112.0071      24.73829 
-111.99        24.73732 
-111.9866      24.74185 
-111.9898      24.74604 
-111.9888      24.74763 
-111.9823      24.74798 
-111.9766      24.7387 
-111.96        24.74118 
-111.9523      24.74908 
-111.9601      24.74875 
-111.9623      24.75269 
-111.9601      24.75977 
-111.9653      24.76896 
-111.9672      24.77229 
 1             7 
1
 -9999.0   ,   9990.0 
 112 
-112.0941      25 
-112.0982      24.97966 
-112.0948      24.97042 
-112.089       24.96114 
-112.0908      24.95911 
-112.0965      24.96126 
-112.1026      24.95952 
-112.1082      24.94515 
-112.1067      24.94053 
-112.1017      24.94114 
-112.1008      24.94641 
-112.098       24.94751 
-112.0931      24.94689 
-112.0877      24.9462 
-112.0738      24.94965 
-112.0731      24.94666 
-112.0758      24.93706 
-112.0795      24.94171 
-112.082       24.94129 
-112.0836      24.93856 
-112.0926      24.94215 
-112.0934      24.93963 
-112.0912      24.93615 
-112.0769      24.9334 
-112.0757      24.93109 
-112.0792      24.92839 
-112.0895      24.93108 
-112.0921      24.9263 
-112.0961      24.92866 
-112.1015      24.93632 
-112.1056      24.93592 
-112.1084      24.93023 
-112.1053      24.9226 
-112.1051      24.92099 
-112.1045      24.9141 
-112.1022      24.91383 
-112.0983      24.91951 
-112.095       24.91877 
-112.0941      24.91623 
-112.0981      24.90573 
-112.0971      24.90181 
-112.0886      24.90191 
-112.0817      24.90363 
-112.0788      24.9091 
-112.0753      24.90858 
-112.0744      24.90558 
-112.0777      24.89117 
-112.0812      24.89054 
-112.0832      24.89172 
-112.0848      24.89909 
-112.0957      24.89651 
-112.113       24.88599 
-112.1113      24.88016 
-112.1104      24.87723 
-112.1125      24.87198 
-112.1153      24.87179 
-112.1182      24.87781 
-112.1218      24.8758 
-112.1219      24.87075 
-112.1182      24.86403 
-112.1126      24.8442 
-112.1091      24.84162 
-112.1068      24.84204 
-112.103       24.84566 
-112.1         24.85388 
-112.096       24.85244 
-112.0954      24.84829 
-112.098       24.83961 
-112.0958      24.8359 
-112.0883      24.8328 
-112.0876      24.83003 
-112.0882      24.82476 
-112.095       24.81133 
-112.0901      24.80551 
-112.0919      24.80324 
-112.0957      24.80193 
-112.103       24.80388 
-112.108       24.80327 
-112.1106      24.79917 
-112.1102      24.79366 
-112.1151      24.78754 
-112.1132      24.78475 
-112.1044      24.78324 
-112.0969      24.77646 
-112.0927      24.77456 
-112.0872      24.7747 
-112.0854      24.77628 
-112.0858      24.77904 
-112.097       24.78657 
-112.0994      24.79051 
-112.0979      24.79369 
-112.0931      24.79408 
-112.0889      24.79194 
-112.0854      24.7873 
-112.0799      24.78446 
-112.0795      24.77894 
-112.0791      24.77797 
-112.0749      24.76831 
-112.0702      24.76479 
-112.062       24.76351 
-112.0585      24.76116 
-112.0578      24.75862 
-112.0601      24.75269 
-112.0751      24.7348 
-112.0772      24.72794 
-112.075       24.72309 
-112.0723      24.72305 
-112.0683      24.73469 
-112.0634      24.74287 
-112.0582      24.74738 
-112.0516      24.7498 
-112.0322      24.75178 
 1             8 
1
 -9999.0   ,   9990.0 
 8 
-110.3979      24.59627 
-110.3866      24.59641 
-110.3863      24.59961 
-110.3907      24.60341 
-110.3937      24.6035 
-110.4003      24.6007 
-110.4012      24.5982 
-110.3979      24.59627 
 1             9 
1
 -9999.0   ,   9990.0 
 163 
-112.1549      25 
-112.1524      24.9929 
-112.1532      24.98924 
-112.1598      24.98635 
-112.1584      24.98105 
-112.152       24.97315 
-112.1541      24.96974 
-112.1573      24.96841 
-112.1657      24.96899 
-112.1713      24.9677 
-112.1787      24.96185 
-112.183       24.94744 
-112.1819      24.93664 
-112.1785      24.92924 
-112.1615      24.91084 
-112.161       24.90762 
-112.1692      24.89788 
-112.1682      24.88615 
-112.1695      24.88112 
-112.1723      24.88094 
-112.1737      24.88991 
-112.1759      24.89119 
-112.1782      24.8925 
-112.185       24.90408 
-112.184       24.90613 
-112.1764      24.90923 
-112.1747      24.91449 
-112.1759      24.91887 
-112.1817      24.92056 
-112.1843      24.91601 
-112.1883      24.91906 
-112.1904      24.91496 
-112.1904      24.91083 
-112.1839      24.89305 
-112.1831      24.88408 
-112.1771      24.88101 
-112.1779      24.87804 
-112.1745      24.87155 
-112.185       24.86414 
-112.1885      24.8635 
-112.1944      24.86817 
-112.1962      24.86959 
-112.201       24.86736 
-112.2027      24.85866 
-112.205       24.85594 
-112.2131      24.85262 
-112.2109      24.84823 
-112.2202      24.84837 
-112.2236      24.84497 
-112.2309      24.84256 
-112.2322      24.83913 
-112.228       24.837 
-112.2227      24.83738 
-112.2176      24.84213 
-112.2029      24.83479 
-112.2017      24.83064 
-112.2027      24.82653 
-112.2075      24.82591 
-112.2145      24.83037 
-112.2205      24.8323 
-112.2258      24.83054 
-112.2236      24.82729 
-112.2199      24.82684 
-112.2174      24.82651 
-112.2127      24.81704 
-112.2049      24.8183 
-112.1997      24.81454 
-112.1909      24.81235 
-112.1874      24.80954 
-112.1898      24.80429 
-112.1878      24.80151 
-112.1783      24.79953 
-112.1766      24.79537 
-112.1694      24.7932 
-112.1683      24.78446 
-112.1624      24.77564 
-112.1645      24.76787 
-112.1606      24.76184 
-112.1495      24.7502 
-112.1419      24.74487 
-112.1358      24.74057 
-112.1284      24.73334 
-112.1266      24.72482 
-112.1273      24.71289 
-112.1175      24.69897 
-112.1143      24.69295 
-112.1147      24.68929 
-112.1266      24.66721 
-112.1348      24.65999 
-112.1382      24.6543 
-112.1391      24.64674 
-112.1369      24.64051 
-112.1324      24.63605 
-112.1298      24.63352 
-112.1071      24.62214 
-112.0977      24.61327 
-112.0766      24.58631 
-112.0691      24.58459 
-112.0648      24.57167 
-112.0565      24.56212 
-112.0543      24.55543 
-112.0563      24.54467 
-112.0588      24.54288 
-112.0616      24.5443 
-112.0711      24.54377 
-112.0776      24.54869 
-112.0831      24.549 
-112.0933      24.55399 
-112.0967      24.5584 
-112.1011      24.57913 
-112.1112      24.59214 
-112.1122      24.59639 
-112.1135      24.60227 
-112.1278      24.61719 
-112.1325      24.62024 
-112.1428      24.62132 
-112.1458      24.6232 
-112.1489      24.63289 
-112.1543      24.63642 
-112.1552      24.64332 
-112.1569      24.64587 
-112.1627      24.64733 
-112.1676      24.65131 
-112.1691      24.65684 
-112.159       24.67207 
-112.1549      24.67269 
-112.1416      24.67065 
-112.1372      24.67381 
-112.1366      24.67425 
-112.1319      24.68221 
-112.1296      24.69709 
-112.1395      24.73282 
-112.1474      24.74282 
-112.167       24.75942 
-112.1906      24.77492 
-112.1918      24.77559 
-112.2038      24.78201 
-112.2339      24.78934 
-112.2465      24.78723 
-112.2501      24.78384 
-112.2517      24.77537 
-112.2493      24.75651 
-112.2516      24.75081 
-112.2542      24.75039 
-112.2587      24.75275 
-112.2701      24.77449 
-112.2738      24.77639 
-112.2783      24.77874 
-112.283       24.78524 
-112.292       24.78651 
-112.2977      24.7921 
-112.2946      24.79941 
-112.2968      24.8054 
-112.296       24.80815 
-112.2836      24.81072 
-112.2772      24.81522 
-112.2704      24.82867 
-112.255       24.87346 
-112.249       24.8908 
-112.2391      24.90811 
-112.218       24.9746 
-112.2097      24.99237 
-112.2061      25 
 1             10 
1
 -9999.0   ,   9990.0 
 35 
-110.3841      24.53021 
-110.3795      24.53307 
-110.3692      24.533 
-110.3645      24.53723 
-110.3617      24.54725 
-110.3635      24.55281 
-110.3702      24.56264 
-110.3758      24.56694 
-110.3816      24.58203 
-110.3864      24.58791 
-110.3951      24.59068 
-110.3979      24.58915 
-110.3972      24.58133 
-110.4003      24.57797 
-110.4074      24.57771 
-110.4118      24.56659 
-110.4111      24.56496 
-110.4065      24.56537 
-110.4033      24.56566 
-110.4014      24.56193 
-110.3959      24.56108 
-110.3962      24.55903 
-110.4084      24.5541 
-110.408       24.55133 
-110.4037      24.54638 
-110.4002      24.54582 
-110.3886      24.55215 
-110.3791      24.55211 
-110.3799      24.54961 
-110.3868      24.54751 
-110.4009      24.53735 
-110.402       24.53509 
-110.3928      24.53367 
-110.3886      24.53057 
-110.3841      24.53021 
 1             11 
1
 -9999.0   ,   9990.0 
 9 
-110.4091      24.48065 
-110.4061      24.48125 
-110.4027      24.4862 
-110.3948      24.48942 
-110.3982      24.49204 
-110.4027      24.49172 
-110.4089      24.48661 
-110.4101      24.48205 
-110.4091      24.48065 
 1             12 
1
 -9999.0   ,   9990.0 
 158 
-111.5554      24.41705 
-111.5548      24.41562 
-111.5569      24.41222 
-111.5609      24.41184 
-111.5731      24.4169 
-111.5769      24.41376 
-111.5817      24.41477 
-111.5826      24.41754 
-111.581       24.42187 
-111.5746      24.4268 
-111.5747      24.42731 
-111.5751      24.42933 
-111.5778      24.43053 
-111.5795      24.43447 
-111.5837      24.43685 
-111.5795      24.44273 
-111.5847      24.4449 
-111.5896      24.44109 
-111.5918      24.44228 
-111.5935      24.44622 
-111.5997      24.44978 
-111.6091      24.46764 
-111.6118      24.46907 
-111.6166      24.46641 
-111.6186      24.46828 
-111.6158      24.4781 
-111.6188      24.50065 
-111.6276      24.51673 
-111.6386      24.53706 
-111.6455      24.54179 
-111.6519      24.54857 
-111.6503      24.55083 
-111.6466      24.55076 
-111.6365      24.5423 
-111.631       24.54174 
-111.6271      24.54694 
-111.632       24.55048 
-111.6351      24.55926 
-111.6476      24.56226 
-111.6571      24.57277 
-111.6672      24.57204 
-111.6709      24.57326 
-111.6733      24.57583 
-111.6776      24.5805 
-111.6855      24.58386 
-111.6933      24.58355 
-111.6911      24.5803 
-111.6934      24.57805 
-111.6948      24.57279 
-111.7011      24.57199 
-111.7067      24.56957 
-111.7085      24.56708 
-111.7017      24.55846 
-111.6962      24.55744 
-111.6958      24.56294 
-111.688       24.56073 
-111.6859      24.55793 
-111.6887      24.555 
-111.6875      24.55062 
-111.6946      24.54892 
-111.701       24.54491 
-111.6971      24.53978 
-111.6996      24.53685 
-111.7147      24.53873 
-111.7259      24.53917 
-111.7279      24.54265 
-111.7266      24.54584 
-111.7228      24.54669 
-111.7168      24.54245 
-111.7133      24.54261 
-111.7115      24.5451 
-111.7119      24.54924 
-111.7049      24.54934 
-111.7061      24.55258 
-111.7128      24.55568 
-111.7165      24.55553 
-111.7211      24.55263 
-111.7243      24.55521 
-111.7267      24.5626 
-111.7338      24.56893 
-111.7393      24.57133 
-111.7429      24.56933 
-111.7427      24.56565 
-111.7373      24.56142 
-111.7376      24.55569 
-111.732       24.5503 
-111.7343      24.54828 
-111.7388      24.54791 
-111.7457      24.54252 
-111.7552      24.54362 
-111.763       24.54261 
-111.7687      24.5457 
-111.7721      24.55047 
-111.7731      24.55198 
-111.7814      24.55282 
-111.7829      24.5517 
-111.7773      24.54632 
-111.7796      24.54475 
-111.7871      24.54535 
-111.7933      24.54798 
-111.8012      24.55593 
-111.8021      24.56031 
-111.8006      24.57244 
-111.8026      24.57156 
-111.8075      24.56362 
-111.8074      24.55742 
-111.8051      24.55003 
-111.8009      24.54491 
-111.7883      24.53504 
-111.7837      24.52646 
-111.7787      24.52706 
-111.7762      24.52426 
-111.7735      24.52444 
-111.7695      24.52116 
-111.7573      24.51887 
-111.7568      24.51656 
-111.7576      24.51451 
-111.7719      24.51592 
-111.7775      24.51419 
-111.7832      24.5175 
-111.7937      24.51999 
-111.7983      24.52466 
-111.7998      24.51551 
-111.8035      24.51512 
-111.8044      24.50848 
-111.8064      24.50851 
-111.8079      24.51038 
-111.8074      24.54411 
-111.8105      24.5437 
-111.8109      24.54199 
-111.8121      24.53776 
-111.8116      24.52651 
-111.8135      24.51989 
-111.8165      24.51925 
-111.8179      24.52318 
-111.8183      24.53007 
-111.8128      24.56417 
-111.8145      24.57935 
-111.8259      24.60962 
-111.8297      24.61693 
-111.8448      24.64576 
-111.8574      24.66458 
-111.9065      24.71341 
-111.9112      24.71748 
-111.927       24.73121 
-111.9299      24.73631 
-111.9283      24.73904 
-111.9228      24.73871 
-111.9179      24.7345 
-111.913       24.72569 
-111.9087      24.72585 
-111.9089      24.73021 
-111.9123      24.73417 
-111.9137      24.73925 
-111.9185      24.74254 
-111.9238      24.74998 
-111.9346      24.75429 
-111.9616      24.77587 
 1             13 
1
 -9999.0   ,   9990.0 
 75 
-110.3741      24.47873 
-110.3844      24.47696 
-110.3871      24.47864 
-110.3896      24.48629 
-110.3886      24.49269 
-110.3905      24.49848 
-110.3864      24.50594 
-110.3883      24.51036 
-110.3961      24.51701 
-110.3955      24.52089 
-110.3909      24.52306 
-110.3775      24.52589 
-110.3627      24.53097 
-110.3565      24.53034 
-110.3409      24.52346 
-110.3358      24.51849 
-110.3326      24.51296 
-110.3256      24.50074 
-110.3222      24.49789 
-110.3111      24.49917 
-110.306       24.50201 
-110.3041      24.49897 
-110.3056      24.4896 
-110.3093      24.48512 
-110.3067      24.47999 
-110.2996      24.47427 
-110.2965      24.46959 
-110.2951      24.46014 
-110.2968      24.45513 
-110.3009      24.45227 
-110.3089      24.45411 
-110.3124      24.45329 
-110.3164      24.44675 
-110.3155      24.43054 
-110.3153      24.4279 
-110.3167      24.42266 
-110.3196      24.4193 
-110.3268      24.4156 
-110.3292      24.41131 
-110.3279      24.40508 
-110.3292      24.40213 
-110.3333      24.4011 
-110.3385      24.40355 
-110.342       24.40319 
-110.3474      24.39944 
-110.3514      24.39933 
-110.3561      24.40199 
-110.3573      24.41052 
-110.3502      24.41399 
-110.348       24.41783 
-110.3603      24.41772 
-110.3543      24.43156 
-110.3554      24.43572 
-110.3589      24.43834 
-110.3639      24.43872 
-110.369       24.43645 
-110.3697      24.43613 
-110.3715      24.43481 
-110.3736      24.42637 
-110.3768      24.4283 
-110.3779      24.43269 
-110.3757      24.44457 
-110.377       24.45126 
-110.3749      24.45327 
-110.3613      24.45632 
-110.3576      24.45943 
-110.3583      24.46129 
-110.3661      24.4622 
-110.367       24.46521 
-110.3628      24.46968 
-110.3662      24.47276 
-110.3754      24.46981 
-110.3775      24.47309 
-110.3736      24.47642 
-110.3741      24.47873 
 1             14 
1
 -9999.0   ,   9990.0 
 18 
-111.5511      24.41877 
-111.546       24.41751 
-111.5386      24.41323 
-111.534       24.41543 
-111.5297      24.41489 
-111.5238      24.41064 
-111.5151      24.39761 
-111.5026      24.38634 
-111.4965      24.39127 
-111.4945      24.38985 
-111.4927      24.38086 
-111.4743      24.36419 
-111.4738      24.3612 
-111.4768      24.3546 
-111.4753      24.35113 
-111.4652      24.34747 
-111.4619      24.34626 
-111.4487      24.33616 
 1             15 
1
 -9999.0   ,   9990.0 
 37 
-111.4608      24.33018 
-111.4555      24.33259 
-111.4564      24.33514 
-111.4639      24.33621 
-111.4738      24.34284 
-111.4823      24.34347 
-111.4996      24.35346 
-111.522       24.36195 
-111.5504      24.36894 
-111.5628      24.3763 
-111.5673      24.37662 
-111.574       24.3742 
-111.5751      24.37379 
-111.5806      24.37367 
-111.5861      24.37539 
-111.6174      24.376 
-111.6331      24.36942 
-111.6384      24.3702 
-111.647       24.37749 
-111.6527      24.3776 
-111.6556      24.37536 
-111.658       24.36829 
-111.6657      24.36086 
-111.6658      24.35604 
-111.6593      24.35156 
-111.6514      24.35072 
-111.6446      24.35128 
-111.642       24.35202 
-111.6289      24.3558 
-111.6122      24.36373 
-111.6006      24.36672 
-111.5713      24.36545 
-111.5186      24.35454 
-111.5094      24.35138 
-111.5015      24.34868 
-111.4785      24.33605 
-111.4608      24.33018 
 1             16 
1
 -9999.0   ,   9990.0 
 72 
-111.695       24.37175 
-111.7007      24.37507 
-111.7052      24.38571 
-111.7193      24.39377 
-111.7234      24.40349 
-111.7281      24.40725 
-111.7297      24.41233 
-111.7366      24.41681 
-111.7411      24.42998 
-111.7453      24.43419 
-111.7464      24.44132 
-111.7501      24.44483 
-111.7583      24.44911 
-111.7654      24.45636 
-111.7739      24.45628 
-111.7796      24.46011 
-111.7823      24.46195 
-111.7981      24.46246 
-111.817       24.47061 
-111.8215      24.47481 
-111.8306      24.49334 
-111.8368      24.49896 
-111.8517      24.50634 
-111.8478      24.51361 
-111.8502      24.51664 
-111.8607      24.5182 
-111.8734      24.52485 
-111.8788      24.52472 
-111.9229      24.52364 
-111.9429      24.52513 
-111.9524      24.52827 
-111.9623      24.52454 
-111.9791      24.52413 
-111.994       24.5331 
-111.9975      24.53361 
-112.0006      24.5316 
-112.0032      24.52682 
-112.008       24.5251 
-112.0118      24.52375 
-112.0136      24.52057 
-112.0079      24.5152 
-111.984       24.507 
-111.9661      24.49706 
-111.9539      24.49364 
-111.9447      24.48522 
-111.9429      24.4767 
-111.9332      24.47126 
-111.9211      24.4722 
-111.9152      24.46773 
-111.9105      24.46079 
-111.8724      24.43877 
-111.8517      24.42188 
-111.8331      24.41168 
-111.8216      24.39862 
-111.801       24.3856 
-111.7501      24.35327 
-111.7265      24.32988 
-111.7098      24.3041 
-111.7071      24.3029 
-111.7055      24.30654 
-111.7057      24.30742 
-111.708       24.31622 
-111.7062      24.31963 
-111.7014      24.32253 
-111.6994      24.33006 
-111.694       24.33707 
-111.6915      24.3485 
-111.7001      24.35761 
-111.7003      24.36037 
-111.695       24.36165 
-111.6918      24.36985 
-111.695       24.37175 
 1             17 
1
 -9999.0   ,   9990.0 
 105 
-110.325       24.16696 
-110.3237      24.1706 
-110.3248      24.1743 
-110.3282      24.17647 
-110.3375      24.1772 
-110.3544      24.17218 
-110.3677      24.17165 
-110.4027      24.1738 
-110.4251      24.17696 
-110.4377      24.18099 
-110.5025      24.19414 
-110.5379      24.20307 
-110.5589      24.2126 
-110.5637      24.21824 
-110.565       24.22562 
-110.5725      24.23271 
-110.5763      24.24038 
-110.5814      24.24534 
-110.5965      24.24943 
-110.6074      24.25614 
-110.6097      24.26975 
-110.6196      24.27369 
-110.6241      24.27955 
-110.6351      24.31358 
-110.6367      24.3173 
-110.6491      24.32383 
-110.6638      24.34052 
-110.6717      24.35198 
-110.6764      24.36243 
-110.6768      24.37506 
-110.6793      24.38271 
-110.6771      24.39022 
-110.6791      24.39693 
-110.6881      24.40704 
-110.686       24.41869 
-110.6862      24.42124 
-110.6873      24.43181 
-110.6838      24.44136 
-110.6816      24.44681 
-110.6843      24.45721 
-110.6849      24.4687 
-110.6998      24.48356 
-110.7285      24.52012 
-110.7312      24.53052 
-110.7318      24.54431 
-110.7343      24.55241 
-110.7303      24.5608 
-110.7311      24.56771 
-110.7384      24.58351 
-110.7391      24.59202 
-110.7363      24.6009 
-110.7393      24.61085 
-110.7395      24.6189 
-110.7348      24.63393 
-110.7279      24.64408 
-110.7277      24.66129 
-110.7255      24.67325 
-110.7246      24.67843 
-110.7186      24.68746 
-110.7095      24.69594 
-110.7021      24.6992 
-110.694       24.70059 
-110.6886      24.70412 
-110.687       24.70821 
-110.6884      24.71927 
-110.6776      24.74884 
-110.6737      24.7547 
-110.6628      24.76383 
-110.6607      24.76813 
-110.6581      24.79493 
-110.6538      24.80308 
-110.6547      24.80632 
-110.6632      24.80884 
-110.6653      24.81211 
-110.6655      24.81535 
-110.6658      24.82131 
-110.6728      24.83252 
-110.6739      24.84472 
-110.6809      24.85317 
-110.6822      24.86813 
-110.6867      24.87789 
-110.6845      24.88381 
-110.6857      24.88682 
-110.6932      24.89437 
-110.6977      24.90436 
-110.7041      24.90889 
-110.704       24.91279 
-110.6991      24.91772 
-110.7012      24.9203 
-110.7087      24.92285 
-110.715       24.92502 
-110.7181      24.92809 
-110.721       24.93459 
-110.7292      24.94468 
-110.7295      24.95066 
-110.7317      24.95347 
-110.7396      24.95276 
-110.7435      24.95562 
-110.7466      24.96144 
-110.7488      24.97229 
-110.7478      24.98076 
-110.7489      24.98492 
-110.7467      24.99084 
-110.7476      24.99385 
-110.7559      25 
 1             18 
1
 -9999.0   ,   9990.0 
 86 
-110.3103      24.1663 
-110.3075      24.16783 
-110.3027      24.18059 
-110.3003      24.1869 
-110.3008      24.19449 
-110.2978      24.21046 
-110.2994      24.21487 
-110.3068      24.21692 
-110.3087      24.22019 
-110.3076      24.23072 
-110.3086      24.23672 
-110.312       24.23911 
-110.3225      24.24079 
-110.3259      24.24365 
-110.3138      24.25454 
-110.3152      24.25688 
-110.3189      24.25745 
-110.3202      24.26299 
-110.3193      24.26962 
-110.3236      24.27549 
-110.3262      24.27175 
-110.328       24.26919 
-110.3315      24.25575 
-110.3343      24.26088 
-110.3353      24.26848 
-110.3334      24.27393 
-110.3264      24.28131 
-110.3261      24.28796 
-110.3282      24.2933 
-110.3273      24.29786 
-110.3294      24.30274 
-110.3282      24.30913 
-110.3319      24.31796 
-110.3149      24.31701 
-110.3138      24.31881 
-110.3152      24.32138 
-110.3251      24.32442 
-110.3268      24.32745 
-110.3249      24.33245 
-110.3218      24.33466 
-110.3038      24.33964 
-110.2974      24.34496 
-110.2921      24.35307 
-110.2885      24.35434 
-110.2813      24.35229 
-110.2752      24.35578 
-110.2703      24.3522 
-110.2642      24.35294 
-110.257       24.35043 
-110.249       24.34996 
-110.2412      24.35156 
-110.2376      24.34664 
-110.2307      24.34436 
-110.2278      24.34106 
-110.2305      24.32691 
-110.2298      24.31886 
-110.2284      24.31744 
-110.2264      24.31485 
-110.2171      24.31044 
-110.2109      24.30176 
-110.2072      24.29913 
-110.1972      24.29745 
-110.1891      24.29353 
-110.1833      24.28739 
-110.1747      24.2605 
-110.167       24.25338 
-110.1536      24.24976 
-110.1467      24.24519 
-110.1356      24.24187 
-110.1262      24.23056 
-110.1198      24.22669 
-110.1078      24.22609 
-110.0979      24.21798 
-110.085       24.21414 
-110.0803      24.21078 
-110.0655      24.19908 
-110.0586      24.19565 
-110.0488      24.18432 
-110.0423      24.1816 
-110.0319      24.17186 
-110.0278      24.16989 
-110.0137      24.16991 
-110.0087      24.16516 
-110.0048      24.1554 
-110.0028      24.13996 
-110           24.13596 
 1             19 
1
 -9999.0   ,   9990.0 
 116 
-110           22.8937 
-110.0201      22.91051 
-110.0322      22.92539 
-110.0369      22.93553 
-110.038       22.93788 
-110.0603      22.95451 
-110.0677      22.973 
-110.0794      22.98603 
-110.0891      23.01604 
-110.1003      23.0332 
-110.1031      23.04213 
-110.1036      23.04359 
-110.1049      23.05855 
-110.1142      23.11039 
-110.1132      23.11612 
-110.1164      23.1465 
-110.1235      23.15556 
-110.122       23.16525 
-110.1199      23.17987 
-110.1285      23.20044 
-110.1312      23.2184 
-110.1394      23.23482 
-110.1393      23.25872 
-110.1441      23.26614 
-110.1463      23.27329 
-110.1462      23.28664 
-110.1461      23.29604 
-110.1556      23.31018 
-110.1601      23.32747 
-110.1869      23.36711 
-110.2066      23.38069 
-110.2149      23.38907 
-110.2156      23.39071 
-110.22        23.40085 
-110.2326      23.40538 
-110.2364      23.4153 
-110.2462      23.42692 
-110.2614      23.46364 
-110.2692      23.48832 
-110.2795      23.49668 
-110.2862      23.50208 
-110.3064      23.5508 
-110.3255      23.57929 
-110.3506      23.5982 
-110.3527      23.60001 
-110.3755      23.62031 
-110.3829      23.62476 
-110.3958      23.6279 
-110.4045      23.63168 
-110.4139      23.63638 
-110.4285      23.64666 
-110.4698      23.66196 
-110.4726      23.66301 
-110.4947      23.67084 
-110.5099      23.67307 
-110.5176      23.67614 
-110.5245      23.68311 
-110.5322      23.68733 
-110.5578      23.69266 
-110.5647      23.69618 
-110.5716      23.70429 
-110.5845      23.70856 
-110.5935      23.71515 
-110.6159      23.73163 
-110.6244      23.73586 
-110.6303      23.74074 
-110.6312      23.74557 
-110.6441      23.75581 
-110.6448      23.75926 
-110.6497      23.76437 
-110.6609      23.77045 
-110.6641      23.77508 
-110.6652      23.78359 
-110.6801      23.79407 
-110.6861      23.80192 
-110.6958      23.81444 
-110.7039      23.82026 
-110.7217      23.8395 
-110.7355      23.85134 
-110.7582      23.88142 
-110.7763      23.89284 
-110.7776      23.89445 
-110.7861      23.90427 
-110.8114      23.9205 
-110.8256      23.92568 
-110.8444      23.94331 
-110.8625      23.95082 
-110.8705      23.95571 
-110.8806      23.96797 
-110.884       23.97075 
-110.886       23.97238 
-110.899       23.97686 
-110.9057      23.98106 
-110.9117      23.99952 
-110.9135      23.99986 
-110.9142      23.99987 
-110.938       24.02177 
-110.9544      24.03537 
-110.9763      24.04945 
-111.0025      24.06912 
-111.0186      24.09062 
-111.0264      24.097 
-111.0326      24.10037 
-111.0453      24.11122 
-111.0811      24.12974 
-111.1106      24.14878 
-111.1595      24.17377 
-111.2141      24.20875 
-111.2335      24.22341 
-111.2739      24.24326 
-111.2765      24.24456 
-111.3396      24.27553 
-111.3622      24.2829 
-111.399       24.30172 
-111.4137      24.30923 
-111.4533      24.326 
