 104 
 1 
 1             1             
1
 -9999.0   ,   9990.0
   7
 6 
18.01311      42.85239
18.01075      42.85095
18            42.85192
18            42.85453
18.00111      42.85387
18.01311      42.85239
 21 
 1             2             
1
 -9999.0   ,   9990.0
   7
 1267 
22.40939      44.70825
22.43556      44.72237
22.43567      44.72239
22.44589      44.72575
22.45459      44.72564
22.45764      44.72478
22.46311      44.72322
22.47217      44.72267
22.47956      44.71862
22.48856      44.71025
22.52317      44.69442
22.59967      44.63684
22.60661      44.63161
22.61459      44.628
22.62917      44.62583
22.63356      44.62598
22.65397      44.62664
22.67278      44.62725
22.67522      44.62734
22.67731      44.62634
22.68925      44.62061
22.6912       44.6197
22.70556      44.61175
22.71903      44.60745
22.76         44.57778
22.76672      44.56909
22.77275      44.55648
22.77389      44.54986
22.77147      44.54359
22.76233      44.53706
22.74984      44.53164
22.74439      44.52928
22.73595      44.52561
22.73586      44.52559
22.71956      44.5185
22.702        44.51758
22.67692      44.52353
22.65206      44.5437
22.63972      44.54986
22.62931      44.55223
22.60947      44.55192
22.59714      44.55006
22.59086      44.54795
22.58245      44.54514
22.57489      44.53934
22.57031      44.53228
22.56686      44.51742
22.56514      44.50997
22.56447      44.50709
22.56286      44.50011
22.55683      44.48703
22.55203      44.48295
22.53322      44.47395
22.52342      44.47242
22.50869      44.47253
22.48878      44.4777
22.48503      44.4772
22.47314      44.47558
22.4625       44.47414
22.45945      44.47242
22.45694      44.46773
22.46281      44.4542
22.4682       44.44661
22.48461      44.43659
22.48547      44.43606
22.48967      44.43347
22.51997      44.4177
22.54928      44.39367
22.55306      44.39056
22.56178      44.38106
22.5645       44.37472
22.56347      44.36711
22.5567       44.3515
22.56094      44.34181
22.59081      44.32256
22.60784      44.30831
22.62997      44.3025
22.63703      44.30225
22.65458      44.30162
22.66781      44.29959
22.6767       44.29581
22.6852       44.28878
22.69086      44.2812
22.69736      44.26631
22.6957       44.25478
22.68628      44.23997
22.68378      44.22636
22.68583      44.22
22.69195      44.2152
22.70253      44.21281
22.712        44.2107
22.73111      44.21073
22.76961      44.20645
22.77647      44.20417
22.7795       44.19764
22.77811      44.19047
22.78033      44.1862
22.81475      44.16753
22.82681      44.16361
22.84067      44.15678
22.85656      44.15256
22.88369      44.13778
22.88375      44.13775
22.88567      44.13673
22.88811      44.13539
22.90517      44.12611
22.93867      44.11142
22.94089      44.11045
22.95214      44.10878
22.97397      44.11
22.99322      44.10725
23.0115       44.10972
23.02642      44.11003
23.03522      44.10667
23.04275      44.0987
23.05067      44.0852
23.05345      44.07681
23.05236      44.06003
23.05075      44.05542
23.04917      44.05097
23.03628      44.03539
23.02456      44.02559
22.98661      44.00545
22.95114      44.00464
22.93883      44.00278
22.93514      44.00223
22.91739      43.99723
22.91192      43.99403
22.90686      43.99364
22.89739      43.98847
22.89514      43.9845
22.8975       43.9825
22.88539      43.96556
22.88245      43.95331
22.86597      43.92656
22.86183      43.91336
22.86081      43.91009
22.8552       43.89978
22.85434      43.88967
22.85831      43.87834
22.86964      43.86111
22.88117      43.85053
22.89033      43.84603
22.91214      43.84203
22.92795      43.84192
22.94553      43.83934
22.95603      43.83584
22.99797      43.82195
23.01275      43.81856
23.02106      43.81725
23.03428      43.81817
23.05495      43.81639
23.07992      43.81634
23.12053      43.81914
23.12428      43.81995
23.14858      43.82514
23.1945       43.83861
23.20389      43.84489
23.21786      43.84903
23.24453      43.85245
23.28586      43.86356
23.28931      43.8645
23.2907       43.86775
23.33397      43.86367
23.35109      43.86331
23.36589      43.85942
23.37447      43.85878
23.39069      43.86253
23.39989      43.86189
23.43592      43.86761
23.45325      43.86703
23.46614      43.86492
23.48903      43.85784
23.53183      43.84059
23.56425      43.82164
23.57867      43.8182
23.61142      43.80406
23.62347      43.80328
23.66717      43.81283
23.69         43.82289
23.71936      43.82353
23.72589      43.8225
23.76558      43.81617
23.78814      43.81453
23.81853      43.79636
23.84697      43.78411
23.85497      43.7825
23.86489      43.77431
23.8717       43.77106
23.9175       43.76498
23.93225      43.76058
23.94364      43.76042
23.94545      43.76209
23.949        43.76175
23.95495      43.7612
23.96872      43.75745
23.98256      43.75872
23.98358      43.75853
23.98925      43.75753
24            43.75323
24            43.7437
23.99461      43.74531
23.98358      43.74734
23.98139      43.74775
23.96433      43.75089
23.93322      43.74845
23.89472      43.75358
23.87558      43.75764
23.87131      43.76095
23.85434      43.76506
23.82397      43.77725
23.82125      43.78086
23.81745      43.7812
23.81722      43.78556
23.812        43.78636
23.78058      43.79117
23.75089      43.80795
23.74478      43.80984
23.72808      43.80867
23.71758      43.8102
23.70686      43.80964
23.68906      43.81142
23.68047      43.81075
23.654        43.80028
23.62067      43.79722
23.6077       43.79775
23.59286      43.80281
23.56731      43.80753
23.55953      43.8105
23.55031      43.81686
23.54761      43.8195
23.52908      43.82814
23.49547      43.84014
23.4592       43.84911
23.44742      43.85584
23.43203      43.85878
23.41747      43.85972
23.41745      43.85972
23.4167       43.85978
23.41539      43.85956
23.41297      43.86003
23.39928      43.85742
23.38828      43.85534
23.34867      43.85659
23.27125      43.85036
23.24986      43.84181
23.24625      43.84037
23.24078      43.83931
23.23247      43.83773
23.19972      43.83147
23.19717      43.83039
23.163        43.81592
23.14497      43.80828
23.1125       43.80692
23.09531      43.80403
23.08917      43.80109
23.07053      43.80111
23.05236      43.79864
22.99836      43.80223
22.9957       43.80445
22.99103      43.80795
22.96795      43.81239
22.94231      43.82637
22.93553      43.82842
22.92633      43.829
22.91803      43.83008
22.89939      43.83859
22.86409      43.85036
22.8407       43.87678
22.83889      43.88406
22.83933      43.89575
22.84658      43.90956
22.85089      43.92028
22.84958      43.92525
22.8515       43.93817
22.86708      43.95092
22.8795       43.98009
22.87958      43.98025
22.88811      43.99372
22.88878      43.99475
22.88881      43.99481
22.88889      43.99492
22.88986      43.99645
22.89089      43.99706
22.90022      44.00256
22.90645      44.00492
22.907        44.00511
22.91853      44.01264
22.95575      44.01581
22.97675      44.01953
22.99975      44.02656
23.01261      44.03342
23.03036      44.04756
23.03672      44.0565
23.03872      44.0642
23.04025      44.07017
23.03845      44.07628
23.03531      44.08695
23.0307       44.09389
23.02145      44.09886
23.01108      44.10192
22.99942      44.10295
22.998        44.10281
22.99447      44.10261
22.99331      44.10256
22.99322      44.10256
22.98564      44.10217
22.97317      44.09897
22.96106      44.09923
22.92211      44.10656
22.91236      44.10964
22.90714      44.1132
22.87795      44.13314
22.86347      44.13995
22.84734      44.1435
22.83183      44.15142
22.81139      44.15686
22.80181      44.162
22.76761      44.18592
22.7542       44.19531
22.746        44.19845
22.72058      44.20231
22.70047      44.20292
22.692        44.20558
22.68011      44.21567
22.67942      44.21633
22.67359      44.22206
22.67481      44.23128
22.68528      44.25525
22.68814      44.26184
22.68828      44.26873
22.67861      44.28303
22.67122      44.28781
22.65661      44.29137
22.63192      44.29339
22.61686      44.2972
22.61533      44.29759
22.60811      44.29759
22.59845      44.29761
22.57297      44.30533
22.57175      44.30611
22.55117      44.31939
22.53642      44.33717
22.52361      44.34584
22.51875      44.34678
22.50883      44.3597
22.50556      44.37311
22.50089      44.38784
22.50217      44.40025
22.49839      44.41181
22.49364      44.41964
22.48742      44.42559
22.47528      44.43358
22.466        44.44039
22.46578      44.44056
22.45067      44.46197
22.4512       44.465
22.45397      44.48092
22.46339      44.48748
22.47789      44.49011
22.48631      44.48884
22.50247      44.48262
22.50911      44.48236
22.51433      44.48217
22.52809      44.48247
22.53733      44.48672
22.54886      44.49497
22.55372      44.50228
22.57139      44.55158
22.57772      44.55664
22.58367      44.55847
22.61492      44.55914
22.63547      44.55956
22.64461      44.55739
22.66428      44.54278
22.69067      44.52795
22.69656      44.52634
22.70914      44.52934
22.72536      44.53064
22.74295      44.5352
22.75536      44.54048
22.75828      44.54264
22.75853      44.54284
22.76053      44.54434
22.76161      44.54859
22.76186      44.54956
22.76214      44.55006
22.76356      44.55522
22.7615       44.56156
22.76017      44.56331
22.75975      44.56386
22.75095      44.57545
22.72945      44.59247
22.70784      44.60725
22.68045      44.6177
22.66586      44.61989
22.63708      44.61745
22.61345      44.62178
22.60325      44.62528
22.58989      44.63233
22.58061      44.64047
22.55547      44.65439
22.54264      44.66672
22.50272      44.6947
22.49614      44.69931
22.49122      44.70072
22.47433      44.71131
22.45978      44.71692
22.45364      44.71736
22.43056      44.71275
22.3912       44.68297
22.37872      44.67811
22.3705       44.67664
22.35792      44.67534
22.33359      44.67283
22.32264      44.66942
22.30925      44.66014
22.30139      44.64653
22.29208      44.63878
22.2777       44.63039
22.27253      44.62286
22.26506      44.60464
22.2515       44.58606
22.22934      44.55567
22.20958      44.52367
22.2005       44.51342
22.19508      44.49758
22.18886      44.4877
22.17403      44.47397
22.16078      44.47159
22.14506      44.47206
22.13367      44.47456
22.08017      44.49406
22.07531      44.49867
22.05739      44.53231
22.0477       44.54156
22.04728      44.54195
22.03064      44.55295
22.02034      44.56464
22.01359      44.57995
22.01939      44.59809
22.01592      44.60483
22.00789      44.61228
21.99656      44.62853
21.99111      44.6322
21.96267      44.63575
21.91508      44.64672
21.91225      44.64614
21.89884      44.64531
21.87978      44.65042
21.85497      44.65139
21.84211      44.65539
21.81609      44.65558
21.80711      44.65909
21.77172      44.66
21.76833      44.6595
21.74956      44.6567
21.73642      44.65631
21.72831      44.65731
21.70917      44.66286
21.66939      44.66606
21.65242      44.6655
21.62931      44.669
21.61945      44.67495
21.61558      44.68189
21.61495      44.68981
21.61317      44.71114
21.60944      44.72703
21.59939      44.74517
21.5895       44.758
21.5765       44.76634
21.56789      44.76889
21.55547      44.77109
21.51897      44.77256
21.49442      44.77389
21.47706      44.76364
21.46761      44.76311
21.44075      44.76647
21.43653      44.76375
21.43528      44.76003
21.44006      44.75039
21.43875      44.74711
21.43781      44.74647
21.4315       44.74239
21.4252       44.74095
21.41347      44.74267
21.39903      44.75228
21.39589      44.76225
21.39483      44.76561
21.39681      44.77514
21.39536      44.78011
21.3682       44.81778
21.36003      44.82245
21.34886      44.82464
21.34031      44.82308
21.3377       44.82178
21.32956      44.81772
21.32214      44.81139
21.3137       44.80092
21.31153      44.79825
21.28633      44.79584
21.27689      44.79697
21.26389      44.79175
21.24075      44.7877
21.22689      44.78528
21.21703      44.78067
21.20631      44.77272
21.19222      44.76817
21.18308      44.76311
21.18086      44.76061
21.16575      44.74364
21.16383      44.74309
21.15606      44.74084
21.14511      44.73478
21.1382       44.73303
21.12781      44.73411
21.11161      44.73214
21.09714      44.72567
21.09022      44.72367
21.08764      44.72292
21.07967      44.72061
21.04045      44.72042
21.01322      44.72267
20.99928      44.72059
20.96706      44.70603
20.95511      44.69711
20.94442      44.68578
20.93386      44.679
20.90556      44.66717
20.89281      44.66464
20.88667      44.66342
20.85867      44.66397
20.85472      44.6617
20.83372      44.65989
20.81247      44.66334
20.80753      44.66145
20.79511      44.66056
20.78128      44.6637
20.7525       44.66534
20.74264      44.66733
20.7295       44.68017
20.71678      44.69256
20.69728      44.7062
20.68672      44.71756
20.67494      44.73986
20.65595      44.74595
20.63972      44.75584
20.62308      44.77259
20.62206      44.77547
20.61886      44.78453
20.62422      44.80022
20.63953      44.82495
20.64056      44.83603
20.63739      44.83861
20.63042      44.84028
20.60392      44.84386
20.58706      44.84775
20.57686      44.84672
20.56472      44.84214
20.55892      44.83995
20.53264      44.83
20.52411      44.82836
20.50514      44.828
20.49195      44.83036
20.48528      44.83156
20.46631      44.83497
20.44756      44.82703
20.44628      44.8212
20.44639      44.82017
20.44828      44.80359
20.44861      44.80067
20.44758      44.79625
20.44708      44.79414
20.44208      44.78995
20.43892      44.78981
20.41653      44.78889
20.41261      44.78873
20.37175      44.77414
20.3665       44.77228
20.32733      44.74231
20.32331      44.73923
20.31908      44.73117
20.31617      44.71467
20.31725      44.69131
20.30656      44.67528
20.29564      44.66683
20.27931      44.66083
20.27136      44.65989
20.26239      44.66258
20.24558      44.67147
20.23192      44.684
20.23008      44.69422
20.24019      44.70953
20.2415       44.71489
20.23717      44.71878
20.23517      44.71958
20.2295       44.71834
20.22481      44.71381
20.22314      44.7122
20.20978      44.68636
20.20458      44.68122
20.19392      44.67623
20.18925      44.67561
20.18408      44.67495
20.17064      44.67736
20.16611      44.68033
20.16481      44.69611
20.16378      44.70822
20.16122      44.71092
20.16047      44.7117
20.157        44.71378
20.14642      44.71614
20.13864      44.71684
20.1357       44.71711
20.12642      44.71178
20.11936      44.7077
20.11161      44.70325
20.06375      44.69186
20.04667      44.68142
20.02486      44.67547
20.01183      44.66873
20            44.65661
19.98606      44.64236
19.98122      44.63742
19.97178      44.63317
19.9575       44.63161
19.93928      44.63623
19.92456      44.64359
19.91814      44.654
19.91872      44.65703
19.92214      44.66067
19.92983      44.66345
19.94111      44.66598
19.96408      44.66739
19.98136      44.6735
19.99333      44.68092
19.99761      44.68531
19.99833      44.68995
19.99375      44.69611
19.98864      44.69834
19.94878      44.68814
19.94247      44.68653
19.93347      44.68642
19.9175       44.69073
19.90011      44.69884
19.88375      44.70106
19.86786      44.71247
19.85617      44.71589
19.82394      44.73709
19.80983      44.74425
19.80019      44.74597
19.77986      44.74972
19.76886      44.74995
19.74031      44.74653
19.73097      44.74917
19.70606      44.769
19.70425      44.77042
19.70233      44.77195
19.69917      44.77614
19.6942       44.78267
19.69342      44.79392
19.69272      44.81478
19.69517      44.82092
19.69681      44.82275
19.70045      44.82683
19.70845      44.83578
19.73181      44.86806
19.73911      44.88187
19.75333      44.89722
19.75672      44.90364
19.75528      44.90747
19.74739      44.91086
19.72006      44.91239
19.71425      44.9127
19.71008      44.91495
19.70083      44.92678
19.69569      44.92922
19.67531      44.92678
19.66545      44.93072
19.661        44.93506
19.66156      44.94192
19.65858      44.94917
19.65022      44.95895
19.64378      44.96145
19.64         44.96289
19.63733      44.96267
19.61761      44.961
19.60622      44.96417
19.60217      44.96664
19.59261      44.97245
19.59183      44.97292
19.5815       44.97295
19.56717      44.97614
19.54686      44.98564
19.53506      44.98514
19.51836      44.98103
19.50083      44.9815
19.47983      44.97562
19.47836      44.9752
19.45845      44.97414
19.45611      44.97245
19.45461      44.97136
19.4537       44.96831
19.45489      44.956
19.44956      44.95309
19.44247      44.95286
19.429        44.95703
19.42061      44.9567
19.40858      44.94895
19.39133      44.9435
19.3825       44.93925
19.39728      44.93517
19.40264      44.93114
19.40378      44.9202
19.40039      44.91614
19.39931      44.91484
19.39108      44.91106
19.37864      44.90978
19.35133      44.91831
19.33261      44.91822
19.33172      44.91264
19.3362       44.90834
19.35311      44.90256
19.35778      44.89645
19.36689      44.89614
19.37108      44.89364
19.37161      44.88953
19.36772      44.88239
19.36847      44.87923
19.37806      44.8702
19.37678      44.86423
19.37567      44.859
19.37136      44.85481
19.36392      44.85261
19.36236      44.85214
19.36181      44.84925
19.36178      44.84911
19.3655       44.84292
19.35914      44.83008
19.35486      44.8015
19.34647      44.78439
19.35131      44.77458
19.34908      44.76961
19.34039      44.76467
19.34108      44.75942
19.3467       44.75095
19.34792      44.74906
19.34553      44.74523
19.33689      44.74237
19.32467      44.73003
19.32558      44.72067
19.31253      44.70809
19.31117      44.70314
19.30631      44.69845
19.29792      44.69375
19.29633      44.69322
19.28436      44.68914
19.27883      44.68464
19.27553      44.67337
19.26392      44.65903
19.25997      44.65
19.25458      44.63675
19.25247      44.63156
19.24539      44.62672
19.24261      44.6187
19.22597      44.60609
19.22775      44.59997
19.22686      44.59464
19.22011      44.58981
19.21594      44.58239
19.21222      44.58222
19.20669      44.582
19.19903      44.584
19.19539      44.58236
19.18753      44.574
19.18356      44.56753
19.18625      44.56425
19.195        44.56075
19.19611      44.55836
19.19739      44.55559
19.19592      44.54975
19.17758      44.53331
19.17286      44.52539
19.16778      44.5225
19.13786      44.52025
19.12958      44.51961
19.12736      44.51211
19.12711      44.51125
19.12542      44.50967
19.12436      44.5087
19.12383      44.51609
19.12683      44.52189
19.14383      44.52639
19.15195      44.52492
19.15403      44.52456
19.16286      44.52561
19.16922      44.52859
19.17306      44.53575
19.18875      44.54811
19.19311      44.55622
19.19225      44.55836
19.19161      44.55858
19.18142      44.56209
19.17964      44.57048
19.18878      44.58164
19.19261      44.58631
19.19886      44.58878
19.20031      44.58875
19.21289      44.58839
19.21878      44.60211
19.22367      44.6135
19.23303      44.62542
19.24383      44.6335
19.25245      44.6557
19.27308      44.67712
19.27486      44.68806
19.2785       44.69197
19.28319      44.69298
19.29139      44.69928
19.30039      44.70198
19.30222      44.70253
19.31189      44.71273
19.32069      44.72586
19.32031      44.73136
19.32514      44.73859
19.33142      44.74475
19.34086      44.74884
19.33483      44.75786
19.3337       44.76398
19.33592      44.7692
19.34031      44.77017
19.34497      44.77373
19.34253      44.778
19.33953      44.78322
19.34764      44.79756
19.35219      44.81189
19.35011      44.81775
19.35097      44.82587
19.35869      44.84314
19.35844      44.84392
19.35539      44.8535
19.35872      44.85764
19.36789      44.85889
19.36856      44.85897
19.37272      44.86309
19.37097      44.8657
19.36525      44.87417
19.36178      44.88492
19.35981      44.89106
19.35897      44.89111
19.35247      44.89153
19.34578      44.89197
19.31725      44.90442
19.3115       44.90692
19.307        44.907
19.30617      44.907
19.30047      44.90711
19.29739      44.90603
19.28597      44.902
19.27761      44.90167
19.26106      44.90581
19.25589      44.90711
19.24692      44.90333
19.22531      44.89422
19.21758      44.89395
19.2117       44.897
19.20467      44.90595
19.20395      44.907
19.19983      44.91297
19.19525      44.91589
19.18453      44.91861
19.17169      44.91798
19.15542      44.90697
19.14747      44.90342
19.13336      44.90039
19.12053      44.88848
19.11786      44.886
19.11178      44.88328
19.106        44.88242
19.09119      44.88025
19.09094      44.87997
19.0855       44.87411
19.08022      44.86845
19.07092      44.86323
19.06736      44.86272
19.06425      44.86228
19.0515       44.8622
19.042        44.86214
19.04578      44.86517
19.05172      44.86647
19.06092      44.8655
19.06506      44.86617
19.0685       44.86672
19.072        44.86886
19.07656      44.87164
19.08747      44.88128
19.09239      44.88561
19.10597      44.88795
19.11736      44.89217
19.1295       44.90267
19.15025      44.90914
19.16033      44.91581
19.17183      44.92164
19.1837       44.92242
19.19483      44.92136
19.20128      44.91906
19.21181      44.9032
19.21239      44.90267
19.21658      44.89892
19.22256      44.89795
19.22972      44.89981
19.23075      44.90031
19.25097      44.91
19.25992      44.91083
19.27189      44.90725
19.27808      44.90539
19.28445      44.90625
19.28506      44.9065
19.29333      44.90987
19.30356      44.91053
19.30592      44.9107
19.30647      44.91072
19.32728      44.90475
19.33211      44.90239
19.34042      44.89828
19.34506      44.89997
19.33472      44.90481
19.33006      44.90817
19.32861      44.9107
19.32753      44.91258
19.32961      44.92125
19.35275      44.92234
19.37472      44.91506
19.38539      44.91506
19.39311      44.91764
19.39925      44.92264
19.39931      44.92956
19.39428      44.93336
19.37464      44.93759
19.37131      44.94081
19.37153      44.94403
19.37447      44.94631
19.39258      44.94864
19.40817      44.9547
19.42444      44.96203
19.44461      44.95623
19.45239      44.9572
19.44839      44.97187
19.4485       44.97245
19.44914      44.97606
19.45261      44.97903
19.48444      44.98067
19.50103      44.98498
19.51931      44.98409
19.53675      44.98889
19.54383      44.98912
19.54592      44.98853
19.55053      44.98725
19.57117      44.98031
19.58883      44.97709
19.5907       44.97675
19.60003      44.97245
19.60558      44.96989
19.60822      44.96867
19.61467      44.96633
19.63495      44.96717
19.63689      44.96692
19.64708      44.96564
19.65436      44.96197
19.65847      44.95764
19.67097      44.93292
19.67542      44.93114
19.69517      44.93331
19.70139      44.93256
19.70756      44.92972
19.72164      44.91861
19.72372      44.91698
19.73861      44.91358
19.74256      44.91447
19.74733      44.91353
19.75794      44.91453
19.76469      44.90967
19.76544      44.90625
19.76258      44.89803
19.74881      44.88431
19.74008      44.86903
19.72714      44.8565
19.72339      44.84775
19.70861      44.82934
19.70728      44.82664
19.7045       44.82103
19.7007       44.79253
19.70264      44.78483
19.70725      44.77934
19.70911      44.77711
19.71306      44.77242
19.71325      44.77217
19.73103      44.75881
19.73542      44.75725
19.78092      44.75667
19.80081      44.75417
19.82686      44.74714
19.83581      44.74267
19.8607       44.72175
19.86381      44.71911
19.90264      44.70175
19.93514      44.7017
19.94103      44.70367
19.94875      44.7037
19.96331      44.70045
19.99281      44.70111
19.99692      44.69906
20            44.69448
20.00358      44.68911
20.00375      44.68523
20            44.68148
19.99886      44.68033
19.97461      44.66553
19.94622      44.66353
19.92936      44.6595
19.92494      44.65625
19.92458      44.65117
19.93442      44.64167
19.94569      44.63811
19.95147      44.63628
19.96536      44.63575
19.97228      44.63711
20            44.66314
20.00345      44.66637
20.02461      44.68281
20.03725      44.69003
20.06489      44.69836
20.0845       44.70131
20.10061      44.70375
20.11081      44.70711
20.11628      44.71
20.13669      44.72075
20.13836      44.72164
20.14661      44.72281
20.15556      44.72059
20.16356      44.71611
20.16486      44.71539
20.16883      44.70898
20.16897      44.70103
20.16922      44.68648
20.17139      44.68178
20.18531      44.67825
20.19072      44.67881
20.1915       44.67914
20.20022      44.68281
20.20372      44.68559
20.20522      44.68678
20.21781      44.7112
20.22667      44.72067
20.23189      44.72283
20.23967      44.72237
20.24483      44.71947
20.24789      44.7125
20.2467       44.70623
20.23572      44.69825
20.23625      44.68817
20.24494      44.67972
20.26642      44.66925
20.2782       44.66945
20.29242      44.66964
20.29842      44.67345
20.30445      44.68803
20.30972      44.69247
20.31231      44.70067
20.30942      44.72003
20.3122       44.73511
20.32144      44.74556
20.32444      44.74895
20.33875      44.75598
20.34817      44.76364
20.35194      44.77006
20.36128      44.78025
20.36797      44.78753
20.38008      44.7942
20.39433      44.79914
20.41025      44.801
20.4275       44.79945
20.43606      44.79489
20.43983      44.79578
20.44244      44.79825
20.44236      44.79883
20.44128      44.80678
20.44089      44.80961
20.43917      44.82231
20.43908      44.82286
20.4385       44.8272
20.43061      44.83431
20.42933      44.8392
20.42775      44.84517
20.42219      44.85153
20.41083      44.858
20.38156      44.86872
20.37192      44.874
20.3702       44.87495
20.3545       44.89908
20.33631      44.91962
20.32175      44.93395
20.30628      44.94475
20.29708      44.95434
20.29078      44.96706
20.29142      44.97245
20.29225      44.97931
20.29581      44.98756
20.30447      44.99656
20.31114      45
20.32956      45
20.306        44.98884
20.30039      44.98161
20.29858      44.97245
20.29814      44.97025
20.29961      44.9632
20.30553      44.95389
20.31714      44.94309
20.35072      44.9207
20.35833      44.91056
20.35981      44.90525
20.36167      44.89858
20.36681      44.89039
20.3835       44.87411
20.43217      44.85461
20.43997      44.84839
20.45256      44.8427
20.46117      44.84064
20.49019      44.83778
20.49245      44.83756
20.4957       44.83725
20.50256      44.83658
20.52175      44.83789
20.59472      44.86289
20.60731      44.86289
20.6305       44.85706
20.63892      44.85086
20.64517      44.84367
20.64631      44.84234
20.64994      44.83287
20.651        44.82328
20.63947      44.81095
20.63467      44.80195
20.63364      44.77617
20.63719      44.76717
20.64492      44.75842
20.65558      44.75211
20.68761      44.74172
20.68653      44.73981
20.70795      44.70564
20.71628      44.70089
20.76722      44.67189
20.77378      44.67364
20.79619      44.66842
20.81236      44.66745
20.8765       44.67181
20.87806      44.67192
20.88658      44.6735
20.89697      44.67842
20.92325      44.6975
20.93275      44.70192
20.95964      44.70909
20.96442      44.71208
20.98469      44.72486
20.99947      44.73114
21.01922      44.73286
21.02464      44.73184
21.05464      44.72623
21.06647      44.72706
21.0812       44.73081
21.1112       44.74886
21.12042      44.74981
21.12756      44.74925
21.13225      44.7472
21.14228      44.74681
21.14761      44.74797
21.15675      44.75328
21.17356      44.77045
21.18067      44.77767
21.18803      44.78128
21.2212       44.79075
21.2522       44.80264
21.26347      44.80892
21.31206      44.82878
21.32606      44.83042
21.33475      44.83067
21.33761      44.83075
21.34633      44.83395
21.35931      44.83298
21.37514      44.82595
21.37706      44.82575
21.38422      44.825
21.38828      44.81992
21.38995      44.81414
21.39506      44.79639
21.40033      44.78861
21.40875      44.78467
21.41411      44.78339
21.41595      44.78275
21.4167       44.78278
21.43564      44.78297
21.47111      44.78539
21.49289      44.784
21.55139      44.78028
21.55942      44.777
21.57272      44.77578
21.58003      44.77339
21.58622      44.76986
21.60244      44.76067
21.61456      44.74472
21.62597      44.72209
21.63695      44.72167
21.64892      44.7172
21.65564      44.70717
21.68817      44.68184
21.69434      44.67781
21.70353      44.67178
21.73303      44.66167
21.74595      44.66089
21.75986      44.66312
21.77381      44.66881
21.79134      44.67031
21.8257       44.66292
21.86003      44.66308
21.86942      44.66236
21.8847       44.65639
21.89836      44.65425
21.93086      44.65317
21.94731      44.64862
21.96436      44.64089
21.98964      44.64153
22.00192      44.63311
22.00692      44.6237
22.01347      44.61458
22.01703      44.61161
22.02867      44.60195
22.03325      44.56361
22.06006      44.54228
22.07022      44.53195
22.0855       44.503
22.08833      44.50175
22.11575      44.48962
22.13906      44.48281
22.15031      44.48192
22.16144      44.48286
22.17078      44.486
22.17947      44.49303
22.18667      44.5025
22.20886      44.54045
22.22286      44.56045
22.23492      44.57334
22.26495      44.62162
22.26586      44.63381
22.2682       44.63667
22.27294      44.63731
22.28003      44.64084
22.29006      44.64789
22.29639      44.65272
22.29958      44.66089
22.31211      44.67242
22.31947      44.67684
22.32539      44.67892
22.35995      44.68033
22.36508      44.68031
22.37797      44.68358
22.38814      44.68903
22.40939      44.70825
 1             2             2 
1
 -9999.0   ,   9990.0
   7
 23 
22.59161      44.30767
22.59533      44.3092
22.5875       44.31989
22.56345      44.33409
22.55656      44.3407
22.55214      44.34856
22.55214      44.35245
22.56006      44.36997
22.56036      44.37433
22.55486      44.38375
22.53264      44.40261
22.52208      44.40925
22.5182       44.41167
22.50867      44.4152
22.50495      44.41367
22.50497      44.4052
22.50886      44.38792
22.51806      44.36809
22.53211      44.34731
22.54325      44.33536
22.56733      44.31681
22.56947      44.316
22.59161      44.30767
 1             2             3 
1
 -9999.0   ,   9990.0
   7
 19 
21.6622       44.67445
21.67233      44.67584
21.67695      44.67811
21.6715       44.68153
21.66075      44.69364
21.65045      44.70075
21.64378      44.71028
21.64047      44.71236
21.63731      44.71436
21.62683      44.71639
21.62495      44.70895
21.62589      44.68745
21.626        44.68508
21.62608      44.68284
21.62831      44.68014
21.63044      44.67756
21.63878      44.67425
21.65783      44.67442
21.6622       44.67445
 1             2             4 
1
 -9999.0   ,   9990.0
   7
 22 
21.43028      44.76395
21.43053      44.76575
21.43506      44.76873
21.44397      44.76986
21.46061      44.76745
21.476        44.76795
21.48047      44.77161
21.47314      44.77425
21.44067      44.7775
21.40564      44.77373
21.40231      44.7715
21.40078      44.76664
21.39961      44.76286
21.40208      44.7572
21.40239      44.7552
21.40758      44.75042
21.41642      44.74534
21.42583      44.74442
21.43295      44.7475
21.43325      44.7542
21.43017      44.76298
21.43028      44.76395
 1             2             5 
1
 -9999.0   ,   9990.0
   7
 10 
20.63664      44.84247
20.6375       44.8462
20.63275      44.85145
20.62264      44.85525
20.60617      44.85847
20.59939      44.85856
20.59453      44.85597
20.59267      44.85242
20.59742      44.85017
20.63664      44.84247
 1             2             6 
1
 -9999.0   ,   9990.0
   7
 11 
20.94592      44.69517
20.949        44.69784
20.94981      44.70064
20.93625      44.69831
20.92417      44.69292
20.90531      44.67864
20.90933      44.67703
20.915        44.67825
20.91792      44.67961
20.9395       44.68964
20.94592      44.69517
 1             2             7 
1
 -9999.0   ,   9990.0
   7
 10 
23.80836      43.7915
23.80817      43.79492
23.7962       43.80009
23.79539      43.80303
23.7672       43.81003
23.76653      43.80556
23.76842      43.80411
23.7707       43.80223
23.78481      43.7945
23.80836      43.7915
 1             2             8 
1
 -9999.0   ,   9990.0
   7
 10 
21.30428      44.80317
21.30986      44.80528
21.31786      44.81233
21.31895      44.81445
21.31745      44.81667
21.3095       44.81558
21.28733      44.80853
21.28445      44.80517
21.29081      44.80273
21.30428      44.80317
 1             2             9 
1
 -9999.0   ,   9990.0
   7
 7 
19.93645      44.69097
19.9622       44.69625
19.95125      44.699
19.91783      44.69856
19.91525      44.69611
19.924        44.69298
19.93645      44.69097
 1             2             10 
1
 -9999.0   ,   9990.0
   7
 9 
20.428        44.79503
20.42278      44.79706
20.41003      44.79731
20.39797      44.79547
20.38331      44.78864
20.37867      44.784
20.38267      44.78286
20.39681      44.78897
20.428        44.79503
 1             2             11 
1
 -9999.0   ,   9990.0
   7
 9 
23.00781      43.81311
23.00825      43.81017
23.01925      43.80664
23.03264      43.80506
23.03917      43.80667
23.0335       43.81089
23.03183      43.81214
23.0077       43.81381
23.00781      43.81311
 1             2             12 
1
 -9999.0   ,   9990.0
   7
 9 
23.48614      43.8507
23.49033      43.85192
23.46228      43.86089
23.44878      43.86436
23.44414      43.86284
23.46383      43.857
23.47003      43.85525
23.48611      43.8507
23.48614      43.8507
 1             2             13 
1
 -9999.0   ,   9990.0
   7
 7 
20.43936      44.83389
20.44378      44.83484
20.44728      44.83803
20.44356      44.84242
20.43422      44.84509
20.43381      44.84025
20.43936      44.83389
 1             2             14 
1
 -9999.0   ,   9990.0
   7
 8 
21.11245      44.73975
21.12672      44.74164
21.1277       44.74467
21.12303      44.74628
21.11597      44.74614
21.11072      44.74403
21.10908      44.7412
21.11245      44.73975
 1             2             15 
1
 -9999.0   ,   9990.0
   7
 6 
20.75764      44.67136
20.75042      44.67559
20.73647      44.67987
20.73683      44.67642
20.74411      44.67156
20.75764      44.67136
 1             2             16 
1
 -9999.0   ,   9990.0
   7
 10 
22.86431      43.93456
22.85975      43.93367
22.85553      43.93053
22.8552       43.92662
22.85825      43.92353
22.86111      43.92786
22.86147      43.92842
22.8657       43.93481
22.86436      43.93456
22.86431      43.93456
 1             2             17 
1
 -9999.0   ,   9990.0
   7
 7 
20.04958      44.69064
20.03689      44.68586
20.03622      44.68239
20.04417      44.68395
20.04933      44.68692
20.05089      44.68914
20.04958      44.69064
 1             2             18 
1
 -9999.0   ,   9990.0
   7
 8 
23.52264      43.838
23.51233      43.84389
23.51056      43.84261
23.50931      43.84172
23.52336      43.83392
23.52653      43.83606
23.52384      43.83734
23.52264      43.838
 1             2             19 
1
 -9999.0   ,   9990.0
   7
 6 
19.74975      44.75147
19.74419      44.75428
19.73547      44.75317
19.73503      44.75103
19.74336      44.74948
19.74975      44.75147
 1             2             20 
1
 -9999.0   ,   9990.0
   7
 6 
19.8357       44.73345
19.83658      44.73509
19.83375      44.73989
19.82681      44.73917
19.83156      44.73395
19.8357       44.73345
 1             2             21 
1
 -9999.0   ,   9990.0
   7
 7 
20.28031      44.66525
20.27883      44.66698
20.27289      44.66736
20.27164      44.66586
20.27231      44.66336
20.27789      44.66295
20.28031      44.66525
 1 
 1             3             
1
 -9999.0   ,   9990.0
   7
 17 
18.79936      44.95248
18.80331      44.95292
18.80714      44.94528
18.80292      44.93545
18.79617      44.93339
18.7795       44.93911
18.76025      44.9427
18.75967      44.94211
18.75653      44.93906
18.75314      44.94503
18.75739      44.94795
18.76422      44.9482
18.76708      44.9472
18.79078      44.93903
18.79836      44.94014
18.80125      44.94478
18.79936      44.95248
 1 
 1             4             
1
 -9999.0   ,   9990.0
   7
 7 
20.65156      44.84434
20.65503      44.84595
20.66542      44.84308
20.66472      44.8412
20.66172      44.84081
20.65489      44.84195
20.65156      44.84434
 1 
 1             5             
1
 -9999.0   ,   9990.0
   7
 17 
18.47917      44.50473
18.48631      44.51047
18.49322      44.51186
18.50331      44.5105
18.51856      44.50445
18.54553      44.49967
18.55511      44.49697
18.56086      44.49178
18.56256      44.48498
18.55969      44.48264
18.55369      44.48075
18.53967      44.48145
18.50767      44.48931
18.49217      44.491
18.48394      44.49453
18.48022      44.49797
18.47917      44.50473
 1 
 1             6             
1
 -9999.0   ,   9990.0
   7
 8 
22.78895      44.40506
22.77053      44.41675
22.76         44.42095
22.76203      44.42356
22.76983      44.42178
22.78056      44.41506
22.7917       44.40675
22.78895      44.40506
 1 
 1             7             
1
 -9999.0   ,   9990.0
   7
 9 
22.71567      44.41103
22.70981      44.41264
22.70675      44.41528
22.70639      44.41986
22.70875      44.42248
22.71222      44.42306
22.71875      44.42123
22.71972      44.4167
22.71567      44.41103
 1 
 1             8             
1
 -9999.0   ,   9990.0
   7
 7 
19.10942      44.36825
19.12111      44.367
19.12456      44.36517
19.1125       44.3572
19.10928      44.35975
19.10797      44.3647
19.10942      44.36825
 1 
 1             9             
1
 -9999.0   ,   9990.0
   7
 11 
21.12731      44.3592
21.13186      44.3585
21.13517      44.35409
21.13492      44.34522
21.13489      44.34442
21.12986      44.34347
21.12522      44.34509
21.12517      44.34522
21.12392      44.34845
21.12809      44.35464
21.12731      44.3592
 1 
 1             10            
1
 -9999.0   ,   9990.0
   7
 9 
22.67045      44.33272
22.66386      44.33959
22.66433      44.34189
22.67095      44.34306
22.6827       44.34786
22.68603      44.34181
22.68436      44.33853
22.67614      44.33731
22.67045      44.33272
 1 
 1             11            
1
 -9999.0   ,   9990.0
   7
 32 
19.12         44.34439
19.12336      44.34408
19.13006      44.34347
19.13553      44.34083
19.13961      44.33422
19.13817      44.32609
19.14172      44.31872
19.14825      44.31298
19.15819      44.30792
19.17003      44.29375
19.17442      44.29125
19.17972      44.28823
19.18753      44.28714
19.18886      44.28736
19.19536      44.28836
19.19847      44.28675
19.19531      44.28531
19.1807       44.27861
19.15325      44.28525
19.15547      44.29022
19.15414      44.29672
19.15353      44.29975
19.14895      44.30542
19.13528      44.31414
19.13297      44.31711
19.12986      44.32114
19.13097      44.32436
19.13445      44.33456
19.1307       44.33867
19.12861      44.33931
19.12203      44.34131
19.12         44.34439
 1 
 1             12            
1
 -9999.0   ,   9990.0
   7
 12 
22.85072      44.18053
22.84153      44.18914
22.82686      44.19847
22.81506      44.19873
22.79547      44.19661
22.79025      44.19847
22.78547      44.20289
22.7865       44.20614
22.83345      44.20397
22.84011      44.19986
22.85331      44.18453
22.85072      44.18053
 1 
 1             13            
1
 -9999.0   ,   9990.0
   7
 9 
22.95411      44.1125
22.94422      44.11284
22.93539      44.11664
22.91169      44.1282
22.91208      44.13164
22.94228      44.11806
22.95322      44.11592
22.95628      44.11328
22.95411      44.1125
 1 
 1             14            
1
 -9999.0   ,   9990.0
   7
 8 
23.0895       44.06981
23.07931      44.07498
23.07556      44.0785
23.07667      44.08106
23.08178      44.08078
23.08736      44.07775
23.08984      44.07395
23.0895       44.06981
 1 
 1             15            
1
 -9999.0   ,   9990.0
   7
 8 
23.04797      44.02206
23.04214      44.02367
23.04425      44.02536
23.07083      44.03112
23.07192      44.02931
23.07011      44.02787
23.0587       44.02311
23.04797      44.02206
 1 
 1             16            
1
 -9999.0   ,   9990.0
   7
 23 
19.41797      43.96303
19.40858      43.96422
19.40733      43.96406
19.38764      43.96145
19.3725       43.9655
19.35453      43.97647
19.32661      43.98561
19.32781      43.9887
19.33456      43.9857
19.33672      43.98539
19.34331      43.98445
19.35442      43.98703
19.35978      43.98511
19.36339      43.97684
19.37928      43.96928
19.38711      43.96556
19.39639      43.96525
19.40256      43.96664
19.40381      43.96692
19.41014      43.97192
19.41172      43.97011
19.41617      43.96509
19.41797      43.96303
 1 
 1             17            
1
 -9999.0   ,   9990.0
   7
 6 
23.27672      43.92781
23.26286      43.93675
23.26547      43.9405
23.27619      43.93606
23.27964      43.93181
23.27672      43.92781
 1 
 1             18            
1
 -9999.0   ,   9990.0
   7
 9 
23.25725      43.93037
23.24642      43.93117
23.24125      43.93259
23.24081      43.93464
23.2455       43.93547
23.24783      43.93853
23.25169      43.93775
23.25928      43.9332
23.25725      43.93037
 1 
 1             19            
1
 -9999.0   ,   9990.0
   7
 15 
23.19781      43.93109
23.20553      43.93161
23.21828      43.93525
23.22572      43.933
23.23495      43.92228
23.2325       43.92106
23.22961      43.92189
23.2247       43.92928
23.21914      43.93186
23.20425      43.92675
23.18114      43.92667
23.17628      43.92859
23.17831      43.93139
23.18631      43.93028
23.19781      43.93109
 1 
 1             20            
1
 -9999.0   ,   9990.0
   7
 29 
23.5812       43.8992
23.59964      43.89195
23.61597      43.8945
23.62922      43.89492
23.63481      43.89142
23.63564      43.888
23.61761      43.88264
23.62683      43.88153
23.62961      43.8775
23.62884      43.8745
23.62392      43.87184
23.60403      43.87123
23.5937       43.86953
23.58856      43.87053
23.58281      43.87437
23.57572      43.87908
23.56231      43.8812
23.55308      43.88734
23.5115       43.88948
23.50659      43.89231
23.50667      43.8962
23.51244      43.90056
23.51303      43.901
23.51386      43.90056
23.5235       43.89537
23.52761      43.89525
23.53967      43.89997
23.5717       43.90461
23.5812       43.8992
 1 
 1             21            
1
 -9999.0   ,   9990.0
   7
 6 
23.92428      43.899
23.93022      43.89459
23.92914      43.89089
23.92322      43.89531
23.9177       43.90411
23.92428      43.899
 1 
 1             22            
1
 -9999.0   ,   9990.0
   7
 7 
22.92325      43.89125
22.91186      43.89567
22.90542      43.90161
22.90589      43.90395
22.91828      43.90348
22.92695      43.89256
22.92325      43.89125
 1 
 1             23            
1
 -9999.0   ,   9990.0
   7
 10 
22.86797      43.90342
22.87628      43.89711
22.90081      43.87714
22.89742      43.87564
22.89083      43.87953
22.88275      43.88175
22.87983      43.88717
22.87178      43.89375
22.86825      43.89889
22.86797      43.90342
 1 
 1             24            
1
 -9999.0   ,   9990.0
   7
 7 
22.94897      43.88072
22.94033      43.88203
22.93439      43.8857
22.93709      43.88786
22.94122      43.88756
22.94945      43.88303
22.94897      43.88072
 1 
 1             25            
1
 -9999.0   ,   9990.0
   7
 7 
22.99964      43.85756
22.98195      43.86172
22.97597      43.86564
22.97742      43.86775
22.99995      43.86214
23.002        43.85992
22.99964      43.85756
 1 
 1             26            
1
 -9999.0   ,   9990.0
   7
 10 
23.84017      43.7587
23.79453      43.76725
23.79317      43.76928
23.79661      43.76961
23.80425      43.77417
23.8147       43.77381
23.82378      43.76925
23.83495      43.7675
23.84472      43.76203
23.84017      43.7587
 1 
 1             27            
1
 -9999.0   ,   9990.0
   7
 8 
22.59356      43.741
22.58597      43.74117
22.582        43.74353
22.59095      43.75467
22.59447      43.75411
22.59695      43.75053
22.59595      43.74295
22.59356      43.741
 1 
 1             28            
1
 -9999.0   ,   9990.0
   7
 6 
23.19256      43.60697
23.18678      43.60403
23.18078      43.60428
23.17939      43.60606
23.18734      43.61
23.19256      43.60697
 1 
 1             29            
1
 -9999.0   ,   9990.0
   7
 36 
19.81431      43.51734
19.81756      43.52167
19.82325      43.52159
19.83408      43.51539
19.84433      43.51167
19.85156      43.51189
19.86325      43.51678
19.87578      43.51756
19.88619      43.51503
19.8712       43.51108
19.86956      43.50911
19.87161      43.50236
19.87514      43.49937
19.88739      43.49717
19.89008      43.49042
19.90681      43.47975
19.91131      43.47384
19.9115       43.46973
19.90725      43.47084
19.90369      43.47681
19.88567      43.48786
19.88636      43.48997
19.88289      43.49272
19.87714      43.49328
19.87195      43.49708
19.86556      43.50289
19.86583      43.50845
19.86322      43.51195
19.8567       43.50853
19.83125      43.50761
19.82683      43.5025
19.824        43.50231
19.8227       43.50545
19.81456      43.51
19.81231      43.51306
19.81431      43.51734
 1 
 1             30            
1
 -9999.0   ,   9990.0
   7
 48 
18.8545       43.16239
18.84992      43.16822
18.84472      43.1812
18.84422      43.18242
18.84586      43.19158
18.8477       43.20175
18.84631      43.21036
18.84231      43.21823
18.82928      43.22925
18.82514      43.23853
18.82511      43.23925
18.82475      43.25006
18.82867      43.26081
18.8365       43.27014
18.83833      43.27234
18.842        43.27911
18.84539      43.28542
18.85086      43.28639
18.85375      43.28689
18.85544      43.28056
18.85356      43.27103
18.85075      43.26387
18.84356      43.25447
18.84256      43.24925
18.84464      43.24361
18.84606      43.23981
18.85342      43.23125
18.85542      43.2265
18.86086      43.2137
18.8635       43.18109
18.87053      43.17006
18.87236      43.16717
18.87392      43.1647
18.87783      43.15383
18.88167      43.13264
18.8765       43.12681
18.86783      43.12511
18.86156      43.11684
18.86103      43.11614
18.85806      43.11981
18.8577       43.12123
18.85739      43.12253
18.85642      43.12659
18.85783      43.13114
18.86178      43.1437
18.86081      43.14958
18.85983      43.15534
18.8545       43.16239
 1 
 1             31            
1
 -9999.0   ,   9990.0
   7
 8 
18.59042      43.16728
18.58314      43.16917
18.59295      43.17492
18.59542      43.17453
18.59411      43.17164
18.60061      43.17097
18.59939      43.16875
18.59042      43.16728
 1 
 1             32            
1
 -9999.0   ,   9990.0
   7
 6 
18.5072       43.15612
18.48967      43.16142
18.48656      43.1667
18.50428      43.16045
18.50767      43.15747
18.5072       43.15612
 1 
 1             33            
1
 -9999.0   ,   9990.0
   7
 11 
19.60342      42.90309
19.60453      42.90164
19.60553      42.89598
19.60378      42.89517
19.59742      42.89589
19.60114      42.89867
19.60011      42.89961
19.59656      42.90295
19.5985       42.90492
19.60267      42.90406
19.60342      42.90309
 1 
 1             34            
1
 -9999.0   ,   9990.0
   7
 39 
18.38986      42.70686
18.3955       42.70717
18.40683      42.71078
18.41211      42.70814
18.43383      42.70508
18.45153      42.70986
18.46994      42.71206
18.47633      42.71281
18.47742      42.71295
18.48331      42.71531
18.4915       42.72878
18.49136      42.73522
18.47011      42.75736
18.46095      42.78673
18.43919      42.80495
18.4327       42.8155
18.43286      42.81653
18.43383      42.82234
18.42956      42.82561
18.42789      42.82986
18.43067      42.83725
18.44692      42.83756
18.45781      42.82464
18.46492      42.80139
18.46625      42.78681
18.47294      42.76775
18.48497      42.752
18.50031      42.73186
18.50103      42.72514
18.49769      42.71847
18.49061      42.71389
18.48922      42.71162
18.4875       42.70883
18.48225      42.70664
18.46122      42.70531
18.43445      42.69745
18.40733      42.70225
18.39708      42.70225
18.38986      42.70686
 1 
 1             35            
1
 -9999.0   ,   9990.0
   7
 14 
21.28297      42.83467
21.28722      42.83575
21.30578      42.83395
21.32381      42.82453
21.33592      42.82147
21.34608      42.82117
21.34467      42.81933
21.33772      42.81881
21.32942      42.8145
21.32595      42.815
21.32353      42.82084
21.29694      42.83189
21.28911      42.83217
21.28297      42.83467
 1 
 1             36            
1
 -9999.0   ,   9990.0
   7
 9 
18.8817       42.78942
18.87372      42.79275
18.87189      42.79539
18.87269      42.79925
18.88856      42.79653
18.89728      42.78923
18.89208      42.78775
18.8895       42.78817
18.8817       42.78942
 1 
 1             37            
1
 -9999.0   ,   9990.0
   7
 20 
18.94128      42.72995
18.93117      42.72653
18.92117      42.72634
18.88781      42.73442
18.85808      42.74164
18.84064      42.74906
18.83756      42.75411
18.83789      42.76145
18.84756      42.76884
18.85817      42.77131
18.86336      42.76889
18.86464      42.76831
18.87022      42.76028
18.8712       42.75886
18.8782       42.75517
18.92408      42.75098
18.93789      42.747
18.94267      42.74298
18.94478      42.73522
18.94128      42.72995
 1 
 1             38            
1
 -9999.0   ,   9990.0
   7
 29 
22.33564      42.75861
22.34         42.75856
22.34233      42.74859
22.34795      42.74445
22.36267      42.74278
22.36675      42.73836
22.36822      42.73131
22.35411      42.733
22.35384      42.72864
22.35981      42.72361
22.35475      42.71703
22.35361      42.71556
22.35472      42.71331
22.35792      42.71206
22.3535       42.70523
22.35661      42.69686
22.35542      42.69247
22.34736      42.68822
22.3307       42.68706
22.32617      42.68917
22.32406      42.69228
22.32536      42.69556
22.33189      42.6995
22.32945      42.70675
22.33753      42.73439
22.33709      42.74031
22.33242      42.75206
22.33208      42.75639
22.33564      42.75861
 1 
 1             39            
1
 -9999.0   ,   9990.0
   7
 8 
23.43186      42.59334
23.42039      42.60395
23.41181      42.60734
23.40947      42.61025
23.41078      42.61397
23.42659      42.6037
23.43122      42.59859
23.43186      42.59334
 1 
 1             40            
1
 -9999.0   ,   9990.0
   7
 9 
19.92375      42.59003
19.92469      42.59514
19.921        42.6002
19.92847      42.60803
19.93328      42.6095
19.93836      42.60314
19.93795      42.59875
19.92872      42.59011
19.92375      42.59003
 1 
 1             41            
1
 -9999.0   ,   9990.0
   7
 8 
23.49375      42.55245
23.48647      42.5552
23.48433      42.55973
23.47744      42.56111
23.48656      42.56436
23.49158      42.56292
23.49389      42.56047
23.49375      42.55245
 1 
 1             42            
1
 -9999.0   ,   9990.0
   7
 10 
23.15889      42.52014
23.16058      42.52942
23.15483      42.53678
23.14836      42.54114
23.15775      42.54445
23.16417      42.55039
23.16689      42.54684
23.16203      42.5407
23.16519      42.53483
23.15889      42.52014
 1 
 1             43            
1
 -9999.0   ,   9990.0
   7
 49 
23.54767      42.51956
23.548        42.51383
23.56145      42.5115
23.57056      42.49803
23.58275      42.49061
23.6017       42.48364
23.60303      42.48184
23.59889      42.47875
23.59939      42.47556
23.60722      42.47328
23.61189      42.4677
23.62022      42.46795
23.62783      42.47
23.62872      42.46522
23.63103      42.46253
23.63828      42.46025
23.63867      42.45314
23.64375      42.45078
23.64647      42.44606
23.64606      42.44284
23.63253      42.44128
23.62933      42.43798
23.63058      42.43228
23.6287       42.42764
23.62542      42.43075
23.62397      42.44009
23.61689      42.43964
23.61542      42.44372
23.60186      42.44309
23.57417      42.45711
23.56817      42.44867
23.55839      42.44678
23.55083      42.44906
23.56728      42.45872
23.56769      42.4622
23.56031      42.47228
23.55597      42.48314
23.54861      42.49275
23.54795      42.4987
23.54272      42.50334
23.53742      42.50434
23.53317      42.50809
23.52178      42.51256
23.52286      42.51534
23.53608      42.51139
23.5385       42.51217
23.53658      42.5185
23.539        42.51873
23.54767      42.51956
 1 
 1             44            
1
 -9999.0   ,   9990.0
   7
 6 
22.87522      42.42623
22.8697       42.43473
22.86945      42.43817
22.87897      42.43922
22.88         42.43764
22.87522      42.42623
 1 
 1             45            
1
 -9999.0   ,   9990.0
   7
 12 
19.16247      42.3252
19.1645       42.33109
19.16417      42.33303
19.16097      42.35108
19.16564      42.35808
19.1762       42.36022
19.18411      42.35411
19.18667      42.34164
19.1827       42.32917
19.1762       42.32917
19.17078      42.32759
19.16247      42.3252
 2 
 1             46            
1
 -9999.0   ,   9990.0
   7
 187 
19.1597       42.26795
19.16772      42.27772
19.17081      42.2777
19.17425      42.27495
19.17178      42.27017
19.18119      42.26673
19.18436      42.26142
19.18653      42.24937
19.18875      42.25578
19.19014      42.25975
19.19556      42.26567
19.21306      42.26667
19.22106      42.26931
19.22631      42.26945
19.23353      42.26628
19.24417      42.26773
19.25331      42.264
19.2695       42.26536
19.29297      42.25345
19.29986      42.25278
19.30847      42.25567
19.31764      42.25631
19.32811      42.25175
19.33542      42.246
19.33911      42.24309
19.34247      42.24333
19.34206      42.25159
19.35045      42.26089
19.358        42.26486
19.35617      42.26706
19.34622      42.2675
19.3427       42.26359
19.33514      42.26214
19.33331      42.25717
19.32917      42.26056
19.33181      42.2665
19.32825      42.275
19.32995      42.28131
19.33431      42.28348
19.33953      42.28131
19.34142      42.27845
19.34064      42.27492
19.3567       42.27031
19.36981      42.27167
19.37178      42.2732
19.37181      42.27458
19.37186      42.27986
19.37972      42.291
19.3775       42.29889
19.37906      42.30128
19.38903      42.30061
19.39595      42.30706
19.39672      42.30856
19.40067      42.31636
19.40733      42.32234
19.41542      42.3245
19.42481      42.33111
19.42625      42.33172
19.43422      42.335
19.43792      42.33503
19.43761      42.33017
19.43258      42.32339
19.41975      42.31214
19.41625      42.3057
19.41306      42.30395
19.4067       42.30045
19.39089      42.28095
19.39897      42.27628
19.39856      42.27375
19.39528      42.27628
19.39108      42.27706
19.38814      42.27592
19.38672      42.27239
19.37783      42.26442
19.37781      42.25728
19.36817      42.24556
19.36764      42.24
19.37014      42.22983
19.38608      42.20634
19.387        42.20595
19.39783      42.20139
19.3992       42.19781
19.41117      42.19106
19.43164      42.18534
19.43833      42.1812
19.44317      42.17234
19.44272      42.16356
19.44586      42.15803
19.45997      42.14889
19.46669      42.14934
19.46964      42.14817
19.47264      42.13895
19.48203      42.12533
19.4852       42.11728
19.48381      42.10108
19.47442      42.08987
19.47872      42.08739
19.48214      42.08234
19.48025      42.06036
19.48764      42.05537
19.48483      42.05308
19.47628      42.05756
19.45145      42.06161
19.43178      42.06853
19.40822      42.06967
19.39433      42.07698
19.39275      42.07958
19.39047      42.08337
19.38236      42.08395
19.37547      42.0897
19.37028      42.09186
19.35525      42.09128
19.35128      42.08847
19.34331      42.09536
19.3402       42.09806
19.32356      42.10539
19.31175      42.11331
19.302        42.11239
19.30125      42.1135
19.30572      42.11703
19.30069      42.11783
19.29411      42.1162
19.28442      42.12703
19.27714      42.12836
19.27008      42.13292
19.25878      42.13442
19.25408      42.13731
19.24636      42.14711
19.23703      42.15245
19.22972      42.16134
19.22458      42.16373
19.22281      42.16453
19.216        42.17189
19.21108      42.18373
19.20681      42.18572
19.20022      42.2032
19.19269      42.20886
19.19892      42.21092
19.20183      42.21481
19.20061      42.21703
19.18944      42.21739
19.17792      42.22531
19.17183      42.22442
19.16558      42.22972
19.14425      42.22981
19.13764      42.22611
19.13242      42.22573
19.12817      42.2275
19.11958      42.22711
19.11669      42.23014
19.12117      42.23389
19.12975      42.23683
19.12686      42.24006
19.11822      42.2422
19.11361      42.2467
19.11511      42.25186
19.11461      42.25223
19.10964      42.25586
19.11922      42.26781
19.11489      42.27186
19.11361      42.27306
19.10828      42.27806
19.10983      42.28509
19.10597      42.28873
19.08733      42.29864
19.08322      42.30184
19.07975      42.30456
19.08192      42.307
19.08872      42.30934
19.09403      42.30903
19.09675      42.30714
19.10633      42.30714
19.10586      42.30136
19.10956      42.29678
19.11647      42.29592
19.12122      42.29256
19.12578      42.28392
19.13028      42.27909
19.13039      42.27895
19.13689      42.27198
19.13764      42.2712
19.14131      42.26917
19.15072      42.27053
19.14497      42.26228
19.14775      42.25995
19.15342      42.2615
19.1597       42.26795
 1             46            2 
1
 -9999.0   ,   9990.0
   7
 8 
19.30947      42.2477
19.31189      42.24578
19.31319      42.24586
19.32386      42.24639
19.32397      42.248
19.31511      42.252
19.30975      42.25048
19.30947      42.2477
 1 
 1             47            
1
 -9999.0   ,   9990.0
   7
 8 
19.32267      42.26058
19.30639      42.25989
19.30297      42.26242
19.3045       42.26483
19.31711      42.26778
19.323        42.26773
19.32589      42.26448
19.32267      42.26058
 1 
 1             48            
1
 -9999.0   ,   9990.0
   7
 186 
20.44825      42.10406
20.44897      42.10045
20.44825      42.09997
20.4455       42.09817
20.43472      42.0982
20.43172      42.09864
20.42472      42.09967
20.42192      42.09698
20.42342      42.0955
20.42675      42.09223
20.4225       42.083
20.42153      42.08089
20.4237       42.07503
20.42831      42.06992
20.43         42.06806
20.43033      42.06486
20.42436      42.05892
20.41533      42.04995
20.41131      42.04189
20.41164      42.02745
20.40978      42.02206
20.41117      42.01778
20.38914      42.01092
20.38245      42.01031
20.37681      42.01253
20.37539      42.01309
20.37745      42.01667
20.39422      42.02639
20.39736      42.03142
20.39886      42.04597
20.4125       42.06473
20.41442      42.06989
20.41389      42.07745
20.40539      42.08773
20.39817      42.09164
20.38403      42.09425
20.36086      42.09492
20.35469      42.09659
20.35389      42.09678
20.34336      42.10281
20.32592      42.1045
20.31181      42.11239
20.30628      42.11778
20.30161      42.12647
20.29639      42.14589
20.29558      42.15872
20.29292      42.16339
20.28894      42.16567
20.28192      42.15972
20.27417      42.13786
20.27364      42.13692
20.26597      42.12289
20.25136      42.11028
20.24647      42.10975
20.24342      42.11234
20.24608      42.12167
20.26389      42.15817
20.26456      42.16875
20.26172      42.17481
20.25758      42.17592
20.25556      42.17486
20.25264      42.17056
20.25211      42.16134
20.24978      42.15967
20.24614      42.15706
20.22047      42.14653
20.21739      42.14656
20.21453      42.15006
20.21758      42.15322
20.23061      42.15795
20.24311      42.1647
20.24595      42.1697
20.24606      42.17706
20.24369      42.1815
20.24008      42.18358
20.22531      42.18311
20.22261      42.18525
20.22142      42.19047
20.21475      42.18936
20.19811      42.19478
20.18894      42.20067
20.18147      42.20545
20.175        42.20528
20.17028      42.20339
20.15667      42.20645
20.14183      42.21747
20.11853      42.22153
20.10597      42.22878
20.089        42.23414
20.078        42.24106
20.05186      42.25089
20.04192      42.25139
20.03536      42.25467
20.03967      42.26023
20.04403      42.26256
20.05217      42.25895
20.06517      42.25884
20.07308      42.25706
20.08033      42.25314
20.08967      42.24453
20.102        42.24461
20.11145      42.23764
20.12006      42.2352
20.13694      42.236
20.14356      42.23228
20.15         42.22442
20.15953      42.21925
20.16753      42.21678
20.18092      42.21853
20.18953      42.21606
20.19631      42.21075
20.21289      42.20325
20.21922      42.20434
20.22811      42.21317
20.22545      42.22333
20.21889      42.23214
20.22153      42.2362
20.22333      42.23653
20.22833      42.23042
20.23333      42.22728
20.2455       42.2317
20.25075      42.22881
20.24258      42.22187
20.23883      42.21317
20.23256      42.1985
20.23264      42.19483
20.23772      42.19078
20.24456      42.19028
20.26219      42.18447
20.27164      42.1855
20.28247      42.19053
20.29331      42.19856
20.301        42.20156
20.305        42.21284
20.31         42.2122
20.31239      42.20453
20.31669      42.20756
20.322        42.21522
20.32531      42.21336
20.32642      42.21162
20.32439      42.20573
20.3227       42.20081
20.3227       42.19506
20.32483      42.19245
20.32814      42.19334
20.34361      42.20964
20.34739      42.21173
20.35144      42.2115
20.35528      42.20736
20.35239      42.20009
20.34481      42.1932
20.34392      42.19014
20.34825      42.1872
20.364        42.18975
20.36767      42.18722
20.36222      42.1807
20.35439      42.17906
20.34725      42.17956
20.32417      42.18789
20.30964      42.19311
20.302        42.19264
20.29211      42.18447
20.29045      42.18
20.29667      42.17395
20.30433      42.17167
20.31325      42.17175
20.31442      42.1695
20.30856      42.16686
20.3057       42.16209
20.31436      42.14792
20.31442      42.14448
20.30981      42.14167
20.3092       42.13887
20.32206      42.12289
20.33239      42.1157
20.33706      42.11384
20.35236      42.10773
20.37033      42.10398
20.39         42.10448
20.39986      42.10164
20.41436      42.10708
20.42106      42.10773
20.43206      42.10586
20.444        42.10634
20.44544      42.10436
20.44825      42.10406
 1 
 1             49            
1
 -9999.0   ,   9990.0
   7
 99 
19.69378      42.0217
19.69008      42.01914
19.67117      42.0202
19.66047      42.01695
19.64908      42.0095
19.64761      42.00973
19.64375      42.01031
19.63517      42.015
19.63528      42.01514
19.64131      42.02278
19.64211      42.02881
19.64131      42.03542
19.63006      42.04939
19.62775      42.05567
19.62878      42.06239
19.63308      42.06753
19.63758      42.0685
19.64556      42.06628
19.6545       42.0662
19.66492      42.07173
19.67992      42.0702
19.68814      42.0735
19.70361      42.08303
19.71181      42.08606
19.71275      42.08639
19.72814      42.08673
19.78406      42.08031
19.79542      42.08058
19.80403      42.08325
19.81145      42.08831
19.81936      42.09942
19.83539      42.10736
19.84178      42.11581
19.84725      42.11895
19.85581      42.12139
19.86067      42.12278
19.87225      42.13183
19.88186      42.13131
19.88539      42.13289
19.88836      42.13906
19.88222      42.14925
19.88161      42.16231
19.87572      42.181
19.87728      42.18592
19.88322      42.19045
19.89278      42.19336
19.89703      42.19642
19.89714      42.20606
19.9075       42.22028
19.91086      42.21797
19.914        42.20439
19.91078      42.19128
19.91003      42.18828
19.90525      42.18431
19.89397      42.18311
19.88994      42.18056
19.89         42.17503
19.89297      42.17064
19.90475      42.1622
19.90742      42.15525
19.90475      42.14381
19.89675      42.13064
19.89117      42.1257
19.87619      42.11942
19.86878      42.11436
19.86278      42.105
19.85108      42.09667
19.84431      42.09184
19.83783      42.08153
19.83433      42.0797
19.82011      42.08014
19.80008      42.06206
19.79297      42.06228
19.78336      42.06809
19.77386      42.0677
19.76467      42.06456
19.75181      42.0667
19.747        42.06292
19.74447      42.05334
19.74292      42.05347
19.72664      42.06261
19.72242      42.06497
19.718        42.06331
19.71211      42.06361
19.70361      42.07039
19.70058      42.0672
19.69881      42.0565
19.69561      42.05239
19.69164      42.05212
19.68395      42.05967
19.67031      42.06289
19.66047      42.06017
19.65706      42.05533
19.656        42.04883
19.65906      42.04145
19.66281      42.03847
19.68656      42.03042
19.69367      42.02514
19.69378      42.0217
 1 
 1             50            
1
 -9999.0   ,   9990.0
   7
 8 
23.56992      42.15031
23.57661      42.14617
23.57945      42.13961
23.57592      42.13172
23.57167      42.13067
23.57272      42.13345
23.56745      42.14498
23.56992      42.15031
 1 
 1             51            
1
 -9999.0   ,   9990.0
   7
 12 
19.34578      41.9662
19.34267      41.96897
19.32639      41.97359
19.32197      41.97695
19.32411      41.98422
19.332        41.98273
19.34008      41.97731
19.35008      41.97845
19.35403      41.97645
19.35733      41.97231
19.34942      41.9667
19.34578      41.9662
 1 
 1             52            
1
 -9999.0   ,   9990.0
   7
 9 
19.42392      41.92933
19.41975      41.921
19.41431      41.91761
19.41394      41.91814
19.41172      41.92111
19.41289      41.9242
19.41647      41.92742
19.41933      41.92669
19.42392      41.92933
 1 
 1             53            
1
 -9999.0   ,   9990.0
   7
 12 
19.27717      41.91856
19.28706      41.92484
19.28828      41.92495
19.30103      41.92603
19.30633      41.92803
19.30945      41.92525
19.306        41.92339
19.29333      41.92136
19.29031      41.91861
19.29081      41.91703
19.28522      41.91503
19.27717      41.91856
 1 
 1             54            
1
 -9999.0   ,   9990.0
   7
 19 
19.46072      41.86564
19.45558      41.87011
19.4385       41.87147
19.43558      41.87289
19.43531      41.87747
19.42794      41.87995
19.43117      41.88361
19.43594      41.88464
19.44678      41.884
19.44558      41.88622
19.43736      41.89047
19.43703      41.89322
19.44097      41.89372
19.4505       41.88864
19.45319      41.88192
19.46583      41.87406
19.47047      41.86886
19.4695       41.86672
19.46072      41.86564
 1 
 1             55            
1
 -9999.0   ,   9990.0
   7
 13 
19.38364      41.878
19.38156      41.8505
19.37667      41.85017
19.37594      41.85356
19.37889      41.86181
19.37772      41.8737
19.35822      41.87003
19.35389      41.86767
19.34878      41.86936
19.36022      41.87361
19.37556      41.87631
19.38075      41.87897
19.38364      41.878
 1 
 1             56            
1
 -9999.0   ,   9990.0
   7
 5 
23.13353      41.87834
23.13856      41.87645
23.1432       41.87067
23.13972      41.86778
23.13353      41.87834
 1 
 1             57            
1
 -9999.0   ,   9990.0
   7
 9 
19.60625      41.83803
19.60606      41.83742
19.60458      41.83814
19.59036      41.84531
19.57153      41.86381
19.5725       41.86572
19.57817      41.86472
19.60672      41.83953
19.60625      41.83803
 1 
 1             58            
1
 -9999.0   ,   9990.0
   7
 27 
20.75395      41.70031
20.76045      41.70253
20.76756      41.70753
20.7842       41.72453
20.79017      41.72281
20.79281      41.71492
20.79714      41.71447
20.79903      41.71711
20.80383      41.71786
20.80658      41.721
20.80781      41.73
20.81022      41.73039
20.81472      41.72214
20.81344      41.71978
20.80572      41.70533
20.80064      41.70114
20.78106      41.70139
20.77889      41.68659
20.76939      41.68973
20.76486      41.68922
20.76031      41.68575
20.74819      41.66692
20.74545      41.66675
20.74364      41.66942
20.74628      41.68242
20.75583      41.69675
20.75395      41.70031
 1 
 1             59            
1
 -9999.0   ,   9990.0
   7
 35 
19.90136      41.68442
19.9017       41.6895
19.89572      41.69875
19.89642      41.70064
19.90822      41.69911
19.91375      41.70428
19.91653      41.704
19.92161      41.69722
19.92861      41.70547
19.93289      41.6975
19.938        41.69575
19.93739      41.6932
19.94445      41.68767
19.95242      41.67692
19.95747      41.67564
19.95822      41.68236
19.96344      41.68475
19.97172      41.68483
19.97614      41.6835
19.97931      41.68003
19.97595      41.67731
19.98344      41.67067
19.98272      41.66625
19.97128      41.67264
19.96553      41.67203
19.95975      41.66659
19.95556      41.66564
19.94531      41.66706
19.93875      41.67075
19.93169      41.66845
19.93003      41.67478
19.92578      41.67981
19.91317      41.68036
19.90728      41.68364
19.90136      41.68442
 1 
 1             60            
1
 -9999.0   ,   9990.0
   7
 9 
23.25031      41.54278
23.23967      41.56189
23.23881      41.57081
23.23256      41.5832
23.23022      41.59114
23.23222      41.59808
23.24322      41.58333
23.2532       41.54517
23.25031      41.54278
 1 
 1             61            
1
 -9999.0   ,   9990.0
   7
 8 
22.04353      41.56153
22.03845      41.56039
22.02967      41.56686
22.02256      41.56814
22.01742      41.57111
22.01978      41.57239
22.03631      41.56786
22.04353      41.56153
 1 
 1             62            
1
 -9999.0   ,   9990.0
   7
 12 
23.26545      41.51445
23.26861      41.51248
23.27258      41.49914
23.274        41.49434
23.27975      41.48995
23.28064      41.48517
23.27828      41.48395
23.26839      41.49506
23.26422      41.49972
23.26059      41.50945
23.26297      41.51503
23.26545      41.51445
 1 
 1             63            
1
 -9999.0   ,   9990.0
   7
 6 
19.75817      41.4215
19.74528      41.42983
19.75339      41.43083
19.75731      41.42859
19.76311      41.4285
19.75817      41.4215
 1 
 1             64            
1
 -9999.0   ,   9990.0
   7
 7 
22.57164      41.42983
22.567        41.42256
22.56133      41.42117
22.55406      41.425
22.55606      41.42692
22.56497      41.42981
22.57164      41.42983
 1 
 1             65            
1
 -9999.0   ,   9990.0
   7
 9 
19.61778      41.34197
19.6005       41.34378
19.59878      41.34547
19.60022      41.35111
19.60358      41.35364
19.60947      41.35011
19.62111      41.347
19.62414      41.3447
19.61778      41.34197
 1 
 1             66            
1
 -9999.0   ,   9990.0
   7
 23 
20.64719      41.33414
20.65189      41.32981
20.66245      41.33067
20.66564      41.32925
20.66381      41.32636
20.65433      41.32675
20.6515       41.32475
20.65111      41.3225
20.65036      41.31825
20.6405       41.30781
20.63664      41.29817
20.63689      41.28989
20.64044      41.28208
20.65408      41.26772
20.65339      41.26561
20.64728      41.2687
20.63553      41.2795
20.63097      41.29117
20.63195      41.30225
20.63553      41.30889
20.64595      41.31983
20.64669      41.32858
20.64719      41.33414
 1 
 1             67            
1
 -9999.0   ,   9990.0
   7
 7 
19.60906      41.31333
19.60569      41.31586
19.60947      41.32486
19.62242      41.3262
19.62506      41.32453
19.62481      41.32153
19.60906      41.31333
 1 
 1             68            
1
 -9999.0   ,   9990.0
   7
 10 
23.33733      41.27264
23.32133      41.25653
23.31689      41.25475
23.30717      41.25511
23.30967      41.25886
23.32228      41.26572
23.3312       41.27861
23.33561      41.28106
23.3395       41.27683
23.33733      41.27264
 1 
 1             69            
1
 -9999.0   ,   9990.0
   7
 15 
23.26103      41.25606
23.259        41.25461
23.25503      41.25492
23.24278      41.25725
23.22131      41.25625
23.21931      41.25559
23.21358      41.25369
23.196        41.25356
23.18311      41.25531
23.20039      41.25644
23.21703      41.26039
23.22428      41.26209
23.24158      41.26178
23.25047      41.26025
23.26103      41.25606
 1 
 1             70            
1
 -9999.0   ,   9990.0
   7
 25 
22.76986      41.18611
22.75972      41.17953
22.75722      41.17936
22.7525       41.17903
22.74753      41.18089
22.73814      41.18075
22.72075      41.2
22.71495      41.2135
22.71203      41.22922
22.71364      41.23614
22.7297       41.24503
22.73264      41.25089
22.74447      41.25503
22.75411      41.25628
22.75709      41.25667
22.766        41.253
22.77489      41.24933
22.78061      41.24519
22.78664      41.23261
22.79478      41.22467
22.79597      41.22036
22.79267      41.21153
22.78319      41.20384
22.77756      41.19328
22.76986      41.18611
 1 
 1             71            
1
 -9999.0   ,   9990.0
   7
 41 
23.14925      41.24042
23.15181      41.23342
23.16447      41.22975
23.16703      41.22778
23.16831      41.22164
23.17581      41.21342
23.19036      41.20361
23.19872      41.20048
23.20095      41.19839
23.22414      41.17642
23.2292       41.17314
23.234        41.15911
23.23575      41.14564
23.23333      41.14556
23.22975      41.14956
23.20669      41.16022
23.19911      41.16522
23.19814      41.16789
23.19656      41.17222
23.19239      41.17597
23.17636      41.18044
23.16753      41.18586
23.16142      41.18703
23.13945      41.18464
23.11117      41.19622
23.0982       41.20492
23.09445      41.21142
23.09628      41.21561
23.10164      41.22175
23.1145       41.22428
23.1192       41.22675
23.11933      41.2295
23.1202       41.23503
23.12606      41.238
23.1297       41.24294
23.13181      41.24267
23.13397      41.24239
23.13756      41.23842
23.14061      41.23806
23.14408      41.24047
23.14925      41.24042
 1 
 1             72            
1
 -9999.0   ,   9990.0
   7
 65 
20.78367      41.12536
20.79297      41.12314
20.80033      41.11347
20.80744      41.11503
20.8115       41.11389
20.81514      41.10789
20.81558      41.10333
20.80939      41.09564
20.80731      41.08931
20.81178      41.04803
20.81978      41.02689
20.82208      41.02086
20.81845      41.01192
20.81208      41.00606
20.81022      41.00045
20.81181      40.99067
20.80878      40.98475
20.79942      40.97547
20.79828      40.969
20.78978      40.95725
20.78897      40.95033
20.79292      40.93517
20.789        40.92922
20.763        40.92634
20.75689      40.92392
20.7485       40.91739
20.74289      40.913
20.7292       40.90831
20.71406      40.90558
20.68667      40.90469
20.6772       40.90572
20.66961      40.90894
20.65828      40.92503
20.65611      40.93434
20.65758      40.94658
20.66022      40.95381
20.66325      40.96206
20.65942      40.98456
20.65264      41.00319
20.6465       41.01294
20.64553      41.01931
20.64789      41.04631
20.65819      41.05494
20.65978      41.06008
20.65744      41.07097
20.65367      41.07003
20.65156      41.06947
20.64792      41.07247
20.64333      41.08461
20.64419      41.09231
20.64444      41.09431
20.64789      41.10483
20.64797      41.11586
20.65444      41.13806
20.65956      41.14731
20.66094      41.16322
20.66967      41.1727
20.67906      41.17597
20.6897       41.17569
20.70795      41.17217
20.73817      41.17025
20.74664      41.16753
20.76181      41.15556
20.76642      41.14594
20.78367      41.12536
 3 
 1             73            
1
 -9999.0   ,   9990.0
   7
 83 
22.5457       41.04531
22.53845      41.04786
22.53175      41.05022
22.52581      41.06122
22.52608      41.06205
22.52908      41.07134
22.53025      41.07492
22.53967      41.08264
22.54431      41.08947
22.54472      41.08909
22.54756      41.08642
22.53434      41.07281
22.533        41.06975
22.52914      41.06089
22.53328      41.0542
22.53989      41.05034
22.5572       41.04922
22.56167      41.0462
22.56686      41.03703
22.56692      41.03197
22.55911      41.02706
22.55825      41.02222
22.56447      41.00758
22.56444      41.0072
22.56295      40.99103
22.56572      40.98586
22.57147      40.98564
22.57295      40.98203
22.5845       40.97417
22.58567      40.97339
22.59975      40.95358
22.60619      40.94789
22.61442      40.94706
22.61911      40.94475
22.62217      40.94006
22.62536      40.93331
22.62222      40.92631
22.61558      40.92214
22.61445      40.91706
22.62472      40.90395
22.62953      40.89178
22.63653      40.88656
22.63864      40.86947
22.64611      40.8535
22.64792      40.83225
22.64683      40.81364
22.64478      40.81289
22.63781      40.83484
22.64022      40.84317
22.636        40.86431
22.63136      40.87442
22.63289      40.88275
22.63114      40.88589
22.62567      40.88681
22.62156      40.88939
22.61908      40.89433
22.61947      40.90167
22.60947      40.91089
22.60661      40.9172
22.60767      40.92342
22.61156      40.92736
22.6192       40.93511
22.61445      40.93836
22.60983      40.93934
22.60125      40.94539
22.59664      40.94658
22.59028      40.95961
22.57783      40.96459
22.5752       40.96769
22.5757       40.97345
22.57367      40.97633
22.56108      40.98339
22.55906      40.99064
22.55936      41.00278
22.55592      41.01436
22.55406      41.02064
22.55378      41.02158
22.554        41.02236
22.5557       41.02831
22.56311      41.03456
22.55956      41.04197
22.55606      41.04436
22.5457       41.04531
 1             73            2 
1
 -9999.0   ,   9990.0
   7
 6 
22.5825       40.9705
22.58067      40.96892
22.58311      40.9657
22.58533      40.96542
22.58586      40.96803
22.5825       40.9705
 1             73            3 
1
 -9999.0   ,   9990.0
   7
 5 
22.61142      40.94433
22.61064      40.94189
22.61611      40.94081
22.61539      40.94375
22.61142      40.94433
 1 
 1             74            
1
 -9999.0   ,   9990.0
   7
 8 
22.66383      41.03731
22.66522      41.03483
22.65906      41.02817
22.65211      41.02375
22.64642      41.02308
22.64231      41.02589
22.64942      41.03625
22.66383      41.03731
 3 
 1             75            
1
 -9999.0   ,   9990.0
   7
 109 
21.03825      41.00342
21.05733      40.9937
21.06547      40.9753
21.07561      40.97036
21.07939      40.96575
21.07853      40.95906
21.09045      40.94825
21.09145      40.93156
21.11036      40.91675
21.11325      40.91208
21.1112       40.90109
21.11064      40.89819
21.12231      40.87725
21.1305       40.86717
21.12958      40.86117
21.12958      40.86114
21.1335       40.8547
21.12936      40.84759
21.11303      40.83225
21.09356      40.81833
21.085        40.81625
21.08661      40.81222
21.05495      40.8435
21.04978      40.84714
21.04283      40.8472
21.03745      40.84369
21.03678      40.83814
21.04081      40.83378
21.04036      40.82934
21.03022      40.84031
21.02958      40.82214
21.01386      40.81622
21.00278      40.8107
20.99747      40.80806
20.99         40.80433
20.97692      40.79009
20.94278      40.77553
20.9397       40.77331
20.93767      40.76631
20.93453      40.76453
20.92831      40.76645
20.91981      40.77331
20.91614      40.78
20.92047      40.78483
20.91742      40.79131
20.91861      40.79458
20.92589      40.79706
20.92661      40.80192
20.93275      40.803
20.95181      40.80633
20.95445      40.81014
20.94992      40.81953
20.95322      40.84106
20.956        40.8435
20.97642      40.84764
20.97986      40.85264
20.97464      40.8597
20.96833      40.86234
20.95642      40.86094
20.95336      40.86422
20.95431      40.87322
20.94931      40.87478
20.9435       40.87261
20.94022      40.87728
20.93928      40.87858
20.93989      40.88161
20.94383      40.88458
20.93778      40.89089
20.94381      40.90317
20.94733      40.90428
20.95381      40.89361
20.95892      40.89069
20.96195      40.88445
20.96725      40.88267
20.97828      40.88423
20.985        40.88642
20.99408      40.89542
20.99556      40.89786
20.99578      40.89823
21.00164      40.90778
20.9977       40.911
20.99836      40.91356
21.00378      40.91683
21.00359      40.91867
20.98781      40.92214
20.97364      40.92525
20.96606      40.92872
20.95864      40.93956
20.95308      40.94086
20.94253      40.9375
20.92803      40.94058
20.91817      40.94875
20.91153      40.95778
20.91192      40.95986
20.93242      40.98489
20.94675      40.999
20.94778      41.00709
20.95395      41.01203
20.96597      41.01592
20.97956      41.01623
20.99406      41.01311
20.99945      41.01389
21.00661      41.01772
21.01031      41.01725
21.01428      41.01356
21.01647      41.00655
21.02059      41.00472
21.03447      41.00503
21.03825      41.00342
 1             75            2 
1
 -9999.0   ,   9990.0
   7
 6 
20.94697      40.79822
20.94411      40.80006
20.94008      40.79917
20.94472      40.7972
20.94711      40.79689
20.94697      40.79822
 1             75            3 
1
 -9999.0   ,   9990.0
   7
 5 
21.00456      40.87031
21.00295      40.86864
21.00467      40.86628
21.00675      40.86908
21.00456      40.87031
 1 
 1             76            
1
 -9999.0   ,   9990.0
   7
 11 
19.91278      40.95022
19.91097      40.95009
19.90753      40.95653
19.90392      40.95883
19.89761      40.95842
19.8962       40.96014
19.89922      40.96289
19.90456      40.96392
19.90897      40.96236
19.913        40.95345
19.91278      40.95022
 1 
 1             77            
1
 -9999.0   ,   9990.0
   7
 8 
19.87933      40.94136
19.87539      40.94409
19.87836      40.94703
19.88681      40.94989
19.88978      40.94778
19.88906      40.94614
19.88406      40.94236
19.87933      40.94136
 1 
 1             78            
1
 -9999.0   ,   9990.0
   7
 9 
19.87642      40.91406
19.8712       40.91761
19.87158      40.91947
19.87708      40.92145
19.88511      40.92795
19.88925      40.9287
19.89039      40.92669
19.88114      40.91528
19.87642      40.91406
 1 
 1             79            
1
 -9999.0   ,   9990.0
   7
 20 
19.51372      40.86809
19.50731      40.86625
19.4952       40.85897
19.49161      40.8585
19.48542      40.8622
19.47878      40.8622
19.47253      40.86636
19.46461      40.85936
19.46153      40.85986
19.46042      40.86161
19.46506      40.86561
19.45956      40.86867
19.454        40.86967
19.4605       40.87333
19.46233      40.87806
19.46594      40.87808
19.47822      40.87411
19.48444      40.87019
19.50147      40.87184
19.51372      40.86809
 1 
 1             80            
1
 -9999.0   ,   9990.0
   7
 15 
19.85336      40.85503
19.8325       40.86794
19.83525      40.87045
19.83822      40.87339
19.84519      40.87592
19.85789      40.87309
19.86583      40.875
19.87336      40.86469
19.8777       40.86384
19.88108      40.86061
19.87436      40.85628
19.87311      40.85136
19.86797      40.854
19.85653      40.8537
19.85336      40.85503
 1 
 1             81            
1
 -9999.0   ,   9990.0
   7
 15 
19.4447       40.85431
19.44892      40.84931
19.4485       40.84286
19.44644      40.83994
19.44294      40.84636
19.43533      40.83939
19.42069      40.83814
19.42308      40.84083
19.43169      40.84189
19.43317      40.84475
19.41636      40.8537
19.41803      40.85725
19.4375       40.84875
19.44433      40.8522
19.4447       40.85431
 1 
 1             82            
1
 -9999.0   ,   9990.0
   7
 12 
22.82706      40.8332
22.81678      40.8337
22.8112       40.83622
22.80925      40.84714
22.81209      40.84978
22.81745      40.85069
22.82659      40.84919
22.83142      40.84436
22.83536      40.84406
22.8367       40.84203
22.83411      40.83597
22.82706      40.8332
 3 
 1             83            
1
 -9999.0   ,   9990.0
   7
 55 
21.7977       40.72153
21.79528      40.72164
21.79139      40.718
21.78292      40.71506
21.78011      40.71242
21.77958      40.70825
21.78167      40.70492
21.78028      40.70003
21.76594      40.68467
21.75933      40.67036
21.73922      40.64875
21.73211      40.64772
21.72753      40.64839
21.7255       40.65106
21.72861      40.66061
21.7235       40.66745
21.72022      40.68106
21.72225      40.68575
21.73097      40.69259
21.74947      40.7155
21.75511      40.73169
21.76422      40.75795
21.76734      40.76303
21.76845      40.76483
21.77797      40.78039
21.778        40.78053
21.77933      40.78917
21.78192      40.79236
21.79842      40.81281
21.80175      40.81595
21.80864      40.81672
21.83122      40.80747
21.83514      40.80586
21.8392       40.80078
21.83922      40.80003
21.83939      40.79139
21.84222      40.78625
21.85969      40.77539
21.86239      40.77186
21.85825      40.76364
21.85258      40.76314
21.84436      40.76778
21.83489      40.78017
21.82659      40.77886
21.82317      40.78372
21.82033      40.78153
21.81984      40.7767
21.8267       40.76672
21.82572      40.76047
21.82922      40.75445
21.82022      40.73981
21.81489      40.7352
21.81042      40.72786
21.803        40.72292
21.7977       40.72153
 1             83            2 
1
 -9999.0   ,   9990.0
   7
 6 
21.73117      40.654
21.72967      40.65142
21.7315       40.65036
21.73845      40.65322
21.73745      40.65467
21.73117      40.654
 1             83            3 
1
 -9999.0   ,   9990.0
   7
 6 
21.73528      40.66667
21.73345      40.66758
21.7317       40.66517
21.73517      40.66286
21.73661      40.66392
21.73528      40.66667
 1 
 1             84            
1
 -9999.0   ,   9990.0
   7
 10 
19.91831      40.81264
19.91339      40.81292
19.91372      40.81006
19.9157       40.80956
19.91419      40.80842
19.91142      40.80886
19.90972      40.81392
19.91336      40.81542
19.9175       40.81486
19.91831      40.81264
 3 
 1             85            
1
 -9999.0   ,   9990.0
   7
 42 
21.08522      40.80136
21.09086      40.80236
21.10303      40.81083
21.11134      40.8122
21.11358      40.811
21.1145       40.81053
21.13178      40.78097
21.13392      40.76183
21.1257       40.75014
21.11681      40.74553
21.11625      40.73861
21.12125      40.73658
21.1077       40.73034
21.10367      40.72209
21.09942      40.71933
21.08303      40.71753
21.0795       40.71625
21.05308      40.7067
21.05033      40.70417
21.04561      40.69983
21.03589      40.69472
21.02506      40.69136
21.00211      40.67975
20.99906      40.68028
21.00833      40.69019
21.01464      40.69331
21.03667      40.69889
21.04692      40.70825
21.05164      40.71258
21.05217      40.71306
21.05931      40.71711
21.06456      40.7282
21.07053      40.73195
21.08686      40.73722
21.09067      40.75417
21.08386      40.75908
21.06778      40.76347
21.05822      40.77211
21.05836      40.77992
21.06186      40.78745
21.06853      40.79334
21.08522      40.80136
 1             85            2 
1
 -9999.0   ,   9990.0
   7
 7 
21.09825      40.77892
21.1015       40.77953
21.10308      40.7817
21.09034      40.79225
21.08767      40.79186
21.08725      40.78978
21.09825      40.77892
 1             85            3 
1
 -9999.0   ,   9990.0
   7
 5 
21.11517      40.76103
21.1127       40.76222
21.10814      40.76039
21.11192      40.75814
21.11517      40.76103
 1 
 1             86            
1
 -9999.0   ,   9990.0
   7
 14 
23.45511      40.788
23.44122      40.79395
23.44175      40.79534
23.44611      40.79778
23.44961      40.805
23.45453      40.80858
23.46017      40.8097
23.46595      40.80897
23.46859      40.80494
23.4747       40.80308
23.47884      40.79908
23.47728      40.79514
23.46617      40.78928
23.45511      40.788
 1 
 1             87            
1
 -9999.0   ,   9990.0
   7
 7 
23.8882       40.78981
23.88425      40.79036
23.8752       40.79697
23.87689      40.79908
23.8902       40.79764
23.89122      40.79514
23.8882       40.78981
 1 
 1             88            
1
 -9999.0   ,   9990.0
   7
 13 
23.54484      40.76025
23.52236      40.76411
23.51714      40.76623
23.51617      40.77236
23.5045       40.78183
23.504        40.7855
23.50717      40.78811
23.51372      40.789
23.52042      40.78761
23.53831      40.7747
23.54753      40.77086
23.54881      40.76428
23.54484      40.76025
 1 
 1             89            
1
 -9999.0   ,   9990.0
   7
 5 
22.65236      40.76139
22.648        40.77178
22.65564      40.77003
22.6565       40.76639
22.65236      40.76139
 1 
 1             90            
1
 -9999.0   ,   9990.0
   7
 22 
21.69353      40.70839
21.68045      40.71347
21.67825      40.71636
21.67775      40.717
21.67808      40.72
21.68034      40.72172
21.68453      40.7185
21.68636      40.72522
21.68425      40.73222
21.68642      40.73853
21.69478      40.74972
21.69997      40.7525
21.70545      40.75186
21.70928      40.74931
21.71225      40.74255
21.7177       40.74581
21.72495      40.74203
21.73042      40.73428
21.72909      40.72872
21.72392      40.72228
21.7132       40.71394
21.69353      40.70839
 1 
 1             91            
1
 -9999.0   ,   9990.0
   7
 14 
19.73739      40.724
19.73503      40.72614
19.73536      40.73603
19.74369      40.74211
19.7462       40.73884
19.74675      40.73153
19.75403      40.73889
19.75858      40.74106
19.76133      40.73825
19.75722      40.73222
19.75844      40.72956
19.75392      40.72442
19.73903      40.72272
19.73739      40.724
 1 
 1             92            
1
 -9999.0   ,   9990.0
   7
 28 
23.09397      40.70925
23.09759      40.71394
23.12459      40.71447
23.14936      40.71239
23.15972      40.71506
23.17533      40.70578
23.19667      40.70583
23.20945      40.70331
23.21295      40.7
23.21439      40.69136
23.22272      40.68295
23.22089      40.67831
23.21742      40.67153
23.21428      40.66967
23.21336      40.66911
23.20203      40.66756
23.1937       40.66175
23.1772       40.66139
23.15967      40.66786
23.15531      40.67528
23.15006      40.67761
23.13189      40.67511
23.12114      40.67909
23.10106      40.68317
23.09628      40.68733
23.093        40.69614
23.091        40.70386
23.09397      40.70925
 1 
 1             93            
1
 -9999.0   ,   9990.0
   7
 7 
19.73647      40.70856
19.74117      40.71231
19.74753      40.70698
19.74803      40.70267
19.73645      40.70373
19.73406      40.70609
19.73647      40.70856
 1 
 1             94            
1
 -9999.0   ,   9990.0
   7
 50 
23.47492      40.67942
23.47245      40.68072
23.45658      40.67972
23.44086      40.67142
23.42517      40.66747
23.41036      40.66903
23.39872      40.67275
23.36472      40.67389
23.36122      40.67745
23.36089      40.68269
23.36533      40.69383
23.37028      40.69653
23.36828      40.70011
23.37114      40.7025
23.37445      40.70261
23.38945      40.69786
23.40142      40.69872
23.41411      40.70236
23.42631      40.69956
23.43606      40.70217
23.44011      40.69933
23.44436      40.69878
23.45203      40.70111
23.45697      40.69897
23.46436      40.69845
23.47206      40.69789
23.47986      40.69789
23.49081      40.70078
23.49753      40.69895
23.52964      40.69931
23.53906      40.69778
23.54867      40.69259
23.555        40.68661
23.58372      40.68342
23.59053      40.67425
23.60978      40.66272
23.60753      40.66036
23.58659      40.659
23.58136      40.65564
23.57525      40.64675
23.56564      40.64161
23.54231      40.64017
23.53439      40.64245
23.53628      40.64594
23.52781      40.65756
23.51867      40.66528
23.50986      40.66706
23.50131      40.66425
23.49564      40.66361
23.47492      40.67942
 1 
 1             95            
1
 -9999.0   ,   9990.0
   7
 29 
19.46617      40.64123
19.46403      40.65114
19.46342      40.65411
19.44608      40.65036
19.44106      40.64725
19.43439      40.63759
19.43011      40.63569
19.4232       40.63567
19.41869      40.63786
19.405        40.65136
19.38828      40.66006
19.37622      40.66011
19.36233      40.6628
19.33122      40.64889
19.32567      40.65239
19.34286      40.65706
19.35033      40.66111
19.35358      40.66289
19.36689      40.66728
19.37567      40.66697
19.39317      40.66181
19.41283      40.65375
19.42303      40.64184
19.42745      40.64034
19.43345      40.64281
19.43908      40.65356
19.46592      40.6582
19.46942      40.65431
19.46617      40.64123
 1 
 1             96            
1
 -9999.0   ,   9990.0
   7
 9 
21.55108      40.62489
21.54792      40.62681
21.55267      40.63781
21.56197      40.64128
21.56447      40.64025
21.56597      40.63667
21.56528      40.63111
21.55645      40.62564
21.55108      40.62489
 1 
 1             97            
1
 -9999.0   ,   9990.0
   7
 13 
21.55067      40.57856
21.54828      40.58189
21.55672      40.59858
21.56189      40.60139
21.56456      40.60839
21.56767      40.61083
21.58747      40.61781
21.59814      40.61606
21.60064      40.61158
21.59972      40.60467
21.59336      40.59839
21.56339      40.58081
21.55067      40.57856
 1 
 1             98            
1
 -9999.0   ,   9990.0
   7
 37 
21.309        40.55867
21.32853      40.55511
21.33208      40.54911
21.32964      40.53339
21.31783      40.5245
21.32525      40.51572
21.32797      40.509
21.32561      40.50197
21.32125      40.49717
21.31831      40.49656
21.30859      40.49467
21.29811      40.49456
21.29167      40.49606
21.27161      40.51172
21.26467      40.52211
21.2652       40.523
21.26803      40.52781
21.27697      40.52208
21.28333      40.52128
21.28558      40.51959
21.28583      40.51889
21.28803      40.51283
21.29372      40.51267
21.30234      40.51703
21.30295      40.52028
21.28784      40.53436
21.28481      40.53467
21.2812       40.53167
21.27978      40.5305
21.27492      40.53117
21.27164      40.5342
21.2712       40.53642
21.27053      40.53964
21.27767      40.54689
21.28061      40.55714
21.29633      40.55914
21.309        40.55867
 1 
 1             99            
1
 -9999.0   ,   9990.0
   7
 7 
22.65217      40.36486
22.64567      40.36781
22.6422       40.37425
22.64347      40.37803
22.64772      40.37684
22.65772      40.36647
22.65217      40.36486
 1 
 1             100           
1
 -9999.0   ,   9990.0
   7
 10 
19.47778      40.33031
19.48119      40.32917
19.48186      40.32622
19.45622      40.31042
19.45325      40.31503
19.45039      40.31645
19.44445      40.316
19.44442      40.31878
19.46481      40.32367
19.47778      40.33031
 1 
 1             101           
1
 -9999.0   ,   9990.0
   7
 80 
22.10772      40.31078
22.10678      40.30753
22.10892      40.30328
22.11397      40.29986
22.11028      40.29739
22.10697      40.28992
22.10411      40.28839
22.09009      40.28845
22.08286      40.28514
22.05483      40.26206
22.05022      40.25245
22.04256      40.24775
22.03994      40.23939
22.03681      40.23742
22.03145      40.24106
22.02786      40.24111
22.02447      40.23867
22.02347      40.23242
22.02109      40.23142
22.018        40.23011
22.00958      40.23453
21.99275      40.23236
21.98883      40.22897
21.988        40.22672
21.98639      40.22244
21.97161      40.21325
21.96909      40.20742
21.97133      40.20181
21.96878      40.20031
21.95658      40.19994
21.94833      40.195
21.94492      40.19298
21.921        40.168
21.91628      40.15867
21.92061      40.15814
21.92747      40.16192
21.92983      40.15836
21.92853      40.15622
21.91295      40.14609
21.90903      40.1395
21.90533      40.13725
21.8987       40.14175
21.88958      40.13306
21.88336      40.13253
21.87875      40.13803
21.8792       40.14333
21.87736      40.14758
21.87178      40.15375
21.87336      40.15611
21.87911      40.15867
21.87986      40.16786
21.8915       40.17508
21.89695      40.18139
21.90428      40.18989
21.90614      40.19639
21.90292      40.20289
21.89609      40.20989
21.89739      40.21203
21.90422      40.21258
21.91867      40.20753
21.92183      40.20883
21.93306      40.22495
21.93311      40.22497
21.94822      40.23278
21.95028      40.24045
21.96431      40.25164
21.96864      40.25345
21.97136      40.25289
21.97845      40.24681
21.97956      40.24706
21.98108      40.24739
21.98911      40.25878
21.9942       40.26222
22.02017      40.27006
22.04267      40.29472
22.04817      40.29681
22.06611      40.29672
22.07761      40.30231
22.09775      40.30483
22.10772      40.31078
 1 
 1             102           
1
 -9999.0   ,   9990.0
   7
 6 
18.44653      40.19586
18.43983      40.1975
18.4365       40.20461
18.44022      40.20825
18.44092      40.20406
18.44653      40.19586
 1 
 1             103           
1
 -9999.0   ,   9990.0
   7
 6 
18.44372      40.18228
18.44745      40.17331
18.44733      40.16711
18.44508      40.16589
18.44219      40.17436
18.44372      40.18228
 1 
 1             104           
1
 -9999.0   ,   9990.0
   7
 5 
23.33503      40.12636
23.33583      40.14311
23.33997      40.1437
23.34081      40.13961
23.33503      40.12636
