 23 
 1 
 1             1             
1
 -9999.0   ,   9990.0
   7
 14 
32.92603      40.00564
32.92706      40.00886
32.92464      40.01175
32.93511      40.01553
32.93767      40.01822
32.94072      40.02142
32.94459      40.03106
32.94778      40.03317
32.95775      40.04775
32.95522      40.03344
32.94628      40.01806
32.94425      40.01458
32.93522      40.00644
32.92603      40.00564
 1 
 1             2             
1
 -9999.0   ,   9990.0
   7
 83 
31.66761      40.07472
31.66689      40.06881
31.66236      40.06375
31.66311      40.06186
31.66631      40.06083
31.67334      40.06303
31.67         40.05425
31.66381      40.0465
31.6275       40.02172
31.61547      40.02384
31.59395      40.02222
31.58403      40.02931
31.57728      40.03028
31.55889      40.03953
31.5357       40.03959
31.52931      40.03778
31.52708      40.03558
31.52944      40.03114
31.52809      40.02867
31.5237       40.02956
31.51864      40.02564
31.50734      40.02542
31.49233      40.03222
31.48106      40.04028
31.47561      40.04414
31.47042      40.0462
31.46636      40.03492
31.46233      40.03278
31.45281      40.0325
31.44225      40.02583
31.4327       40.02531
31.42428      40.02839
31.41981      40.02833
31.41047      40.02208
31.40336      40.02261
31.39922      40.03147
31.39247      40.03747
31.39097      40.04164
31.39325      40.04431
31.40636      40.04928
31.41858      40.04945
31.42228      40.04703
31.4207       40.04547
31.41478      40.04595
31.39872      40.04181
31.39714      40.04028
31.40247      40.0357
31.40722      40.02703
31.40986      40.02648
31.41589      40.03195
31.42183      40.03192
31.43125      40.0292
31.43381      40.02847
31.43917      40.0287
31.44625      40.03231
31.45178      40.03917
31.45978      40.03861
31.46142      40.04931
31.46942      40.05333
31.47442      40.05267
31.48372      40.04495
31.49222      40.04345
31.49564      40.04125
31.499        40.03403
31.5027       40.03134
31.51236      40.02911
31.51742      40.02936
31.52172      40.0397
31.5292       40.04467
31.53558      40.0467
31.54725      40.04572
31.57611      40.04339
31.58964      40.04534
31.60006      40.04122
31.61064      40.03961
31.6182       40.03289
31.62825      40.032
31.63733      40.03436
31.64895      40.04278
31.66025      40.05514
31.65547      40.06311
31.65889      40.06917
31.66761      40.07472
 1 
 1             3             
1
 -9999.0   ,   9990.0
   7
 96 
31.39864      40.07548
31.40189      40.07075
31.40678      40.06825
31.43672      40.06222
31.44075      40.06025
31.44239      40.05811
31.44028      40.05339
31.43683      40.051
31.42472      40.04783
31.42353      40.052
31.42625      40.05717
31.4095       40.06014
31.3932       40.06539
31.38136      40.06631
31.36145      40.05797
31.35278      40.05717
31.34583      40.05125
31.33514      40.05169
31.33217      40.047
31.33242      40.04194
31.3277       40.04236
31.32375      40.04572
31.31878      40.056
31.31636      40.05758
31.31164      40.06064
31.30375      40.06256
31.26795      40.06558
31.24989      40.06261
31.23125      40.06403
31.22461      40.06247
31.21008      40.05411
31.19642      40.05431
31.19075      40.05439
31.18525      40.05208
31.17103      40.05286
31.16214      40.05778
31.15897      40.0595
31.14911      40.06811
31.13886      40.07081
31.1275       40.06964
31.1105       40.05517
31.09845      40.05722
31.07936      40.05658
31.06345      40.05397
31.051        40.05467
31.04161      40.05228
31.02986      40.04817
31.02917      40.04792
31.02481      40.04489
31.02481      40.04475
31.02478      40.04461
31.02445      40.03917
31.01853      40.03986
31.01825      40.04033
31.01667      40.04314
31.01734      40.04545
31.01933      40.05242
31.02434      40.05633
31.04231      40.06347
31.0467       40.08117
31.04881      40.08153
31.05633      40.06889
31.059        40.06711
31.06175      40.06525
31.06853      40.06386
31.07986      40.06458
31.09384      40.06909
31.10656      40.06792
31.11067      40.07164
31.11375      40.07861
31.11656      40.08495
31.12733      40.0907
31.12964      40.08925
31.13356      40.08086
31.1475       40.08008
31.16433      40.06892
31.16753      40.06739
31.17531      40.0637
31.19047      40.05922
31.19256      40.05919
31.19969      40.05908
31.22278      40.071
31.23697      40.07411
31.24956      40.07544
31.3005       40.07208
31.30772      40.07292
31.31553      40.07858
31.32003      40.07908
31.32514      40.0665
31.33453      40.0602
31.34047      40.06017
31.35317      40.06311
31.36461      40.06975
31.37408      40.07325
31.39364      40.07636
31.39864      40.07548
 1 
 1             4             
1
 -9999.0   ,   9990.0
   7
 6 
34.51961      40.62081
34.50914      40.6112
34.49731      40.60789
34.49831      40.61125
34.51383      40.62028
34.51961      40.62081
 1 
 1             5             
1
 -9999.0   ,   9990.0
   7
 8 
31.29         40.62236
31.29461      40.61942
31.29142      40.61633
31.28886      40.60981
31.27953      40.60947
31.27728      40.61139
31.28509      40.62072
31.29         40.62236
 1 
 1             6             
1
 -9999.0   ,   9990.0
   7
 43 
30.33997      40.73789
30.334        40.73325
30.33495      40.7282
30.33172      40.718
30.3252       40.71361
30.32045      40.71467
30.31261      40.70872
30.28703      40.70067
30.2857       40.70048
30.28222      40.70161
30.27356      40.70875
30.26775      40.70945
30.25833      40.71058
30.24178      40.70992
30.23147      40.71389
30.21556      40.71436
30.20247      40.71703
30.19372      40.71592
30.18253      40.72081
30.1727       40.722
30.15253      40.72144
30.1517       40.72283
30.1527       40.72489
30.17072      40.73123
30.181        40.73253
30.1907       40.73658
30.19622      40.73622
30.20275      40.74036
30.21453      40.74164
30.22253      40.73934
30.23661      40.73869
30.24408      40.74397
30.2525       40.74395
30.2677       40.74717
30.27728      40.74619
30.28317      40.74992
30.28797      40.75
30.29114      40.74692
30.30611      40.746
30.31225      40.74859
30.32753      40.74147
30.33686      40.74164
30.33997      40.73789
 1 
 1             7             
1
 -9999.0   ,   9990.0
   7
 5 
32.00461      40.78406
32.00544      40.78597
32.01025      40.78539
32.00814      40.78272
32.00461      40.78406
 1 
 1             8             
1
 -9999.0   ,   9990.0
   7
 18 
31.03339      40.78925
31.03672      40.79006
31.04517      40.78539
31.0422       40.78114
31.04897      40.77906
31.05456      40.78136
31.06094      40.77792
31.06575      40.77317
31.06761      40.76439
31.06275      40.76389
31.05361      40.7665
31.04506      40.76478
31.04125      40.76628
31.03847      40.76983
31.03928      40.77323
31.03503      40.78208
31.03606      40.78411
31.03339      40.78925
 1 
 1             9             
1
 -9999.0   ,   9990.0
   7
 11 
32.03533      40.79197
32.03797      40.79139
32.04125      40.78711
32.03725      40.78225
32.03106      40.78003
32.01725      40.78042
32.01414      40.78309
32.01495      40.78558
32.0207       40.78967
32.02997      40.79292
32.03533      40.79197
 1 
 1             10            
1
 -9999.0   ,   9990.0
   7
 6 
30.47589      40.83947
30.46792      40.84797
30.46839      40.85117
30.47111      40.85153
30.47928      40.84072
30.47589      40.83947
 1 
 1             11            
1
 -9999.0   ,   9990.0
   7
 9 
30.40856      40.86997
30.40281      40.8752
30.40239      40.87864
30.40611      40.88059
30.41031      40.88
30.412        40.87811
30.41036      40.87517
30.41222      40.87078
30.40856      40.86997
 1 
 1             12            
1
 -9999.0   ,   9990.0
   7
 5 
30.43356      40.88828
30.43839      40.88778
30.4402       40.885
30.43367      40.88406
30.43356      40.88828
 1 
 1             13            
1
 -9999.0   ,   9990.0
   7
 6 
36            40.91367
36            40.89695
35.99745      40.89911
35.99558      40.90497
35.99806      40.91269
36            40.91367
 1 
 1             14            
1
 -9999.0   ,   9990.0
   7
 16 
30.56061      41.03717
30.55744      41.03978
30.56158      41.04353
30.55942      41.04842
30.56303      41.05359
30.55897      41.05645
30.56592      41.06194
30.57222      41.06128
30.57808      41.06339
30.58447      41.05884
30.58753      41.05414
30.58561      41.05214
30.57414      41.05231
30.57086      41.04208
30.56486      41.03769
30.56061      41.03717
 1 
 1             15            
1
 -9999.0   ,   9990.0
   7
 9 
30.65047      41.11942
30.64906      41.12045
30.64786      41.12134
30.64606      41.12667
30.64822      41.13303
30.65311      41.13356
30.65292      41.12483
30.65083      41.12019
30.65047      41.11942
 1 
 1             16            
1
 -9999.0   ,   9990.0
   7
 23 
35.93242      41.67981
35.91925      41.67161
35.92408      41.68042
35.92906      41.68511
35.93956      41.68717
35.94158      41.6935
35.94134      41.69414
35.93853      41.70156
35.95381      41.71011
35.95472      41.72098
35.96636      41.72909
35.97117      41.73986
35.97545      41.73825
35.97367      41.73328
35.971        41.72592
35.96181      41.72075
35.96042      41.71675
35.96533      41.71108
35.96533      41.70833
35.95039      41.70233
35.95011      41.70144
35.945        41.68497
35.93242      41.67981
 1 
 1             17            
1
 -9999.0   ,   9990.0
   7
 9 
34.924        42.01364
34.91628      42.01603
34.91158      42.02028
34.91317      42.02292
34.91845      42.02325
34.92658      42.01945
34.92917      42.01559
34.92767      42.01361
34.924        42.01364
 1 
 1             18            
1
 -9999.0   ,   9990.0
   7
 20 
33.8037       44.49248
33.81645      44.49448
33.82267      44.49848
33.82328      44.4927
33.82953      44.48842
33.82917      44.48522
33.81872      44.48653
33.818        44.48289
33.82017      44.47956
33.83997      44.48184
33.85075      44.47523
33.83967      44.47634
33.83325      44.47328
33.82722      44.47386
33.81883      44.47067
33.81031      44.47739
33.80394      44.47775
33.80034      44.48531
33.80172      44.48914
33.8037       44.49248
 1 
 1             19            
1
 -9999.0   ,   9990.0
   7
 5 
34.08225      44.59228
34.08547      44.58172
34.08383      44.57861
34.07231      44.58436
34.08225      44.59228
 1 
 1             20            
1
 -9999.0   ,   9990.0
   7
 13 
33.59486      44.61914
33.58695      44.61895
33.57753      44.62192
33.56645      44.62539
33.56281      44.62548
33.54525      44.62583
33.54378      44.63133
33.55975      44.62989
33.56656      44.62928
33.57522      44.62628
33.58136      44.62661
33.58983      44.622
33.59486      44.61914
 1 
 1             21            
1
 -9999.0   ,   9990.0
   7
 10 
33.94811      44.8435
33.94239      44.84408
33.93795      44.84756
33.93931      44.85092
33.93744      44.85425
33.93928      44.8562
33.94397      44.855
33.94808      44.85156
33.94959      44.84503
33.94811      44.8435
 1 
 1             22            
1
 -9999.0   ,   9990.0
   7
 13 
34.14831      44.92056
34.14989      44.92275
34.14808      44.92856
34.14778      44.92953
34.13878      44.93514
34.13811      44.93772
34.13958      44.93798
34.15031      44.93973
34.15364      44.93239
34.15822      44.92775
34.15978      44.92289
34.16175      44.91672
34.14831      44.92056
 1 
 1             23            
1
 -9999.0   ,   9990.0
   7
 8 
35.23381      45
35.24461      45
35.24606      44.99675
35.24569      44.99214
35.23875      44.99306
35.23339      44.99684
35.23308      44.99933
35.23381      45
