 79 
 1 
 1             1             
1
 -9999.0   ,   9990.0
   7
 4 
152           59.627
152           59.6312
152.003       59.62875
152           59.627
 1 
 1             2             
1
 -9999.0   ,   9990.0
   7
 17 
159.3971      55.03328
159.3963      55.03125
159.3947      55.03028
159.3781      55.02031
159.3664      55.01808
159.3614      55.01314
159.3556      55.01217
159.3528      55.01786
159.3391      55.00178
159.3364      55
159.3286      55
159.329       55.0112
159.3438      55.02306
159.3512      55.02578
159.3625      55.02458
159.3697      55.03006
159.3971      55.03328
 1 
 1             3             
1
 -9999.0   ,   9990.0
   7
 36 
159.3285      55.03606
159.3188      55.03003
159.3179      55.0255
159.3216      55.01998
159.316       55.02011
159.3098      55.02489
159.306       55.024
159.2952      55.01414
159.3006      55.01103
159.3047      55.00362
159.2989      55.00078
159.284       55.008
159.2826      55.01314
159.2866      55.01931
159.3053      55.03025
159.3056      55.03217
159.3058      55.03275
159.3002      55.03267
159.2908      55.02984
159.2851      55.02539
159.2736      55.02203
159.2628      55.01606
159.2309      55.0145
159.2282      55.017
159.2369      55.02078
159.2587      55.02139
159.2667      55.02731
159.279       55.02903
159.2812      55.0337
159.293       55.03475
159.3023      55.04148
159.306       55.03964
159.3136      55.03981
159.3188      55.03762
159.3267      55.03917
159.3285      55.03606
 1 
 1             4             
1
 -9999.0   ,   9990.0
   7
 5 
159.4081      55.04795
159.411       55.04431
159.4005      55.03812
159.3998      55.04067
159.4081      55.04795
 1 
 1             5             
1
 -9999.0   ,   9990.0
   7
 28 
159.4196      55.08259
159.423       55.08328
159.428       55.09028
159.4346      55.08892
159.4393      55.09228
159.4438      55.09267
159.4529      55.08859
159.459       55.08864
159.472       55.09167
159.4846      55.10025
159.4932      55.10103
159.5037      55.10514
159.514       55.1065
159.529       55.10342
159.5213      55.10095
159.5088      55.10089
159.4921      55.09397
159.5044      55.08739
159.5052      55.08364
159.4945      55.08392
159.488       55.08664
159.4834      55.08859
159.4728      55.08792
159.4502      55.08303
159.4386      55.08289
159.4313      55.07672
159.4231      55.07614
159.4196      55.08259
 1 
 1             6             
1
 -9999.0   ,   9990.0
   7
 6 
156.9806      55.30514
156.9691      55.30914
156.9695      55.31139
156.9866      55.31059
156.9889      55.30725
156.9806      55.30514
 1 
 1             7             
1
 -9999.0   ,   9990.0
   7
 7 
156.8884      55.40256
156.8791      55.40825
156.8812      55.41411
156.885       55.41578
156.8885      55.4147
156.8906      55.40658
156.8884      55.40256
 1 
 1             8             
1
 -9999.0   ,   9990.0
   7
 32 
155.6003      55.48192
155.5949      55.47317
155.5964      55.469
155.585       55.45342
155.5844      55.43789
155.5829      55.432
155.5758      55.42264
155.5764      55.41714
155.5714      55.40473
155.5726      55.4015
155.5754      55.39384
155.5691      55.37439
155.5649      55.36906
155.5598      55.3697
155.5567      55.37439
155.5643      55.38531
155.5635      55.4025
155.5784      55.442
155.5795      55.44706
155.5837      55.46672
155.5898      55.48375
155.6101      55.53964
155.6131      55.57645
155.6157      55.57772
155.6171      55.57492
155.6176      55.54822
155.6178      55.53959
155.617       55.53628
155.6145      55.52531
155.607       55.51942
155.5973      55.49139
155.6003      55.48192
 1 
 1             9             
1
 -9999.0   ,   9990.0
   7
 11 
155.6401      55.63825
155.6348      55.62978
155.6303      55.62873
155.6266      55.63042
155.627       55.6382
155.6421      55.6997
155.6453      55.703
155.6491      55.69756
155.6431      55.68061
155.6435      55.67337
155.6401      55.63825
 1 
 1             10            
1
 -9999.0   ,   9990.0
   7
 9 
159.509       55.70514
159.5012      55.7027
159.4953      55.70381
159.4902      55.70481
159.4882      55.70861
159.4921      55.70972
159.4992      55.70889
159.5012      55.70864
159.509       55.70514
 1 
 1             11            
1
 -9999.0   ,   9990.0
   7
 6 
159.5173      55.70964
159.5232      55.71061
159.5278      55.70709
159.5172      55.69953
159.5109      55.69881
159.509       55.70514
 1 
 1             12            
1
 -9999.0   ,   9990.0
   7
 12 
159.5703      55.70467
159.564       55.70556
159.5624      55.7075
159.5661      55.71325
159.5622      55.722
159.5647      55.7262
159.5717      55.72642
159.5796      55.72314
159.5845      55.7175
159.5864      55.71117
159.5836      55.70792
159.5703      55.70467
 1 
 1             13            
1
 -9999.0   ,   9990.0
   7
 10 
155.7571      55.74573
155.7491      55.74628
155.7418      55.74953
155.7395      55.7542
155.7449      55.76197
155.7499      55.76383
155.7556      55.76342
155.7629      55.75331
155.7618      55.74786
155.7571      55.74573
 1 
 1             14            
1
 -9999.0   ,   9990.0
   7
 19 
155.6608      55.82939
155.6613      55.82686
155.6645      55.80945
155.6645      55.80928
155.6626      55.8
155.6604      55.79503
155.661       55.79331
155.6625      55.78934
155.6538      55.76847
155.6537      55.75489
155.6534      55.73325
155.6517      55.72395
155.6487      55.72156
155.6443      55.73111
155.6461      55.76378
155.6565      55.80361
155.6582      55.83161
155.6607      55.82964
155.6608      55.82939
 1 
 1             15            
1
 -9999.0   ,   9990.0
   7
 9 
155.6688      55.92264
155.6645      55.92439
155.6622      55.93225
155.6639      55.93425
155.665       55.93559
155.669       55.93339
155.67        55.93286
155.6724      55.92592
155.6688      55.92264
 1 
 1             16            
1
 -9999.0   ,   9990.0
   7
 6 
155.7861      56.08567
155.7956      56.08534
155.8227      56.08436
155.802       56.08025
155.7948      56.0827
155.7861      56.08567
 1 
 1             17            
1
 -9999.0   ,   9990.0
   7
 18 
155.7705      56.08864
155.7566      56.09131
155.7515      56.09131
155.7483      56.09131
155.7405      56.08495
155.7372      56.07356
155.7283      56.07314
155.7242      56.07467
155.7238      56.07764
155.7334      56.08875
155.7342      56.09223
155.7379      56.108
155.7327      56.11481
155.7408      56.12736
155.7481      56.11664
155.747       56.09836
155.7724      56.09214
155.7861      56.08567
 1 
 1             18            
1
 -9999.0   ,   9990.0
   7
 10 
155.8014      56.225
155.8089      56.2265
155.8127      56.2245
155.8198      56.226
155.8229      56.22348
155.8233      56.21845
155.8202      56.2145
155.8115      56.2212
155.7993      56.22183
155.8014      56.225
 1 
 1             19            
1
 -9999.0   ,   9990.0
   7
 72 
159.9165      56.15639
159.903       56.16495
159.8965      56.17311
159.9022      56.18778
159.9068      56.19006
159.9148      56.18903
159.9381      56.18089
159.9515      56.17872
159.9575      56.1797
159.9596      56.18253
159.9529      56.19206
159.9511      56.19931
159.9576      56.20211
159.9657      56.20314
159.9699      56.20584
159.9716      56.21095
159.9663      56.21506
159.9457      56.21692
159.9404      56.21967
159.9355      56.22539
159.936       56.2277
159.9403      56.23081
159.9415      56.23167
159.981       56.23492
159.988       56.2475
159.9882      56.24781
160           56.25206
160           56.23753
159.988       56.23203
159.9775      56.22722
159.958       56.22636
159.9503      56.22239
159.9561      56.21995
159.9759      56.21823
159.9854      56.20881
159.9822      56.20295
159.9657      56.19445
159.9767      56.18031
159.9732      56.17603
159.9622      56.16981
159.9565      56.16981
159.9394      56.17706
159.9263      56.18014
159.9152      56.17761
159.9133      56.17317
159.9158      56.16711
159.9171      56.16572
159.9264      56.15567
159.9347      56.15239
159.9385      56.14545
159.9219      56.12689
159.903       56.12147
159.8869      56.1107
159.8866      56.11033
159.8813      56.1045
159.8735      56.10164
159.849       56.101
159.8449      56.09809
159.8519      56.09245
159.8572      56.07695
159.858       56.07467
159.8391      56.09003
159.8344      56.09692
159.8374      56.10209
159.8411      56.10431
159.8693      56.10764
159.8781      56.11336
159.8971      56.12578
159.9114      56.13122
159.9249      56.14325
159.9229      56.15186
159.9165      56.15639
 1 
 1             20            
1
 -9999.0   ,   9990.0
   7
 7 
155.8224      56.28614
155.8184      56.27684
155.8134      56.2742
155.81        56.27481
155.8099      56.27839
155.8155      56.28467
155.8224      56.28614
 1 
 1             21            
1
 -9999.0   ,   9990.0
   7
 7 
156.1921      56.28398
156.1935      56.28684
156.2032      56.288
156.2111      56.28425
156.197       56.27581
156.1913      56.2825
156.1921      56.28398
 1 
 1             22            
1
 -9999.0   ,   9990.0
   7
 7 
155.9154      56.35878
155.9198      56.35959
155.9267      56.35158
155.9193      56.34825
155.9107      56.35289
155.9103      56.35584
155.9154      56.35878
 1 
 1             23            
1
 -9999.0   ,   9990.0
   7
 7 
155.8733      56.35597
155.8681      56.35878
155.8708      56.36775
155.8772      56.37009
155.8794      56.36817
155.8777      56.36022
155.8733      56.35597
 1 
 1             24            
1
 -9999.0   ,   9990.0
   7
 8 
156.0098      56.36264
156.0001      56.37017
156.0006      56.37642
156.0083      56.37886
156.0171      56.37517
156.0208      56.37175
156.0179      56.36692
156.0098      56.36264
 1 
 1             25            
1
 -9999.0   ,   9990.0
   7
 6 
155.9697      56.38025
155.9726      56.38717
155.9823      56.38998
155.9853      56.38767
155.9761      56.38145
155.9697      56.38025
 1 
 1             26            
1
 -9999.0   ,   9990.0
   7
 13 
156.1588      56.39978
156.16        56.39642
156.1562      56.39014
156.1518      56.38956
156.1488      56.39142
156.1445      56.38878
156.1342      56.38825
156.1257      56.39242
156.1353      56.40742
156.1473      56.40948
156.1476      56.40306
156.1511      56.40056
156.1588      56.39978
 1 
 1             27            
1
 -9999.0   ,   9990.0
   7
 7 
155.9631      56.41153
155.9666      56.41089
155.9611      56.39803
155.9566      56.40114
155.9583      56.40586
155.9566      56.4092
155.9631      56.41153
 1 
 1             28            
1
 -9999.0   ,   9990.0
   7
 12 
155.9387      56.41125
155.9354      56.41122
155.9351      56.40222
155.9164      56.39572
155.9136      56.3985
155.9207      56.40686
155.918       56.41264
155.9267      56.41931
155.9315      56.41992
155.9414      56.41539
155.9375      56.41256
155.9387      56.41125
 1 
 1             29            
1
 -9999.0   ,   9990.0
   7
 10 
156.1163      56.42717
156.1129      56.42758
156.1144      56.43003
156.1167      56.4317
156.1207      56.43464
156.1248      56.43572
156.1269      56.43625
156.1297      56.4337
156.1283      56.43061
156.1163      56.42717
 1 
 1             30            
1
 -9999.0   ,   9990.0
   7
 12 
158.7461      56.74125
158.7487      56.73567
158.7381      56.73212
158.7267      56.73748
158.7156      56.73873
158.7105      56.74167
158.7121      56.747
158.7096      56.75147
158.7167      56.75184
158.7279      56.74717
158.7401      56.74667
158.7461      56.74125
 1 
 1             31            
1
 -9999.0   ,   9990.0
   7
 6 
157.2313      56.75522
157.2416      56.76717
157.2472      56.75903
157.246       56.75689
157.2401      56.75489
157.2313      56.75522
 1 
 1             32            
1
 -9999.0   ,   9990.0
   7
 8 
156.2015      56.78173
156.203       56.77748
156.1983      56.77297
156.1917      56.77225
156.1852      56.77475
156.1877      56.77839
156.1959      56.779
156.2015      56.78173
 1 
 1             33            
1
 -9999.0   ,   9990.0
   7
 9 
157.1291      56.77811
157.1236      56.78234
157.1215      56.78817
157.1255      56.79075
157.1346      56.7895
157.1373      56.7867
157.1377      56.78306
157.1343      56.77961
157.1291      56.77811
 1 
 1             34            
1
 -9999.0   ,   9990.0
   7
 5 
157.2533      56.78153
157.2629      56.79431
157.2681      56.78981
157.2655      56.78459
157.2533      56.78153
 1 
 1             35            
1
 -9999.0   ,   9990.0
   7
 6 
157.1302      56.80945
157.1383      56.80492
157.1233      56.79497
157.1192      56.79837
157.1243      56.80537
157.1302      56.80945
 1 
 1             36            
1
 -9999.0   ,   9990.0
   7
 102 
156.1018      56.75284
156.0576      56.73178
156.0584      56.7217
156.0533      56.71803
156.0471      56.71347
156.0452      56.70595
156.0478      56.69878
156.0724      56.66425
156.0719      56.65961
156.0517      56.64795
156.0496      56.63828
156.0376      56.62856
156.036       56.61889
156.0393      56.61514
156.058       56.60972
156.0609      56.60909
156.0628      56.60522
156.0578      56.60158
156.0461      56.59789
156.0495      56.58814
156.0612      56.58681
156.088       56.57834
156.0929      56.57509
156.0933      56.5705
156.0656      56.55595
156.0552      56.55586
156.038       56.56306
156.0295      56.56333
156.0205      56.55964
156.018       56.55572
156.0201      56.55345
156.0274      56.55123
156.0608      56.54989
156.0669      56.54914
156.0726      56.54636
156.0453      56.52095
156.046       56.53236
156.0595      56.54534
156.0535      56.54722
156.0336      56.54709
156.033       56.54675
156.0187      56.549
156.0113      56.55275
156.0121      56.55806
156.0233      56.56473
156.0328      56.56681
156.0406      56.56558
156.0581      56.55931
156.0652      56.55914
156.085       56.57517
156.0802      56.57703
156.0726      56.57992
156.0459      56.58634
156.0372      56.59192
156.0363      56.59687
156.0542      56.60506
156.0512      56.60806
156.0324      56.61359
156.0304      56.6177
156.0338      56.63125
156.0446      56.63837
156.0477      56.64914
156.0502      56.65186
156.0582      56.65436
156.0653      56.66095
156.0646      56.66711
156.0615      56.6707
156.0485      56.68617
156.0391      56.70364
156.0402      56.71247
156.052       56.72214
156.0503      56.73075
156.0521      56.73528
156.0629      56.74209
156.0914      56.75231
156.088       56.7677
156.1008      56.77534
156.1022      56.77798
156.1099      56.77903
156.1195      56.78572
156.1223      56.79148
156.1289      56.79886
156.1365      56.80197
156.1543      56.8047
156.1599      56.81409
156.1748      56.82189
156.1792      56.82936
156.1877      56.83089
156.2085      56.83867
156.2117      56.83567
156.2071      56.8305
156.1994      56.82786
156.197       56.82217
156.2008      56.81531
156.1991      56.81195
156.1381      56.79542
156.1303      56.79139
156.1258      56.78414
156.1073      56.77284
156.0981      56.76914
156.0934      56.76442
156.1018      56.75284
 1 
 1             37            
1
 -9999.0   ,   9990.0
   7
 8 
156.6779      57.05964
156.6725      57.06822
156.6574      57.07583
156.6614      57.07964
156.6771      57.072
156.6834      57.06486
156.6823      57.06064
156.6779      57.05964
 1 
 1             38            
1
 -9999.0   ,   9990.0
   7
 87 
156.8539      57.00164
156.848       56.99067
156.8484      56.98173
156.8572      56.97267
156.8739      56.96414
156.8789      56.96356
156.8802      56.96067
156.8852      56.95895
156.8926      56.9507
156.8959      56.93839
156.9052      56.93775
156.9108      56.93353
156.9194      56.93253
156.9306      56.928
156.9373      56.92172
156.9383      56.92078
156.9371      56.92034
156.9247      56.91575
156.9211      56.91609
156.9055      56.92353
156.9068      56.92889
156.8861      56.9367
156.8813      56.94095
156.883       56.95211
156.8753      56.96017
156.8467      56.97078
156.8419      56.97506
156.8415      56.9765
156.84        56.98159
156.8488      57.01303
156.846       57.01789
156.831       57.02239
156.8026      57.01561
156.7931      57.01678
156.7856      57.01995
156.7777      57.02672
156.7793      57.03472
156.7798      57.03661
156.7893      57.04186
156.7959      57.04342
156.7996      57.04434
156.8108      57.04584
156.8245      57.04084
156.8279      57.03925
156.8284      57.03906
156.8345      57.04022
156.8123      57.06092
156.7818      57.07303
156.7733      57.08267
156.772       57.08417
156.7603      57.09028
156.7459      57.09133
156.7398      57.0902
156.7322      57.08248
156.7283      57.07828
156.717       57.07728
156.6961      57.07839
156.6895      57.08039
156.6825      57.08658
156.6939      57.09228
156.7067      57.08281
156.715       57.08178
156.7245      57.08267
156.734       57.09014
156.745       57.09511
156.7609      57.09556
156.7715      57.09423
156.7883      57.07767
156.8097      57.07153
156.8232      57.06067
156.8238      57.05548
156.8387      57.04436
156.8418      57.03936
156.8392      57.03428
156.8326      57.03242
156.8208      57.03611
156.8151      57.03603
156.7861      57.02872
156.7859      57.02447
156.7933      57.02095
156.8035      57.02072
156.8279      57.02492
156.8355      57.025
156.8431      57.02275
156.8522      57.01808
156.8572      57.01292
156.8539      57.00164
 1 
 1             39            
1
 -9999.0   ,   9990.0
   7
 7 
159.9109      57.18767
159.9015      57.1827
159.8771      57.18256
159.8695      57.18497
159.8923      57.191
159.9061      57.19181
159.9109      57.18767
 1 
 1             40            
1
 -9999.0   ,   9990.0
   7
 6 
159.7237      57.19303
159.7135      57.1905
159.7057      57.19178
159.7004      57.19634
159.7171      57.19709
159.7237      57.19303
 1 
 1             41            
1
 -9999.0   ,   9990.0
   7
 8 
159.0006      57.19317
158.9942      57.19331
158.9895      57.19834
158.9958      57.206
159.0015      57.20492
159.0063      57.1992
159.0053      57.19525
159.0006      57.19317
 1 
 1             42            
1
 -9999.0   ,   9990.0
   7
 8 
158.9751      57.20106
158.9706      57.20289
158.9717      57.20639
158.9771      57.20942
158.9858      57.21053
158.986       57.20664
158.9797      57.20175
158.9751      57.20106
 1 
 1             43            
1
 -9999.0   ,   9990.0
   7
 7 
157.1613      57.61898
157.1554      57.611
157.1458      57.6097
157.1385      57.61175
157.1509      57.62131
157.1573      57.62125
157.1613      57.61898
 1 
 1             44            
1
 -9999.0   ,   9990.0
   7
 14 
158.9186      57.64228
158.8998      57.64314
158.8928      57.642
158.8729      57.65259
158.8425      57.65298
158.8299      57.65597
158.8213      57.66475
158.8298      57.66336
158.8449      57.65678
158.8774      57.65595
158.8892      57.65031
158.8922      57.64698
158.9149      57.64559
158.9186      57.64228
 1 
 1             45            
1
 -9999.0   ,   9990.0
   7
 8 
156.9675      57.65964
156.9616      57.66131
156.9536      57.6587
156.95        57.66122
156.9537      57.66378
156.9738      57.66947
156.9753      57.66867
156.9675      57.65964
 1 
 1             46            
1
 -9999.0   ,   9990.0
   7
 13 
157.1254      57.66748
157.1198      57.66781
157.1166      57.67058
157.1208      57.67453
157.1289      57.67689
157.1355      57.68353
157.145       57.68531
157.1487      57.68992
157.1563      57.68881
157.1588      57.68506
157.1567      57.67917
157.142       57.67017
157.1254      57.66748
 1 
 1             47            
1
 -9999.0   ,   9990.0
   7
 8 
157.1649      57.70936
157.1652      57.70456
157.1605      57.70034
157.1522      57.69911
157.1491      57.70167
157.1513      57.70481
157.1574      57.70864
157.1649      57.70936
 1 
 1             48            
1
 -9999.0   ,   9990.0
   7
 7 
157.1112      57.71509
157.1101      57.71225
157.0937      57.70703
157.09        57.70817
157.0923      57.71131
157.0981      57.714
157.1112      57.71509
 1 
 1             49            
1
 -9999.0   ,   9990.0
   7
 63 
158.2672      58.04067
158.2801      58.03967
158.2841      58.03828
158.2905      58.03603
158.2992      58.031
158.3044      58.01317
158.2978      58.0027
158.3052      57.98267
158.3064      57.98156
158.3094      57.97878
158.3165      57.97547
158.3245      57.97575
158.3281      57.97589
158.3342      57.9752
158.3555      57.97281
158.359       57.97045
158.3826      57.96461
158.3841      57.96103
158.3927      57.96022
158.4027      57.95423
158.4212      57.92539
158.428       57.91934
158.4491      57.91036
158.4537      57.90442
158.453       57.89428
158.4583      57.88883
158.4712      57.88447
158.481       57.88525
158.4712      57.87989
158.4479      57.88714
158.4436      57.89173
158.444       57.903
158.4387      57.90822
158.4278      57.91314
158.4121      57.92331
158.3949      57.9497
158.3886      57.9537
158.3548      57.96542
158.3443      57.96622
158.3188      57.96803
158.31        57.97122
158.2905      57.98484
158.2861      57.98506
158.2871      57.98695
158.2783      57.99886
158.2806      58.00381
158.2856      58.0142
158.2823      58.02664
158.278       58.031
158.268       58.03572
158.2466      58.02145
158.2373      58.01773
158.2277      58.01628
158.2188      58.01761
158.2165      58.02048
158.2343      58.02192
158.2348      58.0247
158.2351      58.02678
158.2505      58.03661
158.2593      58.03873
158.2614      58.03925
158.2653      58.0402
158.2672      58.04067
 1 
 1             50            
1
 -9999.0   ,   9990.0
   7
 24 
159.265       58.46284
159.2474      58.45817
159.2456      58.45478
159.2412      58.45311
159.2396      58.45573
159.2422      58.46842
159.2311      58.46653
159.2297      58.47495
159.2085      58.48406
159.206       58.48622
159.1888      58.50159
159.1806      58.51328
159.1684      58.51131
159.1681      58.52045
159.1826      58.52203
159.1992      58.51684
159.199       58.51483
159.1896      58.51356
159.1874      58.51067
159.1978      58.50028
159.2149      58.49159
159.2246      58.48664
159.2448      58.47909
159.265       58.46284
 1 
 1             51            
1
 -9999.0   ,   9990.0
   7
 16 
159.6996      58.80264
159.6854      58.79998
159.6701      58.80186
159.6619      58.80059
159.6558      58.79734
159.6414      58.79903
159.634       58.79825
159.6237      58.79367
159.6148      58.7942
159.6223      58.80003
159.6277      58.80164
159.6429      58.81192
159.6487      58.81103
159.6561      58.80653
159.6753      58.80781
159.6996      58.80264
 1 
 1             52            
1
 -9999.0   ,   9990.0
   7
 7 
152.4669      59.16836
152.4836      59.16714
152.4817      59.16358
152.4775      59.16134
152.4681      59.16159
152.4627      59.1645
152.4669      59.16836
 1 
 1             53            
1
 -9999.0   ,   9990.0
   7
 12 
153.8742      59.31231
153.8642      59.31639
153.8512      59.31817
153.8498      59.32084
153.852       59.32367
153.8626      59.32695
153.8762      59.32836
153.8799      59.32156
153.8918      59.31917
153.8932      59.3165
153.8841      59.31217
153.8742      59.31231
 1 
 1             54            
1
 -9999.0   ,   9990.0
   7
 8 
153.965       59.34539
153.9595      59.34656
153.9565      59.34981
153.9581      59.35336
153.9669      59.35681
153.9781      59.35631
153.981       59.35284
153.965       59.34539
 1 
 1             55            
1
 -9999.0   ,   9990.0
   7
 6 
153.9731      59.36323
153.9675      59.36414
153.9651      59.37084
153.9745      59.37606
153.9825      59.37284
153.9731      59.36323
 1 
 1             56            
1
 -9999.0   ,   9990.0
   7
 7 
154.0395      59.42442
154.0354      59.42987
154.0371      59.43281
154.0412      59.43292
154.0516      59.42639
154.0435      59.4192
154.0395      59.42442
 1 
 1             57            
1
 -9999.0   ,   9990.0
   7
 7 
154.1464      59.43853
154.1555      59.44223
154.1578      59.4392
154.1518      59.43545
154.1476      59.4347
154.1463      59.43547
154.1464      59.43853
 1 
 1             58            
1
 -9999.0   ,   9990.0
   7
 7 
154.0733      59.44031
154.0642      59.43211
154.0576      59.43131
154.054       59.43681
154.0584      59.44017
154.0662      59.44387
154.0733      59.44031
 1 
 1             59            
1
 -9999.0   ,   9990.0
   7
 10 
154.8648      59.45137
154.8566      59.45439
154.8578      59.45636
154.8657      59.45745
154.875       59.45495
154.8803      59.4572
154.8868      59.45659
154.8822      59.4465
154.8784      59.4455
154.8648      59.45137
 1 
 1             60            
1
 -9999.0   ,   9990.0
   7
 23 
154.1261      59.46659
154.1437      59.45722
154.1383      59.45698
154.1193      59.44425
154.1057      59.44145
154.1051      59.42959
154.089       59.42786
154.0862      59.42611
154.0939      59.42214
154.0855      59.41447
154.0861      59.40989
154.0641      59.41225
154.078       59.41939
154.0736      59.42714
154.0768      59.4325
154.087       59.433
154.0887      59.44047
154.0949      59.44656
154.1132      59.44906
154.1183      59.45436
154.1188      59.45972
154.1244      59.46206
154.1261      59.46659
 1 
 1             61            
1
 -9999.0   ,   9990.0
   7
 7 
154.0155      59.48006
154.0188      59.48403
154.0293      59.48239
154.038       59.47828
154.034       59.47514
154.0264      59.47473
154.0155      59.48006
 1 
 1             62            
1
 -9999.0   ,   9990.0
   7
 16 
154.7407      59.45334
154.7317      59.47192
154.7203      59.47933
154.7025      59.48528
154.6813      59.50486
154.6591      59.51542
154.6568      59.51653
154.6517      59.52259
154.6534      59.52711
154.6582      59.52775
154.6634      59.52561
154.6744      59.514
154.7201      59.49295
154.7762      59.463
154.7498      59.45881
154.7407      59.45334
 1 
 1             63            
1
 -9999.0   ,   9990.0
   7
 6 
154.1183      59.56345
154.1216      59.56859
154.1264      59.56922
154.1316      59.56597
154.1265      59.56206
154.1183      59.56345
 1 
 1             64            
1
 -9999.0   ,   9990.0
   7
 9 
153.2137      59.57397
153.2107      59.57303
153.2072      59.57406
153.2092      59.5772
153.2206      59.58073
153.2303      59.57975
153.2351      59.57614
153.2304      59.5742
153.2137      59.57397
 1 
 1             65            
1
 -9999.0   ,   9990.0
   7
 5 
152.0623      59.63133
152.0506      59.6317
152.0377      59.63625
152.0573      59.63628
152.0623      59.63133
 1 
 1             66            
1
 -9999.0   ,   9990.0
   7
 5 
154.1739      59.68142
154.1649      59.67811
154.1562      59.67808
154.1582      59.68172
154.1739      59.68142
 1 
 1             67            
1
 -9999.0   ,   9990.0
   7
 9 
154.1189      59.72425
154.1066      59.72411
154.1004      59.72617
154.1016      59.72928
154.11        59.73045
154.1193      59.72983
154.1237      59.72789
154.1234      59.72578
154.1189      59.72425
 1 
 1             68            
1
 -9999.0   ,   9990.0
   7
 5 
154.0758      59.7257
154.067       59.72447
154.0665      59.73
154.0718      59.73067
154.0758      59.7257
 1 
 1             69            
1
 -9999.0   ,   9990.0
   7
 9 
154.0348      59.74256
154.0309      59.739
154.0242      59.73981
154.0245      59.74586
154.0285      59.75039
154.0329      59.75075
154.0344      59.74925
154.0327      59.74472
154.0348      59.74256
 1 
 1             70            
1
 -9999.0   ,   9990.0
   7
 7 
154.0453      59.759
154.0457      59.75648
154.0375      59.75509
154.0299      59.75584
154.0172      59.76056
154.0248      59.76259
154.0453      59.759
 1 
 1             71            
1
 -9999.0   ,   9990.0
   7
 6 
154.1269      59.76639
154.1184      59.76589
154.1104      59.77056
154.1099      59.77467
154.1156      59.77423
154.1269      59.76639
 1 
 1             72            
1
 -9999.0   ,   9990.0
   7
 7 
154.0898      59.79636
154.0756      59.80189
154.0812      59.80561
154.0885      59.80575
154.0939      59.80203
154.0938      59.79811
154.0898      59.79636
 1 
 1             73            
1
 -9999.0   ,   9990.0
   7
 10 
154.1115      59.80306
154.1057      59.80258
154.1008      59.80472
154.1013      59.80731
154.096       59.8122
154.0994      59.81595
154.1041      59.81681
154.1114      59.81581
154.1169      59.81025
154.1115      59.80306
 1 
 1             74            
1
 -9999.0   ,   9990.0
   7
 9 
154.1804      59.81861
154.1733      59.82056
154.1684      59.82548
154.1714      59.83036
154.1762      59.83123
154.1818      59.831
154.1869      59.824
154.1848      59.82036
154.1804      59.81861
 1 
 1             75            
1
 -9999.0   ,   9990.0
   7
 8 
154.1525      59.82761
154.1437      59.83058
154.1443      59.8385
154.1507      59.84136
154.1574      59.84053
154.161       59.83667
154.1607      59.832
154.1525      59.82761
 1 
 1             76            
1
 -9999.0   ,   9990.0
   7
 6 
152.0275      59.94197
152.0373      59.94084
152.0416      59.93778
152.0379      59.93458
152.0306      59.93622
152.0275      59.94197
 3 
 1             77            
1
 -9999.0   ,   9990.0
   7
 118 
153.6837      59.74328
153.6899      59.7382
153.7246      59.72786
153.7627      59.71112
153.7931      59.69431
153.8074      59.68636
153.8281      59.67103
153.8357      59.66984
153.8383      59.66942
153.8426      59.67172
153.8513      59.67628
153.8598      59.67859
153.8918      59.67731
153.905       59.67828
153.9339      59.66472
153.9419      59.66217
153.9816      59.64953
153.9884      59.64559
153.9926      59.63217
153.9833      59.63095
153.9726      59.63192
153.9593      59.64158
153.9358      59.66048
153.9252      59.66464
153.9037      59.66589
153.8808      59.67128
153.8717      59.67156
153.8543      59.66703
153.82        59.66567
153.8137      59.66897
153.8059      59.67747
153.7852      59.68011
153.7762      59.68617
153.7603      59.69073
153.7546      59.69881
153.7498      59.69945
153.7492      59.70322
153.7383      59.70778
153.7197      59.72272
153.7057      59.72459
153.6853      59.73109
153.6761      59.74442
153.674       59.74747
153.6667      59.75042
153.6509      59.75675
153.6118      59.75947
153.5709      59.7592
153.56        59.76159
153.5585      59.76192
153.5514      59.76575
153.5397      59.7797
153.5336      59.7817
153.5185      59.78178
153.483       59.79764
153.477       59.79825
153.469       59.7952
153.4523      59.79445
153.4268      59.79867
153.412       59.80267
153.3907      59.80409
153.3735      59.81109
153.3686      59.81198
153.3123      59.82234
153.3075      59.82598
153.3066      59.83964
153.2811      59.85967
153.2817      59.86609
153.2699      59.87711
153.2679      59.88703
153.2594      59.88931
153.2438      59.89675
153.2332      59.90392
153.2163      59.91528
153.2024      59.92536
153.1843      59.94617
153.1917      59.94928
153.2017      59.94875
153.2056      59.94636
153.2071      59.93495
153.215       59.93203
153.2197      59.92172
153.2424      59.91328
153.2459      59.90814
153.262       59.89628
153.2826      59.88528
153.286       59.8805
153.2867      59.86967
153.2886      59.86861
153.3033      59.86011
153.3026      59.84897
153.3135      59.83956
153.3172      59.82775
153.3237      59.82336
153.343       59.82086
153.3527      59.81809
153.3704      59.81756
153.3821      59.81392
153.4036      59.81384
153.4051      59.81384
153.4193      59.81206
153.4415      59.80339
153.4565      59.80197
153.4756      59.80297
153.4946      59.79767
153.5044      59.79139
153.5174      59.78581
153.5404      59.78564
153.5471      59.78108
153.5542      59.7705
153.5664      59.76498
153.6096      59.76503
153.6342      59.76506
153.6502      59.76631
153.6528      59.7655
153.6583      59.76411
153.6805      59.75328
153.683       59.74383
153.6837      59.74328
 1             77            2 
1
 -9999.0   ,   9990.0
   7
 8 
153.982       59.64236
153.9731      59.64578
153.9663      59.64628
153.9638      59.643
153.9769      59.63581
153.9849      59.63439
153.9882      59.63764
153.982       59.64236
 1             77            3 
1
 -9999.0   ,   9990.0
   7
 7 
153.4086      59.81117
153.3984      59.81036
153.3955      59.80825
153.4123      59.80511
153.42        59.80533
153.4166      59.80945
153.4086      59.81117
 1 
 1             78            
1
 -9999.0   ,   9990.0
   7
 7 
152.1153      59.95717
152.1057      59.9592
152.0962      59.9647
152.1008      59.96667
152.1098      59.96561
152.1157      59.9622
152.1153      59.95717
 1 
 1             79            
1
 -9999.0   ,   9990.0
   7
 13 
152.6273      59.96292
152.619       59.95822
152.5811      59.9702
152.5702      59.97397
152.5656      59.9787
152.5673      59.9832
152.5795      59.97909
152.6036      59.97664
152.6206      59.97956
152.6326      59.978
152.6336      59.97539
152.6268      59.96759
152.6273      59.96292
