 215 
 1 
 1             1             
1
 -9999.0   ,   9990.0
   7
 5 
-163.7141      60
-163.7054      60
-163.7077      59.9985
-163.7123      59.99836
-163.7141      60
 1 
 1             2             
1
 -9999.0   ,   9990.0
   7
 4 
-163.6796      60
-163.6635      60
-163.6751      59.99829
-163.6796      60
 1 
 1             3             
1
 -9999.0   ,   9990.0
   7
 9 
-163.6635      60
-163.6357      60
-163.6401      59.99813
-163.6459      59.999
-163.6486      59.99757
-163.648       59.99476
-163.654       59.99127
-163.6656      59.996
-163.6635      60
 1 
 1             4             
1
 -9999.0   ,   9990.0
   7
 12 
-163.5669      60
-163.5424      60
-163.5399      59.99931
-163.5384      59.99666
-163.5442      59.99224
-163.5754      59.98293
-163.5901      59.98121
-163.5954      59.98227
-163.603       59.99435
-163.599       59.99706
-163.5767      59.99801
-163.5669      60
 1 
 1             5             
1
 -9999.0   ,   9990.0
   7
 18 
-163.5207      60
-163.5189      60
-163.5146      59.99935
-163.5064      59.99415
-163.4971      59.99302
-163.4938      59.99809
-163.4748      59.99834
-163.4729      59.99705
-163.4651      59.99695
-163.4629      59.99495
-163.4741      59.9849
-163.4881      59.97761
-163.5032      59.97639
-163.5058      59.98026
-163.5132      59.98171
-163.5206      59.9864
-163.5252      59.99757
-163.5207      60
 1 
 1             6             
1
 -9999.0   ,   9990.0
   7
 13 
-163.4496      60
-163.4341      60
-163.4195      59.99528
-163.4145      59.98868
-163.4223      59.98578
-163.4359      59.98653
-163.4432      59.98037
-163.4519      59.97869
-163.4677      59.98145
-163.4695      59.98319
-163.447       59.99103
-163.4472      59.99681
-163.4496      60
 1 
 1             7             
1
 -9999.0   ,   9990.0
   7
 19 
-163.3798      60
-163.3711      60
-163.3695      60
-163.3673      60
-163.353       60
-163.3519      60
-163.3487      59.99659
-163.3516      59.9945
-163.3537      59.99372
-163.3632      59.9958
-163.3739      59.9922
-163.3794      59.98752
-163.3851      59.99324
-163.3951      59.98889
-163.3997      59.99545
-163.398       59.99671
-163.3878      59.99667
-163.3859      59.9986
-163.3798      60
 1 
 1             8             
1
 -9999.0   ,   9990.0
   7
 4 
-163.2967      60
-163.2863      60
-163.2956      59.99732
-163.2967      60
 1 
 1             9             
1
 -9999.0   ,   9990.0
   7
 10 
-163.2655      60
-163.2426      60
-163.2422      59.99871
-163.2454      59.9957
-163.2536      59.99262
-163.2698      59.99104
-163.2797      59.99177
-163.2861      59.99501
-163.2817      59.99746
-163.2655      60
 1 
 1             10            
1
 -9999.0   ,   9990.0
   7
 8 
-163.2149      60
-163.175       60
-163.173       59.99728
-163.1782      59.99397
-163.2009      59.99035
-163.2158      59.98961
-163.2157      60
-163.2149      60
 1 
 1             11            
1
 -9999.0   ,   9990.0
   7
 17 
-163.1158      60
-163.0516      60
-163.0564      59.99596
-163.0758      59.98818
-163.0747      59.98556
-163.081       59.98002
-163.0971      59.97384
-163.1034      59.97293
-163.128       59.97523
-163.1352      59.97738
-163.1353      59.97993
-163.1334      59.98081
-163.1216      59.98606
-163.1045      59.98918
-163.1016      59.99126
-163.115       59.99735
-163.1158      60
 1 
 1             12            
1
 -9999.0   ,   9990.0
   7
 4 
-162.7499      60
-162.7378      60
-162.748       59.99759
-162.7499      60
 1 
 1             13            
1
 -9999.0   ,   9990.0
   7
 7 
-161.9091      60
-161.8932      60
-161.893       59.99966
-161.8939      59.99925
-161.9014      59.99842
-161.909       59.99978
-161.9091      60
 1 
 1             14            
1
 -9999.0   ,   9990.0
   7
 5 
-161.88        60
-161.8602      60
-161.8644      59.99811
-161.8792      59.99949
-161.88        60
 1 
 1             15            
1
 -9999.0   ,   9990.0
   7
 10 
-160.0256      59.98406
-160.0339      59.98583
-160.043       59.99239
-160.0461      59.99909
-160.0385      59.9982
-160.0314      59.99383
-160.0236      59.99202
-160.0206      59.98945
-160.0214      59.98549
-160.0256      59.98406
 1 
 1             16            
1
 -9999.0   ,   9990.0
   7
 11 
-163.1631      59.98247
-163.1742      59.98398
-163.1785      59.98661
-163.169       59.99237
-163.1592      59.99418
-163.148       59.99311
-163.1414      59.99055
-163.1396      59.98718
-163.1421      59.98505
-163.1504      59.98498
-163.1631      59.98247
 1 
 1             17            
1
 -9999.0   ,   9990.0
   7
 7 
-166.8558      59.98112
-166.8602      59.98202
-166.87        59.99118
-166.869       59.99411
-166.8581      59.99086
-166.8539      59.98379
-166.8558      59.98112
 1 
 1             18            
1
 -9999.0   ,   9990.0
   7
 7 
-166.5126      59.99082
-166.5068      59.9926
-166.5035      59.9906
-166.5104      59.98589
-166.516       59.98502
-166.5211      59.9871
-166.5126      59.99082
 1 
 1             19            
1
 -9999.0   ,   9990.0
   7
 129 
-164.1257      59.97275
-164.1248      59.97777
-164.0968      59.98118
-164.0856      59.97998
-164.0781      59.97739
-164.076       59.97288
-164.0797      59.96437
-164.0795      59.963
-164.0788      59.95901
-164.0603      59.94578
-164.054       59.94558
-164.0581      59.96084
-164.0556      59.96505
-164.0419      59.96666
-164.0336      59.96333
-164.0276      59.96339
-164.0289      59.97093
-164.0294      59.97388
-164.0277      59.97462
-164.0189      59.97847
-164.0079      59.97864
-163.9996      59.97693
-163.983       59.96681
-163.9757      59.96516
-163.9547      59.97295
-163.9426      59.97512
-163.9297      59.97377
-163.9266      59.9701
-163.9243      59.94966
-163.9183      59.95133
-163.9076      59.96028
-163.9066      59.96412
-163.9128      59.9664
-163.9152      59.96978
-163.9056      59.97627
-163.9039      59.98076
-163.8968      59.97981
-163.8956      59.97558
-163.9028      59.96963
-163.8969      59.9676
-163.88        59.96714
-163.8695      59.98393
-163.8532      59.98971
-163.8427      59.98761
-163.8418      59.98432
-163.8511      59.97713
-163.8485      59.97487
-163.8435      59.97453
-163.829       59.98044
-163.8138      59.98249
-163.8075      59.98334
-163.794       59.98401
-163.7715      59.9806
-163.7536      59.98212
-163.7393      59.97904
-163.7347      59.97572
-163.7346      59.96948
-163.728       59.96672
-163.7266      59.96363
-163.7339      59.95861
-163.7133      59.95832
-163.6974      59.96112
-163.6963      59.95828
-163.7002      59.95601
-163.7139      59.95467
-163.7441      59.95517
-163.7518      59.95732
-163.7397      59.9627
-163.7425      59.96405
-163.7454      59.96366
-163.7535      59.96252
-163.7678      59.9642
-163.7761      59.96731
-163.7689      59.97166
-163.7615      59.97367
-163.7469      59.9715
-163.7416      59.97251
-163.7475      59.97777
-163.7555      59.97856
-163.7692      59.9756
-163.7904      59.9803
-163.801       59.98057
-163.826       59.97654
-163.8366      59.96944
-163.8468      59.96945
-163.8546      59.97276
-163.8568      59.9766
-163.8504      59.98284
-163.851       59.98588
-163.8567      59.98512
-163.8619      59.98138
-163.8689      59.96936
-163.8779      59.96307
-163.8825      59.96154
-163.8904      59.96278
-163.8968      59.96137
-163.9125      59.94908
-163.9273      59.94526
-163.931       59.9469
-163.9348      59.95822
-163.9335      59.96989
-163.9381      59.97158
-163.9468      59.9701
-163.9759      59.95941
-163.9809      59.95952
-163.987       59.96247
-163.9939      59.96916
-164.0042      59.97294
-164.0048      59.97313
-164.0125      59.97319
-164.0164      59.96931
-164.0139      59.95969
-164.0199      59.9578
-164.0285      59.95838
-164.0326      59.95954
-164.0413      59.96201
-164.0477      59.96198
-164.0522      59.95722
-164.0451      59.94107
-164.0478      59.93963
-164.0578      59.93985
-164.0663      59.9425
-164.0877      59.95523
-164.0915      59.96147
-164.0858      59.97077
-164.0871      59.97149
-164.0918      59.97417
-164.11        59.97146
-164.1257      59.97275
 1 
 1             20            
1
 -9999.0   ,   9990.0
   7
 9 
-166.2221      59.98097
-166.2269      59.97983
-166.2319      59.97527
-166.2487      59.97589
-166.2537      59.97867
-166.247       59.98476
-166.2427      59.98568
-166.2296      59.98434
-166.2221      59.98097
 1 
 1             21            
1
 -9999.0   ,   9990.0
   7
 9 
-162.1036      59.9661
-162.1081      59.96925
-162.1022      59.97154
-162.1058      59.97462
-162.1043      59.97657
-162.0913      59.97944
-162.0895      59.97651
-162.0958      59.96986
-162.1036      59.9661
 1 
 1             22            
1
 -9999.0   ,   9990.0
   7
 10 
-163.6261      59.96462
-163.6329      59.96994
-163.6304      59.9723
-163.6187      59.97447
-163.6176      59.97693
-163.6116      59.97835
-163.6036      59.97248
-163.6078      59.96747
-163.6177      59.96495
-163.6261      59.96462
 1 
 1             23            
1
 -9999.0   ,   9990.0
   7
 6 
-166.7511      59.96594
-166.7529      59.96856
-166.7458      59.97717
-166.7382      59.97383
-166.742       59.96598
-166.7511      59.96594
 1 
 1             24            
1
 -9999.0   ,   9990.0
   7
 25 
-163.3555      59.92394
-163.3619      59.93341
-163.3604      59.94206
-163.344       59.95725
-163.3461      59.96894
-163.3432      59.97127
-163.3343      59.97177
-163.323       59.96955
-163.2985      59.97285
-163.2371      59.97525
-163.2139      59.97423
-163.2003      59.97045
-163.1987      59.96923
-163.195       59.96637
-163.1937      59.9538
-163.2023      59.94498
-163.2116      59.94151
-163.2235      59.94008
-163.2448      59.9412
-163.2504      59.94069
-163.2598      59.937
-163.2837      59.93552
-163.3253      59.92174
-163.3358      59.92043
-163.3555      59.92394
 1 
 1             25            
1
 -9999.0   ,   9990.0
   7
 7 
-160.0312      59.96827
-160.0279      59.96411
-160.0318      59.95258
-160.0384      59.95146
-160.0416      59.957
-160.0396      59.9652
-160.0312      59.96827
 1 
 1             26            
1
 -9999.0   ,   9990.0
   7
 8 
-163.8632      59.95629
-163.8677      59.95684
-163.8689      59.95899
-163.8612      59.96699
-163.8554      59.96798
-163.8496      59.9625
-163.8554      59.96129
-163.8632      59.95629
 1 
 1             27            
1
 -9999.0   ,   9990.0
   7
 14 
-163.5747      59.93998
-163.5821      59.94136
-163.5886      59.94259
-163.6025      59.94242
-163.6116      59.94745
-163.6072      59.95175
-163.5933      59.95699
-163.5439      59.96731
-163.5139      59.96792
-163.5076      59.96586
-163.5034      59.95956
-163.5271      59.94742
-163.5646      59.93972
-163.5747      59.93998
 1 
 1             28            
1
 -9999.0   ,   9990.0
   7
 17 
-163.3975      59.94084
-163.4073      59.94501
-163.407       59.94754
-163.3963      59.95137
-163.3951      59.95405
-163.4043      59.95725
-163.4066      59.96203
-163.404       59.96461
-163.3962      59.96451
-163.3816      59.96737
-163.3704      59.9661
-163.367       59.95893
-163.3781      59.95374
-163.3743      59.94954
-163.3751      59.94359
-163.3833      59.94051
-163.3975      59.94084
 1 
 1             29            
1
 -9999.0   ,   9990.0
   7
 9 
-163.1246      59.95097
-163.1275      59.95372
-163.1437      59.95932
-163.1424      59.96384
-163.1383      59.96699
-163.1251      59.96647
-163.1199      59.96355
-163.1177      59.95392
-163.1246      59.95097
 1 
 1             30            
1
 -9999.0   ,   9990.0
   7
 7 
-163.6517      59.95859
-163.6658      59.96397
-163.6591      59.96649
-163.6404      59.96448
-163.636       59.96047
-163.6431      59.9582
-163.6517      59.95859
 1 
 1             31            
1
 -9999.0   ,   9990.0
   7
 7 
-166.0128      59.95271
-166.0168      59.95315
-166.0195      59.95996
-166.0155      59.96387
-166.0071      59.96435
-166.0056      59.96312
-166.0128      59.95271
 1 
 1             32            
1
 -9999.0   ,   9990.0
   7
 9 
-161.8843      59.94845
-161.8882      59.95207
-161.8891      59.95778
-161.8838      59.96282
-161.8776      59.96377
-161.8688      59.95614
-161.8704      59.95394
-161.8762      59.95325
-161.8843      59.94845
 1 
 1             33            
1
 -9999.0   ,   9990.0
   7
 8 
-163.4765      59.95048
-163.4845      59.95659
-163.4671      59.96249
-163.4592      59.96145
-163.4554      59.95864
-163.4624      59.95661
-163.4696      59.95067
-163.4765      59.95048
 1 
 1             34            
1
 -9999.0   ,   9990.0
   7
 19 
-163.6818      59.93811
-163.6852      59.94205
-163.68        59.94606
-163.6834      59.94861
-163.6931      59.94859
-163.6968      59.95024
-163.6952      59.95266
-163.6841      59.95603
-163.6857      59.95845
-163.6816      59.96001
-163.672       59.96002
-163.6677      59.95557
-163.6598      59.95593
-163.6552      59.95077
-163.6603      59.94905
-163.6635      59.94443
-163.6697      59.94349
-163.6757      59.9386
-163.6818      59.93811
 1 
 1             35            
1
 -9999.0   ,   9990.0
   7
 8 
-163.4253      59.94332
-163.4335      59.94668
-163.4381      59.95324
-163.4363      59.95611
-163.4255      59.95856
-163.4163      59.95697
-163.4143      59.94644
-163.4253      59.94332
 1 
 1             36            
1
 -9999.0   ,   9990.0
   7
 6 
-161.921       59.95363
-161.9158      59.95752
-161.8976      59.95827
-161.8946      59.95619
-161.896       59.95331
-161.921       59.95363
 1 
 1             37            
1
 -9999.0   ,   9990.0
   7
 7 
-165.9254      59.94167
-165.9439      59.94517
-165.9431      59.94651
-165.9276      59.95051
-165.9224      59.94955
-165.9212      59.94443
-165.9254      59.94167
 1 
 1             38            
1
 -9999.0   ,   9990.0
   7
 8 
-166.8041      59.9487
-166.792       59.94768
-166.7932      59.94338
-166.7853      59.93429
-166.7919      59.9307
-166.8069      59.93117
-166.8006      59.93546
-166.8041      59.9487
 1 
 1             39            
1
 -9999.0   ,   9990.0
   7
 18 
-163.5092      59.91961
-163.5178      59.92346
-163.5526      59.92594
-163.5538      59.92604
-163.557       59.92765
-163.5601      59.93295
-163.5567      59.93685
-163.5448      59.94154
-163.4874      59.94641
-163.4638      59.9468
-163.4522      59.94572
-163.434       59.94025
-163.4325      59.93716
-163.4358      59.93393
-163.458       59.92699
-163.4883      59.92042
-163.4948      59.92181
-163.5092      59.91961
 1 
 1             40            
1
 -9999.0   ,   9990.0
   7
 7 
-161.8237      59.93889
-161.8308      59.94387
-161.828       59.94664
-161.8155      59.94669
-161.8083      59.94402
-161.8179      59.93956
-161.8237      59.93889
 1 
 1             41            
1
 -9999.0   ,   9990.0
   7
 20 
-162.0175      59.92932
-162.0292      59.93123
-162.0382      59.92781
-162.0457      59.9289
-162.0498      59.93179
-162.0507      59.9388
-162.056       59.93948
-162.0642      59.93831
-162.0692      59.94011
-162.0811      59.93661
-162.0814      59.9365
-162.0907      59.93773
-162.0809      59.94085
-162.0767      59.94397
-162.0499      59.94406
-162.0442      59.94174
-162.0396      59.93465
-162.0314      59.93581
-162.0171      59.93287
-162.0175      59.92932
 1 
 1             42            
1
 -9999.0   ,   9990.0
   7
 10 
-163.7474      59.92658
-163.7563      59.93273
-163.744       59.93395
-163.7542      59.9402
-163.7477      59.94205
-163.7362      59.94217
-163.732       59.94072
-163.7288      59.93588
-163.7324      59.93268
-163.7474      59.92658
 1 
 1             43            
1
 -9999.0   ,   9990.0
   7
 8 
-163.2056      59.93529
-163.2084      59.93666
-163.1962      59.94199
-163.1802      59.94172
-163.18        59.9394
-163.1839      59.93692
-163.1928      59.93481
-163.2056      59.93529
 1 
 1             44            
1
 -9999.0   ,   9990.0
   7
 11 
-162           59.93399
-161.9783      59.93938
-161.9709      59.93649
-161.9771      59.93276
-161.9991      59.93217
-161.9987      59.92932
-161.9945      59.92629
-161.9983      59.92251
-161.9999      59.92647
-162           59.93026
-162           59.93399
 1 
 1             45            
1
 -9999.0   ,   9990.0
   7
 5 
-163.9651      59.92457
-163.9765      59.92995
-163.9635      59.93368
-163.9563      59.92812
-163.9651      59.92457
 1 
 1             46            
1
 -9999.0   ,   9990.0
   7
 12 
-163.8773      59.91809
-163.8809      59.92018
-163.8906      59.91993
-163.895       59.9223
-163.8884      59.92968
-163.8809      59.93216
-163.8531      59.93278
-163.8518      59.93085
-163.8595      59.92469
-163.8667      59.92335
-163.8689      59.9205
-163.8773      59.91809
 1 
 1             47            
1
 -9999.0   ,   9990.0
   7
 7 
-161.8532      59.92269
-161.8602      59.92745
-161.8598      59.93049
-161.8527      59.93268
-161.8444      59.93264
-161.8494      59.92391
-161.8532      59.92269
 1 
 1             48            
1
 -9999.0   ,   9990.0
   7
 19 
-163.2689      59.9042
-163.2719      59.90488
-163.2808      59.91524
-163.2927      59.92165
-163.2918      59.92481
-163.2874      59.92587
-163.2818      59.92454
-163.2712      59.92791
-163.2503      59.92845
-163.2315      59.93167
-163.221       59.92974
-163.2175      59.92741
-163.2142      59.91539
-163.2168      59.91258
-163.2215      59.91225
-163.2285      59.91668
-163.2488      59.91795
-163.2567      59.916
-163.2689      59.9042
 1 
 1             49            
1
 -9999.0   ,   9990.0
   7
 15 
-163.8009      59.90726
-163.8191      59.91313
-163.8109      59.91925
-163.7892      59.92143
-163.7896      59.9233
-163.8048      59.92505
-163.8042      59.92708
-163.7956      59.92994
-163.7832      59.93162
-163.7762      59.93043
-163.7741      59.92798
-163.7786      59.91838
-163.7882      59.91536
-163.7954      59.90734
-163.8009      59.90726
 1 
 1             50            
1
 -9999.0   ,   9990.0
   7
 8 
-161.8115      59.92204
-161.8207      59.92201
-161.8269      59.92407
-161.8291      59.92806
-161.8201      59.93038
-161.8128      59.9291
-161.8084      59.9269
-161.8115      59.92204
 1 
 1             51            
1
 -9999.0   ,   9990.0
   7
 16 
-163.7477      59.90401
-163.7552      59.90845
-163.7643      59.90517
-163.7818      59.90685
-163.7857      59.9092
-163.7672      59.91966
-163.7703      59.92518
-163.7626      59.92972
-163.7601      59.92539
-163.7527      59.92396
-163.7505      59.92034
-163.7353      59.91582
-163.7327      59.91333
-163.7401      59.90993
-163.7417      59.90405
-163.7477      59.90401
 1 
 1             52            
1
 -9999.0   ,   9990.0
   7
 8 
-164.0695      59.91991
-164.0829      59.9215
-164.0864      59.92358
-164.0802      59.928
-164.0714      59.92856
-164.069       59.92702
-164.0667      59.92179
-164.0695      59.91991
 1 
 1             53            
1
 -9999.0   ,   9990.0
   7
 11 
-163.9945      59.90883
-164.0005      59.91223
-163.9948      59.91645
-164.0034      59.91843
-164.0038      59.92214
-163.9994      59.92483
-163.9876      59.92771
-163.9804      59.92561
-163.9715      59.91602
-163.9847      59.913
-163.9945      59.90883
 1 
 1             54            
1
 -9999.0   ,   9990.0
   7
 12 
-163.6052      59.90663
-163.6297      59.91091
-163.6306      59.91259
-163.6256      59.91408
-163.6224      59.9187
-163.6149      59.92116
-163.6038      59.92129
-163.5889      59.92531
-163.5692      59.92183
-163.5678      59.92034
-163.5781      59.91324
-163.6052      59.90663
 1 
 1             55            
1
 -9999.0   ,   9990.0
   7
 10 
-161.9567      59.91173
-161.964       59.91161
-161.9754      59.91417
-161.9798      59.91798
-161.9798      59.92376
-161.9725      59.92527
-161.9678      59.9194
-161.9586      59.91782
-161.9545      59.91514
-161.9567      59.91173
 1 
 1             56            
1
 -9999.0   ,   9990.0
   7
 10 
-163.9473      59.90699
-163.9642      59.91069
-163.9657      59.91217
-163.9567      59.91478
-163.9559      59.91956
-163.945       59.92228
-163.9372      59.92243
-163.929       59.91358
-163.9333      59.90972
-163.9473      59.90699
 1 
 1             57            
1
 -9999.0   ,   9990.0
   7
 13 
-164.0489      59.91296
-164.0578      59.91405
-164.0606      59.91723
-164.0573      59.92093
-164.0498      59.9218
-164.0469      59.91884
-164.0451      59.91851
-164.0386      59.91735
-164.0375      59.91129
-164.0405      59.9085
-164.0461      59.90818
-164.0487      59.91261
-164.0489      59.91296
 1 
 1             58            
1
 -9999.0   ,   9990.0
   7
 7 
-163.8595      59.90787
-163.8742      59.91096
-163.8658      59.91498
-163.8583      59.91378
-163.8452      59.91656
-163.8415      59.91331
-163.8595      59.90787
 1 
 1             59            
1
 -9999.0   ,   9990.0
   7
 53 
-163.3884      59.91318
-163.3868      59.91077
-163.3904      59.90802
-163.3996      59.90477
-163.4148      59.9031
-163.4168      59.90094
-163.41        59.89884
-163.4068      59.89422
-163.4003      59.89121
-163.3914      59.89333
-163.3838      59.88932
-163.3595      59.88476
-163.3517      59.8782
-163.3443      59.87997
-163.3324      59.87195
-163.3312      59.86816
-163.3353      59.865
-163.3548      59.86597
-163.3686      59.86883
-163.3864      59.8692
-163.3951      59.87237
-163.3993      59.87221
-163.4059      59.87029
-163.4404      59.8602
-163.4508      59.87018
-163.4567      59.872
-163.4679      59.8712
-163.4726      59.87407
-163.4804      59.87256
-163.4881      59.86803
-163.5016      59.85286
-163.5002      59.84792
-163.5047      59.84662
-163.5117      59.84944
-163.5122      59.8557
-163.5187      59.85548
-163.5205      59.85722
-163.5176      59.86439
-163.4991      59.86952
-163.4915      59.87866
-163.4973      59.87974
-163.5076      59.88167
-163.5108      59.88351
-163.5029      59.88709
-163.4969      59.88712
-163.4843      59.88299
-163.4654      59.88485
-163.4291      59.89791
-163.4268      59.89959
-163.4285      59.9034
-163.4124      59.90962
-163.3951      59.91413
-163.3884      59.91318
 1 
 1             60            
1
 -9999.0   ,   9990.0
   7
 7 
-164.021       59.90257
-164.0239      59.9106
-164.0184      59.9123
-164.0104      59.9113
-164.0069      59.90876
-164.0148      59.9033
-164.021       59.90257
 1 
 1             61            
1
 -9999.0   ,   9990.0
   7
 9 
-163.1935      59.90278
-163.2033      59.90697
-163.2018      59.90893
-163.1857      59.91212
-163.1787      59.91114
-163.1758      59.90677
-163.1793      59.90426
-163.183       59.90269
-163.1935      59.90278
 1 
 1             62            
1
 -9999.0   ,   9990.0
   7
 68 
-163.6264      59.8212
-163.6317      59.82258
-163.6349      59.82342
-163.6368      59.83
-163.6496      59.83322
-163.6472      59.83697
-163.6116      59.84621
-163.6113      59.84872
-163.616       59.85182
-163.6149      59.86212
-163.6271      59.86276
-163.6429      59.85719
-163.6472      59.85819
-163.6547      59.86587
-163.6783      59.86016
-163.713       59.86376
-163.7114      59.86618
-163.6989      59.86991
-163.6963      59.87026
-163.6828      59.872
-163.6489      59.8703
-163.6101      59.88415
-163.5999      59.88458
-163.5914      59.88697
-163.5674      59.89887
-163.5505      59.90204
-163.4984      59.91076
-163.4715      59.91182
-163.4709      59.91172
-163.4597      59.90982
-163.4518      59.9037
-163.4522      59.89889
-163.465       59.89128
-163.4758      59.8886
-163.4899      59.88916
-163.5089      59.89491
-163.5156      59.894
-163.5264      59.88648
-163.5367      59.88421
-163.5719      59.88789
-163.5765      59.88614
-163.5858      59.87781
-163.5838      59.87329
-163.5745      59.87539
-163.5627      59.87501
-163.5586      59.86987
-163.5553      59.87033
-163.5535      59.86937
-163.5493      59.86713
-163.5376      59.87298
-163.5274      59.8734
-163.5242      59.87178
-163.5223      59.86888
-163.526       59.86545
-163.5408      59.86006
-163.54        59.85815
-163.5311      59.85544
-163.5278      59.85244
-163.5328      59.84611
-163.5344      59.83723
-163.5595      59.84249
-163.579       59.84319
-163.5973      59.84657
-163.601       59.84315
-163.6042      59.83346
-163.6175      59.82863
-163.6211      59.82359
-163.6264      59.8212
 1 
 1             63            
1
 -9999.0   ,   9990.0
   7
 7 
-165.7994      59.90184
-165.8012      59.90446
-165.7965      59.90926
-165.7841      59.9095
-165.7818      59.90525
-165.785       59.9029
-165.7994      59.90184
 1 
 1             64            
1
 -9999.0   ,   9990.0
   7
 7 
-163.3781      59.8979
-163.3839      59.90178
-163.3686      59.90874
-163.3627      59.90854
-163.3625      59.89976
-163.3654      59.89744
-163.3781      59.8979
 1 
 1             65            
1
 -9999.0   ,   9990.0
   7
 11 
-163.9717      59.89322
-163.9837      59.89472
-163.987       59.89933
-163.9939      59.90257
-163.9942      59.9049
-163.9896      59.90688
-163.9843      59.90606
-163.9756      59.90777
-163.9702      59.90556
-163.9674      59.89569
-163.9717      59.89322
 1 
 1             66            
1
 -9999.0   ,   9990.0
   7
 8 
-166.0929      59.89904
-166.1023      59.89998
-166.1049      59.90265
-166.0982      59.90436
-166.0953      59.90743
-166.0795      59.90615
-166.076       59.90344
-166.0929      59.89904
 1 
 1             67            
1
 -9999.0   ,   9990.0
   7
 10 
-163.7181      59.89156
-163.7219      59.8962
-163.7156      59.90245
-163.6964      59.90525
-163.685       59.9019
-163.6818      59.89845
-163.6962      59.89463
-163.7049      59.89455
-163.7116      59.89202
-163.7181      59.89156
 1 
 1             68            
1
 -9999.0   ,   9990.0
   7
 17 
-164.048       59.89053
-164.0535      59.89394
-164.0487      59.89661
-164.0561      59.89988
-164.0513      59.90232
-164.0434      59.90293
-164.0385      59.90237
-164.0305      59.89791
-164.0303      59.89536
-164.0347      59.89406
-164.031       59.89104
-164.032       59.8898
-164.033       59.88863
-164.038       59.88852
-164.0454      59.8851
-164.0469      59.8898
-164.048       59.89053
 1 
 1             69            
1
 -9999.0   ,   9990.0
   7
 13 
-165.9553      59.88172
-165.9679      59.88284
-165.9726      59.88861
-165.9891      59.89291
-165.9935      59.89568
-165.9924      59.89883
-165.9846      59.90118
-165.9686      59.89023
-165.9524      59.88914
-165.9425      59.88632
-165.9384      59.88426
-165.9436      59.88132
-165.9553      59.88172
 1 
 1             70            
1
 -9999.0   ,   9990.0
   7
 6 
-163.3516      59.88812
-163.3507      59.89612
-163.3408      59.89863
-163.3407      59.89101
-163.3452      59.88811
-163.3516      59.88812
 1 
 1             71            
1
 -9999.0   ,   9990.0
   7
 18 
-163.8429      59.8613
-163.8707      59.8653
-163.8733      59.86755
-163.8698      59.86945
-163.8673      59.87083
-163.858       59.87134
-163.8369      59.87656
-163.832       59.88268
-163.8365      59.89129
-163.8353      59.89397
-163.8219      59.89604
-163.8177      59.89482
-163.7951      59.8951
-163.7639      59.89038
-163.7627      59.888
-163.7665      59.88411
-163.7961      59.87304
-163.8429      59.8613
 1 
 1             72            
1
 -9999.0   ,   9990.0
   7
 7 
-166.4547      59.88405
-166.4586      59.88516
-166.458       59.88812
-166.4415      59.89579
-166.4353      59.89457
-166.4406      59.88841
-166.4547      59.88405
 1 
 1             73            
1
 -9999.0   ,   9990.0
   7
 10 
-166.0208      59.89183
-166.0075      59.89435
-165.9999      59.89349
-165.9944      59.89136
-165.9893      59.88099
-166.0072      59.87848
-166.0132      59.88018
-166.0031      59.8847
-166.0032      59.88861
-166.0208      59.89183
 1 
 1             74            
1
 -9999.0   ,   9990.0
   7
 10 
-163.9179      59.88216
-163.9253      59.88336
-163.9242      59.88766
-163.9309      59.89135
-163.9295      59.89333
-163.9006      59.8918
-163.8993      59.88986
-163.9031      59.88737
-163.9127      59.8825
-163.9179      59.88216
 1 
 1             75            
1
 -9999.0   ,   9990.0
   7
 18 
-163.3307      59.87482
-163.3381      59.8809
-163.3356      59.88325
-163.3239      59.88563
-163.3038      59.8853
-163.3024      59.88359
-163.2936      59.8871
-163.2779      59.88917
-163.2601      59.88878
-163.2577      59.88584
-163.2612      59.88032
-163.2645      59.87987
-163.2701      59.88421
-163.2747      59.87809
-163.2856      59.8752
-163.2998      59.87671
-163.3171      59.87405
-163.3307      59.87482
 1 
 1             76            
1
 -9999.0   ,   9990.0
   7
 11 
-163.1269      59.87472
-163.1273      59.87513
-163.1294      59.87744
-163.1333      59.8782
-163.137       59.88264
-163.1325      59.88692
-163.1312      59.88698
-163.1162      59.88777
-163.1127      59.88566
-163.1139      59.8816
-163.1269      59.87472
 1 
 1             77            
1
 -9999.0   ,   9990.0
   7
 9 
-164.0136      59.88172
-164.0116      59.88303
-163.9968      59.88663
-163.9871      59.88713
-163.9853      59.88539
-164.0054      59.87678
-164.0075      59.87585
-164.0149      59.88095
-164.0136      59.88172
 1 
 1             78            
1
 -9999.0   ,   9990.0
   7
 33 
-160.1375      59.88052
-160.1114      59.88592
-160.0947      59.88678
-160.0857      59.88207
-160.0759      59.88178
-160.0701      59.8787
-160.0542      59.87559
-160.0529      59.86531
-160.0466      59.86325
-160.0429      59.86204
-160.0466      59.85674
-160.0496      59.85586
-160.0541      59.85579
-160.0667      59.86193
-160.069       59.86564
-160.0747      59.86643
-160.081       59.87109
-160.1024      59.87959
-160.109       59.88032
-160.1096      59.87728
-160.0901      59.86727
-160.0873      59.86056
-160.0864      59.8583
-160.0744      59.85263
-160.0792      59.84633
-160.0841      59.84601
-160.1059      59.85932
-160.1194      59.86558
-160.1245      59.87469
-160.1286      59.87605
-160.1386      59.87585
-160.1406      59.87825
-160.1375      59.88052
 1 
 1             79            
1
 -9999.0   ,   9990.0
   7
 14 
-164.1337      59.8717
-164.1352      59.87824
-164.1405      59.88067
-164.1473      59.87906
-164.1594      59.88033
-164.1602      59.88223
-164.1539      59.88526
-164.1367      59.88641
-164.1341      59.88416
-164.1176      59.88398
-164.1134      59.8807
-164.1171      59.87726
-164.1256      59.87299
-164.1337      59.8717
 1 
 1             80            
1
 -9999.0   ,   9990.0
   7
 6 
-163.8742      59.8743
-163.8853      59.87531
-163.8893      59.87743
-163.8763      59.88321
-163.861       59.87709
-163.8742      59.8743
 1 
 1             81            
1
 -9999.0   ,   9990.0
   7
 19 
-164.09        59.85009
-164.0997      59.85651
-164.0979      59.85985
-164.085       59.86381
-164.0831      59.86899
-164.0536      59.87482
-164.0499      59.87849
-164.031       59.88066
-164.0301      59.87876
-164.0428      59.87248
-164.0497      59.86396
-164.0628      59.86462
-164.0677      59.85642
-164.0747      59.86127
-164.0794      59.85721
-164.0847      59.85803
-164.0907      59.85613
-164.0854      59.85025
-164.09        59.85009
 1 
 1             82            
1
 -9999.0   ,   9990.0
   7
 21 
-164.0009      59.87411
-163.9925      59.87712
-163.9782      59.87915
-163.9671      59.87792
-163.9641      59.87542
-163.9677      59.87059
-163.9612      59.86923
-163.9566      59.87098
-163.9563      59.87719
-163.9464      59.87997
-163.939       59.88038
-163.9293      59.87556
-163.9344      59.87091
-163.9347      59.87064
-163.9504      59.86526
-163.9583      59.86649
-163.9731      59.86427
-163.9859      59.86423
-164.0048      59.86737
-164.0098      59.87093
-164.0009      59.87411
 1 
 1             83            
1
 -9999.0   ,   9990.0
   7
 31 
-166.4233      59.87425
-166.4185      59.87057
-166.4078      59.86935
-166.4022      59.87251
-166.3974      59.87158
-166.3917      59.87245
-166.3901      59.87627
-166.3857      59.87766
-166.3833      59.87676
-166.3725      59.87265
-166.3613      59.8714
-166.3585      59.86988
-166.3615      59.86613
-166.3587      59.86392
-166.3456      59.86579
-166.3301      59.86318
-166.3262      59.86
-166.3409      59.85936
-166.344       59.85791
-166.3433      59.85191
-166.3479      59.84732
-166.3568      59.84593
-166.3871      59.85639
-166.3869      59.86212
-166.3902      59.86366
-166.4035      59.86569
-166.4177      59.86341
-166.4258      59.86611
-166.4344      59.86654
-166.4334      59.86901
-166.4233      59.87425
 1 
 1             84            
1
 -9999.0   ,   9990.0
   7
 7 
-161.9251      59.86868
-161.93        59.86968
-161.9333      59.87705
-161.9204      59.87715
-161.9168      59.87443
-161.9193      59.87054
-161.9251      59.86868
 1 
 1             85            
1
 -9999.0   ,   9990.0
   7
 12 
-163.1978      59.85993
-163.2005      59.86336
-163.2117      59.86743
-163.2078      59.87129
-163.1977      59.87446
-163.182       59.8763
-163.1619      59.87434
-163.1601      59.87282
-163.1637      59.87009
-163.1776      59.86305
-163.1867      59.86026
-163.1978      59.85993
 1 
 1             86            
1
 -9999.0   ,   9990.0
   7
 6 
-166.4798      59.86487
-166.4852      59.86559
-166.4874      59.87556
-166.4827      59.87602
-166.4725      59.86979
-166.4798      59.86487
 1 
 1             87            
1
 -9999.0   ,   9990.0
   7
 10 
-162.0186      59.86715
-162.0237      59.8685
-162.0343      59.86846
-162.0411      59.87135
-162.0392      59.87304
-162.0325      59.87248
-162.0205      59.87541
-162.0076      59.8741
-162.0047      59.87155
-162.0186      59.86715
 1 
 1             88            
1
 -9999.0   ,   9990.0
   7
 52 
-166.1283      59.82834
-166.1289      59.82538
-166.1348      59.82132
-166.1654      59.82543
-166.1896      59.8207
-166.1957      59.81757
-166.2049      59.81713
-166.2128      59.81386
-166.2214      59.8143
-166.2308      59.82167
-166.2521      59.82666
-166.2681      59.82655
-166.2704      59.83332
-166.2814      59.83296
-166.2834      59.83695
-166.276       59.84439
-166.2831      59.85186
-166.281       59.85336
-166.2667      59.85195
-166.2621      59.84965
-166.2668      59.84691
-166.2497      59.84329
-166.2444      59.85151
-166.2374      59.85276
-166.2321      59.8495
-166.2262      59.84898
-166.2189      59.85365
-166.2281      59.86261
-166.2141      59.87337
-166.2121      59.86708
-166.215       59.85965
-166.213       59.85794
-166.1807      59.8556
-166.1759      59.85902
-166.1881      59.86608
-166.1829      59.86696
-166.1579      59.86016
-166.1566      59.85535
-166.1563      59.85434
-166.1508      59.85245
-166.1432      59.86033
-166.1387      59.86009
-166.1397      59.85509
-166.1358      59.85214
-166.1202      59.85225
-166.1184      59.85009
-166.1294      59.8362
-166.1446      59.8356
-166.1486      59.83375
-166.1482      59.83165
-166.1433      59.82865
-166.1283      59.82834
 1 
 1             89            
1
 -9999.0   ,   9990.0
   7
 8 
-163.2975      59.86107
-163.3114      59.86532
-163.3183      59.86999
-163.3113      59.87201
-163.3022      59.8718
-163.3005      59.86799
-163.2937      59.8631
-163.2975      59.86107
 1 
 1             90            
1
 -9999.0   ,   9990.0
   7
 36 
-163.3548      59.82628
-163.3636      59.82739
-163.3672      59.82926
-163.3704      59.83573
-163.3796      59.83871
-163.3801      59.85143
-163.3834      59.8526
-163.3875      59.84482
-163.3942      59.84208
-163.3994      59.84799
-163.396       59.85329
-163.4042      59.85527
-163.4113      59.8544
-163.421       59.8558
-163.4303      59.85209
-163.4349      59.85196
-163.4404      59.85535
-163.4273      59.85797
-163.4175      59.85993
-163.4094      59.8658
-163.4055      59.86021
-163.3965      59.86301
-163.3726      59.8645
-163.3703      59.86295
-163.3742      59.85746
-163.3713      59.85333
-163.3643      59.8519
-163.3475      59.85459
-163.3142      59.85399
-163.3069      59.85069
-163.3036      59.8449
-163.3187      59.8354
-163.3198      59.83156
-163.3238      59.83024
-163.3335      59.83348
-163.3548      59.82628
 1 
 1             91            
1
 -9999.0   ,   9990.0
   7
 8 
-161.8243      59.85815
-161.8417      59.85771
-161.846       59.85969
-161.8413      59.86537
-161.8359      59.86579
-161.8263      59.86308
-161.8215      59.86092
-161.8243      59.85815
 1 
 1             92            
1
 -9999.0   ,   9990.0
   7
 22 
-163.6944      59.82532
-163.7032      59.82825
-163.7054      59.83164
-163.7115      59.83298
-163.7218      59.83026
-163.732       59.82982
-163.7328      59.83026
-163.7457      59.83816
-163.7455      59.8423
-163.711       59.85117
-163.6576      59.85869
-163.6541      59.85637
-163.6575      59.85408
-163.6708      59.85064
-163.6837      59.84394
-163.706       59.8379
-163.7037      59.83613
-163.693       59.83676
-163.6819      59.83551
-163.6786      59.83112
-163.6853      59.82653
-163.6944      59.82532
 1 
 1             93            
1
 -9999.0   ,   9990.0
   7
 10 
-163.1946      59.84584
-163.1971      59.85157
-163.1956      59.85515
-163.184       59.85244
-163.163       59.85687
-163.1542      59.85552
-163.1524      59.85377
-163.163       59.85064
-163.1844      59.84947
-163.1946      59.84584
 1 
 1             94            
1
 -9999.0   ,   9990.0
   7
 8 
-161.8466      59.84114
-161.8528      59.84181
-161.8575      59.84513
-161.8545      59.84884
-161.8433      59.84972
-161.8404      59.84764
-161.8422      59.84194
-161.8466      59.84114
 1 
 1             95            
1
 -9999.0   ,   9990.0
   7
 6 
-164.0741      59.83566
-164.0897      59.8374
-164.0839      59.84715
-164.0797      59.84571
-164.0715      59.83687
-164.0741      59.83566
 1 
 1             96            
1
 -9999.0   ,   9990.0
   7
 7 
-161.8125      59.83504
-161.8234      59.83464
-161.8297      59.84016
-161.8215      59.84473
-161.8127      59.84589
-161.8088      59.84389
-161.8125      59.83504
 1 
 1             97            
1
 -9999.0   ,   9990.0
   7
 10 
-163.7884      59.82616
-163.7912      59.83281
-163.7945      59.83419
-163.8049      59.83123
-163.8178      59.83766
-163.794       59.8443
-163.7839      59.84429
-163.7764      59.83662
-163.7816      59.82753
-163.7884      59.82616
 1 
 1             98            
1
 -9999.0   ,   9990.0
   7
 11 
-161.9112      59.82747
-161.9252      59.82937
-161.9322      59.82673
-161.9426      59.82636
-161.9459      59.82795
-161.9476      59.83059
-161.9406      59.84178
-161.9135      59.84186
-161.8972      59.83529
-161.9049      59.82935
-161.9112      59.82747
 1 
 1             99            
1
 -9999.0   ,   9990.0
   7
 12 
-163.9803      59.83066
-163.9851      59.8333
-163.9968      59.83225
-164.0009      59.83392
-164.0012      59.83624
-163.9921      59.84138
-163.9845      59.8404
-163.9808      59.83738
-163.9727      59.83521
-163.9715      59.83283
-163.9748      59.83075
-163.9803      59.83066
 1 
 1             100           
1
 -9999.0   ,   9990.0
   7
 9 
-161.8665      59.83286
-161.8748      59.83429
-161.8814      59.83353
-161.8857      59.83528
-161.8783      59.84095
-161.8678      59.83993
-161.8618      59.83693
-161.8632      59.83382
-161.8665      59.83286
 1 
 1             101           
1
 -9999.0   ,   9990.0
   7
 171 
-161.3708      59.83389
-161.358       59.83092
-161.348       59.83122
-161.3281      59.82867
-161.3275      59.82859
-161.3184      59.82558
-161.2913      59.82575
-161.282       59.82368
-161.2616      59.82451
-161.2351      59.81863
-161.2238      59.81439
-161.2002      59.8122
-161.1832      59.80723
-161.1596      59.80805
-161.1326      59.80195
-161.1289      59.79714
-161.1036      59.78906
-161.0735      59.77812
-161.0589      59.77041
-161.0522      59.76467
-161.0532      59.7616
-161.0594      59.75769
-161.0512      59.75621
-161.0469      59.75098
-161.0353      59.74698
-161.0316      59.74195
-161.0292      59.73865
-160.9974      59.72827
-160.9773      59.71519
-160.9709      59.71542
-160.9623      59.71881
-160.9551      59.7191
-160.9416      59.715
-160.9036      59.71496
-160.898       59.71606
-160.8885      59.71952
-160.8839      59.72607
-160.8743      59.72768
-160.8653      59.73294
-160.8585      59.73965
-160.8372      59.7433
-160.8585      59.73319
-160.8649      59.72512
-160.8762      59.72293
-160.8795      59.71531
-160.908       59.71258
-160.9171      59.70938
-160.9328      59.70825
-160.954       59.71387
-160.9599      59.71368
-160.9702      59.7097
-160.975       59.71028
-161.013       59.72668
-161.0291      59.73358
-161.0389      59.73564
-161.0499      59.74523
-161.0577      59.74696
-161.0587      59.75058
-161.0683      59.75681
-161.0625      59.76531
-161.1211      59.78776
-161.1397      59.79474
-161.1432      59.79886
-161.1482      59.80057
-161.1622      59.803
-161.1767      59.80078
-161.1906      59.80276
-161.2048      59.80747
-161.2223      59.80919
-161.2512      59.8172
-161.2871      59.81614
-161.2927      59.81803
-161.2972      59.81806
-161.318       59.81822
-161.3263      59.82291
-161.3337      59.82489
-161.3429      59.82328
-161.3615      59.82558
-161.3762      59.82424
-161.3922      59.81935
-161.3953      59.8205
-161.4518      59.81923
-161.4559      59.81592
-161.4682      59.81105
-161.4732      59.80467
-161.5079      59.80272
-161.5181      59.80652
-161.5296      59.81076
-161.5367      59.81138
-161.56        59.80981
-161.5865      59.80478
-161.6039      59.80459
-161.616       59.80205
-161.6252      59.80364
-161.6354      59.80263
-161.648       59.79726
-161.6613      59.79738
-161.688       59.78722
-161.7096      59.78438
-161.7166      59.77714
-161.7247      59.77951
-161.7324      59.78565
-161.7331      59.78625
-161.7446      59.78605
-161.7566      59.77609
-161.7635      59.78063
-161.7706      59.77984
-161.7888      59.78212
-161.7978      59.77724
-161.8055      59.78127
-161.8096      59.7814
-161.8162      59.78042
-161.8151      59.77681
-161.8187      59.77514
-161.8264      59.77616
-161.8391      59.76984
-161.8551      59.76694
-161.868       59.75968
-161.8774      59.76333
-161.8842      59.76164
-161.8888      59.75711
-161.9047      59.75516
-161.9159      59.74894
-161.9183      59.74759
-161.9241      59.7513
-161.9232      59.75308
-161.9204      59.75875
-161.9121      59.75849
-161.9047      59.76116
-161.8985      59.76027
-161.8968      59.76665
-161.8755      59.76903
-161.8673      59.76622
-161.8624      59.76961
-161.842       59.7733
-161.8379      59.77779
-161.83        59.7791
-161.8213      59.78488
-161.8017      59.78387
-161.7943      59.78515
-161.7722      59.7848
-161.7669      59.78707
-161.7573      59.78435
-161.7445      59.79044
-161.7268      59.79101
-161.7245      59.79108
-161.7165      59.7931
-161.7027      59.79162
-161.6939      59.793
-161.682       59.7974
-161.6799      59.80102
-161.6732      59.80316
-161.6552      59.80271
-161.6483      59.80578
-161.5791      59.8122
-161.5747      59.81262
-161.5604      59.81556
-161.5378      59.81521
-161.529       59.81797
-161.509       59.80933
-161.5032      59.80862
-161.4878      59.81071
-161.4775      59.80989
-161.4752      59.81768
-161.4628      59.81909
-161.4614      59.82358
-161.4378      59.82606
-161.428       59.82381
-161.4037      59.82864
-161.3856      59.82654
-161.3708      59.83389
 1 
 1             102           
1
 -9999.0   ,   9990.0
   7
 11 
-161.76        59.74531
-161.766       59.74392
-161.7746      59.7511
-161.7786      59.75518
-161.7771      59.76061
-161.7795      59.76251
-161.7723      59.76446
-161.749       59.76628
-161.7431      59.7575
-161.7503      59.74815
-161.76        59.74531
 1 
 1             103           
1
 -9999.0   ,   9990.0
   7
 11 
-160.269       59.72554
-160.2762      59.73911
-160.2886      59.7498
-160.2868      59.75337
-160.2812      59.75283
-160.2767      59.74967
-160.2791      59.74491
-160.2609      59.74174
-160.2564      59.73674
-160.2566      59.73236
-160.269       59.72554
 1 
 1             104           
1
 -9999.0   ,   9990.0
   7
 8 
-161.8357      59.73381
-161.8568      59.73398
-161.8641      59.73849
-161.8535      59.74557
-161.8438      59.74518
-161.8362      59.74
-161.8389      59.73701
-161.8357      59.73381
 1 
 1             105           
1
 -9999.0   ,   9990.0
   7
 17 
-160.3318      59.74045
-160.3276      59.74004
-160.3138      59.73083
-160.3051      59.71874
-160.3026      59.69195
-160.2984      59.68463
-160.301       59.67892
-160.3091      59.67699
-160.3153      59.68142
-160.3198      59.69149
-160.3272      59.69375
-160.3295      59.69705
-160.3206      59.71332
-160.3209      59.71814
-160.3301      59.72512
-160.3352      59.73607
-160.3318      59.74045
 1 
 1             106           
1
 -9999.0   ,   9990.0
   7
 9 
-160.4521      59.71708
-160.4616      59.72196
-160.4745      59.72408
-160.4788      59.72632
-160.4768      59.73084
-160.466       59.73157
-160.4484      59.7254
-160.4468      59.72297
-160.4521      59.71708
 1 
 1             107           
1
 -9999.0   ,   9990.0
   7
 16 
-160.3519      59.64208
-160.3575      59.64286
-160.363       59.65124
-160.3672      59.65187
-160.3711      59.65806
-160.3761      59.65957
-160.375       59.66402
-160.3987      59.68637
-160.4261      59.69489
-160.4285      59.69703
-160.4266      59.70038
-160.4062      59.70085
-160.3894      59.69438
-160.3556      59.66119
-160.3513      59.65387
-160.3519      59.64208
 1 
 1             108           
1
 -9999.0   ,   9990.0
   7
 7 
-161.8624      59.64892
-161.8659      59.65142
-161.8649      59.65565
-161.8706      59.66075
-161.8606      59.66247
-161.8561      59.65081
-161.8624      59.64892
 1 
 1             109           
1
 -9999.0   ,   9990.0
   7
 5 
-161.7803      59.63623
-161.7891      59.64547
-161.7851      59.65319
-161.7775      59.64778
-161.7803      59.63623
 1 
 1             110           
1
 -9999.0   ,   9990.0
   7
 12 
-161.8167      59.6211
-161.8358      59.62953
-161.8325      59.63372
-161.8363      59.63573
-161.8361      59.63806
-161.8332      59.63875
-161.7968      59.63493
-161.7931      59.63175
-161.7955      59.62763
-161.8053      59.62247
-161.8107      59.62366
-161.8167      59.6211
 1 
 1             111           
1
 -9999.0   ,   9990.0
   7
 6 
-161.7323      59.59124
-161.7448      59.5951
-161.744       59.5984
-161.7326      59.60277
-161.7293      59.59655
-161.7323      59.59124
 1 
 1             112           
1
 -9999.0   ,   9990.0
   7
 8 
-161.7432      59.56148
-161.7514      59.5613
-161.756       59.56325
-161.7571      59.56663
-161.7482      59.57034
-161.7416      59.5697
-161.7388      59.56484
-161.7432      59.56148
 1 
 1             113           
1
 -9999.0   ,   9990.0
   7
 6 
-160.78        59.56441
-160.7766      59.56696
-160.7586      59.56916
-160.7545      59.56761
-160.7638      59.56187
-160.78        59.56441
 1 
 1             114           
1
 -9999.0   ,   9990.0
   7
 8 
-160.2911      59.53742
-160.2972      59.53794
-160.2991      59.54518
-160.294       59.55197
-160.2871      59.55313
-160.2841      59.55057
-160.2873      59.53999
-160.2911      59.53742
 1 
 1             115           
1
 -9999.0   ,   9990.0
   7
 7 
-161.6992      59.52312
-161.7117      59.52259
-161.7172      59.52563
-161.7131      59.53011
-161.7044      59.53126
-161.6962      59.5252
-161.6992      59.52312
 1 
 1             116           
1
 -9999.0   ,   9990.0
   7
 12 
-160.6085      59.4739
-160.5836      59.48071
-160.5663      59.49206
-160.5505      59.49754
-160.5467      59.50173
-160.5288      59.50942
-160.5101      59.51256
-160.5292      59.49764
-160.5831      59.47544
-160.5901      59.47104
-160.5931      59.46553
-160.6085      59.4739
 1 
 1             117           
1
 -9999.0   ,   9990.0
   7
 14 
-161.1187      59.48307
-161.1151      59.4831
-161.1031      59.47614
-161.0885      59.47422
-161.085       59.46686
-161.0686      59.45699
-161.072       59.45444
-161.0788      59.45463
-161.0955      59.46378
-161.0991      59.47181
-161.1044      59.4712
-161.1251      59.47682
-161.125       59.4796
-161.1187      59.48307
 1 
 1             118           
1
 -9999.0   ,   9990.0
   7
 13 
-161.1421      59.43332
-161.1515      59.42962
-161.1655      59.43434
-161.1769      59.43443
-161.189       59.44345
-161.1891      59.44691
-161.1886      59.44832
-161.1793      59.44902
-161.1739      59.44781
-161.1675      59.43951
-161.1605      59.43587
-161.1519      59.43582
-161.1421      59.43332
 1 
 1             119           
1
 -9999.0   ,   9990.0
   7
 11 
-160.5617      59.42138
-160.5665      59.41712
-160.5744      59.41634
-160.5974      59.40943
-160.6023      59.41254
-160.5993      59.41483
-160.5887      59.41741
-160.5858      59.42177
-160.5802      59.41939
-160.5671      59.42469
-160.5617      59.42138
 1 
 1             120           
1
 -9999.0   ,   9990.0
   7
 7 
-160.5801      59.3922
-160.5797      59.39569
-160.565       59.40501
-160.5573      59.4067
-160.552       59.40546
-160.5656      59.39529
-160.5801      59.3922
 1 
 1             121           
1
 -9999.0   ,   9990.0
   7
 20 
-160.3505      59.38063
-160.3479      59.37389
-160.3506      59.37232
-160.3573      59.37187
-160.3577      59.36493
-160.3656      59.36209
-160.3768      59.36708
-160.3818      59.37411
-160.3865      59.37655
-160.3883      59.38312
-160.4016      59.3875
-160.4026      59.39135
-160.393       59.39593
-160.3815      59.39856
-160.3766      59.39544
-160.3698      59.38691
-160.3701      59.38091
-160.366       59.3775
-160.361       59.37738
-160.3505      59.38063
 1 
 1             122           
1
 -9999.0   ,   9990.0
   7
 9 
-160.4578      59.38986
-160.4515      59.38476
-160.4577      59.37742
-160.4568      59.37241
-160.4593      59.37155
-160.4686      59.37436
-160.4692      59.37823
-160.4637      59.38807
-160.4578      59.38986
 1 
 1             123           
1
 -9999.0   ,   9990.0
   7
 64 
-160.1192      59.3697
-160.1277      59.36775
-160.1345      59.36799
-160.1428      59.36306
-160.1511      59.36205
-160.1545      59.35768
-160.1599      59.35593
-160.1586      59.34749
-160.1633      59.33935
-160.1629      59.32533
-160.1716      59.32083
-160.1707      59.31375
-160.1917      59.27456
-160.2162      59.27338
-160.2155      59.27258
-160.2093      59.26578
-160.2082      59.25963
-160.212       59.25545
-160.2104      59.25335
-160.2073      59.24932
-160.2085      59.24348
-160.2001      59.23368
-160.2012      59.22555
-160.2051      59.22137
-160.2206      59.21341
-160.225       59.20436
-160.2314      59.20139
-160.2443      59.20789
-160.2497      59.20872
-160.2537      59.20933
-160.2615      59.20811
-160.2873      59.19184
-160.291       59.18329
-160.3014      59.18881
-160.2988      59.19267
-160.2648      59.21249
-160.2529      59.21514
-160.2341      59.20997
-160.229       59.21653
-160.2136      59.2231
-160.2094      59.22753
-160.2121      59.2331
-160.2324      59.24003
-160.2354      59.24996
-160.2196      59.26024
-160.2182      59.26357
-160.2247      59.26796
-160.2249      59.27578
-160.2215      59.27832
-160.204       59.27834
-160.1996      59.28071
-160.1893      59.29891
-160.1866      59.3037
-160.1844      59.31098
-160.1862      59.31778
-160.1771      59.32622
-160.177       59.3382
-160.1705      59.34462
-160.1763      59.35138
-160.1754      59.35467
-160.1558      59.36657
-160.1401      59.37222
-160.1327      59.37318
-160.1192      59.3697
 1 
 1             124           
1
 -9999.0   ,   9990.0
   7
 10 
-160.5029      59.33349
-160.505       59.33612
-160.4979      59.34698
-160.4863      59.34732
-160.4762      59.34687
-160.4727      59.34204
-160.4722      59.33332
-160.482       59.33448
-160.4948      59.33198
-160.5029      59.33349
 1 
 1             125           
1
 -9999.0   ,   9990.0
   7
 9 
-160.2285      59.32277
-160.2396      59.32363
-160.2387      59.32922
-160.2279      59.33455
-160.22        59.34569
-160.2128      59.34248
-160.2149      59.33129
-160.2226      59.33307
-160.2285      59.32277
 1 
 1             126           
1
 -9999.0   ,   9990.0
   7
 33 
-161.0125      59.31827
-161.0211      59.31658
-161.0318      59.31131
-161.0402      59.31037
-161.0502      59.30926
-161.0638      59.30134
-161.0865      59.30035
-161.0893      59.29599
-161.0988      59.29135
-161.1114      59.2895
-161.1689      59.28844
-161.1969      59.29165
-161.2107      59.29108
-161.2221      59.28837
-161.2384      59.28853
-161.2649      59.29276
-161.2576      59.2954
-161.249       59.29558
-161.2355      59.2931
-161.2285      59.29181
-161.2131      59.29482
-161.1867      59.29565
-161.1712      59.29196
-161.1237      59.29135
-161.1024      59.29594
-161.0994      59.29962
-161.087       59.30377
-161.0751      59.30335
-161.0631      59.30554
-161.0508      59.31314
-161.0446      59.31337
-161.0286      59.31822
-161.0125      59.31827
 1 
 1             127           
1
 -9999.0   ,   9990.0
   7
 10 
-162           59.22609
-161.9948      59.22874
-161.9863      59.2292
-161.9892      59.22549
-161.9838      59.22408
-161.9807      59.21971
-161.983       59.2112
-161.9872      59.21178
-162           59.22107
-162           59.22609
 1 
 1             128           
1
 -9999.0   ,   9990.0
   7
 11 
-160.2022      59.20906
-160.2043      59.20967
-160.2031      59.21367
-160.2001      59.21718
-160.1969      59.221
-160.1889      59.22131
-160.1861      59.21942
-160.1886      59.21488
-160.1926      59.20953
-160.1985      59.20799
-160.2022      59.20906
 1 
 1             129           
1
 -9999.0   ,   9990.0
   7
 8 
-161.8855      59.20083
-161.8897      59.20558
-161.8882      59.21102
-161.8746      59.21535
-161.8678      59.21359
-161.8614      59.2074
-161.8634      59.20516
-161.8855      59.20083
 1 
 1             130           
1
 -9999.0   ,   9990.0
   7
 10 
-160.1015      59.18362
-160.1052      59.18568
-160.1045      59.18803
-160.0965      59.19386
-160.09        59.19636
-160.0866      59.19544
-160.0864      59.19108
-160.0804      59.18894
-160.0959      59.18607
-160.1015      59.18362
 1 
 1             131           
1
 -9999.0   ,   9990.0
   7
 7 
-161.2853      59.19309
-161.2825      59.19123
-161.2883      59.1864
-161.2964      59.18508
-161.3048      59.18745
-161.2975      59.19332
-161.2853      59.19309
 1 
 1             132           
1
 -9999.0   ,   9990.0
   7
 10 
-161.7852      59.17491
-161.7859      59.17739
-161.7923      59.17758
-161.7963      59.18049
-161.7945      59.18179
-161.7847      59.18212
-161.7765      59.18646
-161.7714      59.18456
-161.7779      59.17618
-161.7852      59.17491
 1 
 1             133           
1
 -9999.0   ,   9990.0
   7
 8 
-161.1934      59.15063
-161.1981      59.15305
-161.1988      59.15692
-161.1907      59.15684
-161.1806      59.15922
-161.1782      59.15732
-161.1802      59.15486
-161.1934      59.15063
 1 
 1             134           
1
 -9999.0   ,   9990.0
   7
 13 
-160.0908      59.15024
-160.0862      59.15493
-160.079       59.15472
-160.0708      59.14006
-160.0705      59.13524
-160.0893      59.12271
-160.0977      59.12076
-160.099       59.11861
-160.1055      59.1214
-160.1061      59.12528
-160.101       59.13
-160.0969      59.1457
-160.0908      59.15024
 1 
 1             135           
1
 -9999.0   ,   9990.0
   7
 11 
-161.965       59.14883
-161.952       59.15197
-161.9363      59.15071
-161.9348      59.14875
-161.9402      59.14715
-161.9413      59.14498
-161.9489      59.14321
-161.9477      59.13938
-161.9524      59.13403
-161.9526      59.13428
-161.965       59.14883
 1 
 1             136           
1
 -9999.0   ,   9990.0
   7
 16 
-161.8941      59.10996
-161.9007      59.11105
-161.9213      59.11054
-161.9328      59.11584
-161.9393      59.12248
-161.939       59.12575
-161.9268      59.13437
-161.9054      59.14374
-161.8986      59.14498
-161.8904      59.14495
-161.8767      59.1412
-161.8731      59.13848
-161.8778      59.12563
-161.8716      59.12011
-161.873       59.11745
-161.8941      59.10996
 1 
 1             137           
1
 -9999.0   ,   9990.0
   7
 90 
-161.4803      59.13077
-161.4847      59.12442
-161.4889      59.11878
-161.4953      59.11598
-161.5028      59.11561
-161.5127      59.11855
-161.5175      59.11795
-161.5199      59.11406
-161.5159      59.10813
-161.518       59.10312
-161.5346      59.09858
-161.5644      59.10181
-161.5747      59.10792
-161.579       59.10713
-161.5932      59.09769
-161.5971      59.08953
-161.5882      59.08076
-161.5932      59.07782
-161.5967      59.07015
-161.6047      59.07137
-161.6276      59.06379
-161.6367      59.0566
-161.6591      59.05506
-161.6658      59.05037
-161.6664      59.05018
-161.6806      59.04595
-161.6959      59.04451
-161.7114      59.03634
-161.753       59.02423
-161.7614      59.02679
-161.7759      59.02424
-161.7911      59.01817
-161.8093      59.01602
-161.8192      59.01914
-161.8224      59.02374
-161.8224      59.03114
-161.8162      59.03719
-161.8144      59.04334
-161.8181      59.04952
-161.8232      59.04864
-161.8418      59.05801
-161.8415      59.06011
-161.8296      59.06085
-161.8268      59.06315
-161.8293      59.06572
-161.8385      59.06637
-161.8475      59.07073
-161.8515      59.06624
-161.8563      59.06586
-161.8624      59.06953
-161.868       59.07023
-161.878       59.07219
-161.884       59.07702
-161.8821      59.08111
-161.8787      59.09041
-161.8718      59.09582
-161.8543      59.10647
-161.8385      59.11227
-161.8301      59.11537
-161.8043      59.1179
-161.7471      59.10861
-161.7312      59.11265
-161.7093      59.11301
-161.7049      59.11497
-161.6948      59.11577
-161.6876      59.12005
-161.6826      59.11954
-161.6723      59.11849
-161.6684      59.12041
-161.6584      59.12166
-161.6534      59.12599
-161.6368      59.13054
-161.632       59.13576
-161.6222      59.13607
-161.6191      59.13331
-161.6121      59.13225
-161.6037      59.1239
-161.5893      59.11826
-161.5885      59.11793
-161.564       59.1187
-161.5541      59.11577
-161.544       59.11495
-161.5387      59.11236
-161.5289      59.11266
-161.5165      59.1268
-161.504       59.12731
-161.5134      59.12265
-161.5024      59.11888
-161.4869      59.13026
-161.4803      59.13077
 1 
 1             138           
1
 -9999.0   ,   9990.0
   7
 6 
-160.0989      59.1147
-160.0949      59.11151
-160.1063      59.10499
-160.1111      59.10996
-160.1092      59.11309
-160.0989      59.1147
 1 
 1             139           
1
 -9999.0   ,   9990.0
   7
 11 
-160.1753      59.0665
-160.1794      59.06668
-160.1845      59.07279
-160.1826      59.08628
-160.1759      59.08811
-160.1705      59.09516
-160.1654      59.09435
-160.1623      59.09087
-160.1597      59.07723
-160.1608      59.07255
-160.1753      59.0665
 1 
 1             140           
1
 -9999.0   ,   9990.0
   7
 8 
-160.2065      59.07453
-160.1997      59.07937
-160.1975      59.07468
-160.1912      59.07073
-160.1938      59.06709
-160.2037      59.06389
-160.2065      59.06578
-160.2065      59.07453
 1 
 1             141           
1
 -9999.0   ,   9990.0
   7
 6 
-161.2347      59.0501
-161.2402      59.0506
-161.2436      59.05311
-161.2418      59.06086
-161.231       59.05776
-161.2347      59.0501
 1 
 1             142           
1
 -9999.0   ,   9990.0
   7
 12 
-160.2386      58.94357
-160.2357      58.94953
-160.228       58.94913
-160.2149      58.95348
-160.2112      58.9512
-160.2155      58.94883
-160.2179      58.94268
-160.2235      58.94
-160.2293      58.94029
-160.2367      58.93772
-160.2402      58.94093
-160.2386      58.94357
 1 
 1             143           
1
 -9999.0   ,   9990.0
   7
 11 
-160.1979      58.92906
-160.2065      58.92433
-160.2138      58.92476
-160.2201      58.92848
-160.2215      58.93252
-160.215       58.93666
-160.2135      58.94113
-160.2049      58.94403
-160.1959      58.94048
-160.1897      58.93538
-160.1979      58.92906
 1 
 1             144           
1
 -9999.0   ,   9990.0
   7
 9 
-160.0456      58.89342
-160.0426      58.89089
-160.0446      58.88766
-160.0592      58.88595
-160.0603      58.89199
-160.0511      58.8975
-160.0471      58.90238
-160.0438      58.90159
-160.0456      58.89342
 1 
 1             145           
1
 -9999.0   ,   9990.0
   7
 8 
-161.646       58.813
-161.6483      58.81467
-161.6439      58.82541
-161.6327      58.82677
-161.6298      58.82446
-161.6332      58.81633
-161.6361      58.81425
-161.646       58.813
 1 
 1             146           
1
 -9999.0   ,   9990.0
   7
 7 
-161.6187      58.81241
-161.6234      58.8148
-161.6198      58.82364
-161.6165      58.82482
-161.6056      58.82084
-161.6079      58.81673
-161.6187      58.81241
 1 
 1             147           
1
 -9999.0   ,   9990.0
   7
 42 
-161.6776      58.82019
-161.6703      58.81661
-161.6695      58.80812
-161.6521      58.80189
-161.661       58.79418
-161.6641      58.79145
-161.6711      58.78812
-161.6779      58.77487
-161.6958      58.76166
-161.7164      58.75769
-161.7215      58.75542
-161.7269      58.74967
-161.7351      58.7534
-161.7472      58.75197
-161.7574      58.75484
-161.765       58.75353
-161.766       58.75256
-161.7677      58.75077
-161.7742      58.75164
-161.777       58.75488
-161.7717      58.75827
-161.7684      58.76043
-161.7713      58.76158
-161.7772      58.76395
-161.7725      58.76968
-161.7663      58.76984
-161.7572      58.77519
-161.7559      58.77788
-161.7548      58.78025
-161.7568      58.78285
-161.7576      58.78395
-161.7565      58.78912
-161.753       58.79151
-161.748       58.79489
-161.7401      58.80466
-161.7343      58.81171
-161.7204      58.81444
-161.7028      58.82256
-161.6972      58.82352
-161.6867      58.82311
-161.6876      58.81954
-161.6776      58.82019
 1 
 1             148           
1
 -9999.0   ,   9990.0
   7
 22 
-161.2884      58.79919
-161.275       58.79584
-161.2721      58.79374
-161.2785      58.78633
-161.2755      58.78517
-161.2045      58.78948
-161.1874      58.78844
-161.1836      58.784
-161.1951      58.78253
-161.1978      58.7858
-161.2081      58.78541
-161.2401      58.7842
-161.2785      58.77871
-161.2922      58.77996
-161.2985      58.7878
-161.3079      58.78961
-161.3109      58.79377
-161.3089      58.79784
-161.3113      58.80297
-161.2999      58.80662
-161.2996      58.80249
-161.2884      58.79919
 1 
 1             149           
1
 -9999.0   ,   9990.0
   7
 8 
-161.4074      58.65835
-161.4137      58.65855
-161.4139      58.66085
-161.4065      58.66581
-161.3989      58.6671
-161.3948      58.66372
-161.3966      58.66081
-161.4074      58.65835
 1 
 1             150           
1
 -9999.0   ,   9990.0
   7
 39 
-161.7382      58.63875
-161.7399      58.637
-161.7378      58.62977
-161.742       58.62597
-161.7383      58.62396
-161.7295      58.62282
-161.7197      58.61367
-161.733       58.59873
-161.7232      58.5882
-161.73        58.5858
-161.7305      58.5816
-161.7231      58.57434
-161.7322      58.57245
-161.7369      58.58085
-161.7439      58.57751
-161.7514      58.57875
-161.7551      58.57937
-161.7548      58.58425
-161.759       58.59133
-161.7645      58.60057
-161.7688      58.60138
-161.7725      58.60801
-161.7824      58.61137
-161.7802      58.62172
-161.7603      58.60576
-161.7567      58.60537
-161.7494      58.61081
-161.7439      58.60871
-161.7367      58.61415
-161.7388      58.61675
-161.7448      58.61603
-161.7465      58.61751
-161.7585      58.61747
-161.7636      58.62283
-161.7623      58.63912
-161.7541      58.64301
-161.7497      58.64013
-161.7441      58.64059
-161.7382      58.63875
 1 
 1             151           
1
 -9999.0   ,   9990.0
   7
 7 
-160.2203      56.19887
-160.2242      56.20273
-160.2238      56.20804
-160.2202      56.20854
-160.2153      56.20545
-160.2034      56.20217
-160.2203      56.19887
 1 
 1             152           
1
 -9999.0   ,   9990.0
   7
 55 
-160.2723      56.15364
-160.2729      56.15935
-160.2697      56.16165
-160.2761      56.16762
-160.2845      56.16999
-160.2965      56.17737
-160.3252      56.19042
-160.3335      56.17854
-160.3494      56.17046
-160.3651      56.16561
-160.3753      56.1653
-160.387       56.16904
-160.4106      56.16772
-160.4177      56.16488
-160.4071      56.15977
-160.4         56.15632
-160.3863      56.15275
-160.3833      56.14543
-160.3761      56.14292
-160.3678      56.13572
-160.3614      56.13321
-160.3574      56.12684
-160.345       56.12293
-160.3235      56.10911
-160.3255      56.10691
-160.3337      56.10698
-160.349       56.11896
-160.3628      56.12161
-160.3651      56.12626
-160.3769      56.13389
-160.3904      56.14715
-160.4208      56.15867
-160.4304      56.15655
-160.4483      56.13326
-160.4489      56.1413
-160.4385      56.15679
-160.4253      56.16891
-160.4145      56.1718
-160.4107      56.17189
-160.4054      56.17202
-160.403       56.17382
-160.3861      56.17415
-160.3799      56.17209
-160.3688      56.17223
-160.3433      56.18288
-160.3379      56.19133
-160.3276      56.1967
-160.3193      56.19662
-160.3118      56.19303
-160.302       56.19147
-160.2955      56.18343
-160.2653      56.17094
-160.2595      56.16562
-160.2632      56.16029
-160.2723      56.15364
 1 
 1             153           
1
 -9999.0   ,   9990.0
   7
 7 
-160.22        56.18003
-160.2253      56.17987
-160.2354      56.1858
-160.2351      56.18973
-160.216       56.18561
-160.2153      56.18268
-160.22        56.18003
 1 
 1             154           
1
 -9999.0   ,   9990.0
   7
 5 
-160           56.16961
-160           56.15906
-160.0113      56.16735
-160.0111      56.1738
-160           56.16961
 1 
 1             155           
1
 -9999.0   ,   9990.0
   7
 29 
-160.2691      56.03427
-160.2503      56.03657
-160.2416      56.03607
-160.2329      56.03234
-160.2264      56.02569
-160.2246      56.0095
-160.2206      56.00451
-160.2126      56
-160.2009      56
-160.1946      55.99554
-160.1901      55.98795
-160.1678      55.9751
-160.1652      55.97073
-160.1711      55.96488
-160.1745      55.96287
-160.1879      55.96215
-160.1927      55.96381
-160.1937      55.97043
-160.1976      55.97437
-160.2089      55.97452
-160.2219      55.97675
-160.2378      55.98562
-160.2569      56
-160.264       56
-160.272       56.00852
-160.2741      56.0155
-160.2795      56.01901
-160.2763      56.02844
-160.2691      56.03427
 1 
 1             156           
1
 -9999.0   ,   9990.0
   7
 6 
-160.5373      56.00464
-160.54        56.00719
-160.5382      56.01515
-160.529       56.01586
-160.533       56.00727
-160.5373      56.00464
 1 
 1             157           
1
 -9999.0   ,   9990.0
   7
 11 
-161.4061      55.94087
-161.4134      55.94591
-161.4304      55.95078
-161.4312      55.9526
-161.4072      55.9541
-161.397       55.95679
-161.386       55.95765
-161.384       55.95514
-161.386       55.95333
-161.3987      55.94768
-161.4061      55.94087
 1 
 1             158           
1
 -9999.0   ,   9990.0
   7
 14 
-161.5357      55.90349
-161.5398      55.90465
-161.5385      55.9067
-161.519       55.9169
-161.5075      55.9205
-161.4982      55.9207
-161.4925      55.91726
-161.4905      55.91976
-161.484       55.92065
-161.4824      55.91677
-161.4849      55.91358
-161.5064      55.91206
-161.5187      55.90594
-161.5357      55.90349
 1 
 1             159           
1
 -9999.0   ,   9990.0
   7
 8 
-161.4618      55.90346
-161.4772      55.90853
-161.4796      55.91083
-161.4772      55.91355
-161.4682      55.9142
-161.4581      55.9112
-161.4557      55.90709
-161.4618      55.90346
 1 
 1             160           
1
 -9999.0   ,   9990.0
   7
 8 
-161.6714      55.89998
-161.6888      55.9007
-161.6908      55.90276
-161.6709      55.90614
-161.6461      55.91361
-161.6396      55.91268
-161.6628      55.90065
-161.6714      55.89998
 1 
 1             161           
1
 -9999.0   ,   9990.0
   7
 15 
-161.5787      55.86964
-161.5737      55.87898
-161.5757      55.88446
-161.5716      55.88969
-161.5679      55.89105
-161.5529      55.89169
-161.5509      55.88986
-161.557       55.88508
-161.5453      55.88299
-161.5373      55.87271
-161.5397      55.87157
-161.5454      55.87205
-161.5544      55.86866
-161.5657      55.87074
-161.5787      55.86964
 1 
 1             162           
1
 -9999.0   ,   9990.0
   7
 9 
-161.2821      55.87186
-161.2898      55.87441
-161.2909      55.87784
-161.2839      55.88327
-161.2783      55.8837
-161.2766      55.88278
-161.2799      55.88006
-161.278       55.87526
-161.2821      55.87186
 1 
 1             163           
1
 -9999.0   ,   9990.0
   7
 10 
-161.3415      55.8571
-161.3545      55.86218
-161.3617      55.86883
-161.3543      55.87359
-161.3511      55.87083
-161.3454      55.87195
-161.3336      55.87075
-161.33        55.86685
-161.3367      55.85776
-161.3415      55.8571
 1 
 1             164           
1
 -9999.0   ,   9990.0
   7
 14 
-161.6546      55.85775
-161.672       55.86235
-161.6716      55.8644
-161.6452      55.86936
-161.6172      55.87203
-161.6156      55.8702
-161.6245      55.86657
-161.6213      55.86497
-161.6229      55.86338
-161.629       55.86248
-161.6319      55.86454
-161.6412      55.85932
-161.6481      55.86024
-161.6546      55.85775
 1 
 1             165           
1
 -9999.0   ,   9990.0
   7
 7 
-161.2434      55.85387
-161.247       55.86186
-161.244       55.86891
-161.2375      55.86729
-161.2356      55.86454
-161.2398      55.85453
-161.2434      55.85387
 1 
 1             166           
1
 -9999.0   ,   9990.0
   7
 10 
-161.3802      55.84473
-161.3765      55.85498
-161.3659      55.85539
-161.3623      55.85218
-161.3557      55.85671
-161.351       55.84666
-161.3539      55.84439
-161.36        55.84396
-161.3641      55.84147
-161.3802      55.84473
 1 
 1             167           
1
 -9999.0   ,   9990.0
   7
 10 
-161.72        55.8385
-161.7249      55.84216
-161.7228      55.84717
-161.7269      55.85014
-161.7236      55.85219
-161.7159      55.85332
-161.7103      55.8476
-161.7172      55.84329
-161.7164      55.83986
-161.72        55.8385
 1 
 1             168           
1
 -9999.0   ,   9990.0
   7
 10 
-161.6827      55.83865
-161.6896      55.84255
-161.6859      55.8455
-161.6754      55.84639
-161.6624      55.84979
-161.66        55.8459
-161.6649      55.8409
-161.671       55.84
-161.6754      55.84183
-161.6827      55.83865
 1 
 1             169           
1
 -9999.0   ,   9990.0
   7
 9 
-161.2645      55.83003
-161.2702      55.83211
-161.2644      55.83778
-161.2716      55.84512
-161.2703      55.84739
-161.2638      55.84667
-161.2559      55.83728
-161.2564      55.83226
-161.2645      55.83003
 1 
 1             170           
1
 -9999.0   ,   9990.0
   7
 13 
-161.766       55.81211
-161.7684      55.81394
-161.7732      55.81372
-161.7748      55.81578
-161.7736      55.82079
-161.7679      55.82329
-161.7562      55.82578
-161.7481      55.82189
-161.7416      55.82143
-161.7424      55.81665
-161.755       55.81666
-161.7619      55.81234
-161.766       55.81211
 1 
 1             171           
1
 -9999.0   ,   9990.0
   7
 8 
-161.4606      55.80469
-161.4626      55.80767
-161.469       55.80997
-161.4646      55.81224
-161.4544      55.8122
-161.4488      55.80738
-161.4513      55.80511
-161.4606      55.80469
 1 
 1             172           
1
 -9999.0   ,   9990.0
   7
 9 
-161.7612      55.79842
-161.7656      55.7998
-161.7741      55.79867
-161.7785      55.80506
-161.7725      55.80847
-161.7595      55.80868
-161.7575      55.80366
-161.7587      55.79933
-161.7612      55.79842
 1 
 1             173           
1
 -9999.0   ,   9990.0
   7
 11 
-161.366       55.79357
-161.3706      55.78493
-161.3791      55.78382
-161.3852      55.77815
-161.3917      55.77932
-161.3941      55.78252
-161.3924      55.78457
-161.3875      55.78523
-161.385       55.79526
-161.3809      55.79821
-161.366       55.79357
 1 
 1             174           
1
 -9999.0   ,   9990.0
   7
 13 
-161.7548      55.78381
-161.7503      55.77879
-161.7548      55.76853
-161.7662      55.76033
-161.7739      55.764
-161.7925      55.76836
-161.8099      55.77043
-161.8098      55.77294
-161.803       55.77635
-161.7928      55.77816
-161.788       55.77405
-161.7685      55.78087
-161.7548      55.78381
 1 
 1             175           
1
 -9999.0   ,   9990.0
   7
 9 
-161.4131      55.7509
-161.4208      55.74568
-161.4269      55.74685
-161.4366      55.74871
-161.439       55.7526
-161.4345      55.75531
-161.4219      55.75595
-161.42        55.75229
-161.4131      55.7509
 1 
 1             176           
1
 -9999.0   ,   9990.0
   7
 10 
-161.753       55.7375
-161.7566      55.74435
-161.748       55.75004
-161.75        55.75324
-161.746       55.75574
-161.7387      55.75368
-161.7363      55.75025
-161.746       55.74456
-161.7489      55.73909
-161.753       55.7375
 1 
 1             177           
1
 -9999.0   ,   9990.0
   7
 9 
-161.4699      55.73857
-161.4788      55.73975
-161.4787      55.74157
-161.4739      55.74292
-161.4722      55.74771
-161.4681      55.74952
-161.4653      55.74882
-161.4637      55.74494
-161.4699      55.73857
 1 
 1             178           
1
 -9999.0   ,   9990.0
   7
 5 
-161.7837      55.73116
-161.8088      55.72914
-161.8201      55.73417
-161.791       55.7371
-161.7837      55.73116
 1 
 1             179           
1
 -9999.0   ,   9990.0
   7
 8 
-160.0799      55.72768
-160.0843      55.72842
-160.0882      55.73213
-160.0853      55.73437
-160.0694      55.73528
-160.0671      55.73319
-160.073       55.7294
-160.0799      55.72768
 1 
 1             180           
1
 -9999.0   ,   9990.0
   7
 9 
-161.3487      55.72734
-161.3412      55.71932
-161.3409      55.7127
-161.3466      55.7084
-161.3518      55.7075
-161.3594      55.71302
-161.3549      55.71619
-161.3544      55.72486
-161.3487      55.72734
 1 
 1             181           
1
 -9999.0   ,   9990.0
   7
 9 
-161.7006      55.70661
-161.7042      55.70822
-161.6961      55.71733
-161.6896      55.71982
-161.6819      55.72049
-161.6791      55.7182
-161.6807      55.71593
-161.6916      55.71367
-161.7006      55.70661
 1 
 1             182           
1
 -9999.0   ,   9990.0
   7
 13 
-161.385       55.70903
-161.3874      55.70584
-161.421       55.69892
-161.4296      55.69507
-161.4381      55.69556
-161.4477      55.69857
-161.4493      55.70177
-161.444       55.70791
-161.4427      55.71406
-161.435       55.71677
-161.4172      55.71738
-161.395       55.71546
-161.385       55.70903
 1 
 1             183           
1
 -9999.0   ,   9990.0
   7
 18 
-161.0775      55.70525
-161.0511      55.69252
-161.033       55.69102
-161.0306      55.68827
-161.0237      55.6889
-161.0154      55.68405
-161.0049      55.68374
-160.9981      55.68164
-160.9973      55.67912
-161.0153      55.66785
-161.0197      55.67085
-161.0262      55.66861
-161.0342      55.67369
-161.0559      55.67818
-161.0631      55.68233
-161.0725      55.69517
-161.078       55.70137
-161.0775      55.70525
 1 
 1             184           
1
 -9999.0   ,   9990.0
   7
 9 
-161.5193      55.69016
-161.5246      55.69132
-161.5298      55.69521
-161.5277      55.69794
-161.5123      55.70269
-161.5087      55.7013
-161.5067      55.69673
-161.512       55.69128
-161.5193      55.69016
 1 
 1             185           
1
 -9999.0   ,   9990.0
   7
 9 
-160.2526      55.66891
-160.2562      55.6701
-160.2564      55.67467
-160.2534      55.67874
-160.2361      55.68741
-160.2342      55.68396
-160.2403      55.67218
-160.2489      55.67138
-160.2526      55.66891
 1 
 1             186           
1
 -9999.0   ,   9990.0
   7
 6 
-161.5321      55.66602
-161.5349      55.66717
-161.5304      55.67103
-161.5158      55.67441
-161.5074      55.67278
-161.5321      55.66602
 1 
 1             187           
1
 -9999.0   ,   9990.0
   7
 11 
-161.4554      55.6646
-161.4638      55.66669
-161.4731      55.66604
-161.4792      55.66743
-161.4804      55.66903
-161.4763      55.67107
-161.4577      55.6742
-161.4509      55.67257
-161.4489      55.66914
-161.4501      55.66664
-161.4554      55.6646
 1 
 1             188           
1
 -9999.0   ,   9990.0
   7
 7 
-161.4341      55.65882
-161.4365      55.66156
-161.4356      55.6643
-161.4251      55.66562
-161.4219      55.66447
-161.4212      55.65899
-161.4341      55.65882
 1 
 1             189           
1
 -9999.0   ,   9990.0
   7
 7 
-161.6174      55.64688
-161.6218      55.64849
-161.6052      55.6562
-161.6         55.6571
-161.5967      55.65595
-161.6029      55.65072
-161.6174      55.64688
 1 
 1             190           
1
 -9999.0   ,   9990.0
   7
 9 
-161.5303      55.64525
-161.5363      55.65189
-161.5334      55.65553
-161.5277      55.6562
-161.5165      55.65319
-161.5121      55.65021
-161.5149      55.64839
-161.5226      55.64796
-161.5303      55.64525
 1 
 1             191           
1
 -9999.0   ,   9990.0
   7
 9 
-161.4693      55.6496
-161.4721      55.6519
-161.4701      55.65439
-161.4644      55.6562
-161.4596      55.6539
-161.4527      55.65478
-161.4483      55.65226
-161.4531      55.64999
-161.4693      55.6496
 1 
 1             192           
1
 -9999.0   ,   9990.0
   7
 7 
-161.42        55.65169
-161.4233      55.64942
-161.4346      55.64787
-161.4403      55.64949
-161.4394      55.65222
-161.4269      55.65354
-161.42        55.65169
 1 
 1             193           
1
 -9999.0   ,   9990.0
   7
 7 
-161.5606      55.64261
-161.5706      55.64515
-161.5726      55.64698
-161.5685      55.65062
-161.5617      55.65174
-161.5565      55.64488
-161.5606      55.64261
 1 
 1             194           
1
 -9999.0   ,   9990.0
   7
 8 
-161.2091      55.6228
-161.2139      55.62602
-161.2138      55.62853
-161.2102      55.63056
-161.2017      55.63188
-161.1965      55.62889
-161.2026      55.62436
-161.2091      55.6228
 1 
 1             195           
1
 -9999.0   ,   9990.0
   7
 55 
-161.2887      55.59129
-161.2783      55.58188
-161.2683      55.57886
-161.2625      55.56765
-161.252       55.56828
-161.2464      55.56597
-161.2417      55.55818
-161.2434      55.55454
-161.2342      55.55061
-161.2302      55.54534
-161.2145      55.54503
-161.2046      55.53926
-161.1977      55.53922
-161.1904      55.5426
-161.173       55.54637
-161.1585      55.54742
-161.1429      55.54482
-161.1378      55.53954
-161.1385      55.53781
-161.1411      55.53203
-161.1392      55.52677
-161.1429      55.52291
-161.1481      55.52317
-161.1549      55.52641
-161.1831      55.52316
-161.1858      55.53002
-161.1914      55.53165
-161.2188      55.5325
-161.2244      55.53527
-161.2316      55.53622
-161.2311      55.53895
-161.2335      55.54011
-161.2464      55.53927
-161.2606      55.53433
-161.2666      55.5339
-161.2794      55.54013
-161.2845      55.5502
-161.2877      55.54976
-161.2891      55.54132
-161.2983      55.54023
-161.301       55.5409
-161.3075      55.54256
-161.3123      55.54486
-161.319       55.55677
-161.3322      55.56185
-161.3358      55.56187
-161.3421      55.57468
-161.3481      55.57835
-161.3524      55.58727
-161.3552      55.58706
-161.3523      55.59412
-161.3517      55.59425
-161.3256      55.59992
-161.3059      55.59846
-161.2887      55.59129
 1 
 1             196           
1
 -9999.0   ,   9990.0
   7
 10 
-162.2535      55.56734
-162.2423      55.57033
-162.2354      55.56989
-162.2326      55.56648
-162.2337      55.56191
-162.2401      55.55779
-162.247       55.55595
-162.2522      55.55753
-162.2563      55.56323
-162.2535      55.56734
 1 
 1             197           
1
 -9999.0   ,   9990.0
   7
 8 
-161.2268      55.55559
-161.2292      55.55857
-161.2271      55.56517
-161.221       55.56742
-161.2149      55.56739
-161.2186      55.56376
-161.2171      55.56055
-161.2268      55.55559
 1 
 1             198           
1
 -9999.0   ,   9990.0
   7
 9 
-161.0969      55.53083
-161.0953      55.52785
-161.1023      55.52424
-161.1066      55.52542
-161.1129      55.53413
-161.1113      55.53663
-161.106       55.53773
-161.1004      55.53564
-161.0969      55.53083
 1 
 1             199           
1
 -9999.0   ,   9990.0
   7
 8 
-162.5025      55.48711
-162.5062      55.48915
-162.5038      55.49258
-162.4907      55.50382
-162.4843      55.50567
-162.4826      55.50385
-162.485       55.50088
-162.5025      55.48711
 1 
 1             200           
1
 -9999.0   ,   9990.0
   7
 6 
-162.4629      55.49845
-162.4716      55.48906
-162.4824      55.4824
-162.4868      55.48512
-162.4757      55.4943
-162.4629      55.49845
 1 
 1             201           
1
 -9999.0   ,   9990.0
   7
 8 
-160.2289      55.42575
-160.2302      55.43102
-160.2234      55.44006
-160.2198      55.44115
-160.2163      55.43836
-160.2234      55.43138
-160.2252      55.42684
-160.2289      55.42575
 1 
 1             202           
1
 -9999.0   ,   9990.0
   7
 21 
-162.6758      55.33197
-162.6763      55.33356
-162.6517      55.35059
-162.6457      55.35176
-162.6325      55.35138
-162.6309      55.34979
-162.6333      55.34864
-162.6477      55.34787
-162.6532      55.34579
-162.65        55.34421
-162.6376      55.34519
-162.6323      55.34065
-162.6331      55.33837
-162.6387      55.3372
-162.6443      55.34013
-162.6527      55.33917
-162.6478      55.33532
-162.6551      55.33642
-162.6631      55.33569
-162.669       55.33292
-162.6758      55.33197
 1 
 1             203           
1
 -9999.0   ,   9990.0
   7
 7 
-162.4945      55.33834
-162.5118      55.34306
-162.5062      55.34514
-162.5039      55.34835
-162.495       55.3477
-162.4929      55.3404
-162.4945      55.33834
 1 
 1             204           
1
 -9999.0   ,   9990.0
   7
 6 
-162.5221      55.3364
-162.5337      55.33703
-162.5374      55.3393
-162.5263      55.34619
-162.5197      55.33732
-162.5221      55.3364
 1 
 1             205           
1
 -9999.0   ,   9990.0
   7
 24 
-162.0215      55.30181
-162.0275      55.30135
-162.0511      55.30773
-162.0607      55.31434
-162.0779      55.31136
-162.098       55.31202
-162.1115      55.3104
-162.122       55.31701
-162.1372      55.3227
-162.1388      55.3252
-162.1345      55.33092
-162.1297      55.33229
-162.1208      55.325
-162.1152      55.32181
-162.1092      55.32068
-162.073       55.31981
-162.0591      55.32073
-162.0539      55.31708
-162.0443      55.31571
-162.0319      55.3082
-162.0275      55.30751
-162.0203      55.31231
-162.0147      55.30775
-162.0215      55.30181
 1 
 1             206           
1
 -9999.0   ,   9990.0
   7
 10 
-162.6759      55.31188
-162.6799      55.31369
-162.672       55.32103
-162.6676      55.32037
-162.6617      55.32383
-162.6585      55.32362
-162.6596      55.31973
-162.6563      55.31541
-162.6695      55.31511
-162.6759      55.31188
 1 
 1             207           
1
 -9999.0   ,   9990.0
   7
 7 
-160.4334      55.30006
-160.4353      55.30145
-160.4233      55.31272
-160.4185      55.31357
-160.4177      55.31174
-160.4249      55.30064
-160.4334      55.30006
 1 
 1             208           
1
 -9999.0   ,   9990.0
   7
 8 
-162.5195      55.26473
-162.5232      55.267
-162.5204      55.26929
-162.5168      55.2684
-162.5064      55.2705
-162.5032      55.26937
-162.5076      55.26593
-162.5195      55.26473
 1 
 1             209           
1
 -9999.0   ,   9990.0
   7
 8 
-162.8074      55.24441
-162.8126      55.24757
-162.8091      55.25148
-162.812       55.25397
-162.802       55.25746
-162.8032      55.2538
-162.8007      55.24994
-162.8074      55.24441
 1 
 1             210           
1
 -9999.0   ,   9990.0
   7
 11 
-161.3563      55.2009
-161.3659      55.20095
-161.3706      55.20485
-161.3686      55.20872
-161.3602      55.21005
-161.3554      55.21345
-161.3478      55.2141
-161.3458      55.21181
-161.3486      55.20794
-161.3487      55.20246
-161.3563      55.2009
 1 
 1             211           
1
 -9999.0   ,   9990.0
   7
 9 
-163.1442      55.15975
-163.1487      55.16267
-163.1558      55.16123
-163.1599      55.16394
-163.1556      55.16946
-163.1505      55.17019
-163.1411      55.16297
-163.1414      55.16046
-163.1442      55.15975
 1 
 1             212           
1
 -9999.0   ,   9990.0
   7
 11 
-162.6646      55.14827
-162.6686      55.14916
-162.6715      55.15507
-162.6656      55.15922
-162.6629      55.1654
-162.6558      55.1659
-162.6525      55.16363
-162.6537      55.16088
-162.6604      55.15605
-162.6607      55.15103
-162.6646      55.14827
 1 
 1             213           
1
 -9999.0   ,   9990.0
   7
 14 
-163.171       55.16471
-163.1698      55.16317
-163.1722      55.16222
-163.174       55.158
-163.1776      55.15535
-163.1818      55.15094
-163.1866      55.15112
-163.1894      55.15292
-163.1887      55.1559
-163.1824      55.15801
-163.1803      55.15996
-163.1795      55.1622
-163.176       55.16359
-163.171       55.16471
 1 
 1             214           
1
 -9999.0   ,   9990.0
   7
 27 
-163.2373      55.10153
-163.2533      55.10388
-163.2566      55.10774
-163.257       55.10818
-163.2602      55.10769
-163.2655      55.11083
-163.273       55.10961
-163.2747      55.11165
-163.2716      55.11511
-163.2648      55.11449
-163.2625      55.11634
-163.2573      55.11663
-163.2508      55.11235
-163.2397      55.11338
-163.2358      55.11593
-163.2504      55.12742
-163.2478      55.13065
-163.2387      55.13485
-163.2296      55.1354
-163.2294      55.13061
-163.227       55.12903
-163.2171      55.13142
-163.2083      55.13082
-163.2059      55.12856
-163.2221      55.11401
-163.23        55.11051
-163.2373      55.10153
 1 
 1             215           
1
 -9999.0   ,   9990.0
   7
 8 
-160.0476      55.02791
-160.0528      55.02867
-160.0554      55.03236
-160.0536      55.03599
-160.0462      55.03245
-160.0258      55.03535
-160.0263      55.03307
-160.0476      55.02791
