 11
1
1
 -2400.1  ,  -1900.0
Taosi
363
 1
  7 
1
111.4986111	35.88194444
2
3
 -2400.1  ,  -1500.0
(Anyang)
365
 1
  7 
 -1500.0  ,  -1039.0
Yin
365
 1
  7 
 -1039.0  ,  -900.0
Yin
365
 0
  7 
1
114.3030556	36.13944444
3
2
 -1075.1  ,  -1035.0
Li (Qi)
387
 1
  7 
 -1500.0  ,  -1100.0
Changzhi
387
 1
  7 
1
113.1169444	36.195
4
6
 -1075.1  ,  -221.0
Yu (2)
388
 1
  7 
 -221.0  ,  581.0
Yewang
388
 1
  7 
 581.0  ,  618.0
Henei
388
 1
  7 
 618.0  ,  1636.0
Huaizhou
388
 1
  7 
 1636.0  ,  1913.0
Huaiqing fu
388
 1
  7 
 1913.0  ,  9999.0
Qinyang
388
 1
  7 
1
112.9511111	35.08805556
5
1
 -1150.0  ,  -1.0
Zhaoge
390
 1
  7 
1
114.3030556	35.68944444
6
2
 -1045.1  ,  -1.0
Huo
392
 1
  7 
 -1.0  ,  9999.0
Huozhou
392
 1
  7 
1
111.7555556	36.56930556
 7
5
 -1045.1  ,  -990.0
Tang
393
 1
  7 
 -990.0  ,  -800.0
Jiang (Yi)
393
 1
  7 
 -800.0  ,  -376.0
Quwo
393
 1
  7 
 -376.0  ,  -1.0
Xintian
393
 1
  7 
 -1.0  ,  9999.0
Houma
393
 1
  7 
1
111.4000	35.7276
8
2
 -800.0  ,  -200.0
Liang
532
 1
  7 
 -200.0  ,  9999.0
Hancheng
532
 1
  7 
1
110.4333	35.4667
9
1
 -800.0  ,  -200.0
Yi
585
 1
  7 
1
111.7189	35.7397
10
2
 -497.5  ,  -248.0
Jinyang
777
 1
  7 
 -248.0  ,  -9999.0
Taiyuan
777
 1
  7 
1
112.5497	37.8703
11
1
 -1800.0  ,  9999.0
Handan
805
 1
  7 
1
114.4869	36.6011
