 19 
 1             1 
1
 -9999.0   ,   9990.0 
 8 
-69.18248      19.00857 
-69.17741      19.0091 
-69.17623      19.01095 
-69.17753      19.01736 
-69.17995      19.01779 
-69.18544      19.01313 
-69.18467      19.00992 
-69.18248      19.00857 
 1             2 
1
 -9999.0   ,   9990.0 
 400 
-68.32066      18.60787 
-68.32426      18.62411 
-68.34154      18.64281 
-68.34455      18.64539 
-68.35093      18.65092 
-68.36025      18.65896 
-68.3673       18.66316 
-68.3709       18.66531 
-68.37598      18.66641 
-68.38127      18.66568 
-68.38486      18.6629 
-68.38993      18.66401 
-68.40574      18.67903 
-68.41433      18.69458 
-68.4325       18.70499 
-68.4367       18.71437 
-68.43961      18.71664 
-68.44445      18.71775 
-68.44839      18.72152 
-68.45661      18.72936 
-68.46297      18.73918 
-68.46924      18.73936 
-68.4881       18.74448 
-68.49565      18.75291 
-68.50693      18.75881 
-68.5073       18.75901 
-68.5227       18.78 
-68.52633      18.78134 
-68.5316       18.77762 
-68.53496      18.77736 
-68.54736      18.78644 
-68.54905      18.78642 
-68.57709      18.81533 
-68.5867       18.82223 
-68.58876      18.82372 
-68.59535      18.83078 
-68.60263      18.83415 
-68.60897      18.84144 
-68.63165      18.86328 
-68.65         18.88676 
-68.67655      18.90855 
-68.6807       18.91096 
-68.68433      18.91306 
-68.6934       18.92606 
-68.69657      18.92879 
-68.70134      18.92965 
-68.70261      18.92988 
-68.71065      18.93531 
-68.71383      18.93918 
-68.73986      18.95684 
-68.75103      18.96132 
-68.759        18.9617 
-68.76204      18.96458 
-68.77195      18.97396 
-68.78451      18.9759 
-68.79908      18.98195 
-68.80482      18.9816 
-68.81652      18.9809 
-68.81741      18.98085 
-68.83909      18.99554 
-68.8437       18.99733 
-68.85862      18.99327 
-68.8618       18.99313 
-68.86586      18.99296 
-68.86926      18.9943 
-68.87921      19.00294 
-68.88074      19.00428 
-68.91893      19.02614 
-68.93213      19.02975 
-68.9359       19.03078 
-68.94411      19.03022 
-68.9513       19.02601 
-68.95541      19.02643 
-68.96273      19.03116 
-68.96707      19.03134 
-68.97259      19.02853 
-68.97729      19.01791 
-68.9821       19.01556 
-69.00795      19.01641 
-69.01127      19.01201 
-69.01002      19.00881 
-69.0027       19.00269 
-69.00239      18.9981 
-69.0043       18.99508 
-69.00546      18.99325 
-69.01026      18.99021 
-69.01941      18.98732 
-69.02541      18.98544 
-69.04642      18.98565 
-69.05728      18.98438 
-69.06791      18.9854 
-69.07374      18.98785 
-69.08016      18.99306 
-69.08351      18.99577 
-69.0847       18.99608 
-69.09126      18.99775 
-69.097        19.01008 
-69.10566      19.00837 
-69.11615      19.01444 
-69.12582      19.03249 
-69.1263       19.03338 
-69.13048      19.03838 
-69.13972      19.04263 
-69.15173      19.0418 
-69.15178      19.04179 
-69.15366      19.03764 
-69.14948      19.0331 
-69.14705      19.03378 
-69.1401       19.03574 
-69.13496      19.03098 
-69.13631      19.01873 
-69.1369       19.0135 
-69.1361       19.00754 
-69.13869      19.0036 
-69.14328      19.00378 
-69.14986      19.00806 
-69.15763      19.01049 
-69.17783      19.00427 
-69.18073      19.00482 
-69.18581      19.00578 
-69.19385      19.00981 
-69.20227      19.0081 
-69.20547      19.01196 
-69.22258      19.02598 
-69.22525      19.02663 
-69.2433       19.02204 
-69.25626      19.01636 
-69.26183      19.01675 
-69.27811      19.0307 
-69.28164      19.03371 
-69.29255      19.03633 
-69.29816      19.03947 
-69.30606      19.05016 
-69.31234      19.05099 
-69.33012      19.04433 
-69.33496      19.0438 
-69.33908      19.04535 
-69.34861      19.05303 
-69.37014      19.05458 
-69.37476      19.05681 
-69.38015      19.06329 
-69.38289      19.06658 
-69.38616      19.07503 
-69.3805       19.08337 
-69.38247      19.08611 
-69.38952      19.08876 
-69.39605      19.08867 
-69.40028      19.09688 
-69.40858      19.10205 
-69.425        19.10091 
-69.44511      19.1043 
-69.45283      19.10327 
-69.47134      19.09704 
-69.47611      19.09284 
-69.4739       19.09057 
-69.46641      19.09091 
-69.46232      19.09234 
-69.45145      19.09227 
-69.44616      19.09441 
-69.43868      19.0952 
-69.43758      19.08695 
-69.44435      19.07124 
-69.4458       19.07139 
-69.44821      19.07165 
-69.45383      19.07501 
-69.46168      19.08248 
-69.48482      19.07894 
-69.48829      19.08417 
-69.49363      19.08547 
-69.49804      19.08931 
-69.50409      19.08968 
-69.5109       19.09257 
-69.51193      19.09251 
-69.51573      19.09227 
-69.52215      19.08598 
-69.52505      19.08571 
-69.53111      19.08654 
-69.53675      19.09151 
-69.54183      19.09213 
-69.5553       19.08848 
-69.56141      19.0923 
-69.56841      19.09151 
-69.59293      19.08448 
-69.60318      19.085 
-69.60358      19.08501 
-69.61973      19.08248 
-69.63126      19.0931 
-69.63206      19.09356 
-69.63859      19.09735 
-69.64847      19.1096 
-69.63718      19.11414 
-69.63581      19.1176 
-69.63143      19.15272 
-69.63026      19.16201 
-69.62488      19.1722 
-69.62621      19.17952 
-69.63148      19.19047 
-69.62903      19.20291 
-69.62893      19.20596 
-69.62856      19.21738 
-69.62549      19.22225 
-69.62262      19.2239 
-69.61128      19.22568 
-69.60425      19.22464 
-69.59523      19.22041 
-69.57316      19.21683 
-69.56099      19.21241 
-69.54699      19.21423 
-69.53973      19.21387 
-69.52928      19.21081 
-69.51915      19.21164 
-69.50947      19.21224 
-69.49316      19.20627 
-69.47455      19.20631 
-69.44663      19.19958 
-69.4354       19.19285 
-69.41676      19.19196 
-69.4106       19.18424 
-69.40768      19.18382 
-69.40151      19.19102 
-69.398        19.19127 
-69.36817      19.19332 
-69.34225      19.19022 
-69.33696      19.19236 
-69.33296      19.19907 
-69.32498      19.19941 
-69.3133       19.19382 
-69.3051       19.19577 
-69.30204      19.19492 
-69.30193      19.19489 
-69.29435      19.18902 
-69.28373      19.19008 
-69.27476      19.18633 
-69.27254      19.1854 
-69.26066      19.18372 
-69.25142      19.18016 
-69.23423      19.17855 
-69.22651      19.17979 
-69.21985      19.18677 
-69.21371      19.19787 
-69.21256      19.20225 
-69.21336      19.20706 
-69.20143      19.23431 
-69.18827      19.24527 
-69.18653      19.24598 
-69.1825       19.24764 
-69.1612       19.26398 
-69.15528      19.27186 
-69.14989      19.28547 
-69.14881      19.29421 
-69.1511       19.30222 
-69.15834      19.30121 
-69.16296      19.30322 
-69.17022      19.3029 
-69.17527      19.30032 
-69.18315      19.29241 
-69.19376      19.29044 
-69.203        19.29354 
-69.20928      19.293 
-69.22031      19.28574 
-69.22633      19.28429 
-69.2433       19.28637 
-69.246        19.28817 
-69.24995      19.29386 
-69.25048      19.2973 
-69.2453       19.30678 
-69.23697      19.31653 
-69.23061      19.32901 
-69.21942      19.34133 
-69.21423      19.35058 
-69.21358      19.35587 
-69.215        19.35866 
-69.21533      19.35929 
-69.21873      19.3604 
-69.22353      19.35758 
-69.2294       19.36141 
-69.23423      19.36112 
-69.23835      19.36015 
-69.24706      19.34488 
-69.24995      19.34346 
-69.25484      19.34639 
-69.25869      19.34519 
-69.26324      19.34168 
-69.26651      19.33406 
-69.27396      19.33052 
-69.28845      19.32803 
-69.31951      19.30733 
-69.32008      19.30695 
-69.32193      19.30142 
-69.32295      19.28877 
-69.32578      19.28414 
-69.3318       19.28222 
-69.33555      19.28952 
-69.34135      19.28944 
-69.34891      19.2937 
-69.35293      19.30307 
-69.35802      19.30346 
-69.36838      19.30056 
-69.38015      19.31074 
-69.38837      19.30971 
-69.3971       19.31142 
-69.4052       19.31843 
-69.41154      19.32156 
-69.41661      19.32057 
-69.41872      19.31618 
-69.4245       19.31472 
-69.4274       19.31422 
-69.43357      19.32194 
-69.43822      19.32487 
-69.44248      19.32406 
-69.44591      19.32154 
-69.45053      19.32194 
-69.45882      19.32664 
-69.47304      19.32277 
-69.4885       19.3214 
-69.49121      19.32435 
-69.49256      19.32455 
-69.49966      19.32561 
-69.515        19.32791 
-69.52003      19.32508 
-69.52461      19.32456 
-69.52903      19.32748 
-69.53356      19.32374 
-69.53862      19.32252 
-69.54521      19.32587 
-69.55248      19.32599 
-69.5611       19.32081 
-69.56223      19.31551 
-69.56438      19.3141 
-69.57383      19.31465 
-69.5778       19.3061 
-69.58208      19.30167 
-69.58953      19.29881 
-69.60568      19.29512 
-69.61259      19.29478 
-69.63228      19.2938 
-69.63739      19.29533 
-69.64534      19.29338 
-69.65576      19.29414 
-69.6625       19.29174 
-69.6735       19.28399 
-69.67927      19.28229 
-69.68775      19.28309 
-69.69998      19.28026 
-69.71546      19.27669 
-69.72321      19.27703 
-69.7371       19.28209 
-69.7395       19.28091 
-69.74098      19.28318 
-69.7485       19.28398 
-69.75591      19.2897 
-69.7593       19.29231 
-69.76586      19.29358 
-69.77883      19.30164 
-69.79856      19.32154 
-69.80532      19.33498 
-69.81123      19.3404 
-69.81478      19.34907 
-69.832        19.36326 
-69.83266      19.36429 
-69.84344      19.38053 
-69.84761      19.39654 
-69.87013      19.43522 
-69.87483      19.45351 
-69.8742       19.47785 
-69.87781      19.48355 
-69.88649      19.48134 
-69.8868       19.48524 
-69.8842       19.48873 
-69.87551      19.48979 
-69.87152      19.49743 
-69.87007      19.50256 
-69.86811      19.50943 
-69.87136      19.51466 
-69.87701      19.51893 
-69.88676      19.52199 
-69.89788      19.53283 
-69.90118      19.54081 
-69.90045      19.55368 
-69.89413      19.56573 
-69.8935       19.57103 
-69.89532      19.5772 
-69.88389      19.6015 
-69.88346      19.60964 
-69.88336      19.61161 
-69.88403      19.62194 
-69.89146      19.63054 
-69.8983       19.64536 
-69.90248      19.64851 
-69.91077      19.65067 
-69.91838      19.65605 
-69.92734      19.65498 
-69.93428      19.66291 
-69.93587      19.66977 
-69.94691      19.67671 
-69.95618      19.67908 
-69.9672       19.68463 
-69.97265      19.68476 
-69.98395      19.68504 
-70            19.68033 
 1             3 
1
 -9999.0   ,   9990.0 
 6 
-66.24482      18.47733 
-66.23518      18.47959 
-66.23445      18.48464 
-66.23684      18.48579 
-66.2395       18.48512 
-66.24482      18.47733 
 1             4 
1
 -9999.0   ,   9990.0 
 10 
-67.47554      18.38473 
-67.47073      18.3852 
-67.4693       18.38727 
-67.47316      18.393 
-67.4775       18.39506 
-67.48134      18.39275 
-67.48496      18.39366 
-67.48566      18.3909 
-67.48276      18.38655 
-67.47554      18.38473 
 1             5 
1
 -9999.0   ,   9990.0 
 198 
-65.64295      18.38304 
-65.64545      18.38242 
-65.65878      18.36921 
-65.66127      18.36946 
-65.67345      18.37069 
-65.68239      18.37513 
-65.7018       18.37618 
-65.70587      18.37782 
-65.7133       18.38109 
-65.72092      18.39239 
-65.72692      18.39427 
-65.73418      18.3895 
-65.7378       18.38884 
-65.74524      18.39004 
-65.75891      18.39679 
-65.76918      18.40674 
-65.77012      18.40996 
-65.76767      18.41568 
-65.76958      18.41822 
-65.77511      18.41872 
-65.78816      18.40962 
-65.7949       18.40967 
-65.79585      18.41197 
-65.78997      18.41892 
-65.78833      18.42087 
-65.78975      18.42479 
-65.79239      18.42526 
-65.8011       18.41729 
-65.80641      18.4164 
-65.81506      18.41784 
-65.83371      18.43587 
-65.84285      18.43662 
-65.85052      18.44126 
-65.87216      18.44323 
-65.8782       18.44029 
-65.88301      18.44215 
-65.88178      18.44467 
-65.88321      18.44744 
-65.88465      18.44843 
-65.89399      18.45485 
-65.90458      18.45514 
-65.9099       18.45104 
-65.91905      18.44972 
-65.94168      18.45192 
-65.97315      18.4606 
-65.98326      18.46204 
-65.99045      18.46575 
-65.99191      18.46277 
-65.98976      18.45955 
-65.98425      18.45584 
-65.97823      18.4542 
-65.96601      18.44541 
-65.96965      18.44198 
-65.97278      18.44131 
-65.98455      18.44414 
-65.98886      18.44852 
-65.99243      18.45566 
-65.99507      18.45659 
-66.00546      18.44953 
-66.00981      18.44933 
-66.0146       18.45142 
-66.01991      18.44915 
-66.02735      18.4508 
-66.03838      18.45821 
-66.0579       18.45716 
-66.06769      18.4596 
-66.08145      18.46303 
-66.08638      18.47038 
-66.09225      18.46951 
-66.09898      18.47161 
-66.12208      18.47241 
-66.12281      18.46966 
-66.1202       18.46483 
-66.11418      18.46227 
-66.10526      18.46498 
-66.1          18.45991 
-66.1029       18.45648 
-66.09715      18.45323 
-66.08152      18.44833 
-66.08034      18.44511 
-66.0818       18.44122 
-66.0847       18.43894 
-66.08591      18.43842 
-66.10496      18.43031 
-66.10881      18.4301 
-66.11048      18.43195 
-66.11238      18.44068 
-66.11139      18.44343 
-66.10778      18.44525 
-66.10826      18.44732 
-66.12268      18.44785 
-66.12773      18.44925 
-66.13181      18.45249 
-66.13346      18.45732 
-66.12936      18.4612 
-66.13222      18.46603 
-66.12711      18.47565 
-66.12775      18.47695 
-66.12902      18.47957 
-66.1336       18.48005 
-66.13456      18.47668 
-66.13655      18.46973 
-66.14788      18.46404 
-66.15826      18.45766 
-66.16428      18.45654 
-66.1751       18.45935 
-66.18086      18.46374 
-66.18131      18.46764 
-66.17911      18.47498 
-66.17983      18.47711 
-66.18052      18.47917 
-66.18241      18.47764 
-66.189        18.47227 
-66.20803      18.46914 
-66.2511       18.47437 
-66.25925      18.48107 
-66.27032      18.48272 
-66.28768      18.4759 
-66.29249      18.47638 
-66.29921      18.48077 
-66.30788      18.48149 
-66.3079       18.47644 
-66.31343      18.47784 
-66.32495      18.48546 
-66.32953      18.48478 
-66.33697      18.49078 
-66.34252      18.48644 
-66.36526      18.49158 
-66.37451      18.49367 
-66.37742      18.49024 
-66.37622      18.48839 
-66.38223      18.48888 
-66.39617      18.49696 
-66.4039       18.49469 
-66.43085      18.49317 
-66.44823      18.47899 
-66.45233      18.47716 
-66.48073      18.47587 
-66.4877       18.48048 
-66.49834      18.48075 
-66.50816      18.48099 
-66.52162      18.48838 
-66.52956      18.4884 
-66.53536      18.48497 
-66.54449      18.49142 
-66.55868      18.49513 
-66.57313      18.49159 
-66.58842      18.49142 
-66.59841      18.49131 
-66.6037       18.49615 
-66.61381      18.49686 
-66.6232       18.49986 
-66.63018      18.49712 
-66.63596      18.49943 
-66.64005      18.49921 
-66.65017      18.4944 
-66.65884      18.49327 
-66.6728       18.49422 
-66.67955      18.48964 
-66.69641      18.48829 
-66.70267      18.4798 
-66.70965      18.47935 
-66.71663      18.4789 
-66.74937      18.48217 
-66.79004      18.49828 
-66.81676      18.49556 
-66.8341       18.49167 
-66.86563      18.49537 
-66.88153      18.49377 
-66.91258      18.48712 
-66.92895      18.48943 
-66.9422       18.49494 
-66.94749      18.49563 
-66.95832      18.49196 
-66.96329      18.49226 
-66.96578      18.49242 
-66.97421      18.49655 
-66.98071      18.49632 
-66.99613      18.50734 
-67.006        18.50917 
-67.01213      18.51328 
-67.01491      18.51514 
-67.03297      18.51514 
-67.04236      18.51812 
-67.06571      18.51811 
-67.0715       18.51949 
-67.07656      18.51811 
-67.08451      18.52017 
-67.08744      18.52011 
-67.09655      18.51993 
-67.111        18.51808 
-67.13938      18.50842 
-67.14685      18.50451 
-67.15116      18.49739 
-67.16443      18.48914 
-67.16561      18.48842 
-67.16751      18.48566 
-67.1677       18.47928 
 1             6 
1
 -9999.0   ,   9990.0 
 13 
-65            18.35591 
-65.0102       18.35003 
-65.0174       18.35149 
-65.01931      18.35107 
-65.02633      18.34953 
-65.03635      18.35652 
-65.03823      18.35999 
-65.03723      18.36296 
-65.02919      18.3716 
-65.01646      18.37031 
-65.00703      18.37388 
-65.00313      18.37842 
-65            18.37827 
 1             7 
1
 -9999.0   ,   9990.0 
 14 
-68.99261      18.3422 
-68.98904      18.3443 
-68.98787      18.3473 
-68.9931       18.36125 
-69.00656      18.37877 
-69.01043      18.3801 
-69.01379      18.37938 
-69.0166       18.3736 
-69.01668      18.3612 
-69.02143      18.35656 
-69.0214       18.3538 
-69.01603      18.34835 
-69.00008      18.34257 
-68.99261      18.3422 
 1             8 
1
 -9999.0   ,   9990.0 
 7 
-65.08463      18.34167 
-65.08295      18.34165 
-65.07663      18.34709 
-65.07644      18.35748 
-65.08259      18.35152 
-65.08628      18.34421 
-65.08463      18.34167 
 1             9 
1
 -9999.0   ,   9990.0 
 8 
-65.24626      18.34219 
-65.24796      18.34015 
-65.25397      18.34066 
-65.26452      18.34375 
-65.26618      18.34652 
-65.26351      18.34925 
-65.24983      18.34568 
-65.24626      18.34219 
 1             10 
1
 -9999.0   ,   9990.0 
 10 
-65.22801      18.31699 
-65.22055      18.31829 
-65.22218      18.32175 
-65.22         18.32471 
-65.22285      18.32658 
-65.22576      18.32408 
-65.232        18.32621 
-65.23516      18.32395 
-65.23012      18.32137 
-65.22801      18.31699 
 1             11 
1
 -9999.0   ,   9990.0 
 7 
-65.33057      18.3049 
-65.32692      18.30923 
-65.32751      18.32163 
-65.33165      18.31731 
-65.33526      18.31688 
-65.33439      18.30769 
-65.33057      18.3049 
 1             12 
1
 -9999.0   ,   9990.0 
 42 
-65.28267      18.28561 
-65.2795       18.29086 
-65.2799       18.29775 
-65.28275      18.30123 
-65.2947       18.30938 
-65.29468      18.31098 
-65.28338      18.31088 
-65.27195      18.30135 
-65.26473      18.30082 
-65.26117      18.29597 
-65.25658      18.29684 
-65.25391      18.30026 
-65.25571      18.31129 
-65.254        18.31449 
-65.24685      18.30891 
-65.2442       18.30911 
-65.24274      18.31094 
-65.24413      18.31554 
-65.25405      18.32474 
-65.27614      18.33698 
-65.2824       18.33543 
-65.28838      18.33939 
-65.29683      18.33603 
-65.30833      18.34096 
-65.31122      18.34007 
-65.31343      18.33596 
-65.31631      18.33645 
-65.3385       18.35525 
-65.34235      18.35483 
-65.34309      18.35254 
-65.33313      18.33798 
-65.33133      18.33238 
-65.3301       18.32854 
-65.31837      18.32292 
-65.31127      18.31114 
-65.3012       18.30783 
-65.29811      18.30482 
-65.29744      18.2993 
-65.29266      18.29604 
-65.29008      18.29028 
-65.28627      18.28634 
-65.28267      18.28561 
 1             13 
1
 -9999.0   ,   9990.0 
 10 
-65.60031      18.25419 
-65.59885      18.25671 
-65.5902       18.25549 
-65.58635      18.2573 
-65.58493      18.2543 
-65.58663      18.25156 
-65.59146      18.25068 
-65.59455      18.25277 
-65.59768      18.25211 
-65.60031      18.25419 
 1             14 
1
 -9999.0   ,   9990.0 
 188 
-68.32066      18.60787 
-68.32         18.60486 
-68.32913      18.57517 
-68.33844      18.56545 
-68.34816      18.54816 
-68.35195      18.5435 
-68.36151      18.53175 
-68.36498      18.51657 
-68.37736      18.50224 
-68.3824       18.49852 
-68.38863      18.49709 
-68.3921       18.48145 
-68.40394      18.46047 
-68.42501      18.44511 
-68.42593      18.44444 
-68.43995      18.42573 
-68.44528      18.40433 
-68.44365      18.38414 
-68.44641      18.37195 
-68.45776      18.35028 
-68.46323      18.34403 
-68.46802      18.34261 
-68.47236      18.34326 
-68.47802      18.34044 
-68.48217      18.33836 
-68.51351      18.34589 
-68.5362       18.35327 
-68.54462      18.35297 
-68.55238      18.35978 
-68.57656      18.3715 
-68.59206      18.38146 
-68.59853      18.38228 
-68.60002      18.38369 
-68.61356      18.3668 
-68.61008      18.35627 
-68.59785      18.33664 
-68.59781      18.33343 
-68.60438      18.31752 
-68.61836      18.30201 
-68.62482      18.29483 
-68.62931      18.28791 
-68.636        18.25243 
-68.63863      18.23846 
-68.63531      18.21966 
-68.63787      18.21252 
-68.64018      18.2124 
-68.64316      18.21224 
-68.65018      18.21677 
-68.66241      18.21435 
-68.66943      18.21477 
-68.67251      18.21495 
-68.68568      18.21092 
-68.70011      18.21055 
-68.71623      18.2136 
-68.71911      18.21288 
-68.7296       18.2052 
-68.73465      18.20561 
-68.73351      18.21136 
-68.7278       18.21509 
-68.72566      18.21833 
-68.72715      18.2213 
-68.73148      18.22309 
-68.74375      18.22297 
-68.74538      18.21928 
-68.74485      18.21423 
-68.74095      18.2106 
-68.74786      18.20456 
-68.74955      18.20523 
-68.75108      18.21279 
-68.74975      18.22268 
-68.75055      18.22553 
-68.7525       18.23252 
-68.76636      18.25459 
-68.77357      18.26605 
-68.7815       18.28618 
-68.78959      18.29964 
-68.80278      18.31742 
-68.80987      18.32698 
-68.81847      18.34181 
-68.83964      18.36225 
-68.84559      18.37711 
-68.84948      18.38051 
-68.872        18.39198 
-68.8952       18.4 
-68.91106      18.39845 
-68.9142       18.39933 
-68.91547      18.40483 
-68.9239       18.40565 
-68.93165      18.40993 
-68.94393      18.40979 
-68.95291      18.41658 
-68.95631      18.41644 
-68.96086      18.41626 
-68.96468      18.41438 
-68.97085      18.40765 
-68.97708      18.4046 
-69.01335      18.40073 
-69.04021      18.39399 
-69.06811      18.39366 
-69.08283      18.39601 
-69.0939       18.3968 
-69.10356      18.39944 
-69.11785      18.40615 
-69.13425      18.40847 
-69.14701      18.40809 
-69.1678       18.41609 
-69.17583      18.42173 
-69.18404      18.42393 
-69.19355      18.43253 
-69.19505      18.44377 
-69.19517      18.44468 
-69.20129      18.45172 
-69.20876      18.45255 
-69.23947      18.44572 
-69.26905      18.44442 
-69.28678      18.43799 
-69.29736      18.43762 
-69.30078      18.44125 
-69.30825      18.44138 
-69.31141      18.44409 
-69.30715      18.4492 
-69.31401      18.45669 
-69.31823      18.4649 
-69.32556      18.47192 
-69.32646      18.468 
-69.32132      18.46279 
-69.31737      18.45595 
-69.31388      18.44842 
-69.31906      18.43963 
-69.31875      18.4355 
-69.32157      18.43133 
-69.32875      18.42825 
-69.3368       18.42688 
-69.34195      18.42601 
-69.37158      18.4279 
-69.38655      18.43022 
-69.40554      18.42996 
-69.4406       18.42442 
-69.44896      18.42086 
-69.46726      18.41799 
-69.4945       18.40942 
-69.52286      18.40671 
-69.52383      18.4067 
-69.53368      18.40656 
-69.54383      18.41091 
-69.5492       18.41322 
-69.56604      18.4279 
-69.5715       18.43792 
-69.58026      18.44284 
-69.5825       18.4439 
-69.58971      18.44729 
-69.6006       18.44989 
-69.60925      18.44976 
-69.62221      18.44726 
-69.62931      18.4405 
-69.62871      18.43362 
-69.62195      18.41811 
-69.62163      18.41306 
-69.62749      18.40379 
-69.63568      18.40366 
-69.6579       18.40907 
-69.66526      18.41321 
-69.66665      18.41398 
-69.67763      18.423 
-69.68066      18.43168 
-69.68038      18.44293 
-69.68165      18.44682 
-69.69118      18.45471 
-69.70178      18.45523 
-69.7448       18.46489 
-69.76798      18.46518 
-69.76936      18.46519 
-69.78289      18.46796 
-69.80258      18.46512 
-69.83467      18.4692 
-69.8753       18.466 
-69.87951      18.48545 
-69.8822       18.48724 
-69.88526      18.48421 
-69.88029      18.47533 
-69.88306      18.46955 
-69.90502      18.46244 
-69.907        18.4618 
-69.91603      18.45568 
-69.92855      18.44284 
-69.95452      18.42932 
-69.97298      18.42533 
-70            18.42447 
 1             15 
1
 -9999.0   ,   9990.0 
 48 
-68.73095      18.12702 
-68.73231      18.12712 
-68.74538      18.13479 
-68.75042      18.1352 
-68.76148      18.15644 
-68.76513      18.16053 
-68.77019      18.16186 
-68.77796      18.1689 
-68.7817       18.17896 
-68.77993      18.19298 
-68.77758      18.19714 
-68.77362      18.19862 
-68.77255      18.19903 
-68.76726      18.19908 
-68.76168      18.19455 
-68.75136      18.19534 
-68.74558      18.19402 
-68.73735      18.18791 
-68.7202       18.18096 
-68.7052       18.1717 
-68.69821      18.16993 
-68.68885      18.17117 
-68.68408      18.17466 
-68.67711      18.17473 
-68.66963      18.17204 
-68.66282      18.16384 
-68.65628      18.16352 
-68.65512      18.16346 
-68.64522      18.1585 
-68.60033      18.16191 
-68.59358      18.16013 
-68.5744       18.14057 
-68.5673       18.12709 
-68.56651      18.12158 
-68.56784      18.11055 
-68.57383      18.1082 
-68.57807      18.11142 
-68.584        18.11592 
-68.60566      18.121 
-68.61431      18.12433 
-68.61845      18.12593 
-68.64033      18.12825 
-68.64705      18.12749 
-68.67031      18.12058 
-68.69014      18.11468 
-68.70347      18.12017 
-68.71789      18.12612 
-68.73095      18.12702 
 1             16 
1
 -9999.0   ,   9990.0 
 94 
-65.56918      18.096 
-65.57511      18.10684 
-65.57878      18.12569 
-65.57396      18.12841 
-65.56847      18.12423 
-65.56005      18.12715 
-65.55477      18.12527 
-65.54106      18.12768 
-65.51936      18.13669 
-65.51596      18.14079 
-65.5176       18.14608 
-65.51393      18.15501 
-65.51103      18.1559 
-65.50956      18.14634 
-65.50898      18.14257 
-65.50443      18.14092 
-65.4582       18.15315 
-65.45053      18.15263 
-65.4469       18.15489 
-65.44347      18.16083 
-65.43913      18.16286 
-65.4117       18.16744 
-65.38826      18.16593 
-65.38672      18.16583 
-65.36656      18.16404 
-65.34906      18.15975 
-65.33471      18.15341 
-65.32437      18.15424 
-65.30233      18.14783 
-65.2944       18.1489 
-65.28691      18.15204 
-65.28308      18.15086 
-65.27381      18.14135 
-65.26901      18.14154 
-65.26854      18.13969 
-65.26996      18.13781 
-65.27317      18.13354 
-65.29021      18.1344 
-65.29311      18.13328 
-65.29691      18.13767 
-65.30147      18.13818 
-65.30388      18.13705 
-65.30586      18.13087 
-65.32221      18.13057 
-65.32727      18.12786 
-65.33361      18.11897 
-65.34446      18.11425 
-65.34586      18.11794 
-65.34028      18.12408 
-65.34746      18.1269 
-65.35556      18.13387 
-65.3582       18.13458 
-65.36038      18.13299 
-65.36151      18.12901 
-65.36186      18.12773 
-65.36498      18.12844 
-65.36956      18.12711 
-65.37199      18.12415 
-65.37108      18.11886 
-65.37476      18.11109 
-65.38047      18.11642 
-65.38987      18.11306 
-65.39898      18.11429 
-65.40285      18.11226 
-65.40933      18.11186 
-65.41443      18.10663 
-65.41707      18.10619 
-65.42301      18.11313 
-65.42806      18.11363 
-65.42976      18.11135 
-65.42238      18.10371 
-65.42171      18.09889 
-65.42556      18.09731 
-65.43325      18.09807 
-65.4373       18.10017 
-65.43825      18.10589 
-65.43844      18.10707 
-65.44469      18.10712 
-65.44855      18.10463 
-65.44235      18.09975 
-65.44071      18.09584 
-65.44313      18.09425 
-65.45298      18.09365 
-65.45485      18.09872 
-65.46036      18.09922 
-65.46856      18.09608 
-65.47888      18.0964 
-65.48247      18.09827 
-65.49018      18.09741 
-65.51474      18.08775 
-65.53567      18.08402 
-65.54018      18.08509 
-65.5467       18.08664 
-65.56918      18.096 
 1             17 
1
 -9999.0   ,   9990.0 
 29 
-67.889        18.05158 
-67.88227      18.0523 
-67.86933      18.05719 
-67.83948      18.08419 
-67.83783      18.08856 
-67.84323      18.10851 
-67.84541      18.11171 
-67.85239      18.11489 
-67.85579      18.1213 
-67.85868      18.12198 
-67.86753      18.1155 
-67.87746      18.11221 
-67.87807      18.11201 
-67.88551      18.11243 
-67.9014       18.11785 
-67.90885      18.11827 
-67.92251      18.11384 
-67.92923      18.11334 
-67.9321       18.11034 
-67.93204      18.10162 
-67.94273      18.0832 
-67.93958      18.07862 
-67.93043      18.07477 
-67.92365      18.06677 
-67.91835      18.06313 
-67.90888      18.05997 
-67.90006      18.05703 
-67.8938       18.05224 
-67.889        18.05158 
 1             18 
1
 -9999.0   ,   9990.0 
 430 
-67.1677       18.47928 
-67.16774      18.47808 
-67.16604      18.46775 
-67.15856      18.45353 
-67.15508      18.44035 
-67.15323      18.43333 
-67.15635      18.42414 
-67.16548      18.41587 
-67.17485      18.41127 
-67.17798      18.40966 
-67.18422      18.40069 
-67.19673      18.39494 
-67.22125      18.3848 
-67.26211      18.37395 
-67.26525      18.36982 
-67.2657       18.36408 
-67.25506      18.34453 
-67.23673      18.31086 
-67.2312       18.30513 
-67.21218      18.2962 
-67.2004       18.29576 
-67.1939       18.29324 
-67.19126      18.29095 
-67.18691      18.28246 
-67.18521      18.26983 
-67.18321      18.26715 
-67.17701      18.25882 
-67.17401      18.24851 
-67.17387      18.24804 
-67.16833      18.24001 
-67.16638      18.22715 
-67.15266      18.21408 
-67.15073      18.20743 
-67.15193      18.20169 
-67.16224      18.19112 
-67.16344      18.18813 
-67.16198      18.1801 
-67.16293      18.17574 
-67.16534      18.17596 
-67.16751      18.18101 
-67.17831      18.17319 
-67.18166      18.17021 
-67.18358      18.16561 
-67.17446      18.16057 
-67.17227      18.15369 
-67.18041      18.13738 
-67.18112      18.13164 
-67.17798      18.11718 
-67.17916      18.10846 
-67.19355      18.0965 
-67.19451      18.08801 
-67.1928       18.07768 
-67.18415      18.07746 
-67.18246      18.07356 
-67.18378      18.07136 
-67.18438      18.07035 
-67.19206      18.06873 
-67.19853      18.05885 
-67.1954       18.05243 
-67.20188      18.04737 
-67.20378      18.04002 
-67.20161      18.03911 
-67.19617      18.04485 
-67.19633      18.03797 
-67.18505      18.03132 
-67.1776       18.03317 
-67.17615      18.02743 
-67.17302      18.02491 
-67.17276      18.0132 
-67.16964      18.01275 
-67.16198      18.01895 
-67.16005      18.01574 
-67.1634       18.01069 
-67.1657       18.00953 
-67.16843      18.00816 
-67.17468      18.00884 
-67.18045      18.01273 
-67.19725      18.00652 
-67.2049       18.00031 
-67.20921      17.99411 
-67.21087      17.98148 
-67.2089       17.95646 
-67.20625      17.95394 
-67.19738      17.95464 
-67.1921       17.95281 
-67.1885       17.94937 
-67.1892       17.94272 
-67.19207      17.93835 
-67.18991      17.93629 
-67.18851      17.93621 
-67.18151      17.93584 
-67.1753       17.94089 
-67.17625      17.94296 
-67.18128      17.94318 
-67.18418      17.94777 
-67.18563      17.95397 
-67.17916      17.96201 
-67.17125      17.96753 
-67.15829      17.96616 
-67.15373      17.96135 
-67.15059      17.95423 
-67.14532      17.9547 
-67.14173      17.957 
-67.1374       17.95654 
-67.1278       17.95242 
-67.111        17.95473 
-67.10458      17.95125 
-67.1038       17.95083 
-67.09756      17.95083 
-67.0911       17.95727 
-67.08726      17.96668 
-67.08318      17.96944 
-67.08006      17.96301 
-67.07574      17.96232 
-67.0736       17.96508 
-67.07575      17.97196 
-67.07263      17.97564 
-67.0652       17.97909 
-67.05873      17.97863 
-67.04456      17.97359 
-67.028        17.97658 
-67.01625      17.9729 
-67.01265      17.97704 
-67.01         17.97612 
-67.00945      17.97178 
-67.00905      17.96855 
-67.00112      17.96258 
-66.9992       17.96579 
-67.00016      17.97084 
-66.99848      17.97291 
-66.99177      17.97268 
-66.98576      17.96832 
-66.98145      17.96281 
-66.98336      17.95753 
-66.98216      17.95501 
-66.97496      17.95317 
-66.95865      17.94238 
-66.95816      17.94009 
-66.96008      17.93779 
-66.95912      17.93526 
-66.95504      17.93366 
-66.93921      17.93388 
-66.92242      17.93021 
-66.92121      17.9325 
-66.92138      17.93297 
-66.92266      17.93663 
-66.92985      17.93985 
-66.93249      17.94283 
-66.93129      17.9449 
-66.91378      17.94926 
-66.9109       17.95476 
-66.91306      17.9605 
-66.91858      17.96372 
-66.92793      17.9651 
-66.92913      17.96716 
-66.92458      17.9752 
-66.92218      17.97428 
-66.91714      17.969 
-66.90995      17.96693 
-66.90538      17.96348 
-66.9049       17.95499 
-66.9013       17.95132 
-66.8814       17.95452 
-66.87515      17.95199 
-66.86988      17.95382 
-66.86651      17.9513 
-66.87597      17.94236 
-66.87083      17.94304 
-66.86483      17.94625 
-66.86148      17.9529 
-66.8598       17.9546 
-66.85765      17.9568 
-66.85163      17.95702 
-66.84492      17.95289 
-66.83988      17.95242 
-66.8358       17.95449 
-66.82212      17.957 
-66.80531      17.9703 
-66.79211      17.97281 
-66.78851      17.97648 
-66.78685      17.98084 
-66.78731      17.98818 
-66.79643      17.98108 
-66.80603      17.97879 
-66.80867      17.98178 
-66.8022       17.99187 
-66.79618      17.99691 
-66.78561      17.9992 
-66.77121      18.00768 
-66.75226      17.99916 
-66.75803      17.98425 
-66.76187      17.98494 
-66.76259      17.98265 
-66.75972      17.97897 
-66.75612      17.97782 
-66.75371      17.97919 
-66.74987      17.98791 
-66.74579      17.9902 
-66.73811      17.99156 
-66.72875      17.99247 
-66.69997      17.97888 
-66.69037      17.97703 
-66.6767       17.97035 
-66.67238      17.96965 
-66.66302      17.97193 
-66.65413      17.97789 
-66.63732      17.98428 
-66.62581      17.98288 
-66.61933      17.97988 
-66.61574      17.97597 
-66.61975      17.97268 
-66.62213      17.97306 
-66.62213      17.9704 
-66.62015      17.96926 
-66.61657      17.97115 
-66.6172       17.96702 
-66.6148       17.9645 
-66.61216      17.96472 
-66.60616      17.96976 
-66.598        17.97158 
-66.58983      17.97202 
-66.58433      17.96581 
-66.57713      17.96487 
-66.5668       17.96898 
-66.55743      17.97584 
-66.55696      17.97492 
-66.54087      17.97557 
-66.53823      17.97717 
-66.53174      17.97991 
-66.5231       17.98058 
-66.50436      17.98925 
-66.49908      17.98992 
-66.46021      17.98775 
-66.4547       17.98498 
-66.45015      17.98267 
-66.42813      17.96286 
-66.42333      17.95963 
-66.41614      17.95869 
-66.41426      17.95726 
-66.41159      17.95523 
-66.40345      17.95452 
-66.39914      17.9483 
-66.38668      17.94183 
-66.38188      17.94297 
-66.37755      17.94708 
-66.3761       17.95259 
-66.37296      17.95671 
-66.36744      17.95669 
-66.36671      17.95967 
-66.36238      17.96379 
-66.36261      17.96654 
-66.36116      17.96814 
-66.35085      17.96742 
-66.34026      17.9761 
-66.33425      17.97883 
-66.32681      17.97904 
-66.3122       17.96934 
-66.30406      17.96449 
-66.29208      17.96123 
-66.28947      17.95489 
-66.29111      17.94427 
-66.28795      17.9435 
-66.27444      17.94799 
-66.26822      17.94576 
-66.26375      17.94415 
-66.24993      17.93195 
-66.24636      17.93269 
-66.24356      17.93989 
-66.23674      17.94011 
-66.23413      17.93459 
-66.23124      17.93573 
-66.22881      17.94215 
-66.23216      17.94767 
-66.22974      17.95087 
-66.21823      17.95128 
-66.21075      17.95859 
-66.20594      17.9611 
-66.17793      17.9472 
-66.17869      17.94426 
-66.18252      17.94148 
-66.2101       17.94229 
-66.20871      17.93173 
-66.19866      17.92641 
-66.1948       17.93419 
-66.1919       17.9351 
-66.17462      17.93548 
-66.16721      17.92948 
-66.15738      17.92897 
-66.14634      17.93075 
-66.13648      17.93645 
-66.13303      17.94032 
-66.12996      17.94376 
-66.12418      17.9474 
-66.11315      17.94896 
-66.10065      17.95303 
-66.08548      17.96351 
-66.07948      17.96394 
-66.06365      17.96041 
-66.05         17.95529 
-66.04592      17.95573 
-66.03195      17.96667 
-66.02156      17.97855 
-66.01978      17.97931 
-66.01676      17.98059 
-66.01123      17.98102 
-65.99374      17.97748 
-65.98538      17.971 
-65.98106      17.96983 
-65.97505      17.97301 
-65.9609       17.97155 
-65.95393      17.97312 
-65.94217      17.97213 
-65.93184      17.97505 
-65.92176      17.97407 
-65.90901      17.98019 
-65.90441      17.98521 
-65.89791      17.98931 
-65.89454      17.99135 
-65.88661      17.99153 
-65.8806       17.99494 
-65.87455      18.00362 
-65.8702       18.00681 
-65.85747      18.00764 
-65.84975      18.01356 
-65.83342      18.01437 
-65.83023      18.0256 
-65.83273      18.04559 
-65.82326      18.06471 
-65.81748      18.06385 
-65.8072       18.05805 
-65.80238      18.05962 
-65.80021      18.06213 
-65.79753      18.06693 
-65.79673      18.07909 
-65.79163      18.08801 
-65.78609      18.09004 
-65.78845      18.09557 
-65.7884       18.10245 
-65.78451      18.10931 
-65.77846      18.11478 
-65.77893      18.118 
-65.78323      18.12078 
-65.78103      18.12628 
-65.77497      18.13312 
-65.7621       18.15553 
-65.75556      18.16008 
-65.74185      18.16365 
-65.73748      18.1689 
-65.7333       18.18196 
-65.72486      18.18786 
-65.71955      18.18966 
-65.71595      18.19079 
-65.70922      18.18867 
-65.70825      18.18765 
-65.70636      18.18567 
-65.69986      18.18677 
-65.69413      18.18236 
-65.68933      18.18164 
-65.68875      18.19587 
-65.67956      18.20108 
-65.67312      18.19575 
-65.67356      18.20264 
-65.66776      18.2049 
-65.66241      18.21289 
-65.66001      18.21379 
-65.64663      18.20267 
-65.64231      18.20218 
-65.63607      18.20509 
-65.6286       18.20506 
-65.62713      18.2078 
-65.62975      18.20989 
-65.6329       18.20784 
-65.63638      18.20787 
-65.64155      18.20791 
-65.64225      18.21021 
-65.64103      18.21204 
-65.63356      18.21451 
-65.63378      18.21795 
-65.63785      18.21913 
-65.64076      18.21686 
-65.64315      18.21848 
-65.64045      18.22604 
-65.63366      18.23264 
-65.62787      18.23489 
-65.62093      18.23117 
-65.61329      18.22445 
-65.61166      18.21847 
-65.60927      18.21707 
-65.6066       18.22027 
-65.60509      18.22898 
-65.60099      18.22941 
-65.595        18.22752 
-65.59208      18.23186 
-65.5978       18.23742 
-65.60361      18.2456 
-65.60945      18.25381 
-65.60942      18.25725 
-65.60434      18.26157 
-65.60503      18.2641 
-65.60911      18.26482 
-65.61541      18.25982 
-65.61878      18.25893 
-65.62406      18.26104 
-65.63073      18.26912 
-65.62586      18.27483 
-65.62655      18.27824 
-65.62656      18.27828 
-65.62535      18.27987 
-65.62605      18.28286 
-65.63347      18.28613 
-65.63417      18.28889 
-65.62511      18.30857 
-65.62651      18.31478 
-65.62551      18.31867 
-65.6266       18.33315 
-65.63183      18.34053 
-65.63011      18.34603 
-65.63417      18.34836 
-65.63488      18.35043 
-65.62786      18.35703 
-65.61346      18.38126 
-65.61532      18.38954 
-65.61868      18.39094 
-65.62302      18.39006 
-65.62591      18.38801 
-65.63056      18.37978 
-65.63395      18.37728 
-65.63731      18.37777 
-65.64184      18.38331 
-65.64295      18.38304 
 1             19 
1
 -9999.0   ,   9990.0 
 13 
-66.52333      17.88808 
-66.53101      17.88305 
-66.5334       17.88581 
-66.53244      17.88787 
-66.52956      17.88855 
-66.52618      17.8952 
-66.51417      17.90435 
-66.50961      17.90456 
-66.50843      17.90181 
-66.5137       17.89861 
-66.51539      17.89563 
-66.52164      17.89312 
-66.52333      17.88808 
