 22 
 1             1 
1
 -9999.0   ,   9990.0 
 11 
-72.7209       20 
-72.71841      19.99874 
-72.69906      19.9969 
-72.67923      19.99295 
-72.65643      19.99483 
-72.64538      19.9915 
-72.64266      19.99068 
-72.62563      19.9903 
-72.6216       19.99319 
-72.6198       19.99715 
-72.62066      20 
 1             2 
1
 -9999.0   ,   9990.0 
 21 
-75            19.92134 
-74.99942      19.9216 
-74.99115      19.92164 
-74.97834      19.92778 
-74.97155      19.93479 
-74.96458      19.94195 
-74.96173      19.94902 
-74.95293      19.9594 
-74.95058      19.96601 
-74.95213      19.97157 
-74.95645      19.9742 
-74.9522       19.97848 
-74.94439      19.97921 
-74.93133      19.97591 
-74.92405      19.97551 
-74.89585      19.98358 
-74.8882       19.98708 
-74.8852       19.99 
-74.8788       19.9926 
-74.87526      19.99758 
-74.87439      20 
 1             3 
1
 -9999.0   ,   9990.0 
 7 
-72.42377      19.82155 
-72.42064      19.82233 
-72.41926      19.82468 
-72.42353      19.82868 
-72.42888      19.82874 
-72.4317       19.82613 
-72.42377      19.82155 
 1             4 
1
 -9999.0   ,   9990.0 
 389 
-73.41013      19.65068 
-73.41513      19.65384 
-73.41908      19.65903 
-73.42745      19.66275 
-73.43287      19.66753 
-73.43671      19.67594 
-73.44493      19.68403 
-73.45025      19.69847 
-73.45115      19.71415 
-73.44958      19.72422 
-73.45075      19.73789 
-73.45147      19.74638 
-73.44739      19.75177 
-73.448        19.76191 
-73.43591      19.77372 
-73.43343      19.7817 
-73.42942      19.78525 
-73.42645      19.79344 
-73.42092      19.79855 
-73.41726      19.7989 
-73.41138      19.79341 
-73.40799      19.79284 
-73.4021       19.79449 
-73.39263      19.80063 
-73.37915      19.80342 
-73.37574      19.81044 
-73.3739       19.8105 
-73.37233      19.81056 
-73.36685      19.81406 
-73.36484      19.82274 
-73.35851      19.82944 
-73.35689      19.83422 
-73.35753      19.83654 
-73.36198      19.83461 
-73.36993      19.82337 
-73.37533      19.82193 
-73.38183      19.82226 
-73.38572      19.82245 
-73.38845      19.82259 
-73.39785      19.82473 
-73.40496      19.82312 
-73.41082      19.8237 
-73.412        19.82381 
-73.41243      19.82406 
-73.41533      19.82576 
-73.41542      19.82991 
-73.40916      19.835 
-73.40799      19.84048 
-73.40398      19.8438 
-73.39933      19.8448 
-73.39358      19.84444 
-73.37725      19.8434 
-73.36563      19.84808 
-73.34478      19.83958 
-73.3404       19.8392 
-73.3367       19.84069 
-73.33042      19.84624 
-73.31589      19.85106 
-73.29286      19.86227 
-73.283        19.86562 
-73.27376      19.86555 
-73.27029      19.86738 
-73.26433      19.87053 
-73.25673      19.87189 
-73.24843      19.87944 
-73.24061      19.88091 
-73.2401       19.881 
-73.21805      19.89799 
-73.21011      19.90233 
-73.19729      19.9065 
-73.19228      19.91024 
-73.18915      19.91612 
-73.18498      19.91713 
-73.18215      19.92118 
-73.18006      19.92218 
-73.1705       19.92677 
-73.16912      19.9311 
-73.15908      19.93905 
-73.1547       19.93936 
-73.15184      19.93742 
-73.1473       19.92852 
-73.10795      19.9265 
-73.10074      19.92395 
-73.06828      19.91985 
-73.06135      19.92037 
-73.05143      19.92111 
-73.04443      19.91972 
-73.03775      19.91604 
-73.0262       19.91265 
-73.02465      19.91489 
-73.02853      19.9217 
-73.02771      19.92398 
-73.01361      19.92349 
-73.00928      19.92219 
-73.00336      19.91761 
-73            19.91819 
-72.99559      19.917 
-72.96875      19.92043 
-72.96556      19.91939 
-72.96005      19.90924 
-72.95738      19.90933 
-72.95313      19.91269 
-72.95         19.91969 
-72.94166      19.92411 
-72.8905       19.93386 
-72.87213      19.93034 
-72.86733      19.93211 
-72.86411      19.93538 
-72.86125      19.93828 
-72.85741      19.93979 
-72.85568      19.9387 
-72.85191      19.92895 
-72.84545      19.92526 
-72.84535      19.92462 
-72.84448      19.91885 
-72.84244      19.91639 
-72.83633      19.91567 
-72.83149      19.9032 
-72.82493      19.90318 
-72.83081      19.91103 
-72.83131      19.91791 
-72.83335      19.92037 
-72.83998      19.92222 
-72.84318      19.92969 
-72.84946      19.935 
-72.84986      19.93889 
-72.8456       19.94225 
-72.83508      19.94053 
-72.82952      19.94141 
-72.82422      19.94405 
-72.82164      19.94534 
-72.81626      19.95057 
-72.80071      19.95109 
-72.79453      19.9483 
-72.78678      19.94911 
-72.77855      19.94997 
-72.77144      19.94679 
-72.76421      19.94355 
-72.74955      19.94127 
-72.72986      19.93502 
-72.71814      19.93356 
-72.70798      19.92838 
-72.69796      19.92686 
-72.67565      19.92138 
-72.66206      19.91561 
-72.6518       19.91387 
-72.64509      19.90995 
-72.63503      19.90752 
-72.62956      19.89735 
-72.6229       19.89435 
-72.60746      19.89093 
-72.59993      19.89094 
-72.58826      19.89337 
-72.58691      19.89365 
-72.5784       19.89323 
-72.57393      19.89108 
-72.56686      19.88372 
-72.55701      19.87989 
-72.54832      19.87276 
-72.54654      19.86552 
-72.54221      19.85991 
-72.53194      19.85127 
-72.52603      19.84916 
-72.518        19.84872 
-72.51366      19.84266 
-72.51049      19.84252 
-72.50744      19.84538 
-72.50325      19.84344 
-72.49604      19.83218 
-72.49386      19.82408 
-72.49353      19.82283 
-72.48861      19.82115 
-72.48815      19.82875 
-72.486        19.82996 
-72.48281      19.82891 
-72.47801      19.82355 
-72.46993      19.82173 
-72.46737      19.82503 
-72.46541      19.83152 
-72.46199      19.83094 
-72.44729      19.82036 
-72.43016      19.81676 
-72.42019      19.81638 
-72.41338      19.809 
-72.39935      19.80392 
-72.38846      19.80494 
-72.3859       19.80801 
-72.38455      19.81839 
-72.3807       19.81919 
-72.37235      19.81669 
-72.37145      19.81167 
-72.3759       19.80648 
-72.37455      19.80261 
-72.36046      19.78879 
-72.33572      19.7753 
-72.32878      19.76425 
-72.32952      19.75757 
-72.32265      19.74813 
-72.3239       19.74188 
-72.32851      19.74197 
-72.33365      19.75032 
-72.33586      19.75094 
-72.33613      19.74908 
-72.33664      19.74564 
-72.33296      19.73724 
-72.33306      19.72575 
-72.32778      19.71374 
-72.31738      19.70739 
-72.3111       19.7085 
-72.30758      19.71205 
-72.30731      19.72561 
-72.31218      19.73282 
-72.31009      19.73587 
-72.30551      19.73669 
-72.30491      19.74062 
-72.31468      19.74239 
-72.31651      19.74601 
-72.31636      19.749 
-72.3076       19.74812 
-72.30672      19.7509 
-72.3078       19.75409 
-72.30878      19.7552 
-72.31588      19.76326 
-72.31652      19.76784 
-72.31513      19.76972 
-72.31148      19.76937 
-72.30542      19.76266 
-72.30246      19.76137 
-72.28633      19.76507 
-72.27953      19.76528 
-72.26063      19.75918 
-72.25508      19.76027 
-72.25351      19.76421 
-72.25543      19.77082 
-72.25385      19.77408 
-72.23898      19.77269 
-72.23811      19.77547 
-72.24212      19.78638 
-72.24101      19.7894 
-72.24032      19.78935 
-72.23054      19.78856 
-72.2209       19.7838 
-72.20054      19.78463 
-72.19603      19.78798 
-72.19095      19.78836 
-72.18672      19.78549 
-72.18464      19.78119 
-72.19202      19.76213 
-72.19252      19.75546 
-72.19523      19.74917 
-72.19418      19.74714 
-72.18605      19.74301 
-72.1763       19.74215 
-72.16738      19.74356 
-72.1641       19.73975 
-72.16016      19.73849 
-72.15193      19.73919 
-72.14769      19.74322 
-72.14254      19.74176 
-72.1392       19.74324 
-72.13725      19.75064 
-72.13002      19.75223 
-72.12561      19.75098 
-72.12334      19.74829 
-72.1156       19.73427 
-72.10765      19.72876 
-72.0971       19.72539 
-72.08331      19.72694 
-72.08086      19.72476 
-72.07856      19.72271 
-72.07466      19.72213 
-72.07158      19.72452 
-72.06597      19.72353 
-72.06018      19.72439 
-72.0588       19.7265 
-72.05323      19.72711 
-72.05263      19.72392 
-72.0542       19.71997 
-72.06077      19.71288 
-72.06485      19.71162 
-72.07001      19.71331 
-72.07529      19.71155 
-72.0757       19.70901 
-72.07125      19.70684 
-72.07357      19.70355 
-72.07253      19.70152 
-72.06884      19.70001 
-72.06205      19.69998 
-72.06078      19.70576 
-72.05711      19.70495 
-72.05476      19.70708 
-72.05423      19.7133 
-72.05191      19.71658 
-72.04805      19.71738 
-72.04386      19.71106 
-72.04298      19.71822 
-72.04345      19.7188 
-72.04753      19.72383 
-72.04276      19.73385 
-72.03768      19.73422 
-72.0346       19.72926 
-72.03371      19.70907 
-72.03648      19.70485 
-72.04173      19.70194 
-72.04608      19.70136 
-72.05007      19.70492 
-72.05241      19.7021 
-72.05091      19.69295 
-72.04393      19.69499 
-72.03826      19.69216 
-72.036        19.69279 
-72.03368      19.69344 
-72.03073      19.69973 
-72.02001      19.69843 
-72.01607      19.69647 
-72.00928      19.69667 
-72.00066      19.70036 
-71.9933       19.69804 
-71.98998      19.7002 
-71.9869       19.70971 
-71.9897       19.72135 
-71.98815      19.72644 
-71.98393      19.73054 
-71.98155      19.73283 
-71.96966      19.73271 
-71.96707      19.73438 
-71.9676       19.7393 
-71.94815      19.72803 
-71.94065      19.72893 
-71.91947      19.72697 
-71.90827      19.72593 
-71.89546      19.71963 
-71.88283      19.71952 
-71.86256      19.71548 
-71.85776      19.71745 
-71.85243      19.71737 
-71.84379      19.70497 
-71.84851      19.69313 
-71.85109      19.69007 
-71.85667      19.68992 
-71.8636       19.68651 
-71.87043      19.67989 
-71.87356      19.67911 
-71.8768       19.68166 
-71.88003      19.68422 
-71.89973      19.68574 
-71.90135      19.68316 
-71.89756      19.67844 
-71.88707      19.67667 
-71.8918       19.6724 
-71.89097      19.66944 
-71.88361      19.66711 
-71.8788       19.66036 
-71.87417      19.66003 
-71.85918      19.66963 
-71.84465      19.67026 
-71.84227      19.6717 
-71.8387       19.67831 
-71.8364       19.67626 
-71.83791      19.67182 
-71.83608      19.66797 
-71.83363      19.66689 
-71.8272       19.66316 
-71.82415      19.65842 
-71.82165      19.64838 
-71.818        19.64779 
-71.81392      19.65732 
-71.8169       19.65931 
-71.81686      19.6662 
-71.81573      19.66876 
-71.80886      19.67377 
-71.81246      19.68079 
-71.81612      19.68138 
-71.8199       19.6802 
-71.82093      19.67987 
-71.82321      19.68325 
-71.82691      19.68522 
-71.83616      19.68612 
-71.83768      19.68791 
-71.83878      19.69225 
-71.83805      19.70008 
-71.84051      19.70897 
-71.83897      19.71384 
-71.83341      19.71468 
-71.82046      19.71205 
-71.80953      19.71166 
-71.78682      19.70699 
-71.77987      19.70994 
-71.75781      19.70273 
 1             5 
1
 -9999.0   ,   9990.0 
 262 
-70.1875       19.63156 
-70.20199      19.63572 
-70.20817      19.635 
-70.20901      19.6349 
-70.22325      19.64337 
-70.24076      19.64534 
-70.25017      19.6431 
-70.26986      19.64526 
-70.30331      19.65612 
-70.31243      19.66215 
-70.33023      19.67812 
-70.35046      19.69359 
-70.35805      19.69689 
-70.3625       19.70071 
-70.36853      19.70978 
-70.36936      19.71482 
-70.38398      19.73934 
-70.39591      19.75266 
-70.39838      19.75445 
-70.40708      19.75245 
-70.41024      19.75307 
-70.41528      19.7617 
-70.43201      19.77148 
-70.4429       19.78115 
-70.45275      19.7867 
-70.4608       19.78736 
-70.46174      19.78744 
-70.46751      19.78549 
-70.49209      19.78776 
-70.50006      19.78576 
-70.50798      19.7817 
-70.51535      19.77535 
-70.51864      19.77046 
-70.51915      19.76035 
-70.52413      19.75588 
-70.52973      19.75646 
-70.53366      19.75867 
-70.54477      19.75616 
-70.54843      19.75677 
-70.55911      19.76712 
-70.56733      19.76603 
-70.56898      19.76525 
-70.58198      19.75908 
-70.59385      19.75837 
-70.60606      19.76134 
-70.61915      19.77072 
-70.62578      19.76392 
-70.62992      19.76453 
-70.63311      19.76606 
-70.63596      19.77382 
-70.64717      19.77565 
-70.65111      19.77764 
-70.65956      19.7855 
-70.6679       19.78946 
-70.67458      19.79483 
-70.67996      19.7973 
-70.6947       19.80406 
-70.69973      19.80097 
-70.70365      19.80227 
-70.7037       19.80456 
-70.70108      19.80691 
-70.7026       19.80895 
-70.71472      19.8175 
-70.72674      19.8236 
-70.73392      19.82942 
-70.73821      19.83622 
-70.74412      19.83954 
-70.7679       19.83834 
-70.7765       19.83264 
-70.78112      19.83323 
-70.7834       19.83663 
-70.78246      19.83789 
-70.77941      19.842 
-70.78019      19.84473 
-70.78665      19.85057 
-70.79045      19.85692 
-70.79655      19.85817 
-70.79782      19.86044 
-70.79473      19.86326 
-70.81018      19.87901 
-70.81586      19.88302 
-70.82543      19.88648 
-70.83338      19.89366 
-70.83535      19.90418 
-70.84346      19.9086 
-70.85266      19.90725 
-70.86156      19.90384 
-70.86622      19.90449 
-70.87156      19.90523 
-70.87684      19.90259 
-70.8822       19.90293 
-70.88663      19.90536 
-70.90463      19.90611 
-70.92817      19.91477 
-70.93328      19.91443 
-70.93916      19.9074 
-70.93885      19.90443 
-70.93066      19.89818 
-70.92838      19.89409 
-70.92906      19.89224 
-70.93733      19.89251 
-70.94163      19.89931 
-70.9556       19.89463 
-70.95641      19.89607 
-70.95687      19.8969 
-70.95406      19.9011 
-70.94757      19.90377 
-70.94593      19.90633 
-70.96713      19.91826 
-70.98976      19.92855 
-71.02285      19.92986 
-71.0383       19.92652 
-71.05447      19.91831 
-71.05725      19.9169 
-71.06888      19.90652 
-71.07653      19.90198 
-71.07953      19.89571 
-71.07711      19.88704 
-71.07965      19.88124 
-71.09941      19.86608 
-71.11687      19.86544 
-71.12456      19.8625 
-71.12688      19.85831 
-71.13218      19.85681 
-71.14828      19.85919 
-71.16445      19.86432 
-71.17156      19.85795 
-71.17001      19.85454 
-71.16161      19.85818 
-71.15231      19.85542 
-71.1466       19.85523 
-71.14428      19.85515 
-71.1428       19.8538 
-71.14443      19.85147 
-71.15978      19.85317 
-71.16143      19.85153 
-71.16246      19.84461 
-71.16731      19.84404 
-71.17198      19.83727 
-71.17903      19.8371 
-71.18128      19.84003 
-71.17525      19.84155 
-71.1716       19.84991 
-71.17462      19.85443 
-71.18287      19.85378 
-71.20147      19.86803 
-71.20655      19.86722 
-71.20946      19.85061 
-71.21076      19.84323 
-71.21173      19.84221 
-71.21501      19.83877 
-71.2282       19.83294 
-71.24486      19.82909 
-71.24805      19.83039 
-71.26526      19.82929 
-71.2711       19.83192 
-71.27995      19.8333 
-71.28588      19.84555 
-71.29412      19.84535 
-71.30296      19.84881 
-71.30853      19.84799 
-71.31523      19.84438 
-71.31985      19.84472 
-71.32108      19.84522 
-71.32575      19.84711 
-71.34571      19.84891 
-71.35311      19.85264 
-71.36991      19.85452 
-71.38314      19.86502 
-71.39619      19.86443 
-71.40166      19.86935 
-71.4243       19.87889 
-71.43678      19.88248 
-71.43835      19.88393 
-71.44206      19.88737 
-71.44377      19.88896 
-71.48265      19.90567 
-71.49168      19.90751 
-71.50762      19.90411 
-71.52106      19.90675 
-71.52575      19.90916 
-71.53398      19.90757 
-71.53866      19.91021 
-71.54667      19.91 
-71.55341      19.90776 
-71.55601      19.90539 
-71.56548      19.90515 
-71.567        19.90593 
-71.57313      19.90908 
-71.57721      19.90737 
-71.58498      19.9074 
-71.60518      19.90021 
-71.61415      19.89906 
-71.61645      19.89509 
-71.61556      19.8896 
-71.61783      19.88426 
-71.62836      19.8787 
-71.63897      19.89243 
-71.64419      19.89643 
-71.64959      19.89835 
-71.65755      19.89631 
-71.65908      19.89052 
-71.65423      19.88284 
-71.65103      19.87351 
-71.65451      19.85963 
-71.66089      19.85372 
-71.68386      19.84209 
-71.68104      19.8371 
-71.68734      19.83671 
-71.6918       19.83958 
-71.69446      19.83927 
-71.69531      19.83535 
-71.69908      19.83088 
-71.71191      19.82204 
-71.72151      19.81834 
-71.73318      19.81848 
-71.73711      19.81999 
-71.74144      19.81872 
-71.74517      19.81356 
-71.74575      19.8085 
-71.75139      19.8026 
-71.75855      19.7985 
-71.77575      19.78127 
-71.77849      19.77568 
-71.77838      19.77396 
-71.77759      19.76215 
-71.77583      19.76013 
-71.77196      19.76092 
-71.76384      19.77309 
-71.76438      19.77491 
-71.75347      19.78325 
-71.75031      19.78333 
-71.74728      19.77951 
-71.75001      19.76542 
-71.74923      19.7636 
-71.74363      19.76307 
-71.74211      19.76104 
-71.74268      19.75597 
-71.74015      19.75213 
-71.73973      19.7464 
-71.73371      19.74013 
-71.73023      19.74551 
-71.72757      19.74581 
-71.72551      19.74196 
-71.72974      19.73314 
-71.7303       19.73195 
-71.72525      19.7252 
-71.7266       19.72194 
-71.7257       19.71623 
-71.72813      19.70858 
-71.7273       19.70515 
-71.71975      19.70421 
-71.71589      19.69696 
-71.71226      19.69706 
-71.71097      19.69457 
-71.71383      19.69288 
-71.72285      19.69425 
-71.73126      19.69976 
-71.73411      19.70543 
-71.73658      19.70674 
-71.75149      19.70244 
-71.75781      19.70273 
 1             6 
1
 -9999.0   ,   9990.0 
 23 
-70            19.68033 
-70.0006       19.68016 
-70.01368      19.67948 
-70.02078      19.6828 
-70.02804      19.68198 
-70.02945      19.67966 
-70.0362       19.67748 
-70.04761      19.67797 
-70.05095      19.6747 
-70.0608       19.67039 
-70.07721      19.6538 
-70.08228      19.64016 
-70.08967      19.63405 
-70.09931      19.63067 
-70.10705      19.62985 
-70.1116       19.62701 
-70.12466      19.6254 
-70.12971      19.62324 
-70.15346      19.62282 
-70.1615       19.62451 
-70.17192      19.62409 
-70.18467      19.63075 
-70.1875       19.63156 
 1             7 
1
 -9999.0   ,   9990.0 
 91 
-72.69858      19.46001 
-72.70565      19.45903 
-72.708        19.45712 
-72.70496      19.45377 
-72.70726      19.45048 
-72.71331      19.45028 
-72.71815      19.45656 
-72.72225      19.4562 
-72.7238       19.45448 
-72.72971      19.44791 
-72.74001      19.44482 
-72.76148      19.45083 
-72.76278      19.4512 
-72.76308      19.45143 
-72.76702      19.4545 
-72.77941      19.47455 
-72.78492      19.47965 
-72.79266      19.49226 
-72.8002       19.49914 
-72.81436      19.50855 
-72.82261      19.51114 
-72.8276       19.51271 
-72.84358      19.52505 
-72.86541      19.53833 
-72.88216      19.5387 
-72.89722      19.55221 
-72.9055       19.55331 
-72.90933      19.55557 
-72.91617      19.55961 
-72.93757      19.56762 
-72.96485      19.57681 
-72.96846      19.58266 
-72.97486      19.58497 
-72.97716      19.58811 
-72.97323      19.59307 
-72.97428      19.59533 
-72.98282      19.59022 
-72.98455      19.59108 
-72.98643      19.59584 
-72.99043      19.59892 
-72.99084      19.60328 
-72.98843      19.61002 
-72.99047      19.61271 
-72.99364      19.61306 
-73            19.60949 
-73.00703      19.61163 
-73.01993      19.61174 
-73.02501      19.61179 
-73.03121      19.61477 
-73.05073      19.63178 
-73.05798      19.63295 
-73.09227      19.64494 
-73.09833      19.64538 
-73.10643      19.64335 
-73.10648      19.64332 
-73.1164       19.63679 
-73.12081      19.62935 
-73.12506      19.62627 
-73.13482      19.62869 
-73.16478      19.63613 
-73.17021      19.63999 
-73.18031      19.6431 
-73.1978       19.65634 
-73.20241      19.66294 
-73.20651      19.66377 
-73.21271      19.66052 
-73.21958      19.64556 
-73.2201       19.64341 
-73.22161      19.63689 
-73.22438      19.63422 
-73.231        19.63237 
-73.24762      19.63234 
-73.2575       19.63233 
-73.26497      19.63619 
-73.2656       19.63651 
-73.26995      19.63712 
-73.27592      19.63317 
-73.29025      19.63342 
-73.29401      19.63009 
-73.30116      19.62733 
-73.31665      19.62899 
-73.32546      19.62698 
-73.33416      19.62841 
-73.34735      19.62678 
-73.35406      19.62907 
-73.36245      19.62543 
-73.36705      19.62627 
-73.37316      19.63199 
-73.38945      19.63808 
-73.39138      19.6388 
-73.41013      19.65068 
 1             8 
1
 -9999.0   ,   9990.0 
 124 
-73.16389      18.9562 
-73.1725       18.96367 
-73.18255      18.96654 
-73.21191      18.97098 
-73.23117      18.9668 
-73.25273      18.96637 
-73.25335      18.96598 
-73.26163      18.96091 
-73.27116      18.95824 
-73.28389      18.94746 
-73.28765      18.94429 
-73.29452      18.9349 
-73.29605      18.93283 
-73.29428      18.92794 
-73.29951      18.92351 
-73.29092      18.90711 
-73.28171      18.90106 
-73.27473      18.89346 
-73.2631       18.88755 
-73.24457      18.86507 
-73.23607      18.85162 
-73.23565      18.85096 
-73.23114      18.84874 
-73.22319      18.84801 
-73.21173      18.83727 
-73.20887      18.83625 
-73.1965       18.83722 
-73.19378      18.83897 
-73.18491      18.83706 
-73.16732      18.82887 
-73.14008      18.82679 
-73.13391      18.82405 
-73.12213      18.82226 
-73.11668      18.81908 
-73.11522      18.81658 
-73.11395      18.81439 
-73.10547      18.80835 
-73.08981      18.80044 
-73.07603      18.80066 
-73.07038      18.79678 
-73.04806      18.77323 
-73.04308      18.77053 
-73.0361       18.76361 
-73.02513      18.7596 
-73.01179      18.75471 
-73.00748      18.75081 
-73.00571      18.74921 
-73.00356      18.74867 
-73.00306      18.74708 
-73            18.74563 
-72.97981      18.74429 
-72.9702       18.74439 
-72.94243      18.74465 
-72.925        18.74294 
-72.90149      18.73385 
-72.87007      18.72595 
-72.85621      18.72297 
-72.84106      18.72431 
-72.83963      18.72444 
-72.83198      18.7201 
-72.83057      18.70797 
-72.82315      18.6965 
-72.81181      18.69665 
-72.80598      18.7019 
-72.80261      18.70844 
-72.80867      18.71605 
-72.81078      18.72081 
-72.81043      18.7245 
-72.80651      18.72922 
-72.80131      18.73238 
-72.791        18.7341 
-72.78771      18.73628 
-72.78636      18.73908 
-72.78893      18.74336 
-72.79808      18.74926 
-72.79916      18.75141 
-72.7999       18.75287 
-72.79921      18.76025 
-72.80582      18.78898 
-72.8084       18.79349 
-72.82583      18.81451 
-72.83652      18.82508 
-72.83886      18.8274 
-72.84635      18.82738 
-72.84856      18.82868 
-72.84796      18.83146 
-72.84382      18.83091 
-72.84056      18.83377 
-72.84134      18.83559 
-72.84836      18.83604 
-72.8567       18.83967 
-72.86115      18.84251 
-72.86841      18.84295 
-72.87466      18.84848 
-72.88659      18.8513 
-72.90906      18.85169 
-72.91743      18.85601 
-72.93096      18.85624 
-72.93347      18.85891 
-72.93073      18.86291 
-72.9347       18.8653 
-72.95971      18.86951 
-72.97304      18.87567 
-72.97545      18.87678 
-72.98251      18.87861 
-72.98818      18.88141 
-72.99508      18.89151 
-73            18.89319 
-73.01265      18.9041 
-73.02575      18.90939 
-73.04718      18.91197 
-73.0498       18.91298 
-73.05103      18.91445 
-73.05559      18.91986 
-73.06601      18.91929 
-73.06458      18.925 
-73.07993      18.92852 
-73.09996      18.9299 
-73.12894      18.93779 
-73.14418      18.9443 
-73.15076      18.94958 
-73.16006      18.95289 
-73.16226      18.9548 
-73.16389      18.9562 
 1             9 
1
 -9999.0   ,   9990.0 
 6 
-72.38101      18.6959 
-72.37911      18.69223 
-72.3705       18.69012 
-72.36815      18.6946 
-72.3772       18.69907 
-72.38101      18.6959 
 1             10 
1
 -9999.0   ,   9990.0 
 29 
-73.72598      18.59096 
-73.72206      18.59255 
-73.70302      18.60577 
-73.69871      18.61185 
-73.69525      18.6214 
-73.69715      18.62952 
-73.70086      18.634 
-73.71005      18.6336 
-73.71745      18.63612 
-73.72972      18.63742 
-73.74227      18.64471 
-73.76271      18.64718 
-73.7684       18.64344 
-73.77096      18.6399 
-73.77345      18.63646 
-73.78541      18.63268 
-73.78988      18.62891 
-73.79248      18.62323 
-73.79333      18.61222 
-73.79191      18.60389 
-73.7884       18.60079 
-73.7844       18.60052 
-73.78213      18.60037 
-73.77576      18.5958 
-73.76245      18.58965 
-73.76186      18.58953 
-73.74663      18.5864 
-73.73526      18.5872 
-73.72598      18.59096 
 1             11 
1
 -9999.0   ,   9990.0 
 13 
-73.57474      18.54561 
-73.57163      18.54459 
-73.57003      18.54224 
-73.55857      18.53843 
-73.55543      18.53879 
-73.55311      18.53595 
-73.55392      18.53345 
-73.5607       18.53274 
-73.56881      18.53553 
-73.57965      18.54347 
-73.58825      18.54558 
-73.58691      18.54896 
-73.57474      18.54561 
 1             12 
1
 -9999.0   ,   9990.0 
 10 
-73.64656      18.52676 
-73.64591      18.52438 
-73.65093      18.51901 
-73.65598      18.5194 
-73.65946      18.51652 
-73.66158      18.51797 
-73.66021      18.52253 
-73.6575       18.52428 
-73.65027      18.52406 
-73.64656      18.52676 
 1             13 
1
 -9999.0   ,   9990.0 
 492 
-74.3785       18.64591 
-74.36545      18.6434 
-74.361        18.64673 
-74.35716      18.64593 
-74.34936      18.64848 
-74.34533      18.65435 
-74.34246      18.65336 
-74.339        18.65602 
-74.33273      18.65562 
-74.32558      18.66095 
-74.31638      18.66161 
-74.31264      18.66003 
-74.30828      18.65817 
-74.30347      18.6654 
-74.29809      18.66778 
-74.29276      18.6681 
-74.28968      18.66617 
-74.28395      18.65612 
-74.27943      18.6537 
-74.27725      18.6541 
-74.27369      18.65998 
-74.2685       18.66398 
-74.2643       18.67536 
-74.25724      18.67724 
-74.24929      18.67656 
-74.24772      18.6726 
-74.24507      18.6723 
-74.2294       18.67992 
-74.21678      18.68163 
-74.21141      18.6817 
-74.19939      18.68184 
-74.19055      18.6786 
-74.17918      18.67943 
-74.16838      18.67728 
-74.14646      18.66746 
-74.14141      18.66686 
-74.13766      18.67066 
-74.13383      18.66986 
-74.12516      18.66133 
-74.11868      18.66023 
-74.11566      18.65623 
-74.10916      18.65558 
-74.1073       18.65346 
-74.1118       18.64853 
-74.11188      18.64577 
-74.10744      18.64104 
-74.09528      18.63632 
-74.0858       18.63076 
-74.0838       18.62495 
-74.0662       18.61685 
-74.03267      18.60805 
-74.00909      18.60576 
-73.98948      18.60771 
-73.98643      18.60486 
-73.96757      18.60592 
-73.95773      18.60402 
-73.9381       18.59171 
-73.93493      18.59254 
-73.92972      18.59698 
-73.92061      18.5951 
-73.91358      18.58868 
-73.91355      18.58564 
-73.91351      18.58316 
-73.90983      18.57752 
-73.90545      18.57855 
-73.90169      18.57544 
-73.90301      18.5718 
-73.90041      18.57034 
-73.89331      18.57335 
-73.85031      18.57528 
-73.84848      18.57201 
-73.84355      18.57485 
-73.83898      18.57448 
-73.83266      18.56854 
-73.82096      18.56496 
-73.81768      18.56188 
-73.81233      18.56263 
-73.80783      18.5602 
-73.80469      18.55636 
-73.80203      18.55312 
-73.79744      18.55344 
-73.78656      18.5393 
-73.77951      18.54093 
-73.77696      18.53786 
-73.7697       18.54592 
-73.76463      18.546 
-73.76012      18.54379 
-73.75542      18.54709 
-73.74696      18.5473 
-73.73919      18.5489 
-73.7276       18.55369 
-73.72573      18.55447 
-73.71703      18.55489 
-73.71762      18.55747 
-73.71788      18.5586 
-73.7235       18.56337 
-73.72896      18.55917 
-73.73296      18.56205 
-73.73091      18.56473 
-73.73019      18.56565 
-73.71944      18.56969 
-73.71736      18.574 
-73.71338      18.57756 
-73.70098      18.57991 
-73.69249      18.58151 
-73.68239      18.58096 
-73.65923      18.57444 
-73.65147      18.57425 
-73.6456       18.57637 
-73.64328      18.57802 
-73.63447      18.58431 
-73.62708      18.58694 
-73.62616      18.58727 
-73.60916      18.58884 
-73.5666       18.59275 
-73.56205      18.59192 
-73.55933      18.58654 
-73.56146      18.58086 
-73.5699       18.57422 
-73.57606      18.56314 
-73.59516      18.55523 
-73.60431      18.55575 
-73.61073      18.55871 
-73.62206      18.56015 
-73.62275      18.56024 
-73.64184      18.55923 
-73.64679      18.55547 
-73.66202      18.55479 
-73.66403      18.55946 
-73.68256      18.56832 
-73.68813      18.5678 
-73.68989      18.56555 
-73.68756      18.56295 
-73.67938      18.56224 
-73.67875      18.55969 
-73.68053      18.55698 
-73.68982      18.55336 
-73.69743      18.55636 
-73.70659      18.54973 
-73.71561      18.54983 
-73.71793      18.54985 
-73.71847      18.54803 
-73.71283      18.54372 
-73.70658      18.54306 
-73.69538      18.54617 
-73.6918       18.54468 
-73.6885       18.5494 
-73.68515      18.54907 
-73.6838       18.54604 
-73.68536      18.54218 
-73.68306      18.53911 
-73.67963      18.54039 
-73.67775      18.54631 
-73.67533      18.54693 
-73.67275      18.54409 
-73.66331      18.54494 
-73.65998      18.54369 
-73.6595       18.53654 
-73.66255      18.53203 
-73.66095      18.52922 
-73.66568      18.52523 
-73.67043      18.51295 
-73.66265      18.50788 
-73.6594       18.50409 
-73.6517       18.50339 
-73.64516      18.50411 
-73.63631      18.50889 
-73.62813      18.50818 
-73.62334      18.50734 
-73.62011      18.50286 
-73.61594      18.50503 
-73.60993      18.50415 
-73.60841      18.50641 
-73.5997       18.50751 
-73.59793      18.5024 
-73.59223      18.50705 
-73.58262      18.50582 
-73.57568      18.51113 
-73.57018      18.50957 
-73.56506      18.51125 
-73.55984      18.51569 
-73.5444       18.52279 
-73.52904      18.52736 
-73.51823      18.53277 
-73.50891      18.5338 
-73.5037       18.53437 
-73.47287      18.52602 
-73.46876      18.52612 
-73.45692      18.53356 
-73.44863      18.52915 
-73.42228      18.52369 
-73.40473      18.52197 
-73.37736      18.51488 
-73.37628      18.5146 
-73.33265      18.50695 
-73.30238      18.48984 
-73.28976      18.48528 
-73.26875      18.48573 
-73.24745      18.4811 
-73.22483      18.47988 
-73.21551      18.48394 
-73.20776      18.4846 
-73.19903      18.49259 
-73.1896       18.49319 
-73.17949      18.49262 
-73.14049      18.48392 
-73.12455      18.47786 
-73.12515      18.47488 
-73.12188      18.47201 
-73.12134      18.46693 
-73.11393      18.46507 
-73.11317      18.45975 
-73.10571      18.45903 
-73.10418      18.45484 
-73.09233      18.44937 
-73.0855       18.45143 
-73.07903      18.4517 
-73.07342      18.45194 
-73.07091      18.45461 
-73.06872      18.46144 
-73.06661      18.46206 
-73.06238      18.46329 
-73.04107      18.46554 
-73.03689      18.4677 
-73.02461      18.46704 
-73.01243      18.4703 
-73            18.46394 
-72.99302      18.46401 
-72.98493      18.46681 
-72.97798      18.46751 
-72.94208      18.46093 
-72.93698      18.45941 
-72.90871      18.45103 
-72.89831      18.45 
-72.8893       18.44709 
-72.88486      18.44448 
-72.88478      18.44219 
-72.89802      18.44197 
-72.89916      18.44033 
-72.89834      18.43783 
-72.88028      18.42488 
-72.87103      18.42864 
-72.85941      18.44005 
-72.85353      18.44347 
-72.85266      18.4437 
-72.84756      18.44505 
-72.83096      18.44537 
-72.81362      18.44549 
-72.78443      18.43107 
-72.77935      18.43032 
-72.75951      18.43442 
-72.75243      18.43189 
-72.74481      18.43398 
-72.73327      18.42793 
-72.72712      18.42778 
-72.72508      18.42774 
-72.71912      18.42954 
-72.70665      18.4373 
-72.69117      18.4424 
-72.68275      18.4491 
-72.6649       18.46852 
-72.66241      18.47297 
-72.65881      18.4933 
-72.64691      18.51734 
-72.64135      18.53039 
-72.62593      18.55064 
-72.61793      18.55595 
-72.58474      18.5646 
-72.57195      18.56431 
-72.56251      18.56324 
-72.55371      18.55915 
-72.53783      18.54656 
-72.50858      18.55047 
-72.4962       18.54811 
-72.45613      18.55258 
-72.44656      18.54987 
-72.4386       18.54761 
-72.42651      18.54661 
-72.42343      18.54785 
-72.41528      18.55637 
-72.41312      18.55644 
-72.41099      18.55765 
-72.40422      18.55694 
-72.3971       18.55326 
-72.38963      18.54591 
-72.38381      18.54517 
-72.37338      18.53584 
-72.36656      18.53399 
-72.36303      18.53616 
-72.35263      18.5351 
-72.34835      18.53638 
-72.34489      18.54131 
-72.3397       18.5587 
-72.34629      18.56837 
-72.34539      18.57024 
-72.33656      18.57281 
-72.33407      18.57748 
-72.33435      18.58103 
-72.33451      18.5832 
-72.34516      18.61986 
-72.34318      18.62567 
-72.34397      18.62771 
-72.33893      18.63522 
-72.32622      18.65146 
-72.3124       18.66359 
-72.31257      18.66841 
-72.31548      18.67613 
-72.32322      18.68394 
-72.33746      18.68442 
-72.37425      18.70213 
-72.38538      18.71052 
-72.39173      18.71239 
-72.41967      18.71153 
-72.42278      18.71269 
-72.44289      18.72023 
-72.44642      18.72471 
-72.45829      18.75398 
-72.46325      18.7575 
-72.46955      18.75868 
-72.48383      18.76673 
-72.4932       18.76575 
-72.49895      18.76442 
-72.51736      18.76637 
-72.53326      18.77253 
-72.53821      18.77605 
-72.54239      18.78511 
-72.55381      18.79416 
-72.56811      18.81645 
-72.57844      18.83519 
-72.58273      18.83947 
-72.58895      18.84566 
-72.59333      18.85356 
-72.59829      18.85708 
-72.60755      18.85954 
-72.60951      18.86645 
-72.61252      18.87707 
-72.61666      18.88475 
-72.62242      18.89053 
-72.63261      18.90537 
-72.63704      18.90753 
-72.64364      18.9165 
-72.65088      18.92029 
-72.66186      18.92602 
-72.67287      18.93003 
-72.6845       18.93692 
-72.69163      18.94114 
-72.69527      18.94149 
-72.70171      18.93944 
-72.70468      18.94118 
-72.72345      18.95228 
-72.72702      18.96748 
-72.7286       18.97417 
-72.74011      18.99172 
-72.76329      19.01118 
-72.7712       19.01597 
-72.79065      19.02567 
-72.79373      19.02538 
-72.79812      19.02496 
-72.81146      19.03256 
-72.81721      19.04432 
-72.81783      19.05464 
-72.81645      19.06319 
-72.80113      19.08001 
-72.78221      19.08522 
-72.7675       19.0926 
-72.75705      19.09111 
-72.74866      19.09322 
-72.7405       19.08821 
-72.72721      19.08864 
-72.70762      19.09502 
-72.70341      19.09906 
-72.6993       19.11252 
-72.69702      19.12293 
-72.69715      19.1237 
-72.69795      19.12842 
-72.70701      19.13134 
-72.71567      19.13681 
-72.72837      19.1403 
-72.74369      19.14899 
-72.75751      19.16301 
-72.76068      19.17049 
-72.77896      19.19999 
-72.78389      19.20281 
-72.78724      19.20821 
-72.79246      19.21218 
-72.793        19.21437 
-72.79418      19.21924 
-72.79238      19.22298 
-72.78499      19.21932 
-72.77731      19.22118 
-72.77531      19.22584 
-72.77032      19.22187 
-72.76496      19.22756 
-72.76301      19.22716 
-72.75778      19.22963 
-72.75052      19.22964 
-72.74993      19.23311 
-72.75125      19.23605 
-72.75376      19.2385 
-72.7621       19.24144 
-72.76496      19.24043 
-72.76664      19.23371 
-72.76898      19.23133 
-72.77448      19.22954 
-72.77891      19.23169 
-72.78199      19.23642 
-72.77417      19.24104 
-72.77333      19.24451 
-72.7693       19.25981 
-72.77148      19.2664 
-72.76991      19.2699 
-72.76815      19.27016 
-72.76583      19.2705 
-72.76451      19.27445 
-72.76508      19.27695 
-72.77172      19.27972 
-72.77138      19.28015 
-72.76964      19.28232 
-72.75606      19.28185 
-72.75396      19.2811 
-72.74896      19.27932 
-72.7405       19.27983 
-72.73886      19.28103 
-72.73853      19.28193 
-72.736        19.28916 
-72.7324       19.28997 
-72.72805      19.28988 
-72.72163      19.284 
-72.72128      19.28367 
-72.71621      19.28429 
-72.71585      19.28482 
-72.71184      19.29041 
-72.71146      19.29341 
-72.71408      19.29884 
-72.71696      19.30495 
-72.7263       19.30855 
-72.72853      19.31072 
-72.7231       19.32015 
-72.72405      19.32123 
-72.72587      19.32327 
-72.7459       19.32147 
-72.75453      19.32578 
-72.75498      19.32748 
-72.75876      19.34196 
-72.76532      19.34243 
-72.76608      19.34356 
-72.76757      19.35109 
-72.76608      19.36309 
-72.76414      19.36958 
-72.75682      19.37488 
-72.75031      19.37555 
-72.74395      19.37369 
-72.73659      19.36474 
-72.73217      19.36305 
-72.72979      19.36387 
-72.72486      19.36558 
-72.72045      19.3671 
-72.71473      19.37625 
-72.71445      19.38177 
-72.71101      19.38717 
-72.71344      19.39398 
-72.72087      19.39857 
-72.72493      19.40326 
-72.72666      19.41102 
-72.72618      19.41747 
-72.72348      19.4233 
-72.71447      19.42888 
-72.71081      19.42808 
-72.70928      19.41273 
-72.70327      19.40741 
-72.70219      19.3978 
-72.69868      19.39447 
-72.69283      19.39373 
-72.68805      19.4017 
-72.68378      19.40283 
-72.68013      19.4038 
-72.67763      19.40847 
-72.67853      19.41327 
-72.68336      19.41311 
-72.68538      19.41511 
-72.68582      19.42062 
-72.69343      19.42336 
-72.69541      19.42604 
-72.69725      19.42852 
-72.69751      19.43563 
-72.69718      19.43673 
-72.69448      19.44561 
-72.69501      19.44705 
-72.69663      19.45151 
-72.69473      19.45916 
-72.69695      19.46023 
-72.69858      19.46001 
 1             14 
1
 -9999.0   ,   9990.0 
 5 
-70.8256       18.3304 
-70.81644      18.33933 
-70.8182       18.34227 
-70.829        18.33193 
-70.8256       18.3304 
 1             15 
1
 -9999.0   ,   9990.0 
 6 
-70.85377      18.32151 
-70.83666      18.33016 
-70.83912      18.3324 
-70.85251      18.32912 
-70.85479      18.32402 
-70.85377      18.32151 
 1             16 
1
 -9999.0   ,   9990.0 
 13 
-73.39838      18.21805 
-73.387        18.21998 
-73.3862       18.22202 
-73.39419      18.23425 
-73.39859      18.23255 
-73.40116      18.22826 
-73.41693      18.23131 
-73.41822      18.22905 
-73.41449      18.22548 
-73.41703      18.22188 
-73.41446      18.2195 
-73.40457      18.21986 
-73.39838      18.21805 
 1             17 
1
 -9999.0   ,   9990.0 
 8 
-73.79889      18.08485 
-73.79823      18.09035 
-73.80157      18.09114 
-73.80383      18.09581 
-73.80624      18.09565 
-73.80655      18.09336 
-73.80248      18.08542 
-73.79889      18.08485 
 1             18 
1
 -9999.0   ,   9990.0 
 52 
-73.61328      18.0568 
-73.61529      18.05731 
-73.6384       18.05665 
-73.64717      18.06061 
-73.6521       18.05731 
-73.65597      18.05651 
-73.66071      18.05873 
-73.667        18.05801 
-73.67053      18.05973 
-73.67272      18.06624 
-73.6828       18.0746 
-73.68537      18.08342 
-73.6865       18.08418 
-73.68961      18.08632 
-73.70153      18.08968 
-73.70334      18.09295 
-73.7003       18.09746 
-73.70426      18.10149 
-73.70602      18.10638 
-73.70425      18.10908 
-73.69801      18.10843 
-73.69532      18.1026 
-73.692        18.10111 
-73.68871      18.10584 
-73.68556      18.10643 
-73.68211      18.10196 
-73.6788       18.10024 
-73.67656      18.10224 
-73.67244      18.0959 
-73.67026      18.09653 
-73.66998      18.1048 
-73.66615      18.10422 
-73.66257      18.09629 
-73.65442      18.08821 
-73.64893      18.08597 
-73.64588      18.08472 
-73.64501      18.08464 
-73.63796      18.08401 
-73.62825      18.08647 
-73.6175       18.09165 
-73.6127       18.09794 
-73.60513      18.10138 
-73.59226      18.09776 
-73.57708      18.08416 
-73.56929      18.07264 
-73.56976      18.06622 
-73.57702      18.05771 
-73.58648      18.05548 
-73.59175      18.05656 
-73.59589      18.05462 
-73.60693      18.0552 
-73.61328      18.0568 
 1             19 
1
 -9999.0   ,   9990.0 
 492 
-71.75405      18.03015 
-71.75889      18.03139 
-71.76515      18.03995 
-71.77317      18.04294 
-71.79386      18.05983 
-71.8029       18.06463 
-71.80517      18.06824 
-71.81254      18.07378 
-71.81485      18.07831 
-71.81346      18.08753 
-71.82058      18.10066 
-71.8388       18.11508 
-71.84022      18.11646 
-71.85192      18.12781 
-71.85631      18.13756 
-71.87203      18.1486 
-71.885        18.15582 
-71.89056      18.15704 
-71.9004       18.16674 
-71.9037       18.16999 
-71.92467      18.18708 
-71.94002      18.19377 
-71.94081      18.19381 
-71.96844      18.19526 
-71.98401      18.20125 
-71.99271      18.21018 
-71.99945      18.21045 
-72.00528      18.20454 
-72.00838      18.20399 
-72.02448      18.21111 
-72.03098      18.21161 
-72.03558      18.22021 
-72.03941      18.22676 
-72.05796      18.23564 
-72.06753      18.23398 
-72.07408      18.2354 
-72.11591      18.22797 
-72.13111      18.22914 
-72.15751      18.2279 
-72.16026      18.22702 
-72.16703      18.22486 
-72.18574      18.22362 
-72.19478      18.22059 
-72.20761      18.22089 
-72.22943      18.22139 
-72.23888      18.22364 
-72.25668      18.22379 
-72.26348      18.22588 
-72.27309      18.22536 
-72.28931      18.22143 
-72.29723      18.22119 
-72.31067      18.22744 
-72.31935      18.22786 
-72.331        18.23095 
-72.33538      18.23077 
-72.35284      18.23006 
-72.37332      18.23126 
-72.38244      18.23075 
-72.41006      18.22278 
-72.41561      18.22206 
-72.41761      18.2218 
-72.4218       18.22126 
-72.42718      18.22408 
-72.432        18.22439 
-72.43793      18.22191 
-72.45884      18.22172 
-72.47245      18.21899 
-72.47751      18.2193 
-72.48411      18.2223 
-72.48866      18.2217 
-72.5045       18.21362 
-72.51314      18.21358 
-72.5297       18.22592 
-72.54077      18.22672 
-72.54934      18.22415 
-72.5503       18.217 
-72.54795      18.19824 
-72.54415      18.19239 
-72.53776      18.18891 
-72.53498      18.18487 
-72.5346       18.18074 
-72.54222      18.17223 
-72.5484       18.1702 
-72.55899      18.17055 
-72.56579      18.1724 
-72.57174      18.17083 
-72.57992      18.17769 
-72.59878      18.17644 
-72.59983      18.17637 
-72.61393      18.18097 
-72.62616      18.18677 
-72.6322       18.1875 
-72.65284      18.17994 
-72.6812       18.17948 
-72.7158       18.17238 
-72.72633      18.17337 
-72.74393      18.17903 
-72.74721      18.17686 
-72.75008      18.16987 
-72.74896      18.16531 
-72.74002      18.15757 
-72.74208      18.15475 
-72.74516      18.15327 
-72.75536      18.15615 
-72.76085      18.15662 
-72.76303      18.15681 
-72.76693      18.15714 
-72.77355      18.15417 
-72.77666      18.1474 
-72.78563      18.14274 
-72.79663      18.14123 
-72.80964      18.14194 
-72.81287      18.13816 
-72.83142      18.14604 
-72.83868      18.1474 
-72.84693      18.14299 
-72.86685      18.1421 
-72.88066      18.14602 
-72.89139      18.14908 
-72.909        18.15721 
-72.91893      18.15917 
-72.92826      18.16437 
-72.95228      18.16378 
-72.96813      18.16967 
-72.98306      18.17031 
-72.98939      18.17239 
-73            18.17912 
-73.00646      18.18868 
-73.01271      18.1889 
-73.01863      18.18565 
-73.02268      18.18648 
-73.03049      18.18377 
-73.03503      18.18528 
-73.03667      18.18582 
-73.05115      18.18494 
-73.05925      18.18707 
-73.07876      18.18705 
-73.11029      18.19389 
-73.1214       18.19312 
-73.1285       18.19636 
-73.13996      18.19905 
-73.16271      18.20903 
-73.17071      18.2139 
-73.17455      18.21449 
-73.17707      18.21136 
-73.1878       18.21425 
-73.2061       18.21418 
-73.22217      18.21611 
-73.2321       18.2146 
-73.23473      18.21515 
-73.23845      18.21873 
-73.24541      18.21919 
-73.25101      18.21777 
-73.2669       18.21784 
-73.26852      18.21973 
-73.27101      18.23109 
-73.2889       18.23537 
-73.30151      18.23326 
-73.31834      18.22715 
-73.32246      18.22367 
-73.32808      18.22425 
-73.3323       18.22071 
-73.34626      18.22094 
-73.34953      18.22381 
-73.35388      18.22326 
-73.3584       18.21835 
-73.36609      18.2186 
-73.36913      18.22123 
-73.36951      18.22401 
-73.36191      18.24101 
-73.35576      18.24495 
-73.35585      18.24932 
-73.34958      18.24935 
-73.3405       18.25411 
-73.33475      18.25323 
-73.32753      18.24655 
-73.31523      18.24683 
-73.3081       18.24406 
-73.3049       18.24626 
-73.3041       18.24853 
-73.30541      18.25202 
-73.30943      18.254 
-73.33165      18.25934 
-73.33863      18.25911 
-73.35012      18.25443 
-73.35398      18.25455 
-73.35595      18.25566 
-73.36838      18.26262 
-73.37051      18.26338 
-73.37169      18.26383 
-73.37646      18.26565 
-73.38131      18.27156 
-73.38585      18.27442 
-73.38751      18.27337 
-73.38887      18.26881 
-73.38665      18.26345 
-73.38896      18.25938 
-73.39426      18.26623 
-73.40145      18.26739 
-73.40442      18.25161 
-73.40901      18.25107 
-73.41656      18.25569 
-73.42703      18.25561 
-73.42813      18.2556 
-73.42953      18.2568 
-73.43022      18.26441 
-73.44853      18.26432 
-73.44983      18.2616 
-73.44926      18.25721 
-73.45099      18.25612 
-73.45385      18.2569 
-73.45565      18.26064 
-73.46654      18.25867 
-73.46971      18.2581 
-73.47561      18.25461 
-73.477        18.24936 
-73.47915      18.24966 
-73.47993      18.25498 
-73.4818       18.25665 
-73.48931      18.25528 
-73.49583      18.24813 
-73.50139      18.24739 
-73.50315      18.24514 
-73.50181      18.24234 
-73.49461      18.24165 
-73.4942       18.23933 
-73.49993      18.23446 
-73.5093       18.23499 
-73.51453      18.23677 
-73.5243       18.23294 
-73.53029      18.23359 
-73.53305      18.23782 
-73.53353      18.24428 
-73.53656      18.24713 
-73.53527      18.24962 
-73.54034      18.25646 
-73.54401      18.26187 
-73.55339      18.26217 
-73.5578       18.26023 
-73.5643       18.25998 
-73.56945      18.25738 
-73.5737       18.25292 
-73.57291      18.2476 
-73.56382      18.23903 
-73.56091      18.23249 
-73.56088      18.22628 
-73.56277      18.22059 
-73.56648      18.21749 
-73.57793      18.22061 
-73.58307      18.23251 
-73.58664      18.23377 
-73.58752      18.2292 
-73.58605      18.22271 
-73.58736      18.21976 
-73.59153      18.21739 
-73.5935       18.21627 
-73.60633      18.21438 
-73.60993      18.21472 
-73.6144       18.21762 
-73.61553      18.23422 
-73.61323      18.23783 
-73.6084       18.2386 
-73.60603      18.24405 
-73.60145      18.24436 
-73.59963      18.24822 
-73.60146      18.25103 
-73.60657      18.25672 
-73.61218      18.25459 
-73.61888      18.25572 
-73.62195      18.25053 
-73.62984      18.25239 
-73.63255      18.2504 
-73.63181      18.24394 
-73.62836      18.239 
-73.63288      18.23362 
-73.63191      18.22669 
-73.6433       18.21738 
-73.64931      18.21803 
-73.65843      18.21164 
-73.66105      18.21265 
-73.66163      18.2168 
-73.6586       18.22131 
-73.66062      18.22505 
-73.65726      18.23185 
-73.65177      18.23053 
-73.64989      18.23301 
-73.64698      18.23682 
-73.64253      18.24727 
-73.64205      18.25461 
-73.64511      18.25701 
-73.64803      18.25572 
-73.65576      18.24078 
-73.66289      18.2364 
-73.66725      18.22848 
-73.67115      18.22722 
-73.67305      18.2282 
-73.67213      18.23393 
-73.67393      18.23766 
-73.67842      18.2401 
-73.68421      18.24005 
-73.69192      18.23983 
-73.6959       18.23604 
-73.70011      18.22536 
-73.69792      18.21885 
-73.69996      18.21547 
-73.71476      18.21201 
-73.71773      18.20981 
-73.7201       18.20367 
-73.72301      18.20284 
-73.72538      18.20429 
-73.73338      18.1951 
-73.74163      18.19352 
-73.75294      18.18442 
-73.76853      18.18077 
-73.77695      18.17367 
-73.79062      18.16787 
-73.79815      18.15867 
-73.80881      18.15623 
-73.81498      18.15182 
-73.8336       18.13467 
-73.83796      18.12629 
-73.83995      18.11692 
-73.84131      18.11213 
-73.83958      18.10587 
-73.83615      18.10093 
-73.83283      18.09922 
-73.83033      18.09477 
-73.8096       18.08103 
-73.80707      18.07613 
-73.80236      18.06701 
-73.79303      18.05821 
-73.78588      18.05639 
-73.78197      18.05075 
-73.78135      18.04774 
-73.7872       18.03802 
-73.78453      18.0315 
-73.78681      18.02789 
-73.79332      18.0274 
-73.79605      18.02495 
-73.79965      18.02506 
-73.80166      18.02259 
-73.81536      18.02324 
-73.82944      18.0262 
-73.85146      18.02584 
-73.85928      18.02572 
-73.86565      18.02223 
-73.87939      18.02103 
-73.89765      18.02917 
-73.90114      18.03273 
-73.89958      18.03636 
-73.89965      18.04165 
-73.90522      18.0478 
-73.90621      18.05473 
-73.91565      18.06766 
-73.92268      18.08857 
-73.93263      18.09668 
-73.94261      18.10481 
-73.9444       18.109 
-73.9432       18.11656 
-73.9469       18.12127 
-73.94619      18.12815 
-73.94898      18.13145 
-73.96067      18.13456 
-73.97743      18.1523 
-73.97993      18.15721 
-73.9793       18.16202 
-73.98175      18.16807 
-73.9851       18.16863 
-73.99142      18.16675 
-74.00168      18.16958 
-74.00361      18.18199 
-74.00718      18.18607 
-74.01528      18.18884 
-74.0234       18.19828 
-74.03086      18.1985 
-74.03934      18.20449 
-74.04188      18.20802 
-74.05206      18.21337 
-74.05162      18.2198 
-74.05348      18.22193 
-74.06016      18.22396 
-74.0652       18.23239 
-74.081        18.23538 
-74.08335      18.23728 
-74.08673      18.24497 
-74.09233      18.25019 
-74.1007       18.2525 
-74.10808      18.25502 
-74.11417      18.26048 
-74.12161      18.26139 
-74.12728      18.26523 
-74.13471      18.2659 
-74.14064      18.26906 
-74.16117      18.27493 
-74.16673      18.27903 
-74.1706       18.28187 
-74.18225      18.29508 
-74.18815      18.2987 
-74.20694      18.29877 
-74.21475      18.30313 
-74.22316      18.31211 
-74.22916      18.31296 
-74.26196      18.31181 
-74.27928      18.3047 
-74.28256      18.30213 
-74.29605      18.29159 
-74.30208      18.29106 
-74.30795      18.28801 
-74.3154       18.2889 
-74.32027      18.28719 
-74.32795      18.28787 
-74.34101      18.2942 
-74.3499       18.29514 
-74.35513      18.29758 
-74.36065      18.29819 
-74.366        18.29649 
-74.37786      18.31108 
-74.38543      18.31566 
-74.39814      18.31784 
-74.40238      18.32117 
-74.40255      18.32348 
-74.39847      18.33119 
-74.39981      18.33468 
-74.4047       18.33759 
-74.41271      18.33893 
-74.42343      18.34313 
-74.42968      18.3433 
-74.43576      18.34967 
-74.44228      18.34916 
-74.44487      18.3513 
-74.44631      18.36008 
-74.4453       18.36994 
-74.44968      18.37673 
-74.45075      18.38136 
-74.44777      18.39278 
-74.44808      18.399 
-74.45198      18.40578 
-74.46041      18.41428 
-74.46872      18.41865 
-74.47455      18.41719 
-74.47858      18.41937 
-74.47165      18.42586 
-74.47228      18.42909 
-74.47681      18.43082 
-74.47771      18.43315 
-74.47618      18.43633 
-74.4723       18.43692 
-74.46934      18.43914 
-74.46996      18.44283 
-74.46748      18.45335 
-74.46382      18.45486 
-74.46131      18.45894 
-74.46212      18.46379 
-74.45823      18.46484 
-74.45713      18.46941 
-74.45295      18.47252 
-74.45006      18.48072 
-74.45205      18.48676 
-74.45871      18.49015 
-74.45986      18.49225 
-74.45905      18.49476 
-74.4571       18.49609 
-74.45614      18.50102 
-74.45595      18.50204 
-74.4553       18.50271 
-74.44583      18.51237 
-74.44079      18.51751 
-74.43864      18.52528 
-74.43888      18.52799 
-74.43955      18.53542 
-74.43819      18.54091 
-74.43252      18.5449 
-74.43284      18.55043 
-74.43049      18.55658 
-74.42633      18.55854 
-74.4226       18.56304 
-74.41402      18.58374 
-74.4151       18.59688 
-74.4258       18.61029 
-74.42247      18.61687 
-74.42311      18.6201 
-74.4215       18.62348 
-74.42105      18.62442 
-74.415        18.62449 
-74.4106       18.62644 
-74.4068       18.63255 
-74.4036       18.635 
-74.39897      18.63625 
-74.39616      18.63319 
-74.39421      18.63382 
-74.38489      18.64714 
-74.3785       18.64591 
 1             20 
1
 -9999.0   ,   9990.0 
 292 
-70            18.42447 
-70.00473      18.42432 
-70.01425      18.41865 
-70.0161       18.42734 
-70.01946      18.42705 
-70.02111      18.42519 
-70.02076      18.41946 
-70.02877      18.39796 
-70.03476      18.38981 
-70.04892      18.37051 
-70.0569       18.36004 
-70.06581      18.34772 
-70.07706      18.32088 
-70.08241      18.31206 
-70.08729      18.30936 
-70.09955      18.30257 
-70.10636      18.2951 
-70.114        18.27958 
-70.12515      18.27227 
-70.13335      18.26156 
-70.14512      18.23746 
-70.15055      18.23208 
-70.15605      18.23107 
-70.16021      18.23467 
-70.17557      18.23347 
-70.18611      18.23167 
-70.19238      18.23224 
-70.20475      18.2373 
-70.21098      18.23672 
-70.22449      18.22752 
-70.23236      18.22416 
-70.23716      18.22407 
-70.25712      18.23587 
-70.27237      18.24109 
-70.28535      18.24085 
-70.29692      18.23564 
-70.29868      18.23485 
-70.31637      18.22969 
-70.33388      18.22798 
-70.34693      18.23141 
-70.36281      18.23202 
-70.36815      18.23421 
-70.37446      18.23685 
-70.38434      18.23803 
-70.39826      18.23684 
-70.41159      18.23107 
-70.42215      18.22972 
-70.42976      18.22612 
-70.43754      18.21931 
-70.44825      18.21405 
-70.49009      18.19828 
-70.50163      18.19392 
-70.5074       18.19358 
-70.51626      18.20304 
-70.52285      18.20681 
-70.53509      18.20679 
-70.55326      18.20252 
-70.56073      18.20306 
-70.56643      18.21075 
-70.5615       18.21544 
-70.55686      18.22357 
-70.55096      18.22829 
-70.54594      18.22931 
-70.544        18.2282 
-70.54345      18.22522 
-70.54737      18.21825 
-70.54667      18.21699 
-70.54461      18.21326 
-70.53885      18.21338 
-70.53411      18.21623 
-70.5175       18.21565 
-70.51131      18.21807 
-70.5083       18.22272 
-70.51248      18.22723 
-70.52148      18.2321 
-70.53108      18.23122 
-70.53548      18.23434 
-70.55275      18.25397 
-70.55738      18.25686 
-70.57235      18.25954 
-70.57578      18.26199 
-70.57778      18.26494 
-70.5784       18.26586 
-70.58623      18.27739 
-70.58903      18.28399 
-70.58776      18.29137 
-70.57859      18.31153 
-70.57118      18.31352 
-70.56841      18.31863 
-70.57446      18.34101 
-70.5746       18.34698 
-70.56845      18.36203 
-70.57654      18.38965 
-70.57678      18.39231 
-70.57751      18.40042 
-70.58155      18.40838 
-70.59938      18.42018 
-70.62474      18.42402 
-70.64198      18.43032 
-70.65353      18.43008 
-70.66082      18.43314 
-70.67525      18.43261 
-70.6848       18.42942 
-70.68592      18.42595 
-70.68573      18.4252 
-70.68513      18.42298 
-70.6875       18.42064 
-70.69701      18.4163 
-70.70348      18.41501 
-70.70488      18.41338 
-70.70168      18.3999 
-70.70261      18.37875 
-70.71937      18.36485 
-70.72356      18.35924 
-70.74543      18.34753 
-70.75167      18.34739 
-70.75654      18.34958 
-70.78345      18.34808 
-70.78591      18.34876 
-70.78805      18.34936 
-70.792        18.35318 
-70.79395      18.35451 
-70.80369      18.35935 
-70.80818      18.34571 
-70.81389      18.34329 
-70.81701      18.34322 
-70.82336      18.34721 
-70.82582      18.33958 
-70.82965      18.33789 
-70.83137      18.33992 
-70.82928      18.34318 
-70.8313       18.34658 
-70.83545      18.34947 
-70.84096      18.34866 
-70.8535       18.3392 
-70.86501      18.31897 
-70.86417      18.31416 
-70.87192      18.30641 
-70.88565      18.28797 
-70.8891       18.2847 
-70.90304      18.2715 
-70.91719      18.26062 
-70.926        18.25721 
-70.94111      18.25549 
-70.95471      18.25151 
-70.95787      18.25259 
-70.96945      18.2638 
-70.97192      18.27546 
-70.97818      18.28542 
-70.98594      18.29285 
-70.98755      18.29439 
-70.99108      18.30051 
-70.99475      18.30318 
-71.0027       18.30346 
-71.01633      18.31003 
-71.02455      18.31168 
-71.03745      18.31735 
-71.05258      18.31632 
-71.06206      18.3115 
-71.09542      18.28087 
-71.10091      18.26995 
-71.10264      18.26233 
-71.1007       18.25204 
-71.09616      18.24411 
-71.09076      18.24033 
-71.08981      18.23186 
-71.08049      18.2245 
-71.07868      18.21949 
-71.0849       18.20878 
-71.08307      18.20354 
-71.07983      18.19948 
-71.07064      18.19281 
-71.06188      18.17418 
-71.0614       18.17356 
-71.05093      18.15997 
-71.05033      18.15493 
-71.05212      18.15007 
-71.05656      18.1456 
-71.06555      18.11187 
-71.07055      18.10073 
-71.08295      18.07909 
-71.08578      18.07695 
-71.09098      18.06466 
-71.10097      18.06098 
-71.1075       18.05348 
-71.10931      18.04953 
-71.10916      18.04357 
-71.13165      18.02191 
-71.13321      18.00833 
-71.14193      18.00215 
-71.14673      17.99308 
-71.15549      17.98828 
-71.16293      17.97961 
-71.16931      17.96637 
-71.19169      17.93276 
-71.19725      17.92561 
-71.20005      17.922 
-71.20782      17.91676 
-71.21843      17.90066 
-71.22311      17.89642 
-71.23161      17.89139 
-71.24401      17.8796 
-71.24978      17.88015 
-71.25391      17.87293 
-71.2658       17.86025 
-71.2714       17.84564 
-71.27552      17.84738 
-71.27758      17.85238 
-71.28118      17.85275 
-71.28221      17.85147 
-71.28398      17.84924 
-71.28495      17.83245 
-71.28648      17.8288 
-71.28788      17.82549 
-71.29238      17.82309 
-71.30078      17.82357 
-71.30691      17.8202 
-71.31298      17.81408 
-71.34308      17.75754 
-71.34393      17.75385 
-71.34266      17.75039 
-71.3458       17.74347 
-71.34958      17.72409 
-71.36455      17.69341 
-71.36342      17.68724 
-71.36515      17.68054 
-71.36892      17.67815 
-71.3725       17.6691 
-71.3814       17.66153 
-71.38771      17.6476 
-71.39495      17.63862 
-71.39581      17.63752 
-71.39902      17.62344 
-71.4036       17.6162 
-71.41171      17.61508 
-71.41865      17.60595 
-71.42178      17.60656 
-71.42986      17.62128 
-71.43867      17.62794 
-71.44531      17.64269 
-71.45828      17.65223 
-71.47055      17.66918 
-71.471        17.66981 
-71.47611      17.68139 
-71.4799       17.69644 
-71.49077      17.71637 
-71.49893      17.72534 
-71.50255      17.73443 
-71.51018      17.74135 
-71.52482      17.75038 
-71.52929      17.75555 
-71.54871      17.7624 
-71.5523       17.76367 
-71.58093      17.76751 
-71.62538      17.7622 
-71.6427       17.75577 
-71.65365      17.75364 
-71.65927      17.75716 
-71.66918      17.75988 
-71.67556      17.76362 
-71.68381      17.76844 
-71.6846       17.77049 
-71.67054      17.77339 
-71.65954      17.78264 
-71.64996      17.80747 
-71.63393      17.80835 
-71.62957      17.81513 
-71.62518      17.82925 
-71.62591      17.83773 
-71.63055      17.8484 
-71.6323       17.85012 
-71.63895      17.85667 
-71.65307      17.88821 
-71.66672      17.89542 
-71.67195      17.90171 
-71.66898      17.90661 
-71.66065      17.90936 
-71.65763      17.9122 
-71.65311      17.92196 
-71.65175      17.93256 
-71.6604       17.94932 
-71.66069      17.95093 
-71.66299      17.96372 
-71.66826      17.97161 
-71.6808       17.98138 
-71.69612      17.99612 
-71.71288      18.00279 
-71.71707      18.00612 
-71.72586      18.01897 
-71.73346      18.02428 
-71.74634      18.02921 
-71.75405      18.03015 
 1             21 
1
 -9999.0   ,   9990.0 
 31 
-71.47081      17.5874 
-71.46578      17.58753 
-71.46499      17.58479 
-71.46567      17.5834 
-71.46878      17.58332 
-71.47284      17.57449 
-71.49082      17.55864 
-71.50706      17.54881 
-71.51757      17.54785 
-71.52535      17.54375 
-71.53898      17.54316 
-71.54795      17.54706 
-71.55021      17.55044 
-71.54991      17.55688 
-71.54785      17.56015 
-71.54708      17.56636 
-71.54675      17.56715 
-71.53923      17.58493 
-71.53808      17.59484 
-71.52523      17.60619 
-71.52428      17.61494 
-71.52037      17.62055 
-71.5168       17.62088 
-71.51113      17.61505 
-71.50698      17.61286 
-71.49811      17.6124 
-71.49543      17.61064 
-71.48946      17.60345 
-71.48432      17.59095 
-71.47919      17.58741 
-71.47081      17.5874 
 1             22 
1
 -9999.0   ,   9990.0 
 9 
-71.63716      17.47009 
-71.62771      17.4747 
-71.62635      17.47681 
-71.63005      17.48084 
-71.63893      17.48175 
-71.64436      17.47931 
-71.64475      17.47632 
-71.6403       17.47138 
-71.63716      17.47009 
