 3 
 1             1 
1
 -9999.0   ,   9990.0 
 146 
-25            17.05006 
-25.01129      17.04401 
-25.01925      17.04024 
-25.03071      17.03481 
-25.04749      17.02427 
-25.06553      17.01899 
-25.06887      17.01834 
-25.07859      17.01644 
-25.08193      17.01578 
-25.09423      17.00943 
-25.10507      17.00058 
-25.10563      16.99991 
-25.11819      16.98482 
-25.13435      16.9649 
-25.13634      16.96358 
-25.13789      16.96256 
-25.14502      16.96131 
-25.15166      16.95893 
-25.15686      16.95565 
-25.15964      16.95011 
-25.16096      16.94729 
-25.16634      16.93581 
-25.17927      16.92372 
-25.19019      16.92105 
-25.19591      16.92119 
-25.19827      16.91956 
-25.1999       16.91655 
-25.2004       16.91482 
-25.20171      16.91034 
-25.20453      16.9071 
-25.20693      16.90821 
-25.20889      16.9123 
-25.21085      16.91594 
-25.2159       16.91908 
-25.21898      16.91835 
-25.2218       16.91579 
-25.22679      16.91411 
-25.23222      16.91106 
-25.23407      16.91165 
-25.23629      16.91237 
-25.24111      16.91642 
-25.24357      16.92143 
-25.2529       16.9245 
-25.26098      16.92278 
-25.27163      16.91782 
-25.27639      16.91526 
-25.27817      16.91431 
-25.28392      16.91122 
-25.29221      16.9079 
-25.29724      16.90989 
-25.30328      16.91553 
-25.30932      16.92139 
-25.31727      16.92678 
-25.31901      16.93202 
-25.31812      16.93873 
-25.31794      16.94005 
-25.31381      16.95065 
-25.31132      16.95985 
-25.31182      16.96165 
-25.31259      16.96441 
-25.31646      16.96894 
-25.31916      16.97371 
-25.3184       16.987 
-25.31951      16.99925 
-25.31983      17.00279 
-25.32357      17.01419 
-25.327        17.02032 
-25.33324      17.02298 
-25.34444      17.02304 
-25.34979      17.02983 
-25.3564       17.04188 
-25.35875      17.05512 
-25.35652      17.06569 
-25.3526       17.074 
-25.34475      17.07571 
-25.34097      17.07783 
-25.34007      17.08151 
-25.33993      17.08815 
-25.33642      17.09233 
-25.32816      17.09395 
-25.32763      17.09406 
-25.31933      17.09693 
-25.31153      17.10208 
-25.29971      17.10844 
-25.29758      17.10984 
-25.29259      17.11106 
-25.28971      17.1095 
-25.28688      17.10761 
-25.28323      17.10684 
-25.27851      17.10966 
-25.27426      17.11293 
-25.26672      17.11853 
-25.26367      17.12178 
-25.26066      17.12166 
-25.25961      17.12161 
-25.25269      17.12102 
-25.24294      17.12322 
-25.23584      17.1263 
-25.23435      17.12746 
-25.23254      17.12887 
-25.22837      17.13786 
-25.22559      17.14294 
-25.22013      17.14462 
-25.2165       17.14558 
-25.21566      17.14903 
-25.21474      17.15111 
-25.20925      17.15118 
-25.20378      17.15195 
-25.20121      17.15565 
-25.2002       17.15852 
-25.19675      17.16052 
-25.19007      17.16062 
-25.18243      17.15935 
-25.17768      17.16079 
-25.17104      17.16363 
-25.16754      17.16872 
-25.16335      17.17634 
-25.15764      17.1771 
-25.14881      17.17677 
-25.14435      17.18141 
-25.12992      17.18985 
-25.11211      17.19537 
-25.09881      17.19697 
-25.09711      17.19718 
-25.08516      17.19528 
-25.08293      17.19268 
-25.08128      17.19076 
-25.07907      17.18598 
-25.07309      17.18515 
-25.06946      17.18107 
-25.06741      17.18012 
-25.05362      17.17374 
-25.0473       17.17491 
-25.04696      17.17497 
-25.04319      17.17846 
-25.03935      17.17668 
-25.03338      17.17561 
-25.02593      17.17205 
-25.02324      17.16728 
-25.02448      17.16043 
-25.02457      17.15993 
-25.02492      17.15054 
-25.02352      17.14868 
-25.00525      17.12447 
-25.00452      17.12379 
-25            17.12277 
 1             2 
1
 -9999.0   ,   9990.0 
 12 
-25            16.90244 
-25.0034       16.90324 
-25.00699      16.90388 
-25.00769      16.90295 
-25.0067       16.90022 
-25.00667      16.89793 
-25.00757      16.89425 
-25.00824      16.8908 
-25.00512      16.88947 
-25.00321      16.88881 
-25.00079      16.8861 
-25            16.88335 
 1             3 
1
 -9999.0   ,   9990.0 
 64 
-25            16.88335 
-25.00337      16.87986 
-25.00781      16.8773 
-25.01205      16.8758 
-25.01658      16.8742 
-25.02418      16.87249 
-25.02803      16.87496 
-25.0319       16.87949 
-25.03958      16.88374 
-25.04361      16.88185 
-25.04573      16.88044 
-25.04837      16.88155 
-25.05218      16.88196 
-25.05624      16.88213 
-25.06095      16.8784 
-25.06519      16.87537 
-25.06753      16.8719 
-25.06626      16.86665 
-25.06502      16.86277 
-25.0686       16.86364 
-25.07714      16.861 
-25.08426      16.8593 
-25.08518      16.85676 
-25.08773      16.85146 
-25.09002      16.84524 
-25.09356      16.8429 
-25.09207      16.83857 
-25.09249      16.83421 
-25.09409      16.82938 
-25.09639      16.82385 
-25.09635      16.82133 
-25.09302      16.8216 
-25.08804      16.82305 
-25.08211      16.8245 
-25.07758      16.82434 
-25.07632      16.82212 
-25.07538      16.82047 
-25.07507      16.81498 
-25.06947      16.80635 
-25.0668       16.80272 
-25.06059      16.80166 
-25.05728      16.80331 
-25.05515      16.8038 
-25.05431      16.80301 
-25.05273      16.80154 
-25.05245      16.7981 
-25.0498       16.79608 
-25.04673      16.7975 
-25.04436      16.79844 
-25.04337      16.79571 
-25.04168      16.79436 
-25.0393       16.79416 
-25.03549      16.79467 
-25.03187      16.79128 
-25.02922      16.78903 
-25.02663      16.79112 
-25.02355      16.79185 
-25.02119      16.78983 
-25.02066      16.78937 
-25.01778      16.78804 
-25.01347      16.78649 
-25.0106       16.78515 
-25.00313      16.77884 
-25            16.77373 
