 8 
1
8
 -1051.0  ,  -1044.0
Feng
368
 1
  7 
 -1044.0  ,  -771.0
Fenghao
368
 1
  7 
 -350.0  ,  -206.0
Xianyang
368
 1
  7 
 -202.0  ,  582.0
Chang'an
368
 1
  7 
 582.0  ,  618.0
Daxing
368
 1
  7 
 618.0  ,  904.0
Chang'an
368
 1
  7 
 904.0  ,  1370.0
Xincheng
368
 1
  7 
 1370.0  ,  9999.0
Xi'an
368
 1
  7 
1
108.7683333	34.2755
2
3
 -1120.0  ,  -1066.0
(Zhouyuan)
373
 1
  7 
 -1066.0  ,  -771.0
Zhouyuan
373
 1
  7 
 -755.0  ,  -200.0
Qishan
373
 1
  7 
1
107.8426972	34.49416944
3
2
 -1120.0  ,  -771.0
Yu
376
 1
  7 
 700.0  ,  9999.0
Baoji
376
 1
  7 
1
107.2380556	34.36305556
4
2
 -1100.0  ,  -771.0
Yicheng
386
 1
  7 
 -771.0  ,  9999.0
Enshi
386
 1
  7 
1
109.4833333	30.28333333
5
2
 -900.0  ,  -206.0
Qin City
417
 1
  7 
 -206.0  ,  9999.0
Tianshui
417
 1
  7 
1
105.7333333	34.58333333
6
1
 -776.5  ,  -210.0
Qian
447
 1
  7 
1
106.7897222	34.83472222
7
2
 -762.5  ,  618.0
Yong
450
 1
  7 
 618.0  ,  1000.0
Xidu
450
 1
  7 
1
107.4205556	34.56
8
2
 -900.0  ,  -210.0
Pingtang
524
 1
  7 
 -210.0  ,  9999.0
Baoji
524
 1
  7 
1
107.2380556	34.36305556
