 4 
 1 
 1             1             
1
 -9999.0   ,   9990.0
   7
 7 
160           53.20434
160           53.2115
160.0071      53.20906
160.0089      53.20709
160.0055      53.20364
160.0009      53.20353
160           53.20434
 1 
 1             2             
1
 -9999.0   ,   9990.0
   7
 8 
166.4979      54.82484
166.5006      54.82603
166.5052      54.83503
166.5098      54.83008
166.5185      54.82478
166.5162      54.82267
166.5056      54.822
166.4979      54.82484
 1 
 1             3             
1
 -9999.0   ,   9990.0
   7
 6 
166.3817      54.83503
166.3899      54.82995
166.3881      54.82786
166.3795      54.82653
166.3777      54.83039
166.3817      54.83503
 2 
 1             4             
1
 -9999.0   ,   9990.0
   7
 109 
160.3553      54.89353
160.3744      54.8967
160.3807      54.89459
160.3845      54.88995
160.3843      54.88395
160.3786      54.87817
160.3683      54.8732
160.3545      54.85464
160.3443      54.84506
160.3442      54.83931
160.3539      54.82081
160.3456      54.812
160.3458      54.79725
160.3389      54.77381
160.3474      54.76534
160.3482      54.75997
160.3457      54.75461
160.3556      54.74742
160.3552      54.74008
160.3591      54.73447
160.3558      54.72711
160.3614      54.72
160.3574      54.71639
160.3417      54.72959
160.3283      54.73197
160.3144      54.74109
160.3096      54.74075
160.3012      54.73539
160.2963      54.73339
160.2845      54.72859
160.2701      54.72992
160.2559      54.72684
160.2187      54.72939
160.2057      54.73912
160.182       54.73811
160.1303      54.73989
160.0918      54.73836
160.0875      54.73867
160.0799      54.74245
160.0742      54.74195
160.0671      54.73486
160.0683      54.73111
160.063       54.72711
160.0651      54.72211
160.0633      54.7195
160.059       54.71958
160.0566      54.72298
160.0514      54.72475
160.038       54.71467
160.0316      54.71422
160.0338      54.71889
160.0506      54.73378
160.0487      54.7397
160.0542      54.74503
160.0533      54.74647
160.0241      54.73803
160.0174      54.74014
160.0686      54.76173
160.073       54.76531
160.0726      54.77064
160.0801      54.77745
160.0786      54.77986
160.0748      54.78062
160.0525      54.7735
160.0439      54.77228
160.037       54.77531
160.043       54.77903
160.0685      54.78659
160.0797      54.79775
160.0895      54.79517
160.0933      54.79584
160.0886      54.80353
160.0914      54.80703
160.1074      54.82564
160.1098      54.8257
160.1115      54.8205
160.1081      54.80695
160.109       54.80042
160.1129      54.79806
160.1299      54.81364
160.1658      54.83092
160.1908      54.8402
160.2034      54.84984
160.2067      54.85239
160.2098      54.85745
160.2062      54.86787
160.2083      54.87
160.2163      54.87195
160.2279      54.87753
160.2372      54.8782
160.2491      54.87042
160.2547      54.87045
160.2577      54.86814
160.2651      54.86875
160.2832      54.87661
160.2831      54.87961
160.2792      54.88198
160.2816      54.88734
160.2752      54.89264
160.2754      54.89517
160.2854      54.89695
160.2877      54.9
160.2863      54.90287
160.3083      54.90836
160.3338      54.906
160.3381      54.90381
160.3445      54.89181
160.3486      54.89034
160.3553      54.89353
 1             4             2 
1
 -9999.0   ,   9990.0
   7
 6 
160.3086      54.79453
160.3172      54.79573
160.3171      54.80078
160.3094      54.80714
160.3058      54.80695
160.3086      54.79453
