 223 
 1 
 1             1             
1
 -9999.0   ,   9990.0
   7
 5 
-129.0073      55
-129.0029      55
-129.0019      54.98937
-129.0054      54.98623
-129.0073      55
 8 
 1             2             
1
 -9999.0   ,   9990.0
   7
 230 
-128.3448      55
-128.327       55
-128.3285      54.99879
-128.3461      54.9907
-128.3446      54.98551
-128.3527      54.97395
-128.3606      54.96812
-128.3864      54.96128
-128.3888      54.95848
-128.394       54.95271
-128.3959      54.94028
-128.3815      54.93336
-128.3776      54.91363
-128.3871      54.89171
-128.3823      54.88278
-128.3845      54.86964
-128.3652      54.85877
-128.3475      54.85428
-128.3431      54.85125
-128.332       54.84365
-128.3278      54.82698
-128.3169      54.82265
-128.3016      54.82022
-128.292       54.81455
-128.2866      54.80051
-128.282       54.79697
-128.2727      54.78981
-128.2663      54.77322
-128.2586      54.76691
-128.2633      54.74567
-128.2646      54.7344
-128.2706      54.7314
-128.2896      54.72555
-128.3094      54.72264
-128.3116      54.70973
-128.3217      54.69305
-128.3311      54.68601
-128.3435      54.68347
-128.3453      54.6831
-128.3517      54.67965
-128.3589      54.66351
-128.3633      54.66058
-128.3812      54.65567
-128.3882      54.65171
-128.4084      54.62839
-128.4261      54.62211
-128.4284      54.61927
-128.4234      54.60828
-128.4301      54.60523
-128.4289      54.59888
-128.4232      54.59479
-128.4037      54.58993
-128.4124      54.58742
-128.4127      54.57704
-128.4254      54.57135
-128.4364      54.55709
-128.4763      54.54901
-128.4765      54.54468
-128.4702      54.54191
-128.4702      54.53617
-128.4867      54.53886
-128.5071      54.52948
-128.5421      54.51805
-128.5468      54.51262
-128.5586      54.50883
-128.5609      54.50232
-128.5721      54.48967
-128.5901      54.48851
-128.6028      54.48956
-128.6133      54.48777
-128.6237      54.48151
-128.6435      54.49119
-128.6554      54.48547
-128.6674      54.48459
-128.6792      54.49045
-128.6839      54.49618
-128.6908      54.49472
-128.7009      54.48829
-128.7346      54.47023
-128.7382      54.4648
-128.7395      54.44894
-128.7426      54.44559
-128.7584      54.44347
-128.7641      54.43954
-128.7869      54.43433
-128.7949      54.42203
-128.8041      54.41919
-128.8212      54.41706
-128.8419      54.41721
-128.8452      54.4135
-128.8455      54.40723
-128.8588      54.40119
-128.8836      54.39834
-128.8863      54.39653
-128.9101      54.39116
-128.9342      54.39223
-128.9475      54.395
-128.9719      54.39312
-128.9812      54.38671
-128.9932      54.38589
-128.9982      54.3877
-129.0033      54.38745
-129.0084      54.38513
-129.0166      54.3845
-129.0225      54.38753
-129.023       54.38783
-129.0433      54.38501
-129.0499      54.37323
-129.0749      54.36489
-129.0807      54.3614
-129.095       54.36057
-129.1189      54.35467
-129.1326      54.34619
-129.1467      54.34135
-129.1902      54.31868
-129.2055      54.31351
-129.2437      54.31922
-129.2504      54.31888
-129.2507      54.32078
-129.2385      54.32103
-129.2326      54.32429
-129.2271      54.33257
-129.2065      54.33213
-129.19        54.33663
-129.1691      54.35465
-129.1596      54.35926
-129.1378      54.36132
-129.1232      54.36661
-129.1156      54.3775
-129.1081      54.37972
-129.0974      54.37919
-129.0591      54.39599
-129.0558      54.39744
-129.0516      54.3933
-129.0476      54.39282
-129.0256      54.40153
-129.0054      54.40727
-128.9961      54.40819
-128.9885      54.40444
-128.9503      54.40677
-128.9446      54.40544
-128.9048      54.40365
-128.8942      54.40446
-128.8858      54.40817
-128.8595      54.41154
-128.8517      54.41891
-128.8448      54.42699
-128.8404      54.42926
-128.824       54.43531
-128.8182      54.43605
-128.7985      54.4379
-128.7866      54.44053
-128.7775      54.44628
-128.776       54.45169
-128.77        54.4594
-128.7522      54.46437
-128.7265      54.48297
-128.6866      54.50109
-128.6787      54.51245
-128.6723      54.5171
-128.6554      54.51765
-128.645       54.51653
-128.6383      54.51318
-128.6356      54.50804
-128.6362      54.49771
-128.6314      54.4945
-128.6158      54.49522
-128.5959      54.49414
-128.5884      54.49373
-128.5731      54.50839
-128.5626      54.51482
-128.56        54.52204
-128.555       54.52593
-128.5333      54.52874
-128.5021      54.53657
-128.4842      54.54973
-128.4442      54.55999
-128.4393      54.56478
-128.4386      54.56717
-128.4363      54.57475
-128.4259      54.58818
-128.4403      54.60432
-128.4374      54.62138
-128.4299      54.62698
-128.4199      54.62925
-128.4076      54.63483
-128.4004      54.65185
-128.3914      54.65842
-128.3829      54.66269
-128.3711      54.66321
-128.365       54.66737
-128.3646      54.66793
-128.3532      54.68618
-128.3396      54.68792
-128.3322      54.69145
-128.3191      54.70917
-128.3184      54.72179
-128.3134      54.72612
-128.2804      54.73098
-128.2782      54.73519
-128.2722      54.73819
-128.2716      54.76485
-128.2714      54.77162
-128.2801      54.78953
-128.2985      54.80005
-128.2983      54.80437
-128.2926      54.81323
-128.2989      54.81644
-128.3169      54.81661
-128.3356      54.82322
-128.3412      54.8325
-128.3362      54.84133
-128.3485      54.85035
-128.3648      54.85533
-128.3685      54.85475
-128.3915      54.86842
-128.3885      54.88136
-128.3959      54.89224
-128.3895      54.90419
-128.3874      54.91846
-128.3937      54.93237
-128.3964      54.93796
-128.4025      54.9393
-128.4062      54.9428
-128.3998      54.95794
-128.3967      54.96128
-128.3641      54.97021
-128.3586      54.9801
-128.3549      54.99101
-128.3448      55
 1             2             2 
1
 -9999.0   ,   9990.0
   7
 7 
-128.666       54.50297
-128.6822      54.49845
-128.6464      54.49815
-128.6434      54.50493
-128.6519      54.50934
-128.6621      54.5091
-128.666       54.50297
 1             2             3 
1
 -9999.0   ,   9990.0
   7
 5 
-128.8362      54.42638
-128.8385      54.42093
-128.8234      54.42246
-128.8301      54.42664
-128.8362      54.42638
 1             2             4 
1
 -9999.0   ,   9990.0
   7
 6 
-128.9952      54.39709
-129.0057      54.40153
-129.0314      54.39369
-129.0289      54.39157
-129.0104      54.39062
-128.9952      54.39709
 1             2             5 
1
 -9999.0   ,   9990.0
   7
 7 
-129.0636      54.38287
-129.0719      54.38161
-129.0848      54.36988
-129.0821      54.36643
-129.0752      54.3663
-129.0665      54.37026
-129.0636      54.38287
 1             2             6 
1
 -9999.0   ,   9990.0
   7
 7 
-129.0901      54.37543
-129.0964      54.37693
-129.1077      54.37508
-129.1195      54.36651
-129.1206      54.36334
-129.0912      54.37182
-129.0901      54.37543
 1             2             7 
1
 -9999.0   ,   9990.0
   7
 8 
-129.1666      54.34206
-129.1583      54.34245
-129.1452      54.3467
-129.1323      54.35491
-129.1336      54.3574
-129.1471      54.35462
-129.154       54.34786
-129.1666      54.34206
 1             2             8 
1
 -9999.0   ,   9990.0
   7
 8 
-129.1667      54.33715
-129.1744      54.33724
-129.1835      54.33147
-129.2096      54.32714
-129.2138      54.32382
-129.2069      54.31835
-129.1888      54.32543
-129.1667      54.33715
 1 
 1             3             
1
 -9999.0   ,   9990.0
   7
 9 
-132.3677      54.99438
-132.366       54.99221
-132.3767      54.9868
-132.378       54.9821
-132.3854      54.98085
-132.3897      54.98259
-132.3873      54.98738
-132.3773      54.99273
-132.3677      54.99438
 1 
 1             4             
1
 -9999.0   ,   9990.0
   7
 10 
-130.3724      54.97151
-130.3941      54.97972
-130.4163      54.9816
-130.4199      54.98368
-130.4204      54.99327
-130.4152      54.9929
-130.4049      54.98686
-130.3905      54.98429
-130.3818      54.97999
-130.3724      54.97151
 1 
 1             5             
1
 -9999.0   ,   9990.0
   7
 10 
-133.1274      54.97816
-133.1225      54.98132
-133.1095      54.98377
-133.0929      54.98282
-133.0907      54.98046
-133.0926      54.97869
-133.1015      54.97889
-133.1068      54.97593
-133.1126      54.97523
-133.1274      54.97816
 1 
 1             6             
1
 -9999.0   ,   9990.0
   7
 7 
-129.2421      54.95915
-129.2457      54.96469
-129.2558      54.97311
-129.2425      54.96921
-129.24        54.96635
-129.24        54.96063
-129.2421      54.95915
 1 
 1             7             
1
 -9999.0   ,   9990.0
   7
 9 
-128.953       54.95741
-128.9684      54.95667
-128.9928      54.96304
-128.9804      54.96798
-128.9729      54.96835
-128.966       54.96479
-128.9598      54.96578
-128.9564      54.9648
-128.953       54.95741
 1 
 1             8             
1
 -9999.0   ,   9990.0
   7
 6 
-132.2674      54.95676
-132.2839      54.96205
-132.2815      54.96406
-132.2753      54.96476
-132.2698      54.96172
-132.2674      54.95676
 1 
 1             9             
1
 -9999.0   ,   9990.0
   7
 8 
-132.0977      54.94481
-132.1001      54.94832
-132.1014      54.95397
-132.0976      54.95861
-132.0886      54.95215
-132.0873      54.94834
-132.0915      54.94527
-132.0977      54.94481
 1 
 1             10            
1
 -9999.0   ,   9990.0
   7
 5 
-130.3614      54.9514
-130.374       54.93989
-130.3695      54.9539
-130.3655      54.95414
-130.3614      54.9514
 1 
 1             11            
1
 -9999.0   ,   9990.0
   7
 8 
-130.8382      54.94941
-130.8231      54.94532
-130.8115      54.9363
-130.812       54.93398
-130.8275      54.94115
-130.8341      54.94256
-130.8388      54.94616
-130.8382      54.94941
 1 
 1             12            
1
 -9999.0   ,   9990.0
   7
 9 
-132.1583      54.87436
-132.1555      54.87985
-132.1464      54.88094
-132.1447      54.88417
-132.1404      54.88466
-132.1386      54.88089
-132.1479      54.87443
-132.1556      54.87318
-132.1583      54.87436
 1 
 1             13            
1
 -9999.0   ,   9990.0
   7
 9 
-130.5861      54.86512
-130.5942      54.86761
-130.5964      54.87371
-130.608       54.88143
-130.6085      54.88436
-130.6032      54.88367
-130.5934      54.87635
-130.5851      54.86839
-130.5861      54.86512
 1 
 1             14            
1
 -9999.0   ,   9990.0
   7
 11 
-132.1799      54.86585
-132.1838      54.8566
-132.1912      54.85559
-132.19        54.85913
-132.1942      54.86107
-132.1944      54.86553
-132.2003      54.8659
-132.2007      54.86957
-132.1871      54.86915
-132.1832      54.87156
-132.1799      54.86585
 1 
 1             15            
1
 -9999.0   ,   9990.0
   7
 6 
-130.5019      54.84619
-130.5099      54.84661
-130.5169      54.85009
-130.5165      54.85447
-130.5132      54.85582
-130.5019      54.84619
 1 
 1             16            
1
 -9999.0   ,   9990.0
   7
 7 
-132.2603      54.83501
-132.2505      54.83391
-132.2468      54.83005
-132.2538      54.82584
-132.2601      54.82515
-132.2632      54.8302
-132.2603      54.83501
 1 
 1             17            
1
 -9999.0   ,   9990.0
   7
 34 
-128.776       54.71731
-128.7857      54.71908
-128.789       54.71968
-128.7853      54.7242
-128.7872      54.7264
-128.8002      54.72876
-128.7952      54.73288
-128.8027      54.73527
-128.8067      54.74378
-128.8033      54.74784
-128.8083      54.76087
-128.7981      54.77257
-128.7932      54.78264
-128.7951      54.78758
-128.7921      54.79986
-128.7965      54.80606
-128.8013      54.80629
-128.8045      54.80934
-128.8097      54.80932
-128.8157      54.8127
-128.8204      54.81774
-128.8209      54.82161
-128.7994      54.82174
-128.7987      54.82174
-128.7842      54.81144
-128.7794      54.81098
-128.7777      54.81335
-128.7708      54.81482
-128.7694      54.81305
-128.7658      54.78507
-128.7766      54.74978
-128.7676      54.72228
-128.7701      54.71759
-128.776       54.71731
 1 
 1             18            
1
 -9999.0   ,   9990.0
   7
 6 
-132.8784      54.81152
-132.8765      54.81535
-132.8599      54.82119
-132.859       54.81755
-132.868       54.81304
-132.8784      54.81152
 1 
 1             19            
1
 -9999.0   ,   9990.0
   7
 9 
-132.8452      54.78608
-132.8521      54.78
-132.8557      54.77027
-132.8631      54.77268
-132.8661      54.77543
-132.868       54.78472
-132.852       54.79291
-132.8414      54.79007
-132.8452      54.78608
 1 
 1             20            
1
 -9999.0   ,   9990.0
   7
 12 
-129.5985      54.77296
-129.5957      54.76348
-129.6006      54.76162
-129.6009      54.75588
-129.6076      54.75094
-129.6108      54.75099
-129.6228      54.75218
-129.6153      54.75671
-129.6146      54.76224
-129.6081      54.76419
-129.6066      54.76909
-129.5985      54.77296
 1 
 1             21            
1
 -9999.0   ,   9990.0
   7
 9 
-132.2522      54.77283
-132.2482      54.7619
-132.249       54.75464
-132.2575      54.7484
-132.2645      54.74674
-132.2657      54.76028
-132.2688      54.76221
-132.2658      54.77135
-132.2522      54.77283
 1 
 1             22            
1
 -9999.0   ,   9990.0
   7
 9 
-130.536       54.76176
-130.5439      54.75463
-130.5537      54.75403
-130.5488      54.75984
-130.5381      54.76369
-130.5272      54.77043
-130.5263      54.76547
-130.5305      54.76259
-130.536       54.76176
 1 
 1             23            
1
 -9999.0   ,   9990.0
   7
 15 
-132.1993      54.76391
-132.194       54.76316
-132.1855      54.75735
-132.1782      54.75513
-132.1707      54.74626
-132.1753      54.74569
-132.1823      54.74862
-132.1885      54.74931
-132.1899      54.7469
-132.2005      54.74634
-132.2037      54.74795
-132.1943      54.75416
-132.2018      54.75913
-132.2018      54.7628
-132.1993      54.76391
 1 
 1             24            
1
 -9999.0   ,   9990.0
   7
 6 
-128.7777      54.69824
-128.7669      54.6889
-128.7708      54.6862
-128.7764      54.6864
-128.7831      54.68928
-128.7777      54.69824
 1 
 1             25            
1
 -9999.0   ,   9990.0
   7
 11 
-130.2545      54.62779
-130.2617      54.62622
-130.2652      54.6306
-130.2603      54.64304
-130.2642      54.65405
-130.2654      54.65803
-130.258       54.65648
-130.2488      54.63615
-130.2479      54.63323
-130.2511      54.62891
-130.2545      54.62779
 1 
 1             26            
1
 -9999.0   ,   9990.0
   7
 6 
-128.6633      54.55757
-128.6694      54.56163
-128.667       54.56472
-128.6624      54.56539
-128.6609      54.56317
-128.6633      54.55757
 1 
 1             27            
1
 -9999.0   ,   9990.0
   7
 9 
-129.8712      54.50798
-129.8598      54.51068
-129.8524      54.50881
-129.8467      54.50087
-129.8378      54.49702
-129.839       54.49488
-129.8437      54.49462
-129.8608      54.50468
-129.8712      54.50798
 1 
 1             28            
1
 -9999.0   ,   9990.0
   7
 6 
-130.1664      54.49241
-130.145       54.4939
-130.1418      54.49133
-130.1431      54.48987
-130.1568      54.4893
-130.1664      54.49241
 1 
 1             29            
1
 -9999.0   ,   9990.0
   7
 11 
-130.3739      54.47594
-130.3785      54.47911
-130.3757      54.48157
-130.3719      54.48203
-130.3428      54.46726
-130.3372      54.46416
-130.3399      54.45964
-130.3545      54.46656
-130.3643      54.46827
-130.3695      54.47507
-130.3739      54.47594
 1 
 1             30            
1
 -9999.0   ,   9990.0
   7
 25 
-128.6046      54.36756
-128.5758      54.36637
-128.5718      54.36884
-128.5689      54.3763
-128.5622      54.3789
-128.5549      54.39411
-128.5583      54.40517
-128.553       54.40907
-128.5357      54.40949
-128.5295      54.40991
-128.528       54.40701
-128.5305      54.39979
-128.5282      54.39441
-128.5298      54.39136
-128.5392      54.38521
-128.5463      54.38328
-128.549       54.36188
-128.559       54.35821
-128.5578      54.35483
-128.5703      54.35129
-128.5716      54.34711
-128.5861      54.34347
-128.5913      54.34712
-128.5915      54.35443
-128.6046      54.36756
 1 
 1             31            
1
 -9999.0   ,   9990.0
   7
 6 
-128.1723      54.3744
-128.167       54.37645
-128.1638      54.37567
-128.1615      54.37302
-128.1652      54.36806
-128.1723      54.3744
 1 
 1             32            
1
 -9999.0   ,   9990.0
   7
 9 
-129.9553      54.33655
-129.9369      54.34521
-129.9287      54.35188
-129.9247      54.35075
-129.932       54.34323
-129.9431      54.3384
-129.9461      54.33524
-129.9519      54.33468
-129.9553      54.33655
 1 
 1             33            
1
 -9999.0   ,   9990.0
   7
 6 
-129.8897      54.34785
-129.8864      54.34185
-129.8872      54.33056
-129.8923      54.33325
-129.8943      54.3398
-129.8897      54.34785
 1 
 1             34            
1
 -9999.0   ,   9990.0
   7
 8 
-130.1717      54.34395
-130.1487      54.34713
-130.1428      54.34703
-130.1411      54.34369
-130.1427      54.34176
-130.1527      54.34277
-130.163       54.34102
-130.1717      54.34395
 1 
 1             35            
1
 -9999.0   ,   9990.0
   7
 5 
-129.7047      54.33984
-129.7092      54.34325
-129.7045      54.3458
-129.6888      54.34323
-129.7047      54.33984
 1 
 1             36            
1
 -9999.0   ,   9990.0
   7
 7 
-130.2271      54.34137
-130.2228      54.33704
-130.2253      54.33345
-130.234       54.32742
-130.2413      54.32608
-130.2408      54.33253
-130.2271      54.34137
 1 
 1             37            
1
 -9999.0   ,   9990.0
   7
 9 
-129.6737      54.32549
-129.6746      54.3282
-129.6673      54.33639
-129.6618      54.33876
-129.6462      54.33938
-129.6408      54.33738
-129.6609      54.33124
-129.6674      54.32722
-129.6737      54.32549
 1 
 1             38            
1
 -9999.0   ,   9990.0
   7
 6 
-129.921       54.29059
-129.9197      54.29457
-129.8937      54.30282
-129.8991      54.29596
-129.9098      54.29214
-129.921       54.29059
 1 
 1             39            
1
 -9999.0   ,   9990.0
   7
 9 
-129.9651      54.26399
-129.9846      54.27526
-129.9838      54.27714
-129.9788      54.27766
-129.9773      54.28027
-129.9717      54.27967
-129.9601      54.26703
-129.961       54.26492
-129.9651      54.26399
 1 
 1             40            
1
 -9999.0   ,   9990.0
   7
 7 
-129.1896      54.26282
-129.1852      54.25259
-129.1835      54.22793
-129.1927      54.22924
-129.1904      54.23973
-129.1967      54.25086
-129.1896      54.26282
 1 
 1             41            
1
 -9999.0   ,   9990.0
   7
 8 
-130.1378      54.24022
-130.1299      54.24917
-130.1237      54.24976
-130.12        54.24546
-130.0961      54.25684
-130.0901      54.25716
-130.1212      54.24165
-130.1378      54.24022
 1 
 1             42            
1
 -9999.0   ,   9990.0
   7
 12 
-130.0806      54.19884
-130.0911      54.19891
-130.0959      54.20162
-130.0844      54.20534
-130.0855      54.21238
-130.0815      54.21697
-130.0714      54.22552
-130.0491      54.23131
-130.0587      54.22236
-130.0651      54.22039
-130.0778      54.21088
-130.0806      54.19884
 1 
 1             43            
1
 -9999.0   ,   9990.0
   7
 8 
-130.1384      54.20325
-130.145       54.20264
-130.1476      54.20421
-130.159       54.21144
-130.1596      54.21462
-130.1571      54.21614
-130.153       54.21478
-130.1384      54.20325
 1 
 1             44            
1
 -9999.0   ,   9990.0
   7
 6 
-129.5319      54.15512
-129.5413      54.15507
-129.5449      54.15809
-129.5417      54.1601
-129.5332      54.15826
-129.5319      54.15512
 1 
 1             45            
1
 -9999.0   ,   9990.0
   7
 23 
-129.5198      54.14775
-129.4985      54.13859
-129.4855      54.13791
-129.4785      54.13324
-129.4605      54.13053
-129.446       54.12624
-129.4409      54.12471
-129.4151      54.11439
-129.4015      54.11213
-129.3991      54.10951
-129.4026      54.1068
-129.4143      54.10687
-129.447       54.11888
-129.4531      54.12269
-129.4635      54.1219
-129.4712      54.12401
-129.4777      54.12801
-129.4839      54.12791
-129.495       54.13373
-129.5098      54.1334
-129.5144      54.13567
-129.5212      54.14379
-129.5198      54.14775
 1 
 1             46            
1
 -9999.0   ,   9990.0
   7
 7 
-128.6957      54.14125
-128.6906      54.14149
-128.6886      54.14617
-128.6843      54.14362
-128.6845      54.13354
-128.6948      54.13763
-128.6957      54.14125
 1 
 1             47            
1
 -9999.0   ,   9990.0
   7
 16 
-129.1837      54.06985
-129.1878      54.07606
-129.1867      54.08986
-129.181       54.09588
-129.1829      54.10334
-129.1789      54.11065
-129.1852      54.11605
-129.1807      54.12315
-129.19        54.1412
-129.1835      54.14001
-129.1774      54.13212
-129.1735      54.11344
-129.1663      54.10694
-129.1729      54.094
-129.1709      54.08586
-129.1837      54.06985
 1 
 1             48            
1
 -9999.0   ,   9990.0
   7
 11 
-128.6845      54.13354
-128.6677      54.13341
-128.6507      54.13719
-128.6314      54.12458
-128.649       54.1249
-128.6589      54.12924
-128.6697      54.12782
-128.6742      54.12944
-128.681       54.12798
-128.685       54.12916
-128.6845      54.13354
 1 
 1             49            
1
 -9999.0   ,   9990.0
   7
 5 
-130.1895      54.12982
-130.2022      54.12172
-130.2096      54.12128
-130.207       54.12672
-130.1895      54.12982
 1 
 1             50            
1
 -9999.0   ,   9990.0
   7
 6 
-128.4148      54.04269
-128.4216      54.04719
-128.4199      54.05139
-128.4153      54.04954
-128.4125      54.046
-128.4148      54.04269
 1 
 1             51            
1
 -9999.0   ,   9990.0
   7
 23 
-130.3778      53.97529
-130.3762      53.97683
-130.3742      53.98064
-130.3711      53.98536
-130.3571      53.9876
-130.3535      53.98942
-130.3657      53.999
-130.413       54.02824
-130.4123      54.03103
-130.4061      54.03164
-130.3966      54.02855
-130.3879      54.02128
-130.3719      54.01193
-130.3658      54.0107
-130.3554      54.00238
-130.3406      53.99571
-130.3402      53.99344
-130.3469      53.99211
-130.3527      53.98303
-130.3669      53.98132
-130.372       53.97543
-130.3714      53.97472
-130.3778      53.97529
 1 
 1             52            
1
 -9999.0   ,   9990.0
   7
 6 
-131.7777      53.97687
-131.7718      53.96925
-131.772       53.96073
-131.7794      53.96065
-131.7862      53.97442
-131.7777      53.97687
 1 
 1             53            
1
 -9999.0   ,   9990.0
   7
 6 
-129.9218      53.95634
-129.9301      53.9633
-129.9189      53.97059
-129.9164      53.96707
-129.921       53.96128
-129.9218      53.95634
 1 
 1             54            
1
 -9999.0   ,   9990.0
   7
 9 
-132.8475      53.96425
-132.8502      53.95896
-132.8624      53.9545
-132.8702      53.95272
-132.8747      53.95534
-132.8728      53.95711
-132.8608      53.95925
-132.8551      53.96317
-132.8475      53.96425
 1 
 1             55            
1
 -9999.0   ,   9990.0
   7
 9 
-129.8284      53.95497
-129.8427      53.92559
-129.8538      53.92502
-129.8747      53.93068
-129.871       53.93579
-129.8543      53.92864
-129.8495      53.92962
-129.8346      53.95063
-129.8284      53.95497
 1 
 1             56            
1
 -9999.0   ,   9990.0
   7
 12 
-129.9449      53.95422
-129.9395      53.95361
-129.9247      53.9354
-129.925       53.93263
-129.9336      53.9249
-129.9369      53.92607
-129.9338      53.93114
-129.9374      53.93421
-129.939       53.93962
-129.9368      53.9448
-129.9462      53.95281
-129.9449      53.95422
 1 
 1             57            
1
 -9999.0   ,   9990.0
   7
 11 
-130.0078      53.9439
-130.0035      53.94599
-130           53.9452
-129.9978      53.94472
-129.9814      53.93466
-129.969       53.93285
-129.9689      53.92964
-129.9735      53.92938
-129.9944      53.93344
-130           53.93783
-130.0078      53.9439
 1 
 1             58            
1
 -9999.0   ,   9990.0
   7
 9 
-132.0493      53.9366
-132.0541      53.93187
-132.0618      53.92945
-132.0727      53.92955
-132.0805      53.93288
-132.0822      53.93874
-132.0757      53.93946
-132.067       53.93528
-132.0493      53.9366
 1 
 1             59            
1
 -9999.0   ,   9990.0
   7
 6 
-132.022       53.91471
-132.0175      53.91367
-132.0157      53.91081
-132.0206      53.89788
-132.0279      53.89625
-132.022       53.91471
 1 
 1             60            
1
 -9999.0   ,   9990.0
   7
 11 
-132.685       53.88868
-132.6821      53.89467
-132.6794      53.89524
-132.6572      53.90657
-132.6528      53.90646
-132.6507      53.90064
-132.6638      53.89821
-132.6681      53.89488
-132.6761      53.88709
-132.6802      53.88653
-132.685       53.88868
 1 
 1             61            
1
 -9999.0   ,   9990.0
   7
 6 
-129.67        53.89129
-129.6715      53.88846
-129.6912      53.88553
-129.6973      53.88703
-129.6925      53.89073
-129.67        53.89129
 1 
 1             62            
1
 -9999.0   ,   9990.0
   7
 6 
-129.7815      53.8869
-129.7976      53.87797
-129.7991      53.88018
-129.7948      53.8873
-129.7901      53.8894
-129.7815      53.8869
 1 
 1             63            
1
 -9999.0   ,   9990.0
   7
 6 
-130.4038      53.87343
-130.4014      53.87702
-130.3837      53.87729
-130.3816      53.87426
-130.3986      53.8726
-130.4038      53.87343
 1 
 1             64            
1
 -9999.0   ,   9990.0
   7
 7 
-129.4713      53.86638
-129.4565      53.87589
-129.4409      53.8758
-129.4356      53.87403
-129.4398      53.87105
-129.4536      53.86733
-129.4713      53.86638
 1 
 1             65            
1
 -9999.0   ,   9990.0
   7
 13 
-129.9218      53.86607
-129.9173      53.86977
-129.8891      53.87254
-129.8805      53.86982
-129.8687      53.87348
-129.8631      53.87058
-129.852       53.87099
-129.8487      53.8698
-129.8524      53.8666
-129.8721      53.86594
-129.8809      53.86039
-129.9009      53.86154
-129.9218      53.86607
 1 
 1             66            
1
 -9999.0   ,   9990.0
   7
 17 
-132.715       53.8683
-132.7105      53.86566
-132.7109      53.85734
-132.7179      53.85723
-132.7268      53.84984
-132.7434      53.83237
-132.757       53.81215
-132.7617      53.81223
-132.7698      53.81894
-132.7699      53.82239
-132.7545      53.83354
-132.7468      53.84201
-132.7452      53.85227
-132.7412      53.85512
-132.7281      53.85895
-132.7197      53.86676
-132.715       53.8683
 1 
 1             67            
1
 -9999.0   ,   9990.0
   7
 8 
-132.6807      53.84801
-132.6822      53.8426
-132.6896      53.83601
-132.6925      53.8367
-132.695       53.83881
-132.6892      53.84272
-132.6873      53.84772
-132.6807      53.84801
 1 
 1             68            
1
 -9999.0   ,   9990.0
   7
 5 
-131.9849      53.83649
-131.9802      53.82879
-131.9836      53.82301
-131.9889      53.83159
-131.9849      53.83649
 1 
 1             69            
1
 -9999.0   ,   9990.0
   7
 48 
-132.4744      53.76929
-132.4876      53.76226
-132.4946      53.76056
-132.5065      53.76537
-132.5107      53.7632
-132.5176      53.76266
-132.523       53.7643
-132.5342      53.76387
-132.5373      53.76063
-132.5458      53.75673
-132.5417      53.75223
-132.5433      53.74933
-132.5523      53.74769
-132.5773      53.73788
-132.592       53.73579
-132.5988      53.73663
-132.6169      53.73955
-132.6592      53.74423
-132.6645      53.74012
-132.6726      53.73993
-132.685       53.73455
-132.7039      53.71897
-132.7136      53.71726
-132.716       53.71914
-132.7145      53.72111
-132.6914      53.73726
-132.6673      53.74727
-132.6484      53.7497
-132.6354      53.74706
-132.6229      53.74852
-132.6143      53.7469
-132.6065      53.74499
-132.5979      53.74638
-132.5859      53.74825
-132.5803      53.751
-132.5799      53.75633
-132.5746      53.75859
-132.5722      53.76339
-132.5248      53.7789
-132.5037      53.78908
-132.4837      53.79688
-132.4791      53.79724
-132.483       53.78865
-132.4946      53.78497
-132.5149      53.7714
-132.4912      53.77003
-132.4788      53.7717
-132.4744      53.76929
 1 
 1             70            
1
 -9999.0   ,   9990.0
   7
 29 
-129.2498      53.77778
-129.2292      53.78335
-129.2213      53.78194
-129.1941      53.78403
-129.1897      53.79342
-129.1856      53.79478
-129.185       53.79407
-129.1828      53.79149
-129.1847      53.78314
-129.1775      53.78145
-129.1599      53.78052
-129.1557      53.77799
-129.1458      53.77666
-129.1396      53.77423
-129.1485      53.77148
-129.1602      53.77202
-129.1724      53.76819
-129.1831      53.76741
-129.1976      53.77376
-129.2054      53.77405
-129.2109      53.7717
-129.2155      53.77169
-129.2234      53.77816
-129.233       53.77743
-129.2397      53.77548
-129.2467      53.77099
-129.2525      53.77069
-129.2542      53.77426
-129.2498      53.77778
 1 
 1             71            
1
 -9999.0   ,   9990.0
   7
 6 
-132.434       53.75565
-132.4418      53.76102
-132.4378      53.76733
-132.4307      53.76858
-132.4267      53.76658
-132.434       53.75565
 1 
 1             72            
1
 -9999.0   ,   9990.0
   7
 8 
-130.1951      53.76653
-130.1857      53.76824
-130.1758      53.76699
-130.1615      53.7628
-130.1669      53.75996
-130.1703      53.76182
-130.1806      53.7612
-130.1951      53.76653
 1 
 1             73            
1
 -9999.0   ,   9990.0
   7
 11 
-129.8065      53.7589
-129.8071      53.7646
-129.7866      53.76462
-129.7725      53.76261
-129.7701      53.75943
-129.7718      53.75824
-129.7862      53.76028
-129.7894      53.75574
-129.7935      53.75505
-129.8034      53.75632
-129.8065      53.7589
 1 
 1             74            
1
 -9999.0   ,   9990.0
   7
 10 
-129.6579      53.74935
-129.674       53.74318
-129.6882      53.74285
-129.6932      53.74486
-129.6928      53.74741
-129.688       53.75017
-129.6849      53.749
-129.675       53.74954
-129.6629      53.75159
-129.6579      53.74935
 1 
 1             75            
1
 -9999.0   ,   9990.0
   7
 5 
-129.9832      53.74784
-129.9728      53.73903
-129.9794      53.73452
-129.9827      53.74029
-129.9832      53.74784
 1 
 1             76            
1
 -9999.0   ,   9990.0
   7
 7 
-129.2917      53.69394
-129.2962      53.70058
-129.2889      53.71425
-129.2866      53.74412
-129.2828      53.74429
-129.2804      53.72076
-129.2917      53.69394
 1 
 1             77            
1
 -9999.0   ,   9990.0
   7
 21 
-132.0427      53.6384
-132.0485      53.63815
-132.0496      53.63811
-132.0572      53.64282
-132.0584      53.64498
-132.0612      53.65035
-132.0654      53.65188
-132.0671      53.65474
-132.0599      53.6661
-132.046       53.67432
-132.0427      53.68734
-132.0498      53.71105
-132.0513      53.72521
-132.0566      53.73033
-132.0544      53.7344
-132.0467      53.73844
-132.0372      53.68139
-132.0391      53.67565
-132.0497      53.66204
-132.0516      53.65246
-132.0427      53.6384
 1 
 1             78            
1
 -9999.0   ,   9990.0
   7
 8 
-129.6684      53.6841
-129.6729      53.6756
-129.685       53.67238
-129.6881      53.66782
-129.6916      53.66654
-129.6947      53.66913
-129.6768      53.68547
-129.6684      53.6841
 1 
 1             79            
1
 -9999.0   ,   9990.0
   7
 16 
-129.4474      53.67163
-129.4523      53.66915
-129.4619      53.66823
-129.4805      53.67309
-129.492       53.6727
-129.5097      53.66967
-129.5152      53.67488
-129.5216      53.67659
-129.5367      53.67691
-129.5416      53.67871
-129.5389      53.68115
-129.5287      53.68239
-129.5197      53.68174
-129.5032      53.67759
-129.4824      53.67781
-129.4474      53.67163
 1 
 1             80            
1
 -9999.0   ,   9990.0
   7
 8 
-130.2428      53.6693
-130.2531      53.66873
-130.2526      53.67339
-130.2416      53.67786
-130.2349      53.67668
-130.2273      53.67789
-130.2286      53.67008
-130.2428      53.6693
 1 
 1             81            
1
 -9999.0   ,   9990.0
   7
 15 
-130.3155      53.64818
-130.3129      53.65213
-130.3057      53.65482
-130.2618      53.65972
-130.2422      53.66547
-130.2326      53.66216
-130.2628      53.65584
-130.2676      53.65326
-130.2728      53.65373
-130.2799      53.64948
-130.2842      53.65156
-130.292       53.65189
-130.3021      53.65089
-130.3083      53.647
-130.3155      53.64818
 1 
 1             82            
1
 -9999.0   ,   9990.0
   7
 9 
-129.4024      53.6474
-129.4083      53.63918
-129.4179      53.63222
-129.4205      53.62429
-129.4273      53.62301
-129.4296      53.6254
-129.4271      53.63218
-129.4085      53.64587
-129.4024      53.6474
 1 
 1             83            
1
 -9999.0   ,   9990.0
   7
 7 
-129.1083      53.63606
-129.1037      53.6363
-129.0914      53.62845
-129.0931      53.62721
-129.0961      53.62683
-129.1081      53.63217
-129.1083      53.63606
 1 
 1             84            
1
 -9999.0   ,   9990.0
   7
 28 
-129.6215      53.63045
-129.6027      53.62491
-129.5934      53.61717
-129.5827      53.61547
-129.572       53.61079
-129.5587      53.6122
-129.5349      53.62038
-129.507       53.62213
-129.4957      53.62506
-129.4884      53.63167
-129.4789      53.63393
-129.4762      53.63049
-129.4775      53.62642
-129.489       53.62074
-129.5048      53.61923
-129.5053      53.61892
-129.5128      53.61494
-129.5301      53.61423
-129.5385      53.61125
-129.5517      53.6096
-129.5556      53.6071
-129.556       53.60226
-129.5662      53.60101
-129.5759      53.60163
-129.5854      53.60523
-129.5907      53.60998
-129.6015      53.61444
-129.6215      53.63045
 1 
 1             85            
1
 -9999.0   ,   9990.0
   7
 13 
-132.5375      53.62725
-132.534       53.62407
-132.5391      53.61538
-132.5547      53.60561
-132.5565      53.5981
-132.5662      53.58811
-132.5742      53.58401
-132.59        53.58044
-132.5928      53.5823
-132.5841      53.59036
-132.5726      53.5975
-132.5687      53.60242
-132.5375      53.62725
 1 
 1             86            
1
 -9999.0   ,   9990.0
   7
 12 
-129.6992      53.62506
-129.6843      53.61677
-129.6768      53.61255
-129.6627      53.60164
-129.6486      53.59761
-129.6343      53.58808
-129.6188      53.58229
-129.6179      53.57913
-129.6216      53.57846
-129.6389      53.58255
-129.6678      53.59746
-129.6992      53.62506
 1 
 1             87            
1
 -9999.0   ,   9990.0
   7
 14 
-129.7538      53.62106
-129.7588      53.60931
-129.757       53.60254
-129.7587      53.59648
-129.7799      53.59283
-129.7878      53.57999
-129.7893      53.58211
-129.7874      53.5939
-129.7729      53.60324
-129.7713      53.60792
-129.7753      53.61365
-129.7714      53.62007
-129.7628      53.62194
-129.7538      53.62106
 1 
 1             88            
1
 -9999.0   ,   9990.0
   7
 6 
-129.1578      53.61083
-129.1442      53.6097
-129.1227      53.59748
-129.1207      53.594
-129.1325      53.59609
-129.1578      53.61083
 1 
 1             89            
1
 -9999.0   ,   9990.0
   7
 6 
-130.1626      53.60533
-130.1823      53.60093
-130.1847      53.60354
-130.1821      53.60691
-130.1718      53.60753
-130.1626      53.60533
 1 
 1             90            
1
 -9999.0   ,   9990.0
   7
 13 
-129.5457      53.55605
-129.5456      53.56018
-129.5514      53.57019
-129.5455      53.5845
-129.5507      53.59956
-129.5446      53.59941
-129.5355      53.5871
-129.5337      53.57803
-129.5393      53.56695
-129.5353      53.5612
-129.5348      53.55504
-129.5432      53.55481
-129.5457      53.55605
 1 
 1             91            
1
 -9999.0   ,   9990.0
   7
 6 
-129.3692      53.58852
-129.3727      53.58604
-129.3825      53.58712
-129.4033      53.59792
-129.3847      53.59434
-129.3692      53.58852
 1 
 1             92            
1
 -9999.0   ,   9990.0
   7
 7 
-129.7179      53.5919
-129.7222      53.58065
-129.7203      53.57364
-129.726       53.57264
-129.7301      53.58387
-129.7269      53.58841
-129.7179      53.5919
 1 
 1             93            
1
 -9999.0   ,   9990.0
   7
 6 
-130.1299      53.58777
-130.116       53.5902
-130.1148      53.58752
-130.1178      53.5823
-130.1221      53.58066
-130.1299      53.58777
 1 
 1             94            
1
 -9999.0   ,   9990.0
   7
 14 
-130.3395      53.58154
-130.3312      53.57746
-130.321       53.57753
-130.3143      53.57285
-130.3157      53.57075
-130.3254      53.57274
-130.3303      53.57195
-130.3328      53.56625
-130.3364      53.56756
-130.3392      53.57448
-130.3409      53.57439
-130.3389      53.57753
-130.3428      53.58085
-130.3395      53.58154
 1 
 1             95            
1
 -9999.0   ,   9990.0
   7
 13 
-128.6373      53.57493
-128.63        53.57229
-128.6179      53.57057
-128.6108      53.56679
-128.611       53.56265
-128.6212      53.56401
-128.6512      53.57244
-128.7017      53.56728
-128.7111      53.5682
-128.6965      53.57417
-128.664       53.57893
-128.6528      53.57854
-128.6373      53.57493
 1 
 1             96            
1
 -9999.0   ,   9990.0
   7
 16 
-129.5247      53.55239
-129.5075      53.55396
-129.499       53.55795
-129.4965      53.56653
-129.4914      53.57139
-129.4829      53.57346
-129.4628      53.57317
-129.4478      53.57834
-129.4463      53.57109
-129.4566      53.56756
-129.4668      53.56631
-129.488       53.56631
-129.4931      53.55334
-129.5118      53.54658
-129.5213      53.54568
-129.5247      53.55239
 1 
 1             97            
1
 -9999.0   ,   9990.0
   7
 11 
-130.3201      53.55862
-130.3235      53.55382
-130.3384      53.55335
-130.3517      53.55667
-130.3569      53.56002
-130.3619      53.56867
-130.3583      53.57463
-130.3529      53.57014
-130.3506      53.5634
-130.3393      53.55858
-130.3201      53.55862
 1 
 1             98            
1
 -9999.0   ,   9990.0
   7
 6 
-130.3058      53.56064
-130.3061      53.56911
-130.2934      53.56047
-130.2978      53.55906
-130.2982      53.5572
-130.3058      53.56064
 1 
 1             99            
1
 -9999.0   ,   9990.0
   7
 7 
-129.6984      53.55424
-129.7078      53.55279
-129.724       53.55281
-129.7303      53.55471
-129.7269      53.55712
-129.7082      53.55781
-129.6984      53.55424
 1 
 1             100           
1
 -9999.0   ,   9990.0
   7
 36 
-129.4353      53.54379
-129.4134      53.52449
-129.3954      53.51238
-129.3848      53.51341
-129.3731      53.52
-129.3636      53.52326
-129.3513      53.52368
-129.3505      53.52334
-129.3329      53.51641
-129.3343      53.51312
-129.3389      53.51265
-129.3456      53.51642
-129.3617      53.5135
-129.3701      53.50296
-129.3653      53.49405
-129.3666      53.48756
-129.3816      53.46934
-129.3724      53.45975
-129.3854      53.46157
-129.3937      53.45157
-129.4008      53.45133
-129.4011      53.45618
-129.3977      53.45988
-129.3922      53.46579
-129.3887      53.47583
-129.3794      53.48275
-129.3778      53.48994
-129.3822      53.49911
-129.3883      53.50337
-129.4319      53.50593
-129.4341      53.50806
-129.4319      53.51173
-129.4151      53.51293
-129.4151      53.5182
-129.4372      53.53931
-129.4353      53.54379
 1 
 1             101           
1
 -9999.0   ,   9990.0
   7
 6 
-129.4526      53.50937
-129.4647      53.51507
-129.4743      53.53105
-129.469       53.53043
-129.4547      53.51493
-129.4526      53.50937
 1 
 1             102           
1
 -9999.0   ,   9990.0
   7
 6 
-132.724       53.52598
-132.7169      53.52068
-132.7254      53.51745
-132.7441      53.51435
-132.7341      53.52334
-132.724       53.52598
 1 
 1             103           
1
 -9999.0   ,   9990.0
   7
 14 
-129.6597      53.51672
-129.6301      53.51722
-129.6191      53.51577
-129.5954      53.50268
-129.6088      53.49665
-129.6074      53.50252
-129.6174      53.50508
-129.6251      53.51245
-129.6343      53.51172
-129.6381      53.49783
-129.6448      53.49705
-129.6458      53.51176
-129.6532      53.51227
-129.6597      53.51672
 1 
 1             104           
1
 -9999.0   ,   9990.0
   7
 12 
-130.2258      53.51271
-130.2153      53.50738
-130.2194      53.50437
-130.2531      53.50326
-130.258       53.50043
-130.2623      53.50063
-130.2682      53.50394
-130.2766      53.50572
-130.2706      53.50861
-130.2503      53.51191
-130.2454      53.51037
-130.2258      53.51271
 1 
 1             105           
1
 -9999.0   ,   9990.0
   7
 7 
-128.4211      53.50115
-128.4265      53.49518
-128.4319      53.49241
-128.4347      53.49686
-128.4315      53.50159
-128.4236      53.50286
-128.4211      53.50115
 1 
 1             106           
1
 -9999.0   ,   9990.0
   7
 7 
-129.7866      53.49421
-129.8361      53.49126
-129.8449      53.49335
-129.8078      53.50172
-129.8002      53.49752
-129.7856      53.49828
-129.7866      53.49421
 1 
 1             107           
1
 -9999.0   ,   9990.0
   7
 13 
-129.4374      53.49761
-129.4289      53.49536
-129.4279      53.48862
-129.432       53.48015
-129.4371      53.48056
-129.4405      53.4829
-129.4521      53.48571
-129.4658      53.48474
-129.4698      53.48799
-129.4528      53.49278
-129.443       53.48896
-129.4346      53.48964
-129.4374      53.49761
 1 
 1             108           
1
 -9999.0   ,   9990.0
   7
 13 
-129.2953      53.48333
-129.3129      53.48308
-129.3237      53.48847
-129.3316      53.48713
-129.3374      53.48774
-129.3402      53.48278
-129.3445      53.48072
-129.3481      53.48947
-129.345       53.49467
-129.3392      53.49659
-129.3284      53.49647
-129.3082      53.49044
-129.2953      53.48333
 1 
 1             109           
1
 -9999.0   ,   9990.0
   7
 8 
-129.7125      53.49312
-129.6923      53.49448
-129.6848      53.49307
-129.6732      53.48294
-129.6766      53.48023
-129.6883      53.48852
-129.7046      53.48944
-129.7125      53.49312
 1 
 1             110           
1
 -9999.0   ,   9990.0
   7
 7 
-130.2844      53.47518
-130.2917      53.47703
-130.2966      53.48545
-130.2963      53.48799
-130.2947      53.49399
-130.2837      53.47981
-130.2844      53.47518
 1 
 1             111           
1
 -9999.0   ,   9990.0
   7
 9 
-129.8373      53.47273
-129.8349      53.47906
-129.8241      53.48093
-129.8074      53.48838
-129.8013      53.48833
-129.8048      53.48303
-129.8148      53.48031
-129.8241      53.47417
-129.8373      53.47273
 1 
 1             112           
1
 -9999.0   ,   9990.0
   7
 26 
-129.5324      53.46758
-129.5558      53.46515
-129.5611      53.45958
-129.574       53.45864
-129.5791      53.45653
-129.5942      53.45707
-129.6052      53.46105
-129.6144      53.46122
-129.6167      53.46339
-129.6155      53.46575
-129.6101      53.46834
-129.6139      53.46957
-129.6276      53.47402
-129.6385      53.47415
-129.6429      53.47277
-129.6498      53.46146
-129.6543      53.46743
-129.6396      53.47977
-129.6251      53.48058
-129.6165      53.47945
-129.5823      53.46461
-129.5709      53.46547
-129.5582      53.47052
-129.5419      53.47211
-129.5336      53.47027
-129.5324      53.46758
 1 
 1             113           
1
 -9999.0   ,   9990.0
   7
 8 
-130.0844      53.47322
-130.0888      53.46975
-130.1078      53.46586
-130.1145      53.46248
-130.121       53.46232
-130.1189      53.46589
-130.1082      53.47066
-130.0844      53.47322
 1 
 1             114           
1
 -9999.0   ,   9990.0
   7
 13 
-129.2746      53.4686
-129.2786      53.46525
-129.2917      53.46379
-129.3087      53.45547
-129.3105      53.45288
-129.2994      53.45342
-129.2989      53.45011
-129.3028      53.44824
-129.3148      53.44851
-129.315       53.45558
-129.2922      53.46794
-129.2793      53.47022
-129.2746      53.4686
 1 
 1             115           
1
 -9999.0   ,   9990.0
   7
 5 
-130.2313      53.46349
-130.2415      53.46241
-130.2495      53.46675
-130.2395      53.46689
-130.2313      53.46349
 1 
 1             116           
1
 -9999.0   ,   9990.0
   7
 10 
-129.7594      53.44735
-129.7574      53.45136
-129.7325      53.45355
-129.7268      53.45202
-129.7141      53.45304
-129.7109      53.45175
-129.7153      53.44859
-129.7331      53.44914
-129.7547      53.44619
-129.7594      53.44735
 1 
 1             117           
1
 -9999.0   ,   9990.0
   7
 7 
-132.1141      53.4378
-132.1186      53.43538
-132.1254      53.43463
-132.1275      53.43724
-132.126       53.43942
-132.1185      53.44045
-132.1141      53.4378
 1 
 1             118           
1
 -9999.0   ,   9990.0
   7
 5 
-129.7212      53.42526
-129.6935      53.43518
-129.6807      53.43494
-129.7031      53.42668
-129.7212      53.42526
 1 
 1             119           
1
 -9999.0   ,   9990.0
   7
 10 
-129.3565      53.43113
-129.3534      53.43283
-129.3405      53.4308
-129.3316      53.43326
-129.3149      53.43461
-129.3134      53.43239
-129.314       53.42869
-129.3384      53.42626
-129.355       53.42855
-129.3565      53.43113
 1 
 1             120           
1
 -9999.0   ,   9990.0
   7
 23 
-129.5178      53.40578
-129.5196      53.41004
-129.5176      53.41405
-129.5293      53.42304
-129.5323      53.42975
-129.5378      53.43416
-129.5258      53.43011
-129.5198      53.42378
-129.5106      53.41833
-129.5048      53.40856
-129.4832      53.402
-129.4793      53.40539
-129.469       53.40811
-129.4659      53.40428
-129.4673      53.37919
-129.4736      53.37733
-129.4772      53.38711
-129.4735      53.38996
-129.4741      53.39435
-129.4793      53.39698
-129.4893      53.39692
-129.5109      53.40593
-129.5178      53.40578
 1 
 1             121           
1
 -9999.0   ,   9990.0
   7
 14 
-129.0299      53.43174
-129.0233      53.43116
-129.0082      53.42482
-129.0053      53.42061
-129.0064      53.41758
-129.0145      53.41488
-129.0181      53.40232
-129.0212      53.4001
-129.0247      53.40038
-129.0267      53.40601
-129.0213      53.41705
-129.0218      53.42069
-129.029       53.42812
-129.0299      53.43174
 1 
 1             122           
1
 -9999.0   ,   9990.0
   7
 5 
-129.7352      53.42281
-129.7482      53.42046
-129.7621      53.42541
-129.7449      53.42616
-129.7352      53.42281
 1 
 1             123           
1
 -9999.0   ,   9990.0
   7
 7 
-129.6155      53.41163
-129.6206      53.41456
-129.6188      53.4245
-129.6082      53.41662
-129.5954      53.41107
-129.5997      53.40906
-129.6155      53.41163
 1 
 1             124           
1
 -9999.0   ,   9990.0
   7
 6 
-128.6781      53.4233
-128.6585      53.41243
-128.6562      53.40911
-128.6633      53.4019
-128.667       53.40996
-128.6781      53.4233
 1 
 1             125           
1
 -9999.0   ,   9990.0
   7
 7 
-129.7967      53.41508
-129.7935      53.41303
-129.8056      53.40391
-129.8153      53.38866
-129.8198      53.39378
-129.8107      53.40855
-129.7967      53.41508
 1 
 1             126           
1
 -9999.0   ,   9990.0
   7
 8 
-130.0827      53.39777
-130.0773      53.40254
-130.0602      53.40774
-130.0579      53.40534
-130.0619      53.40396
-130.0631      53.39899
-130.075       53.39644
-130.0827      53.39777
 1 
 1             127           
1
 -9999.0   ,   9990.0
   7
 7 
-129.0924      53.40197
-129.0854      53.40118
-129.0781      53.3956
-129.0807      53.39226
-129.086       53.39153
-129.0908      53.39609
-129.0924      53.40197
 1 
 1             128           
1
 -9999.0   ,   9990.0
   7
 25 
-130.0933      53.39447
-130.0998      53.39275
-130.1042      53.3894
-130.1055      53.38486
-130.126       53.38332
-130.1721      53.38701
-130.1541      53.37752
-130.1548      53.37398
-130.1634      53.37448
-130.1793      53.38273
-130.1868      53.38808
-130.2027      53.38855
-130.2044      53.39251
-130.2148      53.3998
-130.2075      53.40098
-130.1826      53.39149
-130.1678      53.39075
-130.1609      53.3921
-130.1476      53.38837
-130.1326      53.38905
-130.1205      53.392
-130.1145      53.39059
-130.1048      53.39539
-130.0952      53.39651
-130.0933      53.39447
 1 
 1             129           
1
 -9999.0   ,   9990.0
   7
 5 
-129.9791      53.38306
-129.9862      53.38403
-129.9792      53.39063
-129.9664      53.38748
-129.9791      53.38306
 1 
 1             130           
1
 -9999.0   ,   9990.0
   7
 19 
-129.5461      53.35768
-129.5527      53.3635
-129.5693      53.3713
-129.5665      53.35839
-129.5718      53.35763
-129.576       53.36038
-129.5771      53.36743
-129.5923      53.37347
-129.5975      53.37776
-129.6004      53.38725
-129.583       53.37559
-129.5631      53.376
-129.5581      53.37353
-129.5468      53.37768
-129.5486      53.36923
-129.5417      53.36626
-129.5396      53.36537
-129.5394      53.36171
-129.5461      53.35768
 1 
 1             131           
1
 -9999.0   ,   9990.0
   7
 5 
-128.7463      53.38416
-128.7686      53.3785
-128.7616      53.38663
-128.7536      53.38678
-128.7463      53.38416
 1 
 1             132           
1
 -9999.0   ,   9990.0
   7
 15 
-128.4002      53.38645
-128.3934      53.38469
-128.3879      53.37762
-128.3854      53.36949
-128.3659      53.35182
-128.332       53.34078
-128.3069      53.33662
-128.3097      53.33397
-128.3187      53.33334
-128.3647      53.34271
-128.3706      53.34955
-128.3875      53.35931
-128.3998      53.3741
-128.3982      53.38288
-128.4002      53.38645
 1 
 1             133           
1
 -9999.0   ,   9990.0
   7
 10 
-128.9988      53.37078
-129.0037      53.37374
-129.0009      53.38068
-129.0099      53.37869
-129.023       53.37809
-129.0261      53.38111
-129.0098      53.38577
-128.996       53.38442
-128.9917      53.3812
-128.9988      53.37078
 1 
 1             134           
1
 -9999.0   ,   9990.0
   7
 8 
-129.1012      53.37746
-129.0947      53.37779
-129.0732      53.37225
-129.0554      53.37227
-129.0494      53.36739
-129.0886      53.36985
-129.0983      53.3737
-129.1012      53.37746
 1 
 1             135           
1
 -9999.0   ,   9990.0
   7
 7 
-129.4899      53.35869
-129.4916      53.34735
-129.5078      53.35313
-129.5117      53.3559
-129.5149      53.36775
-129.5005      53.35811
-129.4899      53.35869
 1 
 1             136           
1
 -9999.0   ,   9990.0
   7
 18 
-129.942       53.33568
-129.9433      53.33361
-130           53.33582
-130.0012      53.33587
-130.0323      53.33565
-130.0363      53.33701
-130.0384      53.34492
-130.0144      53.34588
-130           53.35028
-129.9958      53.35157
-129.9792      53.35346
-129.9755      53.3515
-129.9831      53.34658
-129.9727      53.34034
-129.9671      53.33845
-129.9632      53.33986
-129.9559      53.33992
-129.942       53.33568
 1 
 1             137           
1
 -9999.0   ,   9990.0
   7
 21 
-132.2592      53.33567
-132.2652      53.32945
-132.2665      53.32336
-132.2723      53.31093
-132.2781      53.30588
-132.2926      53.30014
-132.2965      53.30007
-132.3106      53.29943
-132.3234      53.30188
-132.3211      53.30529
-132.3017      53.31187
-132.2886      53.31425
-132.288       53.31728
-132.2841      53.32959
-132.2865      53.33378
-132.285       53.33735
-132.2835      53.34115
-132.2759      53.34681
-132.2695      53.34754
-132.2664      53.33695
-132.2592      53.33567
 1 
 1             138           
1
 -9999.0   ,   9990.0
   7
 8 
-128.7652      53.32047
-128.7637      53.32284
-128.7577      53.32427
-128.7475      53.32522
-128.745       53.32374
-128.7503      53.31776
-128.7564      53.31769
-128.7652      53.32047
 1 
 1             139           
1
 -9999.0   ,   9990.0
   7
 16 
-129.8405      53.29907
-129.8422      53.29585
-129.8888      53.29561
-129.9021      53.29269
-129.9271      53.2872
-129.9352      53.28879
-129.9518      53.28655
-129.969       53.29615
-129.9442      53.29674
-129.9368      53.29372
-129.9248      53.29554
-129.9099      53.2956
-129.8922      53.30176
-129.8769      53.29922
-129.8508      53.29803
-129.8405      53.29907
 1 
 1             140           
1
 -9999.0   ,   9990.0
   7
 7 
-130.0093      53.28245
-130.011       53.28848
-130.0024      53.29643
-130           53.29478
-130.001       53.29023
-130.0047      53.28425
-130.0093      53.28245
 1 
 1             141           
1
 -9999.0   ,   9990.0
   7
 8 
-129.6467      53.27914
-129.643       53.2822
-129.6274      53.28433
-129.6229      53.28677
-129.6212      53.28464
-129.626       53.27997
-129.644       53.27617
-129.6467      53.27914
 1 
 1             142           
1
 -9999.0   ,   9990.0
   7
 8 
-130.0111      53.2639
-130.0193      53.25724
-130.0224      53.26153
-130.0203      53.26922
-130.0169      53.27485
-130.0096      53.27721
-130.0085      53.27259
-130.0111      53.2639
 1 
 1             143           
1
 -9999.0   ,   9990.0
   7
 8 
-128.4137      53.26193
-128.4096      53.25707
-128.4104      53.25407
-128.414       53.25282
-128.4213      53.25608
-128.4235      53.26079
-128.4215      53.26615
-128.4137      53.26193
 1 
 1             144           
1
 -9999.0   ,   9990.0
   7
 46 
-129.0541      53.24441
-129.0486      53.24882
-129.0373      53.25008
-129.0315      53.24924
-129.0192      53.24344
-128.9815      53.23608
-128.9642      53.23271
-128.9543      53.22748
-128.9127      53.21168
-128.9071      53.2067
-128.8997      53.19515
-128.9014      53.19048
-128.8955      53.1839
-128.8788      53.17877
-128.857       53.17619
-128.8438      53.1773
-128.8287      53.18125
-128.822       53.18216
-128.81        53.18378
-128.7742      53.19265
-128.7854      53.18499
-128.7984      53.18275
-128.8244      53.17483
-128.8434      53.17388
-128.848       53.17182
-128.8541      53.17174
-128.8678      53.17405
-128.8913      53.1754
-128.9022      53.17967
-128.9065      53.18936
-128.911       53.19962
-128.9199      53.20835
-128.9319      53.20385
-128.9371      53.20565
-128.9381      53.21294
-128.9515      53.21822
-128.9633      53.21831
-128.9666      53.22525
-128.9728      53.22883
-128.9837      53.23035
-128.9924      53.23517
-129.0098      53.23109
-129.0194      53.23106
-129.037       53.23979
-129.0479      53.24084
-129.0541      53.24441
 1 
 1             145           
1
 -9999.0   ,   9990.0
   7
 18 
-129.8165      53.24325
-129.8155      53.24106
-129.8284      53.23591
-129.8209      53.2352
-129.8191      53.23336
-129.8233      53.23082
-129.8345      53.22949
-129.8403      53.22755
-129.8429      53.22212
-129.8553      53.22035
-129.8576      53.22518
-129.8642      53.22846
-129.8636      53.23194
-129.8503      53.23248
-129.8431      53.24253
-129.831       53.24093
-129.8198      53.24456
-129.8165      53.24325
 1 
 1             146           
1
 -9999.0   ,   9990.0
   7
 10 
-129.3091      53.19324
-129.3148      53.19163
-129.3351      53.19153
-129.3386      53.19046
-129.3398      53.19454
-129.3344      53.19466
-129.3284      53.19694
-129.3212      53.19509
-129.3149      53.19539
-129.3091      53.19324
 1 
 1             147           
1
 -9999.0   ,   9990.0
   7
 18 
-128.7042      53.15333
-128.7189      53.1424
-128.7196      53.13916
-128.7146      53.13276
-128.7145      53.12887
-128.7083      53.12321
-128.7152      53.1231
-128.7236      53.12888
-128.7362      53.13194
-128.7463      53.13076
-128.7619      53.11986
-128.7712      53.11888
-128.7582      53.12427
-128.7504      53.13537
-128.7243      53.1371
-128.7263      53.14319
-128.7232      53.14815
-128.7042      53.15333
 1 
 1             148           
1
 -9999.0   ,   9990.0
   7
 8 
-128.705       53.11237
-128.7098      53.10572
-128.7216      53.09988
-128.7294      53.09835
-128.732       53.10052
-128.7312      53.10354
-128.7161      53.11
-128.705       53.11237
 1 
 1             149           
1
 -9999.0   ,   9990.0
   7
 22 
-131.8617      53.10447
-131.8719      53.09864
-131.8972      53.09514
-131.9105      53.0893
-131.9199      53.08836
-131.945       53.09867
-131.958       53.09838
-131.9708      53.09601
-131.9727      53.09566
-132.0059      53.09543
-132.0146      53.09846
-132.013       53.1018
-132.0071      53.10294
-131.9896      53.10151
-131.9821      53.10415
-131.9619      53.10246
-131.9436      53.10453
-131.9284      53.10131
-131.9079      53.10216
-131.8927      53.10652
-131.879       53.10848
-131.8617      53.10447
 1 
 1             150           
1
 -9999.0   ,   9990.0
   7
 42 
-128.7077      53.06435
-128.7207      53.06509
-128.7376      53.06909
-128.7488      53.0674
-128.7589      53.06301
-128.7592      53.05956
-128.7498      53.05222
-128.7491      53.04722
-128.7551      53.04624
-128.7569      53.05165
-128.7712      53.05576
-128.7761      53.05231
-128.7812      53.05114
-128.7838      53.04758
-128.7826      53.04444
-128.7867      53.04079
-128.7988      53.03745
-128.8043      53.03351
-128.7998      53.02869
-128.8026      53.02099
-128.8146      53.02783
-128.8166      53.02901
-128.8194      53.03253
-128.8118      53.04093
-128.8003      53.04333
-128.7948      53.04772
-128.7943      53.05531
-128.7684      53.06323
-128.7599      53.06777
-128.7573      53.07133
-128.7584      53.07633
-128.7626      53.07907
-128.774       53.07999
-128.7899      53.079
-128.7827      53.08159
-128.774       53.08367
-128.761       53.08113
-128.7597      53.08204
-128.7468      53.07528
-128.7368      53.07431
-128.7264      53.0733
-128.7077      53.06435
 1 
 1             151           
1
 -9999.0   ,   9990.0
   7
 13 
-132.0692      53.0616
-132.1065      53.05183
-132.1272      53.04405
-132.1377      53.04367
-132.1359      53.05186
-132.1257      53.0561
-132.1209      53.06223
-132.0983      53.06369
-132.0952      53.06989
-132.0656      53.0681
-132.0604      53.06549
-132.0619      53.06331
-132.0692      53.0616
 1 
 1             152           
1
 -9999.0   ,   9990.0
   7
 16 
-128.5853      53.06862
-128.5892      53.05492
-128.5958      53.04727
-128.5972      53.0401
-128.6018      53.03484
-128.6128      53.02905
-128.6369      53.02446
-128.6423      53.02466
-128.6343      53.03031
-128.6244      53.03308
-128.6073      53.04214
-128.6057      53.05276
-128.6021      53.05728
-128.5943      53.06177
-128.5917      53.06786
-128.5853      53.06862
 1 
 1             153           
1
 -9999.0   ,   9990.0
   7
 26 
-128.4705      53.02166
-128.4755      53.02269
-128.4777      53.01847
-128.484       53.01771
-128.4897      53.01447
-128.4957      53.01419
-128.4968      53.01666
-128.4948      53.01907
-128.4935      53.0207
-128.4737      53.02558
-128.4681      53.03243
-128.4602      53.03348
-128.4324      53.0208
-128.4269      53.01097
-128.4177      53.00704
-128.4103      53.00578
-128.4085      53.00312
-128.4105      53.00165
-128.4214      53.00069
-128.4305      53.00324
-128.4354      53.00577
-128.4426      53.01781
-128.4509      53.01995
-128.4576      53.02467
-128.4689      53.02437
-128.4705      53.02166
 1 
 1             154           
1
 -9999.0   ,   9990.0
   7
 8 
-131.8483      52.98887
-131.8308      52.97905
-131.8195      52.96491
-131.8222      52.96208
-131.8328      52.97407
-131.8404      52.97764
-131.8503      52.98649
-131.8483      52.98887
 1 
 1             155           
1
 -9999.0   ,   9990.0
   7
 9 
-129.0661      52.96782
-129.0701      52.97151
-129.0697      52.97428
-129.0462      52.98295
-129.0298      52.98712
-129.0277      52.98612
-129.0528      52.97392
-129.056       52.9743
-129.0661      52.96782
 1 
 1             156           
1
 -9999.0   ,   9990.0
   7
 8 
-128.817       52.98178
-128.8181      52.97599
-128.822       52.97122
-128.8288      52.96519
-128.8347      52.9637
-128.835       52.96613
-128.8226      52.98127
-128.817       52.98178
 1 
 1             157           
1
 -9999.0   ,   9990.0
   7
 21 
-129.0616      52.96133
-129.0407      52.96294
-129.0281      52.96725
-129.0029      52.96946
-128.9986      52.96853
-128.9975      52.96034
-128.9999      52.95563
-129.0005      52.95577
-129.0093      52.95767
-129.0129      52.96207
-129.0512      52.95701
-129.0656      52.95237
-129.0868      52.95336
-129.1135      52.94886
-129.1203      52.96108
-129.1042      52.9553
-129.0966      52.95686
-129.0793      52.95711
-129.0695      52.96125
-129.0633      52.9604
-129.0616      52.96133
 1 
 1             158           
1
 -9999.0   ,   9990.0
   7
 5 
-128.0681      52.96747
-128.051       52.96385
-128.0223      52.94841
-128.0207      52.94116
-128.0681      52.96747
 1 
 1             159           
1
 -9999.0   ,   9990.0
   7
 7 
-128.2774      52.95351
-128.2817      52.95483
-128.2932      52.96508
-128.2777      52.96234
-128.2727      52.95936
-128.2728      52.95706
-128.2774      52.95351
 1 
 1             160           
1
 -9999.0   ,   9990.0
   7
 6 
-128           52.94105
-128.0004      52.94083
-128.0013      52.93873
-128.0063      52.95478
-128           52.96163
-128           52.94105
 1 
 1             161           
1
 -9999.0   ,   9990.0
   7
 5 
-128.9096      52.94541
-128.9021      52.92891
-128.9102      52.92916
-128.9132      52.93573
-128.9096      52.94541
 1 
 1             162           
1
 -9999.0   ,   9990.0
   7
 7 
-132.1129      52.93482
-132.0985      52.92995
-132.0973      52.92083
-132.1007      52.91677
-132.1049      52.92416
-132.1123      52.93027
-132.1129      52.93482
 1 
 1             163           
1
 -9999.0   ,   9990.0
   7
 8 
-128.1773      52.93398
-128.1628      52.92876
-128.158       52.92392
-128.1511      52.92285
-128.1439      52.91653
-128.1516      52.91504
-128.1593      52.91585
-128.1773      52.93398
 1 
 1             164           
1
 -9999.0   ,   9990.0
   7
 8 
-128.5848      52.92545
-128.5756      52.92474
-128.5679      52.92076
-128.5644      52.91474
-128.5656      52.91216
-128.5705      52.9117
-128.5754      52.91467
-128.5848      52.92545
 1 
 1             165           
1
 -9999.0   ,   9990.0
   7
 23 
-128.34        52.85713
-128.342       52.85246
-128.3503      52.8491
-128.3548      52.84249
-128.36        52.84523
-128.3633      52.85034
-128.3628      52.85793
-128.367       52.86117
-128.3615      52.86623
-128.3794      52.88442
-128.3708      52.89169
-128.3672      52.89942
-128.3675      52.90787
-128.3523      52.90697
-128.3452      52.905
-128.3549      52.9009
-128.363       52.8907
-128.3628      52.88955
-128.3607      52.87726
-128.3508      52.86832
-128.3533      52.86363
-128.35        52.85599
-128.34        52.85713
 1 
 1             166           
1
 -9999.0   ,   9990.0
   7
 6 
-128.5826      52.88546
-128.5831      52.88978
-128.5637      52.90308
-128.5606      52.90002
-128.5638      52.88933
-128.5826      52.88546
 1 
 1             167           
1
 -9999.0   ,   9990.0
   7
 5 
-128.8702      52.88792
-128.8694      52.88475
-128.8743      52.88221
-128.8892      52.8819
-128.8702      52.88792
 1 
 1             168           
1
 -9999.0   ,   9990.0
   7
 5 
-128.1822      52.88576
-128.1707      52.88787
-128.1651      52.88537
-128.1772      52.88231
-128.1822      52.88576
 1 
 1             169           
1
 -9999.0   ,   9990.0
   7
 4 
-128.0019      52.88565
-128           52.88567
-128           52.88495
-128.0019      52.88565
 1 
 1             170           
1
 -9999.0   ,   9990.0
   7
 7 
-128.3077      52.86845
-128.3145      52.87754
-128.315       52.88141
-128.3093      52.88464
-128.3095      52.88005
-128.2999      52.86949
-128.3077      52.86845
 1 
 1             171           
1
 -9999.0   ,   9990.0
   7
 6 
-128.5893      52.87598
-128.6227      52.87178
-128.6019      52.8795
-128.5941      52.88056
-128.5897      52.87871
-128.5893      52.87598
 1 
 1             172           
1
 -9999.0   ,   9990.0
   7
 19 
-129.0136      52.84237
-129.0127      52.85026
-129.0073      52.85414
-129.0099      52.85806
-129.0008      52.86103
-128.9876      52.86249
-128.9468      52.87628
-128.9388      52.87771
-128.9326      52.87573
-128.935       52.87236
-128.9442      52.86725
-128.9561      52.86671
-128.9603      52.86375
-128.993       52.85699
-128.9735      52.85423
-128.9788      52.85162
-129.0009      52.85103
-129.009       52.8432
-129.0136      52.84237
 1 
 1             173           
1
 -9999.0   ,   9990.0
   7
 7 
-132.1992      52.86433
-132.2018      52.86597
-132.1997      52.86866
-132.1813      52.87149
-132.1641      52.87628
-132.1636      52.8724
-132.1992      52.86433
 1 
 1             174           
1
 -9999.0   ,   9990.0
   7
 6 
-128.584       52.86775
-128.5836      52.87281
-128.5621      52.87189
-128.5705      52.86817
-128.5805      52.86677
-128.584       52.86775
 1 
 1             175           
1
 -9999.0   ,   9990.0
   7
 8 
-128.318       52.8602
-128.3205      52.85573
-128.3247      52.85577
-128.3277      52.8593
-128.3316      52.86324
-128.3296      52.86814
-128.3241      52.86634
-128.318       52.8602
 1 
 1             176           
1
 -9999.0   ,   9990.0
   7
 9 
-129.0744      52.8287
-129.0822      52.83838
-129.0877      52.85633
-129.0749      52.84037
-129.0628      52.8426
-129.0588      52.83891
-129.0612      52.83672
-129.0697      52.83559
-129.0744      52.8287
 1 
 1             177           
1
 -9999.0   ,   9990.0
   7
 6 
-128.6676      52.84091
-128.6627      52.84155
-128.6416      52.81759
-128.6487      52.81859
-128.6677      52.839
-128.6676      52.84091
 1 
 1             178           
1
 -9999.0   ,   9990.0
   7
 11 
-128.8527      52.83814
-128.8576      52.83515
-128.8723      52.83166
-128.8775      52.83369
-128.8886      52.82671
-128.9002      52.82567
-128.9054      52.8277
-128.8993      52.83237
-128.862       52.83974
-128.856       52.84004
-128.8527      52.83814
 1 
 1             179           
1
 -9999.0   ,   9990.0
   7
 13 
-128.9438      52.81476
-128.9253      52.81845
-128.9008      52.81877
-128.8814      52.81791
-128.8741      52.81461
-128.8765      52.81243
-128.8874      52.81211
-128.8947      52.81565
-128.9285      52.81417
-128.9352      52.81016
-128.9408      52.8101
-128.9457      52.8126
-128.9438      52.81476
 1 
 1             180           
1
 -9999.0   ,   9990.0
   7
 7 
-129.2571      52.80419
-129.253       52.79936
-129.254       52.79312
-129.2566      52.7877
-129.2614      52.78676
-129.2639      52.79328
-129.2571      52.80419
 1 
 1             181           
1
 -9999.0   ,   9990.0
   7
 7 
-128.0789      52.78494
-128.0723      52.79301
-128.0631      52.7957
-128.0617      52.79302
-128.0668      52.78844
-128.0703      52.78623
-128.0789      52.78494
 1 
 1             182           
1
 -9999.0   ,   9990.0
   7
 21 
-128.9734      52.77252
-128.9576      52.77578
-128.922       52.77935
-128.8872      52.77838
-128.8671      52.7806
-128.8553      52.78189
-128.8309      52.78051
-128.8282      52.77906
-128.8351      52.77458
-128.843       52.77337
-128.8525      52.77656
-128.8638      52.7769
-128.8904      52.77377
-128.9004      52.77481
-128.9256      52.77099
-128.934       52.77194
-128.9471      52.77082
-128.9524      52.76392
-128.9548      52.76332
-128.9598      52.77017
-128.9734      52.77252
 1 
 1             183           
1
 -9999.0   ,   9990.0
   7
 6 
-128.5803      52.76005
-128.5915      52.76864
-128.5967      52.77949
-128.5825      52.76884
-128.5796      52.76417
-128.5803      52.76005
 1 
 1             184           
1
 -9999.0   ,   9990.0
   7
 10 
-128.975       52.74303
-128.9804      52.74665
-128.9793      52.74946
-128.9741      52.74996
-128.9651      52.74537
-128.9572      52.74577
-128.955       52.74314
-128.9587      52.73997
-128.9713      52.7407
-128.975       52.74303
 1 
 1             185           
1
 -9999.0   ,   9990.0
   7
 6 
-128.3809      52.72486
-128.3641      52.72661
-128.3606      52.7231
-128.3624      52.71913
-128.3672      52.7189
-128.3809      52.72486
 1 
 1             186           
1
 -9999.0   ,   9990.0
   7
 6 
-129.1999      52.72268
-129.1911      52.72194
-129.1782      52.71792
-129.1804      52.71568
-129.1879      52.71501
-129.1999      52.72268
 1 
 1             187           
1
 -9999.0   ,   9990.0
   7
 8 
-128.0253      52.70505
-128.0143      52.70529
-128.0068      52.70195
-128.0033      52.69752
-128.0056      52.69147
-128.0114      52.68985
-128.0159      52.6995
-128.0253      52.70505
 1 
 1             188           
1
 -9999.0   ,   9990.0
   7
 8 
-128           52.66669
-128.0038      52.66659
-128.0091      52.66407
-128.0237      52.64918
-128.0181      52.66368
-128.0106      52.67018
-128           52.67184
-128           52.66669
 1 
 1             189           
1
 -9999.0   ,   9990.0
   7
 6 
-128.0731      52.66134
-128.1239      52.65357
-128.127       52.65733
-128.1274      52.66396
-128.1143      52.66087
-128.0731      52.66134
 1 
 1             190           
1
 -9999.0   ,   9990.0
   7
 11 
-128.1692      52.66039
-128.1593      52.66247
-128.1441      52.64582
-128.1413      52.63838
-128.1321      52.63375
-128.132       52.62963
-128.1418      52.62966
-128.1458      52.63199
-128.1632      52.65613
-128.1714      52.65468
-128.1692      52.66039
 1 
 1             191           
1
 -9999.0   ,   9990.0
   7
 14 
-128           52.64657
-128.0045      52.63381
-128.0035      52.62561
-128.0032      52.6231
-128.0059      52.6207
-128.017       52.61907
-128.013       52.62337
-128.0227      52.63852
-128.0199      52.64025
-128.0123      52.64287
-128.0107      52.64866
-128.002       52.6543
-128           52.65229
-128           52.64657
 1 
 1             192           
1
 -9999.0   ,   9990.0
   7
 23 
-128.4108      52.5988
-128.41        52.60033
-128.4004      52.60191
-128.3873      52.59931
-128.374       52.60153
-128.3683      52.59812
-128.363       52.59814
-128.3629      52.59883
-128.3624      52.60229
-128.3589      52.60451
-128.3566      52.61906
-128.3517      52.62501
-128.3469      52.62546
-128.3441      52.62123
-128.355       52.58843
-128.3656      52.58863
-128.3765      52.59431
-128.3929      52.59585
-128.4034      52.58529
-128.4071      52.58625
-128.4085      52.5887
-128.4023      52.59609
-128.4108      52.5988
 1 
 1             193           
1
 -9999.0   ,   9990.0
   7
 7 
-128.1526      52.57242
-128.1635      52.58472
-128.1729      52.60056
-128.168       52.60137
-128.1589      52.59363
-128.1524      52.58155
-128.1526      52.57242
 1 
 1             194           
1
 -9999.0   ,   9990.0
   7
 10 
-128.3311      52.58311
-128.3343      52.58306
-128.3324      52.59061
-128.3266      52.59569
-128.3158      52.59642
-128.3088      52.59444
-128.3046      52.59143
-128.3054      52.58887
-128.3224      52.58924
-128.3311      52.58311
 1 
 1             195           
1
 -9999.0   ,   9990.0
   7
 8 
-128           52.57684
-128           52.55836
-128.0075      52.56658
-128.0143      52.58301
-128.0136      52.58647
-128.0086      52.58531
-128.0018      52.57866
-128           52.57684
 1 
 1             196           
1
 -9999.0   ,   9990.0
   7
 9 
-128.147       52.56407
-128.1411      52.56491
-128.1368      52.56233
-128.1327      52.55182
-128.1236      52.54181
-128.1377      52.54578
-128.1438      52.54964
-128.142       52.55968
-128.147       52.56407
 1 
 1             197           
1
 -9999.0   ,   9990.0
   7
 5 
-128.6077      52.56421
-128.6163      52.54751
-128.619       52.5478
-128.6132      52.56022
-128.6077      52.56421
 1 
 1             198           
1
 -9999.0   ,   9990.0
   7
 20 
-128.3017      52.55284
-128.307       52.54962
-128.314       52.54885
-128.3192      52.5454
-128.3288      52.54702
-128.3373      52.54594
-128.3516      52.54849
-128.3591      52.55181
-128.3682      52.55186
-128.3723      52.55487
-128.368       52.55697
-128.3698      52.55964
-128.3664      52.56069
-128.3622      52.55903
-128.3549      52.56026
-128.3501      52.55819
-128.3404      52.5584
-128.3329      52.55554
-128.305       52.55521
-128.3017      52.55284
 1 
 1             199           
1
 -9999.0   ,   9990.0
   7
 6 
-128.62        52.54567
-128.5799      52.543
-128.583       52.54125
-128.6062      52.54065
-128.617       52.53268
-128.62        52.54567
 1 
 1             200           
1
 -9999.0   ,   9990.0
   7
 10 
-128.1136      52.49005
-128.124       52.49858
-128.1278      52.51161
-128.1269      52.51488
-128.1228      52.51372
-128.1208      52.51102
-128.1132      52.50899
-128.1105      52.50634
-128.1106      52.49443
-128.1136      52.49005
 1 
 1             201           
1
 -9999.0   ,   9990.0
   7
 7 
-131.6247      52.50708
-131.6235      52.50354
-131.6373      52.50193
-131.6451      52.50337
-131.6444      52.50507
-131.6314      52.51125
-131.6247      52.50708
 1 
 1             202           
1
 -9999.0   ,   9990.0
   7
 8 
-131.5434      52.50325
-131.5648      52.49403
-131.5739      52.4901
-131.5697      52.49634
-131.5629      52.50077
-131.5448      52.5053
-131.544       52.50614
-131.5434      52.50325
 1 
 1             203           
1
 -9999.0   ,   9990.0
   7
 8 
-128.9667      52.4837
-128.9633      52.4988
-128.9671      52.50434
-128.9658      52.50578
-128.9609      52.50558
-128.9571      52.49454
-128.9587      52.4901
-128.9667      52.4837
 1 
 1             204           
1
 -9999.0   ,   9990.0
   7
 9 
-128.7251      52.45393
-128.7136      52.4435
-128.7122      52.4383
-128.7173      52.43736
-128.7236      52.44232
-128.7329      52.4414
-128.7348      52.44497
-128.7284      52.45285
-128.7251      52.45393
 1 
 1             205           
1
 -9999.0   ,   9990.0
   7
 8 
-128.7064      52.40305
-128.7089      52.40477
-128.6989      52.4142
-128.6939      52.41352
-128.6918      52.4118
-128.6952      52.40865
-128.702       52.40373
-128.7064      52.40305
 1 
 1             206           
1
 -9999.0   ,   9990.0
   7
 8 
-128.0199      52.38718
-128.0271      52.38779
-128.0305      52.39405
-128.0451      52.41036
-128.044       52.41339
-128.0369      52.41369
-128.0271      52.40313
-128.0199      52.38718
 1 
 1             207           
1
 -9999.0   ,   9990.0
   7
 11 
-128.2663      52.32679
-128.2703      52.33127
-128.2646      52.33851
-128.2658      52.34457
-128.2631      52.34742
-128.2587      52.33936
-128.2498      52.33515
-128.2481      52.33278
-128.2524      52.33108
-128.26        52.33229
-128.2663      52.32679
 1 
 1             208           
1
 -9999.0   ,   9990.0
   7
 6 
-128.1189      52.31744
-128.1283      52.31841
-128.1393      52.32628
-128.1419      52.33578
-128.1349      52.33357
-128.1189      52.31744
 1 
 1             209           
1
 -9999.0   ,   9990.0
   7
 8 
-131.4885      52.31792
-131.4955      52.32086
-131.4911      52.32509
-131.4733      52.33192
-131.4673      52.32821
-131.4719      52.32488
-131.4775      52.31504
-131.4885      52.31792
 1 
 1             210           
1
 -9999.0   ,   9990.0
   7
 10 
-128.2653      52.32202
-128.2596      52.30607
-128.269       52.31057
-128.2673      52.30332
-128.2738      52.30366
-128.2806      52.31075
-128.2797      52.31285
-128.2721      52.31563
-128.2711      52.31995
-128.2653      52.32202
 1 
 1             211           
1
 -9999.0   ,   9990.0
   7
 7 
-131.1418      52.29975
-131.1558      52.29114
-131.1601      52.2906
-131.164       52.29331
-131.1433      52.30396
-131.1426      52.30447
-131.1418      52.29975
 1 
 1             212           
1
 -9999.0   ,   9990.0
   7
 9 
-131.4582      52.27941
-131.458       52.28425
-131.4547      52.28657
-131.4394      52.28699
-131.4285      52.29122
-131.4265      52.28815
-131.4325      52.2845
-131.4423      52.28102
-131.4582      52.27941
 1 
 1             213           
1
 -9999.0   ,   9990.0
   7
 7 
-131.273       52.15382
-131.271       52.15741
-131.2642      52.15905
-131.2608      52.16251
-131.2574      52.15838
-131.2633      52.15405
-131.273       52.15382
 1 
 1             214           
1
 -9999.0   ,   9990.0
   7
 10 
-128.2005      52.12601
-128.2085      52.12945
-128.2094      52.12424
-128.2119      52.12556
-128.2112      52.13309
-128.2166      52.14133
-128.2257      52.14753
-128.2261      52.15262
-128.2113      52.1465
-128.2005      52.12601
 1 
 1             215           
1
 -9999.0   ,   9990.0
   7
 6 
-128.0199      52.11761
-128.0228      52.11977
-128.0204      52.12148
-128.0069      52.12345
-128.0114      52.1173
-128.0199      52.11761
 1 
 1             216           
1
 -9999.0   ,   9990.0
   7
 15 
-128.0794      52.03459
-128.0828      52.02529
-128.09        52.02507
-128.0917      52.0123
-128.0871      52.00815
-128.0851      52.00045
-128.0877      51.99071
-128.0945      51.98903
-128.0964      51.99193
-128.0924      51.99921
-128.1002      52.00917
-128.0976      52.02443
-128.0936      52.03489
-128.0891      52.03806
-128.0794      52.03459
 1 
 1             217           
1
 -9999.0   ,   9990.0
   7
 6 
-128.1898      51.95458
-128.1802      51.95094
-128.1807      51.94652
-128.1875      51.94578
-128.19        51.94849
-128.1898      51.95458
 1 
 1             218           
1
 -9999.0   ,   9990.0
   7
 9 
-128.0835      51.85987
-128.0869      51.86018
-128.0928      51.86633
-128.101       51.87032
-128.0977      51.87367
-128.0901      51.87218
-128.0867      51.86843
-128.0786      51.86536
-128.0835      51.85987
 1 
 1             219           
1
 -9999.0   ,   9990.0
   7
 8 
-128.0455      51.60463
-128.0476      51.60549
-128.0454      51.60842
-128.038       51.60997
-128.0279      51.61541
-128.0248      51.6149
-128.0305      51.60659
-128.0455      51.60463
 1 
 1             220           
1
 -9999.0   ,   9990.0
   7
 15 
-128.0303      51.49478
-128.044       51.50337
-128.0533      51.50654
-128.0586      51.50412
-128.0622      51.50461
-128.0677      51.50943
-128.0603      51.51068
-128.0371      51.51009
-128.0205      51.51541
-128.0102      51.51586
-128.006       51.51467
-128.02        51.50833
-128.0338      51.5068
-128.0357      51.50443
-128.0303      51.49478
 1 
 1             221           
1
 -9999.0   ,   9990.0
   7
 10 
-128.1928      50.72142
-128.1989      50.72091
-128.2008      50.72196
-128.2147      50.73231
-128.2157      50.73501
-128.2124      50.73723
-128.2063      50.73775
-128.1973      50.72832
-128.1892      50.72457
-128.1928      50.72142
 1 
 1             222           
1
 -9999.0   ,   9990.0
   7
 7 
-128.1752      50.70941
-128.1795      50.70944
-128.1862      50.71417
-128.1871      50.71848
-128.1819      50.71735
-128.1764      50.71302
-128.1752      50.70941
 1 
 1             223           
1
 -9999.0   ,   9990.0
   7
 8 
-128.0796      50.50309
-128.0843      50.4873
-128.0895      50.48958
-128.0956      50.49892
-128.0953      50.50282
-128.0875      50.50662
-128.0825      50.50661
-128.0796      50.50309
