 15 
 1             1 
1
 -9999.0   ,   9990.0 
 320 
 5             36.81339 
 5.011083      36.81053 
 5.013834      36.80814 
 5.014667      36.80084 
 5.01675       36.79956 
 5.029555      36.79625 
 5.032639      36.7945 
 5.037305      36.79181 
 5.068028      36.78478 
 5.082083      36.78361 
 5.087555      36.77906 
 5.093028      36.77839 
 5.095695      36.78103 
 5.100194      36.78172 
 5.106444      36.77258 
 5.102583      36.76483 
 5.103333      36.76236 
 5.102028      36.76092 
 5.093333      36.76281 
 5.089694      36.75995 
 5.083361      36.75497 
 5.081972      36.75253 
 5.081361      36.75145 
 5.077139      36.75078 
 5.076278      36.74706 
 5.079556      36.73345 
 5.078778      36.72859 
 5.102417      36.70195 
 5.151556      36.67625 
 5.199333      36.66122 
 5.217694      36.65545 
 5.268972      36.64267 
 5.300305      36.64228 
 5.339278      36.64611 
 5.364861      36.64636 
 5.375583      36.65189 
 5.399         36.65844 
 5.40675       36.65861 
 5.408667      36.65867 
 5.413417      36.65589 
 5.417778      36.66272 
 5.423528      36.65794 
 5.427528      36.65745 
 5.429806      36.66167 
 5.429889      36.66834 
 5.434556      36.67083 
 5.439639      36.67153 
 5.441472      36.66953 
 5.450111      36.66831 
 5.464556      36.66942 
 5.473028      36.67439 
 5.475194      36.67997 
 5.481278      36.67842 
 5.487167      36.67983 
 5.491222      36.68275 
 5.498639      36.68239 
 5.505667      36.68775 
 5.507056      36.69242 
 5.516417      36.69306 
 5.521806      36.69742 
 5.525861      36.70033 
 5.5255        36.70583 
 5.531528      36.70519 
 5.538167      36.708 
 5.540167      36.71611 
 5.549417      36.7225 
 5.55125       36.74528 
 5.564889      36.75828 
 5.570416      36.76909 
 5.575528      36.77389 
 5.590416      36.78119 
 5.592556      36.78747 
 5.599361      36.78364 
 5.601917      36.78314 
 5.605139      36.7825 
 5.627222      36.78461 
 5.646306      36.793 
 5.658667      36.80409 
 5.671472      36.80464 
 5.676944      36.80808 
 5.682167      36.81519 
 5.691945      36.81789 
 5.69          36.82583 
 5.693056      36.82711 
 5.700333      36.82467 
 5.723945      36.82981 
 5.728361      36.82834 
 5.735389      36.82914 
 5.738722      36.83478 
 5.759472      36.83248 
 5.766667      36.83167 
 5.767416      36.83159 
 5.768611      36.83145 
 5.772167      36.82906 
 5.775445      36.82278 
 5.777056      36.82153 
 5.779361      36.81972 
 5.786778      36.81936 
 5.797945      36.81453 
 5.815111      36.81778 
 5.822861      36.8175 
 5.83425       36.81695 
 5.860917      36.82333 
 5.908805      36.82803 
 5.928139      36.83317 
 5.958         36.83875 
 5.999389      36.84706 
 6.030167      36.85653 
 6.051139      36.86334 
 6.079056      36.87611 
 6.093806      36.88336 
 6.140611      36.89708 
 6.149445      36.90181 
 6.16575       36.90128 
 6.184972      36.90867 
 6.195556      36.90839 
 6.21325       36.91319 
 6.223528      36.91881 
 6.244472      36.9302 
 6.249278      36.93542 
 6.251417      36.94261 
 6.257167      36.94673 
 6.262472      36.95864 
 6.257389      36.96211 
 6.254167      36.97322 
 6.244         36.98067 
 6.241333      36.98261 
 6.239333      36.98736 
 6.242         36.99067 
 6.246722      36.99292 
 6.250889      37.00408 
 6.260972      37.01225 
 6.261917      37.02514 
 6.273167      37.03289 
 6.282306      37.03583 
 6.306278      37.04353 
 6.313167      37.04792 
 6.335556      37.07056 
 6.341778      37.07208 
 6.353028      37.07486 
 6.364444      37.08008 
 6.386         37.08294 
 6.40425       37.08867 
 6.406917      37.08714 
 6.413222      37.08714 
 6.431028      37.0855 
 6.448639      37.08775 
 6.468583      37.09372 
 6.473028      37.09114 
 6.487945      37.09053 
 6.497361      37.08581 
 6.513306      37.07147 
 6.519722      37.05931 
 6.528722      37.05689 
 6.535555      37.05714 
 6.543361      37.06061 
 6.545694      37.06 
 6.546444      37.05684 
 6.5405        37.04536 
 6.539389      37.03961 
 6.544861      37.03406 
 6.555028      37.03075 
 6.563611      37.03586 
 6.567639      37.03556 
 6.569806      37.03264 
 6.564528      37.01939 
 6.564972      37.01642 
 6.568167      37.01561 
 6.574778      37.0202 
 6.579083      37.01989 
 6.582139      37.01634 
 6.56925       37.0067 
 6.5675        37.00422 
 6.565278      37.00106 
 6.567417      36.99311 
 6.572         36.988 
 6.587056      36.97889 
 6.609139      36.97736 
 6.615334      36.97681 
 6.618166      36.97928 
 6.627306      36.97914 
 6.624166      36.97397 
 6.625195      36.97059 
 6.637944      36.96231 
 6.644917      36.96506 
 6.651583      36.96347 
 6.655445      36.96589 
 6.663917      36.95678 
 6.672806      36.95639 
 6.679555      36.96328 
 6.685667      36.9557 
 6.68975       36.95445 
 6.696167      36.95672 
 6.700833      36.95506 
 6.70675       36.95639 
 6.714667      36.95253 
 6.733722      36.95386 
 6.7405        36.95547 
 6.743667      36.96017 
 6.745555      36.96758 
 6.751917      36.96572 
 6.751417      36.95953 
 6.754472      36.95572 
 6.757889      36.95561 
 6.768722      36.95048 
 6.773861      36.95039 
 6.784806      36.95397 
 6.78975       36.95781 
 6.795361      36.95936 
 6.804806      36.95922 
 6.815361      36.95384 
 6.824444      36.95439 
 6.835556      36.96047 
 6.845806      36.96103 
 6.847028      36.95947 
 6.845167      36.95625 
 6.842834      36.95222 
 6.84325       36.94972 
 6.85025       36.94147 
 6.854361      36.93908 
 6.873445      36.93947 
 6.877222      36.93845 
 6.879667      36.92981 
 6.884833      36.92356 
 6.884         36.91206 
 6.878528      36.90775 
 6.886944      36.89908 
 6.902889      36.89225 
 6.915694      36.88675 
 6.917278      36.88608 
 6.932944      36.88636 
 6.933861      36.88522 
 6.945389      36.88814 
 6.967556      36.88997 
 7.007361      36.89789 
 7.056917      36.91664 
 7.066028      36.9167 
 7.071278      36.92006 
 7.081695      36.92303 
 7.089305      36.9252 
 7.108194      36.92372 
 7.122944      36.91386 
 7.128833      36.91564 
 7.142833      36.91514 
 7.149944      36.92133 
 7.173666      36.92639 
 7.182833      36.93172 
 7.184195      36.93289 
 7.216         36.96022 
 7.230639      36.97053 
 7.240445      36.98045 
 7.243861      36.98522 
 7.251972      36.99661 
 7.25725       37.01808 
 7.255639      37.02811 
 7.253194      37.0315 
 7.247334      37.03453 
 7.2445        37.04017 
 7.221445      37.05028 
 7.210834      37.05731 
 7.204778      37.05825 
 7.189528      37.07247 
 7.184444      37.07553 
 7.181889      37.07706 
 7.179972      37.08092 
 7.172222      37.08206 
 7.169556      37.08381 
 7.171722      37.0845 
 7.175194      37.08558 
 7.1855        37.08519 
 7.194833      37.08111 
 7.212917      37.09153 
 7.216333      37.09072 
 7.224195      37.08886 
 7.233361      37.0887 
 7.248389      37.08478 
 7.255778      37.0795 
 7.265666      37.07633 
 7.268417      37.07253 
 7.277         37.07231 
 7.282028      37.07475 
 7.2855        37.07967 
 7.283916      37.08306 
 7.296111      37.08503 
 7.30425       37.08153 
 7.323222      37.07342 
 7.332778      37.07095 
 7.34275       37.07147 
 7.356805      37.07692 
 7.366528      37.07628 
 7.371472      37.08078 
 7.370917      37.08717 
 7.378         37.08828 
 7.38075       37.09042 
 7.386806      37.08944 
 7.390695      37.08567 
 7.395583      37.08489 
 7.391139      37.07606 
 7.384028      37.06897 
 7.385056      37.06511 
 7.392833      37.05753 
 7.398278      37.05514 
 7.403611      37.05278 
 7.409889      37.04631 
 7.415667      37.04534 
 7.432445      37.04647 
 7.446861      37.05034 
 7.464778      37.05197 
 7.475083      37.05134 
 7.48725       37.04778 
 7.500417      37.04722 
 7.506805      37.04486 
 7.518306      37.03625 
 7.527361      37.02525 
 7.534667      37.02056 
 7.549972      37.01072 
 7.55525       37.00078 
 7.596556      36.97622 
 7.61075       36.97131 
 7.624833      36.96917 
 1             2 
1
 -9999.0   ,   9990.0 
 160 
 9.088         39.23003 
 9.091888      39.22434 
 9.092389      39.22364 
 9.093056      39.22264 
 9.096528      39.21756 
 9.104446      39.21836 
 9.114528      39.21414 
 9.120611      39.20831 
 9.140667      39.18911 
 9.150333      39.18992 
 9.153334      39.18653 
 9.157166      39.18659 
 9.161776      39.18984 
 9.16375       39.19353 
 9.158417      39.19597 
 9.156861      39.19986 
 9.158806      39.204 
 9.16625       39.21278 
 9.176056      39.22022 
 9.183168      39.22347 
 9.205139      39.23342 
 9.222472      39.2332 
 9.234361      39.22695 
 9.240334      39.2222 
 9.260056      39.22061 
 9.267167      39.2175 
 9.287694      39.21936 
 9.291222      39.21825 
 9.296056      39.21283 
 9.299889      39.2115 
 9.314944      39.2085 
 9.319139      39.20419 
 9.328         39.20156 
 9.336416      39.19206 
 9.342972      39.18756 
 9.361861      39.18228 
 9.37825       39.17058 
 9.383361      39.16422 
 9.388416      39.162 
 9.392472      39.14947 
 9.39575       39.14722 
 9.399806      39.14908 
 9.404221      39.14823 
 9.417916      39.13945 
 9.430528      39.13958 
 9.432167      39.12978 
 9.436306      39.12892 
 9.438278      39.13328 
 9.444444      39.13267 
 9.450249      39.13592 
 9.456389      39.13622 
 9.466416      39.13428 
 9.468722      39.13636 
 9.477528      39.13667 
 9.484222      39.1395 
 9.490974      39.13933 
 9.501306      39.13556 
 9.503139      39.1317 
 9.506194      39.12531 
 9.503917      39.12164 
 9.500417      39.11978 
 9.504361      39.11317 
 9.507889      39.11206 
 9.513611      39.10503 
 9.524472      39.10356 
 9.518778      39.11036 
 9.524361      39.12528 
 9.537917      39.13892 
 9.542028      39.1385 
 9.544917      39.14036 
 9.556389      39.13981 
 9.567278      39.15408 
 9.568639      39.16594 
 9.568806      39.16736 
 9.572139      39.17814 
 9.577611      39.18347 
 9.576389      39.18689 
 9.577778      39.18986 
 9.57625       39.19353 
 9.565917      39.19661 
 9.564529      39.20942 
 9.568528      39.21517 
 9.566916      39.22386 
 9.570278      39.23281 
 9.569278      39.23919 
 9.57125       39.24381 
 9.571139      39.24975 
 9.577501      39.25689 
 9.587083      39.27964 
 9.600028      39.29508 
 9.612556      39.30231 
 9.623694      39.3047 
 9.631639      39.30431 
 9.630917      39.31209 
 9.617583      39.31722 
 9.603306      39.32714 
 9.599972      39.33328 
 9.598444      39.3527 
 9.600056      39.37247 
 9.600389      39.3765 
 9.619944      39.41969 
 9.629389      39.43578 
 9.641249      39.44917 
 9.641361      39.45992 
 9.645944      39.46684 
 9.643416      39.47686 
 9.644222      39.48281 
 9.641778      39.48736 
 9.64225       39.49492 
 9.635917      39.50286 
 9.631917      39.51242 
 9.638166      39.54378 
 9.638722      39.54656 
 9.641916      39.54911 
 9.648974      39.55031 
 9.650724      39.55239 
 9.649694      39.55947 
 9.655056      39.57528 
 9.651611      39.6395 
 9.647472      39.65706 
 9.648556      39.6628 
 9.657528      39.67361 
 9.660666      39.68075 
 9.658889      39.69878 
 9.661166      39.70453 
 9.6685        39.70664 
 9.676251      39.72067 
 9.672556      39.72953 
 9.674556      39.73414 
 9.674611      39.74831 
 9.671278      39.75375 
 9.672028      39.762 
 9.667972      39.77475 
 9.670056      39.79122 
 9.671472      39.79839 
 9.679361      39.83817 
 9.685139      39.84736 
 9.692139      39.8527 
 9.695         39.85981 
 9.687694      39.87069 
 9.682333      39.87272 
 9.682         39.87545 
 9.685445      39.88233 
 9.681167      39.89053 
 9.685194      39.91478 
 9.688611      39.92397 
 9.709611      39.92619 
 9.712528      39.92967 
 9.712668      39.94017 
 9.704556      39.94697 
 9.699195      39.94714 
 9.69925       39.94417 
 9.702833      39.94261 
 9.702861      39.94053 
 9.698139      39.94006 
 9.693361      39.94228 
 9.690278      39.94845 
 9.684749      39.979 
 9.690389      39.99642 
 9.7           40 
 1             3 
1
 -9999.0   ,   9990.0 
 72 
 8.50025       39.72436 
 8.501833      39.73103 
 8.509167      39.74144 
 8.532084      39.76542 
 8.538305      39.77445 
 8.536722      39.77786 
 8.532333      39.77572 
 8.512806      39.75731 
 8.508389      39.75653 
 8.507139      39.75856 
 8.509694      39.76272 
 8.528722      39.7777 
 8.539194      39.793 
 8.548166      39.81809 
 8.547444      39.84142 
 8.54725       39.84731 
 8.550083      39.86086 
 8.546166      39.87222 
 8.538361      39.88486 
 8.533611      39.89461 
 8.522639      39.90425 
 8.514499      39.90867 
 8.488139      39.90728 
 8.486056      39.90814 
 8.487972      39.91253 
 8.493167      39.91675 
 8.491611      39.91923 
 8.487778      39.91892 
 8.483139      39.91564 
 8.480084      39.90942 
 8.462083      39.90656 
 8.459361      39.90811 
 8.470805      39.91153 
 8.47225       39.91292 
 8.471306      39.91428 
 8.454472      39.91306 
 8.445806      39.90603 
 8.438722      39.90475 
 8.436584      39.89739 
 8.438666      39.89745 
 8.440611      39.90136 
 8.444417      39.90281 
 8.445722      39.89961 
 8.443194      39.895 
 8.445332      39.89345 
 8.458611      39.90397 
 8.462472      39.90383 
 8.462584      39.90064 
 8.448305      39.89258 
 8.440556      39.88489 
 8.437583      39.87684 
 8.437444      39.87195 
 8.437306      39.867 
 8.43275       39.8612 
 8.426501      39.862 
 8.426361      39.86681 
 8.432111      39.87195 
 8.432778      39.87836 
 8.429668      39.88308 
 8.420444      39.89275 
 8.407084      39.90233 
 8.398472      39.90283 
 8.392389      39.90731 
 8.391028      39.91253 
 8.393222      39.91806 
 8.394389      39.95358 
 8.394694      39.96267 
 8.394222      39.96723 
 8.38714       39.97508 
 8.387056      39.97783 
 8.391556      39.98478 
 8.404278      40 
 1             4 
1
 -9999.0   ,   9990.0 
 157 
 8.494667      39.72336 
 8.484917      39.73256 
 8.461028      39.76664 
 8.453749      39.77197 
 8.450194      39.77261 
 8.447278      39.77117 
 8.447111      39.76658 
 8.440778      39.75395 
 8.440194      39.75275 
 8.443111      39.74481 
 8.441639      39.73564 
 8.446305      39.72886 
 8.445139      39.719 
 8.441361      39.71734 
 8.441389      39.71572 
 8.448222      39.71494 
 8.450361      39.71339 
 8.450278      39.70653 
 8.445833      39.68906 
 8.439444      39.6855 
 8.442194      39.68281 
 8.442972      39.67689 
 8.450472      39.67383 
 8.453555      39.66931 
 8.453417      39.6645 
 8.449222      39.65781 
 8.448444      39.64498 
 8.448694      39.63128 
 8.452306      39.62631 
 8.462889      39.61895 
 8.466251      39.60619 
 8.459695      39.58986 
 8.459972      39.57225 
 8.454944      39.56392 
 8.450084      39.54986 
 8.447611      39.54434 
 8.414472      39.503 
 8.405306      39.49458 
 8.392861      39.48772 
 8.396778      39.48506 
 8.386445      39.47731 
 8.380472      39.46186 
 8.38175       39.45914 
 8.396806      39.45097 
 8.411139      39.44322 
 8.409083      39.42558 
 8.40425       39.42022 
 8.399333      39.4087 
 8.382334      39.39761 
 8.376445      39.38859 
 8.378361      39.38406 
 8.376778      39.37922 
 8.37875       39.37283 
 8.386833      39.36842 
 8.384973      39.36245 
 8.388722      39.35586 
 8.392861      39.35572 
 8.395306      39.35325 
 8.391389      39.347 
 8.394444      39.34364 
 8.40675       39.34478 
 8.414251      39.34036 
 8.419167      39.33428 
 8.416722      39.32828 
 8.425778      39.32136 
 8.430944      39.30728 
 8.433444      39.29336 
 8.428778      39.28389 
 8.423944      39.27833 
 8.403778      39.26581 
 8.396556      39.25778 
 8.392444      39.25322 
 8.385805      39.25014 
 8.367778      39.23514 
 8.365556      39.23142 
 8.366778      39.22117 
 8.370806      39.21553 
 8.387028      39.20461 
 8.388861      39.20497 
 8.395194      39.20617 
 8.397694      39.20164 
 8.396916      39.18925 
 8.400361      39.17467 
 8.40425       39.17178 
 8.409222      39.17303 
 8.412444      39.182 
 8.429083      39.167 
 8.432806      39.16067 
 8.435917      39.14609 
 8.434722      39.11997 
 8.437417      39.11864 
 8.447166      39.125 
 8.453111      39.12306 
 8.458         39.12567 
 8.460972      39.12528 
 8.471334      39.11311 
 8.474832      39.10447 
 8.478334      39.09761 
 8.481083      39.09225 
 8.481222      39.08836 
 8.468944      39.06914 
 8.463722      39.0672 
 8.458583      39.07167 
 8.455         39.08259 
 8.456583      39.08811 
 8.4535        39.09334 
 8.447472      39.09825 
 8.433806      39.1037 
 8.4235        39.11358 
 8.415556      39.11434 
 8.386556      39.1092 
 8.385696      39.10903 
 8.383695      39.11103 
 8.376389      39.11839 
 8.372723      39.12289 
 8.367278      39.11934 
 8.357972      39.10772 
 8.350946      39.10758 
 8.353278      39.09092 
 8.34675       39.08461 
 8.361667      39.04167 
 8.371972      39.02264 
 8.374778      39.0202 
 8.381945      39.01392 
 8.38275       39.00706 
 8.394         38.986 
 8.401056      38.97628 
 8.399528      38.96917 
 8.405222      38.96561 
 8.411083      38.96528 
 8.418583      38.96908 
 8.422194      38.96595 
 8.426833      38.96672 
 8.441472      38.97592 
 8.443417      38.97894 
 8.441694      38.98692 
 8.444555      38.98903 
 8.447861      38.99595 
 8.449083      39.00353 
 8.451861      39.026 
 8.455916      39.03661 
 8.464889      39.04892 
 8.463917      39.05211 
 8.459084      39.0472 
 8.454638      39.04917 
 8.459611      39.05775 
 8.467417      39.06156 
 8.486611      39.06672 
 8.488889      39.06859 
 8.485583      39.07128 
 8.487778      39.07544 
 8.484917      39.07884 
 8.48475       39.07903 
 8.487028      39.08181 
 8.490666      39.08625 
 8.494416      39.08792 
 8.500305      39.08756 
 1             5 
1
 -9999.0   ,   9990.0 
 6 
 9.606556      39.13983 
 9.612251      39.14928 
 9.609278      39.15175 
 9.603833      39.14439 
 9.604194      39.1405 
 9.606556      39.13983 
 1             6 
1
 -9999.0   ,   9990.0 
 43 
 8.309667      39.13056 
 8.310306      39.13811 
 8.314278      39.14208 
 8.30975       39.14589 
 8.308945      39.16875 
 8.311361      39.18414 
 8.309972      39.19006 
 8.307861      39.19208 
 8.301444      39.19103 
 8.292222      39.18581 
 8.28339       39.18656 
 8.278751      39.18486 
 8.268945      39.18831 
 8.266         39.18781 
 8.259916      39.17761 
 8.245361      39.17364 
 8.243028      39.17231 
 8.239611      39.17031 
 8.229056      39.17034 
 8.225917      39.16775 
 8.218166      39.15431 
 8.218611      39.1502 
 8.222531      39.14753 
 8.23814       39.14559 
 8.243223      39.14295 
 8.246028      39.1382 
 8.244528      39.13061 
 8.24675       39.12631 
 8.251528      39.12389 
 8.251056      39.12067 
 8.247056      39.11761 
 8.246861      39.11442 
 8.251723      39.10992 
 8.262972      39.10695 
 8.271389      39.10117 
 8.281083      39.10022 
 8.285751      39.10125 
 8.288722      39.09967 
 8.29225       39.1 
 8.296195      39.10442 
 8.30525       39.10553 
 8.308611      39.11017 
 8.309667      39.13056 
 1             7 
1
 -9999.0   ,   9990.0 
 2 
 8.505806      39.08731 
 8.500305      39.08756 
 1             8 
1
 -9999.0   ,   9990.0 
 17 
 8.940472      37.54392 
 8.944583      37.54328 
 8.949722      37.53775 
 8.957361      37.53353 
 8.957945      37.52792 
 8.951528      37.52111 
 8.947222      37.52014 
 8.938945      37.52345 
 8.911639      37.51631 
 8.900666      37.51847 
 8.899222      37.52117 
 8.900278      37.52481 
 8.914611      37.533 
 8.930278      37.534 
 8.933639      37.53567 
 8.936222      37.54114 
 8.940472      37.54392 
 1             9 
1
 -9999.0   ,   9990.0 
 108 
 10            37.2512 
 9.969528      37.25164 
 9.947111      37.25356 
 9.942306      37.25397 
 9.913889      37.25925 
 9.90325       37.26261 
 9.893722      37.26803 
 9.891111      37.27122 
 9.882778      37.27275 
 9.876222      37.26711 
 9.871472      37.26306 
 9.865556      37.25497 
 9.857889      37.25011 
 9.843333      37.24678 
 9.841084      37.24539 
 9.837472      37.23734 
 9.826056      37.23381 
 9.825833      37.23084 
 9.829944      37.22931 
 9.832444      37.22836 
 9.843611      37.22847 
 9.851306      37.23014 
 9.859834      37.23456 
 9.866389      37.23528 
 9.886222      37.22947 
 9.899694      37.22775 
 9.92375       37.22747 
 9.929222      37.22478 
 9.933639      37.21472 
 9.934889      37.20578 
 9.933278      37.19614 
 9.927139      37.18419 
 9.913639      37.16644 
 9.903472      37.15811 
 9.892612      37.15645 
 9.881278      37.14878 
 9.872806      37.14069 
 9.868278      37.13883 
 9.858833      37.13967 
 9.851944      37.14192 
 9.840222      37.14158 
 9.827056      37.14331 
 9.813556      37.14711 
 9.8095        37.1505 
 9.808556      37.1567 
 9.81125       37.16886 
 9.804916      37.17178 
 9.803445      37.17542 
 9.787361      37.17989 
 9.783861      37.18419 
 9.783194      37.18992 
 9.789251      37.20625 
 9.788917      37.20945 
 9.784333      37.21034 
 9.778944      37.20753 
 9.775084      37.21645 
 9.769889      37.21983 
 9.767195      37.21995 
 9.766722      37.21997 
 9.763528      37.22436 
 9.769749      37.22967 
 9.770278      37.22936 
 9.777833      37.22495 
 9.779556      37.22517 
 9.781472      37.23114 
 9.780139      37.23884 
 9.779583      37.24192 
 9.783806      37.24161 
 9.793333      37.24089 
 9.806444      37.24534 
 9.81275       37.24517 
 9.819361      37.24225 
 9.819306      37.24567 
 9.826417      37.24872 
 9.828694      37.25147 
 9.832389      37.25197 
 9.837278      37.25042 
 9.842944      37.25503 
 9.858055      37.25972 
 9.85225       37.26472 
 9.856528      37.26684 
 9.866361      37.26623 
 9.866555      37.26623 
 9.867472      37.26686 
 9.872222      37.27017 
 9.873472      37.27103 
 9.873611      37.27111 
 9.877417      37.27372 
 9.877611      37.27386 
 9.878056      37.28164 
 9.878306      37.28578 
 9.874251      37.29056 
 9.875584      37.29767 
 9.870334      37.3052 
 9.865055      37.33517 
 9.847         37.33433 
 9.836667      37.33656 
 9.824333      37.33645 
 9.812056      37.33336 
 9.799501      37.32936 
9.7895 , 37.329
 9.784333      37.32925 
 9.775139      37.33122 
 9.766472      37.33458 
 9.760111      37.33981 
 9.755944      37.34961 
 9.749944      37.34772 
  9.743918	37.34836 
 1             10 
1
 -9999.0   ,   9990.0 
 8 
 9.787945      37.21884 
 9.799611      37.22353 
 9.803806      37.22975 
 9.805944      37.23914 
 9.799666      37.23864 
 9.794861      37.23425 
 9.787583      37.22386 
 9.787945      37.21884 
 1             11 
1
 -9999.0   ,   9990.0 
 84 
 8.639389      38.86947 
 8.645472      38.87233 
 8.653611      38.87292 
 8.655806      38.88736 
 8.650111      38.89231 
 8.649389      38.89642 
 8.653916      38.90222 
 8.661861      38.90031 
 8.669361      38.90408 
 8.668944      38.9082 
 8.663167      38.91542 
 8.665417      38.91822 
 8.669028      38.91553 
 8.673139      38.91492 
 8.675722      38.91678 
 8.688501      38.91928 
 8.695694      38.924 
 8.700055      38.92431 
 8.702917      38.92686 
 8.706139      38.92669 
 8.708694      38.92948 
 8.715722      38.92936 
 8.722722      38.94025 
 8.725946      38.94031 
 8.738833      38.92953 
 8.744778      38.92642 
 8.754833      38.9227 
 8.778055      38.91828 
 8.77625       38.91 
 8.7885        38.89925 
 8.791833      38.89631 
 8.797305      38.88953 
 8.802         38.88914 
 8.801251      38.89439 
 8.795222      38.9007 
 8.796889      38.90417 
 8.802056      38.90745 
 8.803722      38.90039 
 8.808778      38.89728 
 8.818444      38.89697 
 8.823196      38.89453 
 8.826583      38.88817 
 8.834333      38.88303 
 8.853917      38.88334 
 8.859555      38.89075 
 8.869722      38.89389 
 8.887584      38.90309 
 8.898306      38.90783 
 8.903167      38.91156 
 8.911611      38.92383 
8.9277 , 38.9366
 8.964501      38.96147 
 8.983111      38.97753 
 8.995833      38.98367 
 8.993333      38.99006 
 9.002         38.99431 
 9.008667      38.99736 
 9.010278      38.99167 
 9.014389      38.99081 
 9.020722      39.00692 
 9.019749      39.01147 
 9.02225       39.017 
 9.021417      39.02614 
 9.027944      39.03447 
 9.028972      39.04022 
 9.034222      39.04656 
 9.0395        39.05295 
 9.040584      39.05708 
 9.036195      39.0687 
 9.0245        39.07928 
9.0202 , 39.0854
 9.015972      39.0915 
 9.012389      39.10634 
 9.011194      39.13056 
 9.012972      39.14089 
 9.020251      39.15542 
 9.026222      39.1628 
 9.042222      39.18064 
 9.073611      39.20558 
 9.08825       39.2195 
 9.086889      39.22122 
 9.085528      39.22289 
 9.080528      39.22283 
 9.078417      39.22578 
 1             12 
1
 -9999.0   ,   9990.0 
 60 
 8.639389      38.86947 
 8.635834      38.87056 
 8.634584      38.87306 
 8.643695      38.88189 
 8.641806      38.88667 
 8.642889      38.89928 
 8.639         38.9022 
 8.632556      38.90209 
 8.625417      38.89622 
 8.613972      38.89717 
 8.607195      38.89934 
 8.605861      38.90458 
 8.605972      38.911 
 8.608194      38.9147 
 8.618111      38.9247 
 8.6175        38.93592 
 8.619278      38.94508 
 8.617695      38.94961 
 8.614778      38.95806 
 8.608694      38.96528 
 8.601889      38.96836 
 8.594916      38.96639 
 8.590333      38.96242 
 8.585028      38.96394 
 8.584472      38.97217 
 8.570889      38.98567 
 8.5725        38.99072 
 8.563583      39.00428 
 8.564999      39.01553 
 8.571834      39.02183 
 8.573667      39.02872 
 8.573083      39.03786 
 8.584804      39.0287 
 8.587389      39.03011 
 8.580083      39.03936 
 8.582666      39.05061 
 8.575916      39.0505 
 8.572278      39.04495 
 8.568778      39.04467 
 8.562444      39.05025 
 8.558611      39.05089 
 8.553474      39.05606 
 8.54875       39.05756 
 8.548001      39.05275 
 8.546278      39.05203 
 8.538526      39.056 
 8.534556      39.06142 
 8.53          39.06981 
 8.521361      39.07506 
 8.519167      39.07483 
 8.523194      39.06853 
 8.522083      39.06645 
 8.512083      39.0672 
 8.512555      39.07108 
 8.506389      39.07142 
 8.507196      39.07372 
 8.512944      39.0775 
 8.515417      39.08281 
 8.514055      39.08828 
 8.505806      39.08731 
 1             13 
1
 -9999.0   ,   9990.0 
 5 
 8.500305      39.08756 
 8.495916      39.07834 
 8.499139      39.07817 
 8.503694      39.08259 
 8.505806      39.08731 
 1             14 
1
 -9999.0   ,   9990.0 
 102 
 7.624833      36.96917 
 7.631611      36.97072 
 7.642472      36.97009 
 7.6535        36.97956 
 7.656445      36.98397 
 7.658444      36.98267 
 7.65775       36.97989 
 7.661917      36.97586 
 7.672555      36.97386 
 7.676111      36.97761 
 7.679889      36.97656 
 7.682639      36.97206 
 7.692278      36.96633 
 7.697333      36.96875 
 7.700167      36.96861 
 7.702083      36.9572 
 7.704472      36.9545 
 7.711278      36.95558 
 7.720806      36.95972 
 7.75525       36.96153 
 7.766861      36.96389 
 7.7695        36.96622 
 7.775944      36.97192 
 7.781556      36.97434 
 7.787278      36.97425 
 7.791083      36.97206 
 7.791194      36.96861 
 7.782361      36.96175 
 7.780889      36.95575 
 7.774445      36.95261 
 7.764333      36.93425 
 7.764806      36.92989 
 7.780083      36.9115 
 7.780806      36.90783 
 7.764278      36.88656 
 7.764139      36.88247 
 7.764139      36.88242 
 7.786528      36.86489 
 7.797306      36.85895 
 7.852194      36.84656 
 7.898639      36.84656 
 7.935528      36.85086 
 7.942083      36.85034 
 7.949917      36.84639 
 7.952028      36.8515 
 7.970278      36.85833 
 8.03525       36.87383 
 8.063806      36.88756 
 8.084139      36.89306 
 8.090834      36.89606 
 8.099276      36.89981 
 8.126945      36.91533 
 8.153751      36.92328 
 8.169139      36.93164 
 8.186861      36.93867 
 8.19775       36.94531 
 8.211083      36.94722 
 8.222555      36.95411 
 8.227611      36.95503 
 8.229639      36.95539 
 8.236195      36.95553 
 8.239166      36.9517 
 8.240361      36.94233 
 8.243861      36.94011 
 8.261336      36.93797 
 8.265111      36.93553 
 8.265778      36.93256 
 8.263695      36.92725 
 8.266334      36.92478 
 8.283861      36.92078 
 8.315139      36.92328 
 8.325889      36.92578 
 8.334166      36.9255 
 8.338226      36.92397 
 8.35275       36.9245 
 8.353917      36.92475 
 8.363222      36.92678 
 8.371667      36.92145 
 8.39875       36.92153 
 8.406028      36.91664 
 8.416667      36.90469 
 8.429278      36.90267 
 8.439138      36.90628 
 8.444583      36.90569 
 8.45125       36.90217 
 8.459166      36.90395 
 8.466333      36.90292 
 8.473361      36.9058 
 8.494445      36.90789 
 8.507749      36.90922 
 8.521222      36.91531 
 8.521528      36.91544 
 8.53275       36.92139 
 8.546861      36.926 
 8.548778      36.92645 
 8.549666      36.92667 
 8.599832      36.93845 
 8.607306      36.94547 
 8.610722      36.94575 
 8.618584      36.94017 
 8.634528      36.94161 
 8.641972      36.94692 
 1             15 
1
 -9999.0   ,   9990.0 
 93 
  9.743918	37.34836 
 9.728556      37.34136 
 9.713139      37.33664 
 9.697944      37.33764 
 9.69075       37.34033 
 9.684472      37.33728 
 9.677028      37.33745 
 9.674111      37.34086 
 9.670972      37.34059 
 9.664139      37.33708 
 9.655833      37.33678 
 9.634334      37.32008 
 9.614472      37.30867 
 9.601666      37.30303 
 9.584833      37.29875 
 9.580584      37.29617 
 9.571972      37.29678 
 9.561806      37.30606 
 9.55775       37.30761 
 9.55175       37.30711 
 9.540083      37.30239 
 9.488751      37.27411 
 9.469417      37.26658 
 9.453972      37.26595 
 9.434972      37.27192 
 9.415778      37.27239 
 9.411805      37.27075 
 9.404417      37.26767 
 9.393556      37.26639 
 9.389666      37.26039 
 9.383722      37.25667 
 9.347667      37.23969 
 9.34175       37.23692 
 9.3295        37.23425 
 9.302333      37.23367 
 9.296278      37.23475 
 9.276167      37.22556 
 9.262999      37.22539 
 9.258194      37.22211 
 9.237917      37.22236 
 9.229861      37.22244 
 9.226694      37.224 
 9.218833      37.24336 
 9.213667      37.24331 
 9.209472      37.23889 
 9.195556      37.23367 
 9.186306      37.22597 
 9.17525       37.20842 
 9.164556      37.19956 
 9.159306      37.19125 
 9.152001      37.18611 
 9.131889      37.17734 
 9.126583      37.17356 
 9.122028      37.17034 
 9.093278      37.16533 
 9.080417      37.1647 
 9.063139      37.15803 
 9.049751      37.15508 
 9.035916      37.14803 
 9.032306      37.14383 
 9.024944      37.14123 
 9.017111      37.13331 
 9.005555      37.12672 
 8.999721      37.12067 
 8.991834      37.11731 
 8.977361      37.11117 
 8.977444      37.10772 
 8.982001      37.10825 
 8.982917      37.10645 
 8.968778      37.08859 
 8.966695      37.08097 
 8.949139      37.06353 
 8.938778      37.05505 
 8.919472      37.03922 
 8.88675       37.01281 
 8.857306      36.99309 
 8.836474      36.98314 
 8.826028      36.97814 
 8.808333      36.96775 
 8.784611      36.95958 
 8.767861      36.95653 
 8.76075       36.96628 
 8.7555        36.96986 
 8.748999      36.96792 
 8.741417      36.9735 
 8.737139      36.97411 
 8.732388      36.97083 
 8.725028      36.96864 
 8.713056      36.96845 
 8.710056      36.97342 
 8.706333      36.97336 
 8.702501      36.96803 
 8.676472      36.96092 
 8.641972      36.94692 
