 6 
 1             1 
1
 -9999.0   ,   9990.0 
 20 
-64.28816      50.3008 
-64.29836      50.31072 
-64.30556      50.31137 
-64.31454      50.30394 
-64.32097      50.29225 
-64.33325      50.28585 
-64.33951      50.28012 
-64.34629      50.28009 
-64.36328      50.28998 
-64.40442      50.30582 
-64.42683      50.31229 
-64.43387      50.31349 
-64.43991      50.31453 
-64.45703      50.3141 
-64.46283      50.31113 
-64.48021      50.30977 
-64.48821      50.30741 
-64.49563      50.30277 
-64.50063      50.29525 
-64.50202      50.2948 
 1             2 
1
 -9999.0   ,   9990.0 
 8 
-64            50.27923 
-64.00014      50.27929 
-64.01348      50.28089 
-64.02587      50.27954 
-64.03035      50.27756 
-64.02558      50.27612 
-64.00626      50.27564 
-64            50.27445 
 1             3 
1
 -9999.0   ,   9990.0 
 23 
-64            50.28805 
-64.01255      50.28664 
-64.02927      50.28171 
-64.03833      50.28333 
-64.05501      50.2863 
-64.06758      50.28701 
-64.08359      50.28622 
-64.09376      50.28403 
-64.13422      50.26474 
-64.15306      50.25171 
-64.1612       50.25096 
-64.18975      50.25885 
-64.2116       50.25966 
-64.22736      50.26024 
-64.24793      50.26269 
-64.31181      50.27406 
-64.32803      50.27574 
-64.33111      50.27814 
-64.3286       50.2819 
-64.3101       50.29449 
-64.30483      50.30727 
-64.3013       50.30763 
-64.29175      50.30089 
 1             4 
1
 -9999.0   ,   9990.0 
 2 
-64.00121      50.22869 
-64            50.22946 
 1             5 
1
 -9999.0   ,   9990.0 
 12 
-64            50.24234 
-64.00197      50.24193 
-64.00996      50.24348 
-64.01792      50.24069 
-64.02368      50.24118 
-64.02918      50.2387 
-64.03007      50.23661 
-64.02742      50.23487 
-64.02013      50.23718 
-64.0121       50.23494 
-64.00553      50.22899 
-64.00121      50.22869 
 1             6 
1
 -9999.0   ,   9990.0 
 10 
-64.12201      50.19447 
-64.11732      50.19784 
-64.11641      50.20383 
-64.11954      50.21516 
-64.12631      50.21926 
-64.12981      50.21845 
-64.13275      50.21537 
-64.13096      50.19896 
-64.12667      50.19476 
-64.12201      50.19447 
