 93 
 1             1 
1
 -9999.0   ,   9990.0 
 17 
-55.88977      53.66526 
-55.88468      53.6702 
-55.89445      53.66862 
-55.89594      53.66913 
-55.89343      53.67522 
-55.88766      53.67914 
-55.89844      53.68317 
-55.9038       53.68358 
-55.91602      53.67668 
-55.91865      53.66534 
-55.91512      53.66201 
-55.90606      53.6601 
-55.90151      53.66338 
-55.89565      53.6602 
-55.89059      53.66072 
-55.88805      53.66314 
-55.88977      53.66526 
 1             2 
1
 -9999.0   ,   9990.0 
 7 
-55.89049      53.64584 
-55.88505      53.64634 
-55.87827      53.65274 
-55.88236      53.65426 
-55.89085      53.65409 
-55.89341      53.64754 
-55.89049      53.64584 
 1             3 
1
 -9999.0   ,   9990.0 
 11 
-55.96788      53.55241 
-55.94293      53.55225 
-55.93862      53.55714 
-55.94085      53.56202 
-55.95587      53.57374 
-55.98137      53.57643 
-55.98495      53.57518 
-55.98731      53.56634 
-55.97636      53.56436 
-55.97346      53.55443 
-55.96788      53.55241 
 1             4 
1
 -9999.0   ,   9990.0 
 11 
-56            53.56043 
-55.99122      53.55343 
-55.98165      53.55311 
-55.97646      53.54698 
-55.95467      53.5419 
-55.95221      53.53953 
-55.95465      53.53801 
-55.98255      53.53941 
-55.99068      53.53466 
-55.99953      53.53449 
-56            53.53415 
 1             5 
1
 -9999.0   ,   9990.0 
 8 
-55.95311      53.52195 
-55.94623      53.5256 
-55.94049      53.52541 
-55.93958      53.52698 
-55.94969      53.52961 
-55.95395      53.5293 
-55.96412      53.52324 
-55.95311      53.52195 
 1             6 
1
 -9999.0   ,   9990.0 
 14 
-56            53.52941 
-55.99318      53.52856 
-55.98673      53.53178 
-55.98367      53.53168 
-55.97949      53.52307 
-55.9826       53.5186 
-55.98173      53.5156 
-55.97248      53.51597 
-55.96961      53.51382 
-55.97381      53.51007 
-55.98437      53.50702 
-55.99312      53.49654 
-55.99913      53.49377 
-56            53.49383 
 1             7 
1
 -9999.0   ,   9990.0 
 39 
-55.79615      53.51831 
-55.79103      53.52274 
-55.79672      53.5234 
-55.80063      53.52651 
-55.80372      53.52639 
-55.81438      53.51556 
-55.82495      53.51341 
-55.82614      53.50911 
-55.8225       53.50326 
-55.81737      53.50079 
-55.80034      53.49836 
-55.79424      53.49402 
-55.78405      53.49229 
-55.77953      53.48756 
-55.76935      53.48582 
-55.76627      53.48205 
-55.7582       53.48223 
-55.75264      53.48797 
-55.73886      53.48382 
-55.72653      53.48818 
-55.71967      53.48771 
-55.72         53.49207 
-55.72182      53.49262 
-55.72596      53.49388 
-55.72925      53.49927 
-55.72756      53.5047 
-55.73247      53.517 
-55.74073      53.51889 
-55.75061      53.51215 
-55.74842      53.50338 
-55.75213      53.50077 
-55.76475      53.50899 
-55.76686      53.51479 
-55.7755       53.5167 
-55.77946      53.51935 
-55.78878      53.51831 
-55.79235      53.51599 
-55.79602      53.51611 
-55.79615      53.51831 
 1             8 
1
 -9999.0   ,   9990.0 
 114 
-55.93587      53.48133 
-55.95185      53.47867 
-55.96068      53.4744 
-55.96886      53.47307 
-55.9753       53.46986 
-55.98329      53.46235 
-55.98236      53.46004 
-55.97568      53.45775 
-55.97528      53.44973 
-55.96992      53.44566 
-55.97126      53.44365 
-55.96751      53.4346 
-55.95658      53.42462 
-55.94262      53.42643 
-55.93312      53.42565 
-55.92045      53.41789 
-55.90931      53.41431 
-55.90507      53.41462 
-55.89857      53.41851 
-55.89529      53.4168 
-55.89352      53.41125 
-55.88914      53.40904 
-55.87017      53.41112 
-55.86036      53.40964 
-55.84817      53.4051 
-55.83645      53.40354 
-55.82843      53.39937 
-55.82311      53.39895 
-55.81232      53.39194 
-55.79537      53.38906 
-55.79098      53.38707 
-55.78514      53.38801 
-55.79838      53.39351 
-55.80433      53.39921 
-55.81109      53.40059 
-55.8167       53.40582 
-55.83518      53.41265 
-55.83771      53.41662 
-55.8395       53.41943 
-55.84208      53.42044 
-55.83512      53.42111 
-55.82439      53.41731 
-55.81642      53.41656 
-55.79937      53.40681 
-55.78063      53.40272 
-55.77278      53.39695 
-55.76598      53.39602 
-55.76315      53.40141 
-55.75251      53.40057 
-55.7519       53.40284 
-55.75677      53.40782 
-55.7616       53.40936 
-55.77531      53.41008 
-55.77955      53.41366 
-55.77695      53.41677 
-55.7798       53.41893 
-55.78772      53.41624 
-55.79794      53.41751 
-55.80568      53.41664 
-55.81754      53.42461 
-55.82064      53.42581 
-55.8312       53.4299 
-55.8407       53.43069 
-55.84881      53.43783 
-55.8397       53.43706 
-55.8286       53.43301 
-55.81812      53.43199 
-55.81759      53.43193 
-55.80757      53.42861 
-55.80068      53.4286 
-55.79935      53.43038 
-55.80279      53.43439 
-55.80147      53.43617 
-55.79185      53.43652 
-55.79271      53.43952 
-55.80428      53.44657 
-55.801        53.44874 
-55.79401      53.44963 
-55.79145      53.45228 
-55.78572      53.45209 
-55.7784       53.4564 
-55.76896      53.45492 
-55.75936      53.45115 
-55.75321      53.45139 
-55.74462      53.4568 
-55.73667      53.45583 
-55.73534      53.45761 
-55.74149      53.46126 
-55.74497      53.46093 
-55.75704      53.47074 
-55.76193      53.47161 
-55.7672       53.46882 
-55.77571      53.47187 
-55.78273      53.47163 
-55.78572      53.47153 
-55.79091      53.47721 
-55.7986       53.48091 
-55.81486      53.48331 
-55.81582      53.48129 
-55.81067      53.47905 
-55.80867      53.476 
-55.81399      53.46864 
-55.82276      53.46918 
-55.83868      53.475 
-55.85656      53.47654 
-55.8603       53.48147 
-55.869        53.48269 
-55.87657      53.48775 
-55.88376      53.48869 
-55.89677      53.48114 
-55.90943      53.48111 
-55.92072      53.48333 
-55.92824      53.48084 
-55.93587      53.48133 
 1             9 
1
 -9999.0   ,   9990.0 
 19 
-56            53.42216 
-55.99782      53.4219 
-55.99246      53.41783 
-55.98794      53.42111 
-55.9849       53.42077 
-55.9829       53.41361 
-55.98773      53.41103 
-55.98719      53.40873 
-55.9913       53.40567 
-55.98757      53.40462 
-55.98006      53.40711 
-55.95997      53.40094 
-55.95268      53.39704 
-55.95209      53.39519 
-55.96515      53.39471 
-55.97851      53.38693 
-55.98952      53.38799 
-55.99433      53.38564 
-56            53.38475 
 1             10 
1
 -9999.0   ,   9990.0 
 5 
-56            53.382 
-55.99781      53.38118 
-55.995        53.37799 
-55.998        53.37501 
-56            53.37421 
 1             11 
1
 -9999.0   ,   9990.0 
 8 
-55.83399      53.37371 
-55.82823      53.37397 
-55.82189      53.37626 
-55.8288       53.38383 
-55.84918      53.39072 
-55.87242      53.38787 
-55.8715       53.38555 
-55.83399      53.37371 
 1             12 
1
 -9999.0   ,   9990.0 
 8 
-55.75786      53.33121 
-55.75391      53.34022 
-55.75722      53.34148 
-55.76052      53.33909 
-55.767        53.33932 
-55.76819      53.33501 
-55.7607       53.33337 
-55.75786      53.33121 
 1             13 
1
 -9999.0   ,   9990.0 
 10 
-55.78717      53.28192 
-55.77511      53.28812 
-55.76897      53.28836 
-55.7676       53.2906 
-55.78412      53.29347 
-55.78374      53.29735 
-55.78992      53.29666 
-55.79382      53.2881 
-55.79236      53.28347 
-55.78717      53.28192 
 1             14 
1
 -9999.0   ,   9990.0 
 13 
-55.72743      53.27223 
-55.72423      53.26983 
-55.72044      53.27334 
-55.70757      53.27608 
-55.70541      53.27097 
-55.71444      53.26466 
-55.72637      53.26372 
-55.7355       53.26016 
-55.73822      53.26346 
-55.73632      53.26728 
-55.74011      53.27131 
-55.7372       53.27372 
-55.72743      53.27223 
 1             15 
1
 -9999.0   ,   9990.0 
 6 
-55.70348      53.21781 
-55.7008       53.21794 
-55.69727      53.22652 
-55.70286      53.23541 
-55.70647      53.23371 
-55.70348      53.21781 
 1             16 
1
 -9999.0   ,   9990.0 
 10 
-55.71988      53.20628 
-55.71592      53.20774 
-55.72262      53.21325 
-55.73571      53.21578 
-55.74717      53.2155 
-55.74892      53.21327 
-55.74608      53.21112 
-55.73587      53.21029 
-55.73159      53.20739 
-55.71988      53.20628 
 1             17 
1
 -9999.0   ,   9990.0 
 6 
-55.77071      53.10422 
-55.75849      53.1047 
-55.76393      53.1113 
-55.76852      53.11101 
-55.77659      53.10626 
-55.77071      53.10422 
 1             18 
1
 -9999.0   ,   9990.0 
 6 
-55.7401       53.09465 
-55.738        53.09664 
-55.74105      53.10041 
-55.75662      53.10051 
-55.75667      53.09617 
-55.7401       53.09465 
 1             19 
1
 -9999.0   ,   9990.0 
 55 
-55.79534      53.03897 
-55.79745      53.03676 
-55.79282      53.03362 
-55.79046      53.02667 
-55.79044      53.02301 
-55.79495      53.0195 
-55.80635      53.01945 
-55.81355      53.01559 
-55.82147      53.0161 
-55.82537      53.01898 
-55.82448      53.02032 
-55.81725      53.02053 
-55.8124       53.02356 
-55.82368      53.02854 
-55.83364      53.01974 
-55.84638      53.01355 
-55.86112      53.01819 
-55.86237      53.02487 
-55.8744       53.04199 
-55.87224      53.05007 
-55.87203      53.05083 
-55.86234      53.06079 
-55.84603      53.08424 
-55.84124      53.08659 
-55.83183      53.08168 
-55.81552      53.08522 
-55.80782      53.09021 
-55.79824      53.09102 
-55.79213      53.09514 
-55.78689      53.09428 
-55.76836      53.0856 
-55.76546      53.08023 
-55.75818      53.08089 
-55.75533      53.07896 
-55.75767      53.07446 
-55.756        53.07211 
-55.75226      53.07152 
-55.7462       53.07519 
-55.74161      53.0735 
-55.7407       53.07316 
-55.7392       53.05755 
-55.74195      53.05284 
-55.75128      53.04677 
-55.76094      53.04506 
-55.76618      53.04204 
-55.76515      53.04087 
-55.75427      53.03955 
-55.74886      53.0405 
-55.74797      53.03795 
-55.75947      53.02532 
-55.7653       53.02393 
-55.77613      53.02569 
-55.77965      53.02857 
-55.77842      53.03333 
-55.79534      53.03897 
 1             20 
1
 -9999.0   ,   9990.0 
 247 
-56            53.36519 
-55.99708      53.36445 
-55.98862      53.36898 
-55.98476      53.3693 
-55.97318      53.36639 
-55.96528      53.36086 
-55.95993      53.36091 
-55.96023      53.36468 
-55.96028      53.36527 
-55.96817      53.37079 
-55.96729      53.37713 
-55.967        53.37922 
-55.96197      53.37974 
-55.95995      53.38493 
-55.94442      53.38326 
-55.93415      53.39068 
-55.92466      53.3899 
-55.91636      53.39259 
-55.90624      53.39041 
-55.90447      53.38486 
-55.87865      53.37482 
-55.87795      53.3743 
-55.8683       53.36713 
-55.84841      53.36713 
-55.84596      53.36475 
-55.85006      53.36192 
-55.86241      53.36075 
-55.8673       53.35772 
-55.85637      53.35208 
-55.85665      53.34911 
-55.87588      53.34406 
-55.88421      53.34481 
-55.88919      53.34086 
-55.89992      53.34055 
-55.90258      53.33675 
-55.9099       53.33609 
-55.91756      53.33201 
-55.86925      53.33354 
-55.8659       53.32862 
-55.85951      53.32748 
-55.84522      53.33293 
-55.82056      53.33892 
-55.81068      53.33835 
-55.78925      53.33073 
-55.78699      53.32653 
-55.78929      53.32249 
-55.79862      53.32488 
-55.80379      53.32277 
-55.81742      53.32213 
-55.82239      53.32032 
-55.82205      53.31848 
-55.81258      53.3141 
-55.82453      53.3155 
-55.83504      53.31587 
-55.84316      53.31089 
-55.84901      53.31361 
-55.85324      53.3133 
-55.8589       53.31007 
-55.86732      53.3099 
-55.86946      53.30357 
-55.88319      53.30382 
-55.89412      53.29734 
-55.90641      53.29662 
-55.91001      53.29491 
-55.90564      53.2927 
-55.88072      53.28978 
-55.87189      53.29428 
-55.86378      53.29514 
-55.83989      53.29339 
-55.82984      53.29074 
-55.823        53.28639 
-55.81085      53.28573 
-55.80935      53.28156 
-55.79426      53.27576 
-55.79333      53.27367 
-55.80364      53.26969 
-55.81823      53.26883 
-55.82339      53.26672 
-55.81677      53.2642 
-55.81301      53.25972 
-55.80514      53.2583 
-55.80429      53.25529 
-55.81016      53.24978 
-55.84854      53.25136 
-55.84988      53.24935 
-55.8459       53.24715 
-55.84473      53.24345 
-55.83691      53.24546 
-55.82731      53.24215 
-55.82199      53.24196 
-55.81834      53.23634 
-55.81501      53.23531 
-55.80933      53.23099 
-55.79771      53.22898 
-55.79524      53.23072 
-55.79187      53.23014 
-55.7878       53.22496 
-55.78375      53.22345 
-55.77931      53.22603 
-55.77795      53.22438 
-55.78054      53.21738 
-55.77708      53.21771 
-55.76992      53.22845 
-55.77445      53.23273 
-55.78366      53.23603 
-55.78485      53.2395 
-55.78163      53.24511 
-55.77915      53.24319 
-55.77204      53.24179 
-55.76703      53.23451 
-55.76261      53.23299 
-55.75978      53.23838 
-55.75129      53.23945 
-55.75671      53.24628 
-55.76823      53.24555 
-55.77615      53.2504 
-55.77684      53.25286 
-55.777        53.25341 
-55.76813      53.26591 
-55.75946      53.26102 
-55.74932      53.25928 
-55.7426       53.25012 
-55.74716      53.24639 
-55.74522      53.24289 
-55.74216      53.24301 
-55.74016      53.24774 
-55.72965      53.24599 
-55.72751      53.24065 
-55.7302       53.23663 
-55.73899      53.23649 
-55.74081      53.23358 
-55.73846      53.23029 
-55.7339       53.23013 
-55.72869      53.23268 
-55.72518      53.22958 
-55.7321       53.22526 
-55.73479      53.22124 
-55.74485      53.21977 
-55.75427      53.22079 
-55.75683      53.21813 
-55.76411      53.21771 
-55.76919      53.21456 
-55.77913      53.20841 
-55.77638      53.20534 
-55.77031      53.20511 
-55.76707      53.19928 
-55.76379      53.19779 
-55.76498      53.19349 
-55.78237      53.19479 
-55.80807      53.20097 
-55.81473      53.20693 
-55.8277       53.2067 
-55.84079      53.20144 
-55.83795      53.19928 
-55.83016      53.20106 
-55.82719      53.20027 
-55.82263      53.19622 
-55.81729      53.19626 
-55.80348      53.18937 
-55.7985       53.18965 
-55.79292      53.1922 
-55.78995      53.1914 
-55.78744      53.18582 
-55.78838      53.1841 
-55.79024      53.18066 
-55.78709      53.1778 
-55.77315      53.18005 
-55.76132      53.1842 
-55.75221      53.17999 
-55.74692      53.17957 
-55.74311      53.16799 
-55.75542      53.15905 
-55.76714      53.15993 
-55.77968      53.15626 
-55.78203      53.15176 
-55.786        53.15008 
-55.78118      53.14876 
-55.76585      53.14981 
-55.76152      53.14348 
-55.7574       53.14287 
-55.75347      53.14411 
-55.74952      53.14168 
-55.74064      53.14296 
-55.73884      53.13809 
-55.74065      53.13518 
-55.75142      53.13211 
-55.75709      53.13051 
-55.7633       53.12158 
-55.77759      53.11545 
-55.78596      53.11552 
-55.78906      53.11106 
-55.78812      53.10897 
-55.79915      53.10501 
-55.80482      53.10543 
-55.81346      53.09865 
-55.8228       53.09646 
-55.83677      53.09742 
-55.84333      53.10039 
-55.8539       53.10122 
-55.88552      53.10851 
-55.89393      53.11201 
-55.91231      53.1147 
-55.91432      53.11752 
-55.90987      53.12034 
-55.89647      53.12125 
-55.87976      53.1289 
-55.89047      53.12836 
-55.89587      53.13152 
-55.90011      53.13098 
-55.90712      53.12528 
-55.94491      53.11171 
-55.95112      53.10643 
-55.95201      53.10097 
-55.94729      53.10264 
-55.93622      53.11118 
-55.92193      53.11343 
-55.9038       53.10823 
-55.89664      53.10753 
-55.88806      53.10174 
-55.88263      53.10292 
-55.87328      53.09733 
-55.85671      53.09171 
-55.85468      53.08913 
-55.8561       53.0862 
-55.86124      53.08409 
-55.86025      53.07857 
-55.86589      53.06732 
-55.87451      53.05664 
-55.88871      53.04318 
-55.90744      53.03788 
-55.90721      53.03627 
-55.90518      53.03634 
-55.89389      53.03672 
-55.88284      53.03314 
-55.87564      53.0251 
-55.88163      53.01798 
-55.88944      53.01964 
-55.89595      53.02307 
-55.90139      53.02966 
-55.94254      53.01187 
-55.94596      53.01176 
-55.95034      53.01763 
-55.95712      53.0142 
-55.9694       53.01668 
-55.97426      53.01341 
-55.98895      53.0146 
-56            53.0189 
 1             21 
1
 -9999.0   ,   9990.0 
 12 
-55.85542      52.94316 
-55.84883      52.94476 
-55.84127      52.94449 
-55.8369       52.94662 
-55.84408      52.95077 
-55.84702      52.95568 
-55.85413      52.95661 
-55.86072      52.95112 
-55.86709      52.95181 
-55.86511      52.94876 
-55.85805      52.94737 
-55.85542      52.94316 
 1             22 
1
 -9999.0   ,   9990.0 
 41 
-55.78788      52.9403 
-55.78404      52.94085 
-55.78031      52.94804 
-55.78131      52.95334 
-55.77511      52.95861 
-55.7754       52.96342 
-55.77086      52.96715 
-55.76926      52.9719 
-55.77495      52.97576 
-55.76321      52.98725 
-55.75722      52.99023 
-55.76002      52.99262 
-55.7757       52.99135 
-55.77843      52.99443 
-55.77421      52.99885 
-55.76755      53.0009 
-55.76571      53.00427 
-55.77222      53.01137 
-55.77891      53.01275 
-55.80541      53.00958 
-55.81299      53.00573 
-55.817        53.00646 
-55.82082      53.00715 
-55.83056      53.00452 
-55.8397       53.00416 
-55.84259      53.00175 
-55.83532      52.98661 
-55.82733      52.97901 
-55.81342      52.97394 
-55.81282      52.97232 
-55.82237      52.97151 
-55.82597      52.96958 
-55.82388      52.96767 
-55.80477      52.96539 
-55.80543      52.96244 
-55.81725      52.95782 
-55.81045      52.95369 
-55.80419      52.95576 
-55.80014      52.95447 
-55.80006      52.9476 
-55.78788      52.9403 
 1             23 
1
 -9999.0   ,   9990.0 
 7 
-55.81833      52.91141 
-55.81583      52.91384 
-55.81987      52.91902 
-55.81834      52.92308 
-55.82431      52.92398 
-55.82735      52.91608 
-55.81833      52.91141 
 1             24 
1
 -9999.0   ,   9990.0 
 13 
-55.78826      52.90919 
-55.78895      52.91379 
-55.78604      52.92032 
-55.80395      52.91913 
-55.80327      52.91453 
-55.79692      52.90584 
-55.79709      52.90013 
-55.78662      52.89495 
-55.78451      52.90105 
-55.78041      52.90433 
-55.78001      52.90844 
-55.78103      52.91351 
-55.78826      52.90919 
 1             25 
1
 -9999.0   ,   9990.0 
 10 
-55.80917      52.80698 
-55.81056      52.81006 
-55.82212      52.81337 
-55.82704      52.81332 
-55.82992      52.81868 
-55.83732      52.82032 
-55.83823      52.81486 
-55.84103      52.81312 
-55.83971      52.81125 
-55.80917      52.80698 
 1             26 
1
 -9999.0   ,   9990.0 
 12 
-55.81529      52.79024 
-55.81421      52.79364 
-55.81731      52.79672 
-55.8278       52.80144 
-55.82898      52.80492 
-55.84767      52.80695 
-55.85238      52.80506 
-55.8477       52.79872 
-55.83013      52.79695 
-55.82479      52.79355 
-55.82056      52.79432 
-55.81529      52.79024 
 1             27 
1
 -9999.0   ,   9990.0 
 10 
-55.88575      52.7877 
-55.88332      52.78945 
-55.88411      52.79703 
-55.89093      52.79681 
-55.89894      52.80395 
-55.89855      52.80806 
-55.90196      52.80795 
-55.91287      52.79231 
-55.90906      52.78874 
-55.88575      52.7877 
 1             28 
1
 -9999.0   ,   9990.0 
 134 
-56            53.00172 
-55.99436      53.00129 
-55.97964      52.99644 
-55.97797      52.98997 
-55.94013      52.99714 
-55.93538      52.99927 
-55.93078      53.0078 
-55.92031      53.01018 
-55.91703      53.00982 
-55.90229      53.00819 
-55.89552      53.0036 
-55.88837      53.00701 
-55.88276      53.00613 
-55.87507      53.00724 
-55.86827      52.99899 
-55.85567      52.99191 
-55.85122      52.98694 
-55.85155      52.98353 
-55.85659      52.98233 
-55.87833      52.98492 
-55.89649      52.99334 
-55.9047       52.99477 
-55.91093      52.99316 
-55.90109      52.98092 
-55.90262      52.97273 
-55.89977      52.9708 
-55.88759      52.96739 
-55.87457      52.96878 
-55.86858      52.96399 
-55.86149      52.96283 
-55.86171      52.96054 
-55.87068      52.95789 
-55.87396      52.95136 
-55.87845      52.95198 
-55.88183      52.95621 
-55.88632      52.95683 
-55.88794      52.95574 
-55.88718      52.95183 
-55.88163      52.94637 
-55.88636      52.94448 
-55.8884       52.94294 
-55.88502      52.9387 
-55.89078      52.93387 
-55.88833      52.93173 
-55.87586      52.93541 
-55.86565      52.93528 
-55.84931      52.92784 
-55.83395      52.92616 
-55.83437      52.92182 
-55.84033      52.91883 
-55.84208      52.91248 
-55.8543       52.90353 
-55.85385      52.90031 
-55.85079      52.90066 
-55.83584      52.91043 
-55.8337       52.91048 
-55.83205      52.91052 
-55.82652      52.90506 
-55.83068      52.8972 
-55.83722      52.89218 
-55.83637      52.88917 
-55.82639      52.88286 
-55.82344      52.88596 
-55.82586      52.89223 
-55.8248       52.89539 
-55.82247      52.89599 
-55.81162      52.88691 
-55.80741      52.88745 
-55.80341      52.8857 
-55.79751      52.86467 
-55.79933      52.85764 
-55.79695      52.83924 
-55.80016      52.83341 
-55.80581      52.83361 
-55.81143      52.83526 
-55.81647      52.83674 
-55.83613      52.84842 
-55.84863      52.84818 
-55.85575      52.85278 
-55.86256      52.85279 
-55.85906      52.84191 
-55.85505      52.8404 
-55.85162      52.84462 
-55.83601      52.83789 
-55.83433      52.83577 
-55.8409       52.83418 
-55.84023      52.82934 
-55.88044      52.83969 
-55.88065      52.83741 
-55.87537      52.83333 
-55.87559      52.83105 
-55.879        52.83094 
-55.8857       52.83732 
-55.89321      52.84448 
-55.90275      52.84757 
-55.90493      52.85245 
-55.91505      52.84937 
-55.91595      52.84779 
-55.90362      52.84233 
-55.89717      52.83066 
-55.89944      52.82662 
-55.90849      52.82282 
-55.9069       52.81956 
-55.91075      52.81878 
-55.9295       52.82035 
-55.94882      52.82377 
-55.94448      52.81767 
-55.95077      52.81903 
-55.95622      52.81739 
-55.9678       52.8187 
-55.972        52.82228 
-55.97696      52.82176 
-55.98308      52.81694 
-55.98649      52.8127 
-55.98649      52.80859 
-55.98461      52.80852 
-55.9804       52.81319 
-55.97593      52.81257 
-55.96903      52.79334 
-55.96188      52.79291 
-55.95138      52.79227 
-55.94229      52.80066 
-55.92971      52.80205 
-55.92034      52.80127 
-55.91876      52.79801 
-55.92369      52.78971 
-55.93037      52.78285 
-55.93422      52.78207 
-55.93812      52.78472 
-55.94584      52.78293 
-55.95408      52.78367 
-55.96653      52.78777 
-55.9968       52.79109 
-56            52.79018 
 1             29 
1
 -9999.0   ,   9990.0 
 8 
-56            52.78915 
-55.99964      52.7889 
-55.98179      52.786 
-55.96967      52.78239 
-55.96984      52.78056 
-55.98109      52.7814 
-55.99875      52.77812 
-56            52.77812 
 1             30 
1
 -9999.0   ,   9990.0 
 9 
-55.9443       52.76709 
-55.93601      52.77504 
-55.93883      52.7772 
-55.94182      52.77753 
-55.94609      52.77218 
-55.95334      52.77541 
-55.95397      52.77268 
-55.94804      52.76745 
-55.9443       52.76709 
 1             31 
1
 -9999.0   ,   9990.0 
 9 
-55.97543      52.73658 
-55.97088      52.73689 
-55.96137      52.74182 
-55.9773       52.74901 
-55.97894      52.75158 
-55.986        52.75274 
-55.99729      52.74901 
-55.98825      52.74069 
-55.97543      52.73658 
 1             32 
1
 -9999.0   ,   9990.0 
 8 
-55.91366      52.73994 
-55.9048       52.74191 
-55.89356      52.73717 
-55.88811      52.73103 
-55.89531      52.7306 
-55.90298      52.73315 
-55.90565      52.7369 
-55.91366      52.73994 
 1             33 
1
 -9999.0   ,   9990.0 
 7 
-55.9376       52.72815 
-55.95427      52.72899 
-55.95792      52.73026 
-55.95809      52.73255 
-55.95301      52.73444 
-55.94815      52.73404 
-55.9376       52.72815 
 1             34 
1
 -9999.0   ,   9990.0 
 6 
-55.79417      52.72769 
-55.79095      52.73375 
-55.79269      52.73908 
-55.79751      52.73994 
-55.80284      52.73166 
-55.79417      52.72769 
 1             35 
1
 -9999.0   ,   9990.0 
 7 
-55.87697      52.72515 
-55.86332      52.72604 
-55.86638      52.72958 
-55.87321      52.73302 
-55.87854      52.73252 
-55.87592      52.72831 
-55.87697      52.72515 
 1             36 
1
 -9999.0   ,   9990.0 
 27 
-55.82279      52.72414 
-55.81731      52.72623 
-55.81652      52.73055 
-55.80885      52.73577 
-55.80154      52.74512 
-55.79541      52.75382 
-55.79769      52.75757 
-55.79241      52.76539 
-55.79415      52.76683 
-55.80749      52.76936 
-55.81986      52.76637 
-55.82313      52.77153 
-55.86445      52.77757 
-55.87655      52.77731 
-55.88104      52.76969 
-55.87944      52.76276 
-55.88436      52.75859 
-55.8842       52.75766 
-55.88288      52.7503 
-55.85271      52.74237 
-55.84212      52.74268 
-55.8398       52.73939 
-55.84492      52.73316 
-55.84209      52.73123 
-55.83446      52.7321 
-55.83101      52.72489 
-55.82279      52.72414 
 1             37 
1
 -9999.0   ,   9990.0 
 9 
-55.94199      52.71117 
-55.93993      52.71705 
-55.93629      52.71967 
-55.9413       52.72259 
-55.9634       52.72404 
-55.96841      52.72284 
-55.96879      52.71874 
-55.96239      52.71462 
-55.94199      52.71117 
 1             38 
1
 -9999.0   ,   9990.0 
 8 
-55.89725      52.71006 
-55.8865       52.71221 
-55.90916      52.72765 
-55.91363      52.72414 
-55.91818      52.72385 
-55.91911      52.72205 
-55.90478      52.71811 
-55.89725      52.71006 
 1             39 
1
 -9999.0   ,   9990.0 
 9 
-55.84397      52.69972 
-55.84307      52.70129 
-55.84581      52.70413 
-55.85297      52.70805 
-55.86075      52.70947 
-55.86572      52.70873 
-55.86665      52.70693 
-55.86167      52.70378 
-55.84397      52.69972 
 1             40 
1
 -9999.0   ,   9990.0 
 6 
-55.97239      52.63122 
-55.9667       52.6317 
-55.95388      52.63607 
-55.97021      52.63846 
-55.97298      52.63696 
-55.97239      52.63122 
 1             41 
1
 -9999.0   ,   9990.0 
 13 
-56            52.62572 
-55.99889      52.62526 
-55.99481      52.62506 
-55.98466      52.62454 
-55.97494      52.61986 
-55.96979      52.62266 
-55.96505      52.62112 
-55.9594       52.61315 
-55.96117      52.61023 
-55.96588      52.60811 
-55.97516      52.60934 
-55.9997       52.62049 
-56            52.62053 
 1             42 
1
 -9999.0   ,   9990.0 
 8 
-55.73768      52.60411 
-55.72637      52.60438 
-55.72399      52.60567 
-55.72641      52.60782 
-55.73657      52.60773 
-55.74269      52.61047 
-55.7451       52.60896 
-55.73768      52.60411 
 1             43 
1
 -9999.0   ,   9990.0 
 135 
-56            52.71676 
-55.99789      52.71791 
-55.98508      52.71792 
-55.98445      52.71653 
-55.98961      52.71373 
-55.97853      52.71129 
-55.97284      52.70354 
-55.96633      52.70057 
-55.96997      52.69795 
-55.96257      52.69243 
-55.95214      52.69528 
-55.9495       52.68717 
-55.95481      52.67866 
-55.95156      52.67718 
-55.90708      52.6857 
-55.89679      52.69495 
-55.89218      52.69593 
-55.87894      52.69249 
-55.87131      52.69359 
-55.87002      52.69126 
-55.87333      52.68817 
-55.8908       52.68261 
-55.89106      52.67987 
-55.88441      52.67849 
-55.86038      52.68565 
-55.85405      52.68886 
-55.84586      52.68788 
-55.83749      52.68484 
-55.83639      52.6849 
-55.83256      52.68512 
-55.81919      52.69494 
-55.81398      52.6943 
-55.80601      52.69882 
-55.79081      52.69232 
-55.78087      52.6938 
-55.7712       52.68864 
-55.76409      52.68815 
-55.76026      52.68504 
-55.76054      52.68207 
-55.7573       52.68058 
-55.75688      52.67714 
-55.76139      52.67341 
-55.78598      52.66446 
-55.80445      52.64864 
-55.80916      52.64653 
-55.81724      52.64864 
-55.82423      52.64638 
-55.82517      52.64941 
-55.82538      52.65008 
-55.82841      52.64996 
-55.83376      52.64122 
-55.84721      52.64216 
-55.85583      52.63858 
-55.86798      52.6374 
-55.88413      52.63775 
-55.88868      52.6402 
-55.88781      52.64657 
-55.89075      52.64737 
-55.89832      52.64283 
-55.91038      52.63867 
-55.90509      52.63482 
-55.90187      52.63461 
-55.88341      52.63337 
-55.87282      52.63002 
-55.84167      52.63716 
-55.81071      52.63834 
-55.8053       52.63975 
-55.80429      52.64246 
-55.7851       52.65412 
-55.76972      52.66136 
-55.76279      52.66293 
-55.75462      52.66172 
-55.74439      52.65471 
-55.73596      52.65234 
-55.73226      52.64786 
-55.7366       52.64534 
-55.73745      52.64484 
-55.75062      52.64487 
-55.75618      52.64186 
-55.77114      52.64286 
-55.7778       52.64013 
-55.7896       52.63872 
-55.78863      52.63709 
-55.78082      52.63612 
-55.77725      52.63416 
-55.76205      52.63567 
-55.75083      52.63503 
-55.75253      52.62914 
-55.74488      52.62657 
-55.74363      52.62401 
-55.74579      52.62112 
-55.75532      52.61986 
-55.7493       52.61598 
-55.75975      52.61293 
-55.75561      52.60911 
-55.76128      52.60497 
-55.76584      52.60445 
-55.77825      52.60833 
-55.78133      52.61142 
-55.78926      52.61033 
-55.80763      52.61303 
-55.79298      52.60742 
-55.78639      52.60655 
-55.77827      52.60033 
-55.78034      52.59834 
-55.78585      52.59968 
-55.79235      52.59854 
-55.79853      52.60082 
-55.81155      52.60221 
-55.81329      52.60754 
-55.81735      52.60837 
-55.81957      52.60479 
-55.82259      52.60466 
-55.84134      52.61701 
-55.84522      52.61966 
-55.85128      52.61919 
-55.87517      52.61317 
-55.89117      52.61099 
-55.89712      52.61166 
-55.90985      52.61622 
-55.9294       52.62034 
-55.93043      52.62541 
-55.93809      52.62797 
-55.94026      52.63285 
-55.93883      52.6346 
-55.93772      52.63596 
-55.92238      52.63497 
-55.92148      52.63654 
-55.92361      52.63799 
-55.98601      52.65068 
-55.97893      52.64586 
-55.98216      52.64345 
-55.99723      52.64328 
-55.9994       52.64015 
-56            52.64012 
 1             44 
1
 -9999.0   ,   9990.0 
 9 
-55.84506      52.59769 
-55.84421      52.60269 
-55.83522      52.60626 
-55.84376      52.61137 
-55.8492       52.6095 
-55.85427      52.61151 
-55.86745      52.60741 
-55.86539      52.60138 
-55.84506      52.59769 
 1             45 
1
 -9999.0   ,   9990.0 
 10 
-56            52.61384 
-55.99076      52.61148 
-55.97806      52.60647 
-55.9677       52.60062 
-55.9657       52.5978 
-55.97006      52.59543 
-55.9729       52.59574 
-55.97974      52.59646 
-55.98557      52.59437 
-56            52.59413 
 1             46 
1
 -9999.0   ,   9990.0 
 6 
-55.75924      52.59116 
-55.75714      52.59338 
-55.7615       52.5988 
-55.76757      52.59833 
-55.77702      52.59387 
-55.75924      52.59116 
 1             47 
1
 -9999.0   ,   9990.0 
 10 
-55.80043      52.55763 
-55.79055      52.55888 
-55.78929      52.56021 
-55.79277      52.56697 
-55.7975       52.56851 
-55.8031       52.56505 
-55.83087      52.56926 
-55.82999      52.56671 
-55.80675      52.55832 
-55.80043      52.55763 
 1             48 
1
 -9999.0   ,   9990.0 
 6 
-56            52.56993 
-55.98497      52.56826 
-55.98215      52.5581 
-55.98818      52.55372 
-55.99631      52.55515 
-56            52.55352 
 1             49 
1
 -9999.0   ,   9990.0 
 40 
-56            52.57602 
-55.98016      52.57153 
-55.96893      52.56702 
-55.95647      52.56773 
-55.93635      52.562 
-55.90159      52.5562 
-55.89247      52.55336 
-55.87606      52.56011 
-55.87121      52.56772 
-55.86494      52.57047 
-55.86188      52.57494 
-55.83968      52.57529 
-55.83539      52.57697 
-55.83669      52.57908 
-55.8589       52.5865 
-55.86658      52.59273 
-55.87405      52.59322 
-55.87596      52.59695 
-55.88257      52.59856 
-55.90022      52.59872 
-55.90909      52.59629 
-55.91412      52.59875 
-55.91384      52.60584 
-55.91706      52.60755 
-55.93384      52.61059 
-55.93739      52.61124 
-55.9488       52.6098 
-55.9517       52.60693 
-55.94797      52.59856 
-55.93645      52.59312 
-55.90131      52.58709 
-55.89529      52.58321 
-55.89625      52.58095 
-55.91928      52.58383 
-55.96092      52.5926 
-55.96997      52.58834 
-55.98382      52.58882 
-55.99781      52.58616 
-55.99912      52.58591 
-56            52.58472 
 1             50 
1
 -9999.0   ,   9990.0 
 53 
-55.75188      52.55282 
-55.7474       52.55068 
-55.72716      52.54261 
-55.71816      52.54251 
-55.70384      52.53924 
-55.70597      52.55191 
-55.71088      52.55552 
-55.70946      52.55844 
-55.70134      52.557 
-55.70225      52.56298 
-55.70729      52.56912 
-55.71559      52.56874 
-55.72208      52.57149 
-55.7238       52.56927 
-55.72937      52.56993 
-55.73941      52.57488 
-55.74266      52.58003 
-55.75046      52.581 
-55.74978      52.5764 
-55.7522       52.57466 
-55.75889      52.57741 
-55.77532      52.58419 
-55.78577      52.58503 
-55.79182      52.58846 
-55.81066      52.59188 
-55.81047      52.59393 
-55.80654      52.59562 
-55.80897      52.59777 
-55.81602      52.59871 
-55.82107      52.59706 
-55.82064      52.59361 
-55.82355      52.59074 
-55.83225      52.59013 
-55.83353      52.58858 
-55.82266      52.5804 
-55.81143      52.58 
-55.79156      52.58341 
-55.78165      52.5771 
-55.77817      52.57033 
-55.76282      52.56589 
-55.76         52.56395 
-55.76157      52.56211 
-55.77595      52.56328 
-55.77485      52.56157 
-55.76882      52.56015 
-55.76825      52.5582 
-55.77137      52.55588 
-55.7795       52.55706 
-55.78089      52.55549 
-55.76581      52.55305 
-55.75939      52.55416 
-55.75768      52.55009 
-55.75188      52.55282 
 1             51 
1
 -9999.0   ,   9990.0 
 7 
-55.74825      52.53812 
-55.74816      52.54293 
-55.75137      52.54464 
-55.76506      52.54674 
-55.76603      52.54449 
-55.75862      52.53964 
-55.74825      52.53812 
 1             52 
1
 -9999.0   ,   9990.0 
 24 
-55.94328      52.52379 
-55.9275       52.52804 
-55.91622      52.52834 
-55.91563      52.5306 
-55.92177      52.53311 
-55.91807      52.53664 
-55.91155      52.53802 
-55.90257      52.53381 
-55.90033      52.53762 
-55.90342      52.54071 
-55.89852      52.54488 
-55.90278      52.54755 
-55.91083      52.54577 
-55.91779      52.54762 
-55.92686      52.54702 
-55.9508       52.55197 
-55.96134      52.55165 
-55.96829      52.54961 
-55.97555      52.54413 
-55.96426      52.5323 
-55.95587      52.52972 
-55.95515      52.52859 
-55.95259      52.52457 
-55.94328      52.52379 
 1             53 
1
 -9999.0   ,   9990.0 
 9 
-55.8803       52.52318 
-55.87784      52.52538 
-55.8888       52.53653 
-55.88896      52.53882 
-55.89193      52.53915 
-55.89741      52.53271 
-55.88772      52.52802 
-55.88435      52.52401 
-55.8803       52.52318 
 1             54 
1
 -9999.0   ,   9990.0 
 7 
-55.96958      52.51532 
-55.96166      52.51573 
-55.9589       52.51724 
-55.96615      52.52001 
-55.98402      52.52154 
-55.98568      52.51977 
-55.96958      52.51532 
 1             55 
1
 -9999.0   ,   9990.0 
 45 
-55.75199      52.52781 
-55.75236      52.52669 
-55.77099      52.53208 
-55.77816      52.53165 
-55.78254      52.53296 
-55.78588      52.52941 
-55.77959      52.52461 
-55.77041      52.52633 
-55.76602      52.52137 
-55.74856      52.51181 
-55.76671      52.5143 
-55.77429      52.51732 
-55.78525      52.51657 
-55.78736      52.52191 
-55.79571      52.52474 
-55.80674      52.5233 
-55.81004      52.52411 
-55.81587      52.52981 
-55.81561      52.53255 
-55.80309      52.53393 
-55.79774      52.53877 
-55.79872      52.54017 
-55.79906      52.54065 
-55.805        52.53743 
-55.81033      52.5367 
-55.81847      52.53791 
-55.83841      52.53748 
-55.84626      52.53387 
-55.85379      52.53368 
-55.86155      52.53488 
-55.87583      52.5466 
-55.87547      52.55047 
-55.87114      52.5565 
-55.85865      52.56155 
-55.85026      52.56285 
-55.83795      52.56196 
-55.8086       52.55083 
-55.80203      52.55266 
-55.79455      52.55239 
-55.7834       52.55016 
-55.78055      52.54959 
-55.78401      52.54491 
-55.77671      52.54281 
-55.75849      52.53323 
-55.75199      52.52781 
 1             56 
1
 -9999.0   ,   9990.0 
 138 
-56            52.51926 
-55.99773      52.51927 
-55.9919       52.51335 
-55.99703      52.51055 
-55.99529      52.50912 
-55.98241      52.50639 
-55.97379      52.5022 
-55.95803      52.50233 
-55.94828      52.50634 
-55.92962      52.50935 
-55.91141      52.50757 
-55.90537      52.50392 
-55.89082      52.50707 
-55.88048      52.50534 
-55.87363      52.51036 
-55.86945      52.5109 
-55.8501       52.50929 
-55.8461       52.5119 
-55.8465       52.51557 
-55.8334       52.52312 
-55.82913      52.52067 
-55.83322      52.51716 
-55.8284       52.51264 
-55.83312      52.5025 
-55.8431       52.50401 
-55.83291      52.49678 
-55.84805      52.49137 
-55.84167      52.48748 
-55.84158      52.4806 
-55.82631      52.48738 
-55.82392      52.49279 
-55.81392      52.50319 
-55.80469      52.50171 
-55.80376      52.49962 
-55.80791      52.49542 
-55.8051       52.49349 
-55.79679      52.4941 
-55.78765      52.49171 
-55.78505      52.49528 
-55.77474      52.49719 
-55.76621      52.4962 
-55.75878      52.49158 
-55.74144      52.4926 
-55.73686      52.49067 
-55.74953      52.48644 
-55.74239      52.48274 
-55.74521      52.48078 
-55.74398      52.47799 
-55.71931      52.47342 
-55.71459      52.46799 
-55.7186       52.46539 
-55.74774      52.47012 
-55.74999      52.46631 
-55.77128      52.4593 
-55.76774      52.45711 
-55.74131      52.46302 
-55.73306      52.45928 
-55.74025      52.45474 
-55.75189      52.45448 
-55.75558      52.45118 
-55.75253      52.44786 
-55.75697      52.44495 
-55.76013      52.44287 
-55.75954      52.44125 
-55.75109      52.44346 
-55.74193      52.44129 
-55.72921      52.44494 
-55.72633      52.44759 
-55.72666      52.45195 
-55.72117      52.45816 
-55.71858      52.45783 
-55.7177       52.45162 
-55.71163      52.45231 
-55.71071      52.45022 
-55.7166       52.44746 
-55.71657      52.44402 
-55.70464      52.44336 
-55.69794      52.44677 
-55.68695      52.43286 
-55.68333      52.43158 
-55.67832      52.433 
-55.67018      52.43201 
-55.66211      52.434 
-55.65809      52.43682 
-55.66582      52.44192 
-55.67147      52.44167 
-55.67681      52.43659 
-55.67726      52.43616 
-55.68735      52.4402 
-55.68879      52.45215 
-55.68573      52.45662 
-55.68019      52.45573 
-55.6784       52.45108 
-55.67399      52.45023 
-55.67086      52.45538 
-55.66474      52.45286 
-55.66229      52.44728 
-55.65933      52.44694 
-55.65407      52.45086 
-55.64945      52.4484 
-55.6188       52.44057 
-55.62142      52.43932 
-55.6341       52.44091 
-55.63834      52.43952 
-55.6476       52.44055 
-55.64823      52.43806 
-55.64161      52.433 
-55.6372       52.43215 
-55.62811      52.43318 
-55.62017      52.42647 
-55.62091      52.42283 
-55.63029      52.42639 
-55.64199      52.42546 
-55.64408      52.42324 
-55.63381      52.41737 
-55.63078      52.41016 
-55.6254       52.40789 
-55.62585      52.40333 
-55.63375      52.40295 
-55.63916      52.40498 
-55.65086      52.40404 
-55.65595      52.40172 
-55.66365      52.40338 
-55.67726      52.40205 
-55.68206      52.40339 
-55.69146      52.40602 
-55.69162      52.40442 
-55.68577      52.39917 
-55.68137      52.39831 
-55.65373      52.39774 
-55.64251      52.39389 
-55.63052      52.38657 
-55.62601      52.38297 
-55.62495      52.37858 
-55.63549      52.37051 
-55.63457      52.36841 
-55.62959      52.36959 
-55.62045      52.36376 
 1             57 
1
 -9999.0   ,   9990.0 
 7 
-55.73178      52.36544 
-55.75225      52.36201 
-55.75813      52.36315 
-55.76005      52.36642 
-55.75725      52.36838 
-55.75052      52.36836 
-55.73178      52.36544 
 1             58 
1
 -9999.0   ,   9990.0 
 88 
-55.62045      52.36376 
-55.62595      52.35733 
-55.63335      52.3544 
-55.63955      52.34845 
-55.64457      52.34681 
-55.65512      52.34606 
-55.67232      52.3488 
-55.67388      52.34905 
-55.68082      52.35457 
-55.67542      52.3562 
-55.66962      52.36194 
-55.67233      52.36479 
-55.67647      52.36448 
-55.68168      52.36101 
-55.68648      52.36165 
-55.68452      52.36639 
-55.6856       52.37054 
-55.69419      52.36308 
-55.69714      52.35587 
-55.70022      52.35873 
-55.70674      52.35713 
-55.71024      52.35955 
-55.71778      52.35891 
-55.72166      52.36135 
-55.72139      52.36408 
-55.71442      52.36268 
-55.70833      52.36383 
-55.70545      52.36647 
-55.70674      52.36858 
-55.71527      52.36935 
-55.72324      52.37194 
-55.72457      52.37359 
-55.72172      52.376 
-55.72253      52.37924 
-55.73404      52.38012 
-55.73767      52.37361 
-55.74711      52.37648 
-55.76424      52.37733 
-55.77228      52.37923 
-55.77947      52.37835 
-55.78826      52.38027 
-55.79366      52.37863 
-55.8334       52.38167 
-55.83583      52.3797 
-55.8312       52.37724 
-55.82416      52.37653 
-55.79609      52.37277 
-55.793        52.36991 
-55.78274      52.3677 
-55.77636      52.36404 
-55.78119      52.36055 
-55.77983      52.35913 
-55.77191      52.35976 
-55.76995      52.35694 
-55.77126      52.35493 
-55.77512      52.35369 
-55.80019      52.35346 
-55.80705      52.356 
-55.83464      52.35676 
-55.83729      52.35724 
-55.85044      52.35962 
-55.86463      52.3599 
-55.86436      52.35874 
-55.84342      52.35089 
-55.81458      52.34757 
-55.80893      52.34416 
-55.80052      52.34615 
-55.77985      52.34334 
-55.76818      52.34429 
-55.76364      52.34091 
-55.75746      52.33908 
-55.7562       52.33675 
-55.75905      52.33434 
-55.76641      52.33552 
-55.77068      52.33385 
-55.78873      52.33657 
-55.79339      52.33467 
-55.80432      52.3337 
-55.80506      52.33392 
-55.83881      52.34432 
-55.85295      52.34506 
-55.86737      52.35061 
-55.90413      52.35329 
-55.94919      52.37524 
-55.95773      52.37599 
-55.98801      52.38405 
-55.99533      52.386 
-56            52.38806 
 1             59 
1
 -9999.0   ,   9990.0 
 12 
-55.77478      52.31065 
-55.77176      52.311 
-55.76964      52.31367 
-55.76815      52.3175 
-55.77051      52.32011 
-55.77822      52.32153 
-55.79504      52.32146 
-55.79633      52.31967 
-55.78982      52.31738 
-55.78649      52.31314 
-55.77758      52.31259 
-55.77478      52.31065 
 1             60 
1
 -9999.0   ,   9990.0 
 10 
-55.75683      52.30313 
-55.75035      52.30838 
-55.73767      52.31204 
-55.73601      52.3138 
-55.73769      52.3157 
-55.7489       52.31954 
-55.74986      52.3173 
-55.74673      52.31489 
-55.76377      52.30475 
-55.75683      52.30313 
 1             61 
1
 -9999.0   ,   9990.0 
 10 
-55.69071      52.25399 
-55.68289      52.25759 
-55.67759      52.2622 
-55.68098      52.26942 
-55.70363      52.26683 
-55.70689      52.26397 
-55.70176      52.25921 
-55.69671      52.25741 
-55.69547      52.25485 
-55.69071      52.25399 
 1             62 
1
 -9999.0   ,   9990.0 
 7 
-55.67773      52.24183 
-55.67025      52.24201 
-55.65615      52.24881 
-55.66407      52.25551 
-55.67568      52.25503 
-55.67799      52.25054 
-55.67773      52.24183 
 1             63 
1
 -9999.0   ,   9990.0 
 36 
-55.6144       52.23739 
-55.60342      52.23903 
-55.59949      52.23728 
-55.59571      52.23782 
-55.59971      52.24255 
-55.59651      52.24472 
-55.59953      52.24804 
-55.61082      52.2471 
-55.62084      52.25137 
-55.61752      52.25468 
-55.6113       52.25719 
-55.58902      52.25611 
-55.58587      52.25782 
-55.57402      52.25691 
-55.57358      52.26125 
-55.57847      52.2683 
-55.5899       52.26965 
-55.59527      52.27192 
-55.61972      52.27376 
-55.62631      52.27126 
-55.63191      52.27124 
-55.63451      52.26768 
-55.63883      52.26922 
-55.63996      52.27036 
-55.64256      52.27302 
-55.64633      52.2727 
-55.64762      52.27092 
-55.64231      52.26432 
-55.64416      52.26072 
-55.63573      52.25536 
-55.634        52.25026 
-55.6294       52.2478 
-55.62929      52.24139 
-55.62694      52.23878 
-55.61795      52.23912 
-55.6144       52.23739 
 1             64 
1
 -9999.0   ,   9990.0 
 8 
-55.69363      52.18611 
-55.68153      52.18795 
-55.68391      52.19032 
-55.69371      52.19298 
-55.69964      52.1932 
-55.70888      52.19011 
-55.70978      52.18854 
-55.69363      52.18611 
 1             65 
1
 -9999.0   ,   9990.0 
 7 
-55.65558      52.16408 
-55.64263      52.16703 
-55.6441       52.17098 
-55.65296      52.17177 
-55.65801      52.16966 
-55.65848      52.16487 
-55.65558      52.16408 
 1             66 
1
 -9999.0   ,   9990.0 
 7 
-55.67019      52.15181 
-55.66584      52.16195 
-55.6667       52.1645 
-55.67111      52.16512 
-55.68112      52.15794 
-55.67701      52.15435 
-55.67019      52.15181 
 1             67 
1
 -9999.0   ,   9990.0 
 8 
-55.88221      51.98194 
-55.87122      51.98452 
-55.86916      51.98674 
-55.87221      51.98982 
-55.89012      51.98863 
-55.89015      51.98429 
-55.88776      51.98214 
-55.88221      51.98194 
 1             68 
1
 -9999.0   ,   9990.0 
 8 
-55.84143      51.98597 
-55.83899      51.98428 
-55.84915      51.9748 
-55.85075      51.9696 
-55.85296      51.96968 
-55.85406      51.97383 
-55.84683      51.98365 
-55.84143      51.98597 
 1             69 
1
 -9999.0   ,   9990.0 
 236 
-56            52.3761 
-55.99611      52.37343 
-55.99016      52.373 
-55.98017      52.36785 
-55.97358      52.36625 
-55.96954      52.36954 
-55.96519      52.36801 
-55.9647       52.36525 
-55.95924      52.36369 
-55.94811      52.35461 
-55.96229      52.35487 
-55.97259      52.35271 
-55.98068      52.3459 
-55.96837      52.3457 
-55.95889      52.3472 
-55.93145      52.34487 
-55.91584      52.33997 
-55.91471      52.33604 
-55.90804      52.33145 
-55.89789      52.32812 
-55.86703      52.33045 
-55.86451      52.32945 
-55.86897      52.32572 
-55.86123      52.32064 
-55.85035      52.32116 
-55.84397      52.3175 
-55.82692      52.32009 
-55.8166       52.31858 
-55.81325      52.31456 
-55.81442      52.31395 
-55.82465      52.30857 
-55.82921      52.30781 
-55.831        52.30467 
-55.82776      52.29885 
-55.81896      52.30561 
-55.81408      52.3059 
-55.80374      52.30072 
-55.79378      52.29944 
-55.79096      52.29773 
-55.79173      52.29364 
-55.80107      52.28963 
-55.80597      52.28912 
-55.81249      52.28341 
-55.82253      52.27988 
-55.82468      52.27698 
-55.81675      52.27006 
-55.81434      52.2718 
-55.81498      52.27686 
-55.80689      52.27565 
-55.78335      52.28761 
-55.77663      52.28759 
-55.76223      52.28203 
-55.76173      52.2795 
-55.77057      52.27296 
-55.76944      52.26925 
-55.76375      52.2663 
-55.75548      52.26691 
-55.74913      52.27469 
-55.71566      52.28879 
-55.70973      52.28834 
-55.70519      52.2852 
-55.70005      52.28432 
-55.69556      52.27683 
-55.69794      52.27532 
-55.70392      52.27531 
-55.70837      52.27181 
-55.71733      52.27169 
-55.72115      52.26313 
-55.72706      52.25991 
-55.74477      52.26194 
-55.75326      52.25516 
-55.7513       52.25234 
-55.76275      52.24881 
-55.76591      52.24784 
-55.76357      52.245 
-55.79409      52.23398 
-55.81563      52.23088 
-55.8192       52.2326 
-55.82479      52.23258 
-55.83488      52.22836 
-55.82424      52.22661 
-55.82096      52.2258 
-55.80648      52.22917 
-55.78611      52.22774 
-55.78261      52.22922 
-55.77146      52.23659 
-55.75273      52.2414 
-55.73883      52.24249 
-55.72345      52.24719 
-55.71326      52.24842 
-55.70594      52.247 
-55.69609      52.24092 
-55.69019      52.24023 
-55.6874       52.2383 
-55.69835      52.23687 
-55.70579      52.23326 
-55.70652      52.22962 
-55.6799       52.23115 
-55.67337      52.2293 
-55.65695      52.22938 
-55.64992      52.22133 
-55.64704      52.22031 
-55.64349      52.22223 
-55.63392      52.21729 
-55.62322      52.2162 
-55.61683      52.21298 
-55.61524      52.21018 
-55.61854      52.2071 
-55.62976      52.2066 
-55.63301      52.20398 
-55.63459      52.19557 
-55.6407       52.19031 
-55.65131      52.19597 
-55.65766      52.19209 
-55.66318      52.19275 
-55.66152      52.19818 
-55.66368      52.19895 
-55.67044      52.19654 
-55.67179      52.19605 
-55.67806      52.19674 
-55.68407      52.20384 
-55.69297      52.20806 
-55.69807      52.21306 
-55.70547      52.206 
-55.70369      52.20136 
-55.70898      52.19675 
-55.73137      52.19643 
-55.73027      52.20395 
-55.73746      52.21039 
-55.74082      52.21807 
-55.75147      52.20817 
-55.75769      52.20542 
-55.77355      52.20325 
-55.77524      52.20125 
-55.77178      52.19838 
-55.76628      52.19749 
-55.76262      52.19301 
-55.74845      52.19317 
-55.74299      52.18793 
-55.74782      52.18423 
-55.74615      52.17844 
-55.74294      52.17695 
-55.71726      52.18058 
-55.7109       52.17324 
-55.69986      52.17192 
-55.69428      52.16804 
-55.68582      52.16704 
-55.68318      52.16351 
-55.69389      52.15681 
-55.7047       52.15287 
-55.69995      52.14811 
-55.7023       52.12783 
-55.6993       52.12428 
-55.69279      52.12244 
-55.68413      52.12348 
-55.68187      52.11997 
-55.68783      52.10852 
-55.69528      52.10078 
-55.69434      52.09891 
-55.68678      52.10023 
-55.6889       52.08612 
-55.69244      52.0803 
-55.69988      52.07646 
-55.7099       52.0766 
-55.71771      52.08032 
-55.75814      52.07724 
-55.76844      52.07831 
-55.79203      52.0881 
-55.79373      52.08587 
-55.78904      52.07654 
-55.78782      52.07375 
-55.77776      52.07018 
-55.76085      52.06063 
-55.75994      52.05854 
-55.76473      52.05505 
-55.76475      52.04704 
-55.76819      52.03824 
-55.77525      52.03438 
-55.77416      52.03021 
-55.77841      52.02854 
-55.77921      52.02399 
-55.79009      52.02279 
-55.79709      52.01938 
-55.8027       52.0189 
-55.80671      52.02362 
-55.81669      52.02399 
-55.8355       52.01734 
-55.83234      52.00761 
-55.82462      52.00688 
-55.82181      52.00266 
-55.8204       52.00054 
-55.8374       52.00116 
-55.83964      52.0049 
-55.84292      52.00548 
-55.84905      52.00341 
-55.85382      52.00404 
-55.85519      52.00913 
-55.86568      52.00813 
-55.87355      52.01116 
-55.88222      52.01765 
-55.88663      52.01414 
-55.8849       52.00882 
-55.87623      52.00233 
-55.87659      51.99845 
-55.88606      51.99238 
-55.895        51.99201 
-55.92539      52.01621 
-55.94525      52.02218 
-55.96561      52.02266 
-55.98017      52.02569 
-55.97619      52.02052 
-55.97901      52.0181 
-55.95075      52.0107 
-55.9384       52.00386 
-55.93185      51.99428 
-55.92925      51.99048 
-55.91954      51.98716 
-55.90924      51.97833 
-55.90015      51.9764 
-55.89629      51.97809 
-55.89011      51.97673 
-55.89624      51.96665 
-55.89443      51.96224 
-55.88799      51.95972 
-55.89048      51.95683 
-55.89773      51.95457 
-55.90729      51.94736 
-55.91001      51.94197 
-55.91962      51.93819 
-55.92667      51.92996 
-55.95639      51.91683 
-55.96099      51.91104 
-55.96425      51.91005 
-55.98344      51.90428 
-55.99535      51.8953 
-56            51.89568 
 1             70 
1
 -9999.0   ,   9990.0 
 51 
-55.27457      52.00442 
-55.27339      52.0023 
-55.27837      51.98693 
-55.2893       51.96899 
-55.29185      51.9648 
-55.30358      51.96254 
-55.30628      51.95807 
-55.30553      51.95117 
-55.30791      51.94622 
-55.31592      51.9406 
-55.31554      51.93371 
-55.32079      51.91904 
-55.32676      51.91859 
-55.35127      51.89325 
-55.3543       51.87849 
-55.3579       51.87589 
-55.36239      51.87538 
-55.36591      51.87712 
-55.37112      51.87688 
-55.37562      51.87475 
-55.38007      51.87266 
-55.38379      51.8732 
-55.38882      51.87392 
-55.39448      51.87644 
-55.39412      51.87986 
-55.40469      51.88143 
-55.41301      51.8797 
-55.41888      51.88016 
-55.42809      51.8842 
-55.43211      51.88825 
-55.42744      51.89401 
-55.42831      51.9 
-55.422        51.90731 
-55.41988      51.91707 
-55.40311      51.92877 
-55.39792      51.94665 
-55.38898      51.95774 
-55.3733       51.96157 
-55.36806      51.96286 
-55.36426      51.96018 
-55.35436      51.9591 
-55.34138      51.9698 
-55.33132      51.97374 
-55.32482      51.98264 
-55.31483      51.98589 
-55.31233      51.99197 
-55.29728      52.00442 
-55.28994      52.00366 
-55.27955      52.00712 
-55.27529      52.00535 
-55.27457      52.00442 
 1             71 
1
 -9999.0   ,   9990.0 
 12 
-55.57891      51.62244 
-55.57181      51.62354 
-55.56799      51.62866 
-55.56412      51.63057 
-55.56577      51.63246 
-55.57172      51.63178 
-55.57289      51.6348 
-55.57081      51.63724 
-55.57391      51.63942 
-55.57704      51.63748 
-55.5815       51.62598 
-55.57891      51.62244 
 1             72 
1
 -9999.0   ,   9990.0 
 10 
-55.85355      51.58421 
-55.84328      51.59186 
-55.84065      51.58855 
-55.83058      51.59414 
-55.82883      51.59705 
-55.83319      51.60156 
-55.85074      51.59465 
-55.85388      51.58858 
-55.85737      51.58665 
-55.85355      51.58421 
 1             73 
1
 -9999.0   ,   9990.0 
 32 
-55.42502      51.63425 
-55.42361      51.63006 
-55.41979      51.62785 
-55.41461      51.6281 
-55.41262      51.62596 
-55.43177      51.61871 
-55.43117      51.61732 
-55.42678      51.61714 
-55.42924      51.61106 
-55.42766      51.60847 
-55.41279      51.60651 
-55.40988      51.5954 
-55.41227      51.59366 
-55.43079      51.59234 
-55.43324      51.58991 
-55.43213      51.58644 
-55.42547      51.58686 
-55.42492      51.58501 
-55.43146      51.57863 
-55.43908      51.57596 
-55.44486      51.58054 
-55.44692      51.59275 
-55.45408      51.5983 
-55.4559       51.60205 
-55.45397      51.60655 
-55.44721      51.61154 
-55.44616      51.61543 
-55.44544      51.61811 
-55.43993      51.62522 
-55.43532      51.6271 
-55.42788      51.63504 
-55.42502      51.63425 
 1             74 
1
 -9999.0   ,   9990.0 
 4 
-56            51.57829 
-55.99885      51.57843 
-55.9983       51.57635 
-56            51.57495 
 1             75 
1
 -9999.0   ,   9990.0 
 5 
-55.45378      51.52181 
-55.44665      51.52703 
-55.44577      51.53203 
-55.45825      51.53207 
-55.45378      51.52181 
 1             76 
1
 -9999.0   ,   9990.0 
 7 
-55.45251      51.51627 
-55.44485      51.5194 
-55.44466      51.51412 
-55.44945      51.50676 
-55.45433      51.50558 
-55.45579      51.5093 
-55.45251      51.51627 
 1             77 
1
 -9999.0   ,   9990.0 
 227 
-55.42098      51.57683 
-55.43185      51.57475 
-55.43685      51.57058 
-55.43788      51.56972 
-55.4429       51.57451 
-55.45432      51.57427 
-55.45571      51.57868 
-55.46264      51.57918 
-55.46467      51.58087 
-55.46633      51.58987 
-55.46844      51.59087 
-55.47712      51.58502 
-55.47401      51.57941 
-55.48224      51.56714 
-55.4859       51.56728 
-55.4896       51.57063 
-55.48559      51.57391 
-55.48603      51.57691 
-55.49111      51.57757 
-55.49202      51.57943 
-55.48476      51.58579 
-55.48682      51.59091 
-55.499        51.59046 
-55.50554      51.58752 
-55.51916      51.58737 
-55.52051      51.58857 
-55.51331      51.59594 
-55.5119       51.59739 
-55.51382      51.60021 
-55.51922      51.59767 
-55.52403      51.59741 
-55.53218      51.59315 
-55.53854      51.59569 
-55.5363       51.58873 
-55.54593      51.5843 
-55.5531       51.58618 
-55.57142      51.57934 
-55.57472      51.58313 
-55.58183      51.57814 
-55.58345      51.57293 
-55.58889      51.5736 
-55.59472      51.5704 
-55.5971       51.57231 
-55.60557      51.57218 
-55.60724      51.57385 
-55.60162      51.57867 
-55.60174      51.58119 
-55.60499      51.58178 
-55.61001      51.57556 
-55.61653      51.57284 
-55.61272      51.56674 
-55.60253      51.56577 
-55.59634      51.56519 
-55.59205      51.56021 
-55.60312      51.55973 
-55.59828      51.5529 
-55.60267      51.54941 
-55.61345      51.55555 
-55.63515      51.55523 
-55.64456      51.5604 
-55.63757      51.56425 
-55.63857      51.5691 
-55.64097      51.5708 
-55.64673      51.56827 
-55.64802      51.57015 
-55.64309      51.57545 
-55.65111      51.57988 
-55.66004      51.58251 
-55.66154      51.586 
-55.65232      51.59389 
-55.64598      51.5948 
-55.63576      51.59028 
-55.6333       51.59318 
-55.63161      51.59516 
-55.62244      51.5987 
-55.62159      51.60737 
-55.64144      51.60744 
-55.64862      51.60543 
-55.65181      51.59914 
-55.65968      51.59761 
-55.67964      51.58509 
-55.68794      51.58288 
-55.69357      51.57783 
-55.70216      51.58021 
-55.70775      51.57562 
-55.71136      51.56865 
-55.70822      51.56305 
-55.71825      51.55815 
-55.73064      51.55908 
-55.72955      51.55514 
-55.73287      51.55055 
-55.73914      51.54703 
-55.74459      51.54769 
-55.74695      51.54984 
-55.74587      51.55347 
-55.73865      51.55984 
-55.73293      51.57358 
-55.73228      51.58043 
-55.73535      51.58283 
-55.73945      51.5823 
-55.74406      51.57629 
-55.75098      51.57311 
-55.76083      51.55448 
-55.75722      51.54611 
-55.75374      51.54414 
-55.74498      51.54359 
-55.73872      51.53603 
-55.72946      51.52927 
-55.72255      51.52856 
-55.71518      51.53183 
-55.71258      51.53299 
-55.71146      51.53707 
-55.70159      51.5328 
-55.70071      51.53048 
-55.70381      51.52877 
-55.71108      51.5295 
-55.71292      51.52568 
-55.70804      51.51908 
-55.70956      51.51479 
-55.70578      51.51213 
-55.71071      51.50659 
-55.71152      51.50204 
-55.71587      51.49877 
-55.71458      51.49689 
-55.70628      51.49543 
-55.68018      51.49605 
-55.67806      51.49139 
-55.67413      51.49032 
-55.67221      51.48751 
-55.67386      51.48551 
-55.68418      51.48498 
-55.66938      51.47503 
-55.65375      51.47742 
-55.64156      51.47725 
-55.62592      51.47703 
-55.62294      51.47372 
-55.63348      51.47092 
-55.64065      51.47256 
-55.65184      51.4707 
-55.65919      51.46663 
-55.66285      51.46677 
-55.67565      51.46703 
-55.67841      51.47262 
-55.68683      51.47661 
-55.71521      51.47883 
-55.73226      51.4884 
-55.75245      51.49213 
-55.76627      51.48944 
-55.77874      51.48944 
-55.78556      51.49108 
-55.80458      51.48376 
-55.81464      51.48596 
-55.8209       51.49741 
-55.82763      51.49605 
-55.83312      51.48825 
-55.83887      51.4896 
-55.84177      51.49383 
-55.85626      51.49184 
-55.87515      51.48588 
-55.87512      51.49412 
-55.88846      51.48865 
-55.89282      51.48904 
-55.8987       51.49291 
-55.89098      51.50111 
-55.89542      51.5047 
-55.8911       51.50775 
-55.88483      51.50821 
-55.88012      51.51148 
-55.86937      51.51269 
-55.87387      51.5156 
-55.87423      51.52362 
-55.87722      51.52693 
-55.87624      51.52964 
-55.86773      51.53437 
-55.86427      51.53997 
-55.86462      51.5441 
-55.86873      51.54334 
-55.87585      51.53787 
-55.88078      51.54011 
-55.88547      51.53707 
-55.89097      51.53705 
-55.89818      51.53456 
-55.89826      51.54166 
-55.89674      51.54618 
-55.9032       51.54779 
-55.89383      51.55386 
-55.89031      51.56014 
-55.8824       51.56626 
-55.87819      51.58007 
-55.88103      51.5811 
-55.8718       51.58557 
-55.86437      51.59835 
-55.84578      51.60454 
-55.83956      51.6082 
-55.84197      51.60989 
-55.85122      51.60931 
-55.86055      51.61171 
-55.86473      51.60637 
-55.8733       51.60508 
-55.88187      51.59989 
-55.8841       51.60364 
-55.8858       51.60321 
-55.892        51.60163 
-55.89894      51.60211 
-55.89949      51.60419 
-55.89281      51.60876 
-55.89541      51.61251 
-55.88308      51.61459 
-55.88432      51.61715 
-55.89134      51.61672 
-55.89334      51.62297 
-55.89953      51.62365 
-55.91709      51.61672 
-55.92969      51.60756 
-55.94877      51.60389 
-55.95487      51.59747 
-55.96358      51.5987 
-55.96893      51.58835 
-55.97473      51.58513 
-55.98411      51.58294 
-55.9858       51.5846 
-55.981        51.58876 
-55.98022      51.58944 
-55.98777      51.59131 
-55.99489      51.58561 
-55.99895      51.58552 
-56            51.58473 
 1             78 
1
 -9999.0   ,   9990.0 
 212 
-55.42098      51.57683 
-55.42087      51.57431 
-55.42745      51.56748 
-55.42506      51.56211 
-55.42956      51.55772 
-55.42515      51.5541 
-55.42582      51.55115 
-55.43656      51.53944 
-55.44304      51.53718 
-55.4443       51.5464 
-55.44752      51.54721 
-55.45014      51.54319 
-55.46318      51.53776 
-55.46717      51.54914 
-55.46226      51.55398 
-55.46633      51.55735 
-55.47033      51.55774 
-55.47512      51.55403 
-55.48433      51.55371 
-55.48371      51.54741 
-55.47358      51.54023 
-55.46965      51.53184 
-55.4644       51.52933 
-55.46231      51.52101 
-55.47065      51.52203 
-55.47188      51.5207 
-55.46124      51.51707 
-55.45933      51.51425 
-55.46365      51.50778 
-55.45882      51.50118 
-55.45489      51.50011 
-55.44767      51.50257 
-55.44286      51.4994 
-55.44778      51.49433 
-55.45351      51.4957 
-55.45851      51.48971 
-55.45201      51.48877 
-55.45114      51.48645 
-55.45359      51.48403 
-55.4596       51.48266 
-55.47288      51.48914 
-55.4766       51.49593 
-55.4815       51.49469 
-55.48601      51.49355 
-55.49343      51.49637 
-55.49585      51.49051 
-55.51588      51.48833 
-55.52024      51.48873 
-55.52533      51.49282 
-55.53527      51.49618 
-55.5455       51.49658 
-55.54712      51.49504 
-55.54362      51.48964 
-55.53609      51.49164 
-55.53107      51.49052 
-55.52675      51.486 
-55.53143      51.48321 
-55.52031      51.48072 
-55.49956      51.48287 
-55.4891       51.48109 
-55.48853      51.47946 
-55.49773      51.47547 
-55.50782      51.47724 
-55.51111      51.47371 
-55.50519      51.47033 
-55.49744      51.47111 
-55.49132      51.46629 
-55.48731      51.46613 
-55.48708      51.46475 
-55.4921       51.4622 
-55.48782      51.45745 
-55.49111      51.45025 
-55.48949      51.44813 
-55.48556      51.45072 
-55.48353      51.45636 
-55.4791       51.45664 
-55.47773      51.45934 
-55.48131      51.46383 
-55.47507      51.46747 
-55.47634      51.47302 
-55.47362      51.47818 
-55.46365      51.47526 
-55.46788      51.47337 
-55.46811      51.46743 
-55.47124      51.46183 
-55.46906      51.45808 
-55.46932      51.44824 
-55.47156      51.44421 
-55.47713      51.44351 
-55.47704      51.44076 
-55.47086      51.43663 
-55.47081      51.43363 
-55.47701      51.42657 
-55.48271      51.4245 
-55.48844      51.41855 
-55.49505      51.41835 
-55.49665      51.41704 
-55.48573      51.41271 
-55.48207      51.40914 
-55.48734      51.40041 
-55.4803       51.39395 
-55.4819       51.39264 
-55.49151      51.39165 
-55.49357      51.38944 
-55.48706      51.38506 
-55.49569      51.37922 
-55.49595      51.37305 
-55.49105      51.36713 
-55.49286      51.36377 
-55.49707      51.36187 
-55.5016       51.36778 
-55.50748      51.36755 
-55.51137      51.36519 
-55.51462      51.35154 
-55.51515      51.34931 
-55.51987      51.34972 
-55.54449      51.37061 
-55.55432      51.37466 
-55.55789      51.38304 
-55.5603       51.38451 
-55.56761      51.38457 
-55.57171      51.37648 
-55.58198      51.3762 
-55.58018      51.37224 
-55.57007      51.36337 
-55.56293      51.36172 
-55.55629      51.35482 
-55.5631       51.35256 
-55.56886      51.35348 
-55.572        51.35497 
-55.57399      51.36077 
-55.58269      51.36157 
-55.58846      51.36614 
-55.58934      51.36566 
-55.59233      51.36401 
-55.58728      51.3558 
-55.5794       51.35412 
-55.56908      51.34754 
-55.55438      51.34833 
-55.55924      51.34349 
-55.55767      51.33724 
-55.56154      51.3351 
-55.57799      51.33139 
-55.58533      51.32367 
-55.59288      51.32488 
-55.59459      51.32609 
-55.59034      51.32844 
-55.59262      51.33128 
-55.5984       51.33196 
-55.60425      51.33562 
-55.61743      51.33544 
-55.62396      51.33226 
-55.61148      51.32904 
-55.60288      51.31977 
-55.60264      51.319 
-55.60121      51.31444 
-55.60264      51.30739 
-55.60647      51.30548 
-55.61369      51.30645 
-55.61719      51.3043 
-55.6142       51.3012 
-55.61622      51.29922 
-55.59211      51.29554 
-55.59149      51.29437 
-55.5969       51.29138 
-55.62312      51.29216 
-55.63455      51.291 
-55.63809      51.29594 
-55.63034      51.29679 
-55.62716      51.29941 
-55.63194      51.30281 
-55.63747      51.30233 
-55.64099      51.29995 
-55.65165      51.29921 
-55.65409      51.30045 
-55.65261      51.30818 
-55.66582      51.31509 
-55.67268      51.31215 
-55.70101      51.31391 
-55.71212      51.31617 
-55.74011      51.31379 
-55.74805      51.31477 
-55.75659      51.32104 
-55.75427      51.33401 
-55.77398      51.33428 
-55.78251      51.33689 
-55.7957       51.33647 
-55.8052       51.34048 
-55.81366      51.33988 
-55.84937      51.33318 
-55.86362      51.33324 
-55.87259      51.33105 
-55.88497      51.32349 
-55.89194      51.32328 
-55.90398      51.32739 
-55.91339      51.32841 
-55.91799      51.33407 
-55.92726      51.3447 
-55.93582      51.35097 
-55.94746      51.35573 
-55.95402      51.35596 
-55.9533       51.34769 
-55.94584      51.34537 
-55.94261      51.34067 
-55.92602      51.33413 
-55.92583      51.33229 
-55.95082      51.33067 
-55.95653      51.32812 
-55.95716      51.32517 
-55.96542      51.32684 
-55.98047      51.326 
-56            51.34219 
 1             79 
1
 -9999.0   ,   9990.0 
 12 
-55.93233      51.24852 
-55.92741      51.25452 
-55.93346      51.26023 
-55.93133      51.26359 
-55.93466      51.26714 
-55.93997      51.26893 
-55.95878      51.25862 
-55.95473      51.25505 
-55.95042      51.2542 
-55.94557      51.2554 
-55.94015      51.25086 
-55.93233      51.24852 
 1             80 
1
 -9999.0   ,   9990.0 
 13 
-55.96453      51.23525 
-55.96124      51.23537 
-55.95454      51.24497 
-55.94662      51.24789 
-55.94784      51.25045 
-55.95627      51.25007 
-55.96274      51.2471 
-55.977        51.24668 
-55.97932      51.24516 
-55.97478      51.24294 
-55.96717      51.24244 
-55.96758      51.23788 
-55.96453      51.23525 
 1             81 
1
 -9999.0   ,   9990.0 
 8 
-55.83944      51.20783 
-55.83699      51.21461 
-55.83343      51.21768 
-55.83869      51.21993 
-55.84174      51.21844 
-55.84349      51.21141 
-55.84303      51.20842 
-55.83944      51.20783 
 1             82 
1
 -9999.0   ,   9990.0 
 16 
-55.9429       51.21228 
-55.92335      51.21089 
-55.91618      51.2136 
-55.91035      51.21362 
-55.91025      51.21064 
-55.9167       51.2079 
-55.92467      51.2004 
-55.92987      51.19922 
-55.94086      51.20259 
-55.944        51.20018 
-55.942        51.19805 
-55.9456       51.19452 
-55.95254      51.19431 
-55.9486       51.20172 
-55.94389      51.20545 
-55.9429       51.21228 
 1             83 
1
 -9999.0   ,   9990.0 
 14 
-56            51.19715 
-55.99892      51.19711 
-55.99737      51.19408 
-55.99441      51.19466 
-55.99085      51.20186 
-55.9769       51.2112 
-55.97768      51.21466 
-55.96699      51.22 
-55.96863      51.22212 
-55.97741      51.22175 
-55.98321      51.21807 
-55.99492      51.20521 
-55.99912      51.20719 
-56            51.20677 
 1             84 
1
 -9999.0   ,   9990.0 
 6 
-55.67663      51.1802 
-55.67309      51.18671 
-55.66932      51.18427 
-55.675        51.17441 
-55.67818      51.17545 
-55.67663      51.1802 
 1             85 
1
 -9999.0   ,   9990.0 
 12 
-55.69327      51.15863 
-55.68902      51.16488 
-55.67586      51.16552 
-55.67419      51.16775 
-55.67719      51.17061 
-55.68322      51.17221 
-55.68722      51.17992 
-55.69089      51.1796 
-55.69376      51.17628 
-55.69673      51.1757 
-55.69593      51.16125 
-55.69327      51.15863 
 1             86 
1
 -9999.0   ,   9990.0 
 7 
-55.7228       51.08924 
-55.71424      51.0951 
-55.71236      51.0996 
-55.71361      51.10171 
-55.71698      51.10069 
-55.72597      51.09028 
-55.7228       51.08924 
 1             87 
1
 -9999.0   ,   9990.0 
 44 
-55.60467      50.88181 
-55.59885      50.88225 
-55.58793      50.88659 
-55.58281      50.89413 
-55.58632      50.90888 
-55.59236      50.91324 
-55.60236      50.91435 
-55.60282      50.91687 
-55.59819      50.91965 
-55.59834      50.92513 
-55.59331      50.92834 
-55.58979      50.93436 
-55.56048      50.94864 
-55.55654      50.95167 
-55.55455      50.95683 
-55.54932      50.95844 
-55.54688      50.9645 
-55.55122      50.97129 
-55.54887      50.9762 
-55.54844      50.97711 
-55.55002      50.97923 
-55.55598      50.98107 
-55.56426      50.98826 
-55.5712       50.98764 
-55.57871      50.98499 
-55.58524      50.98481 
-55.59001      50.98752 
-55.59443      50.98679 
-55.62162      50.96875 
-55.63239      50.96601 
-55.64782      50.9671 
-55.64999      50.96355 
-55.64661      50.94036 
-55.64093      50.93237 
-55.63388      50.92729 
-55.63375      50.925 
-55.63468      50.92423 
-55.64402      50.91653 
-55.64368      50.91286 
-55.6329       50.90534 
-55.63183      50.89823 
-55.61887      50.89792 
-55.61082      50.89553 
-55.60467      50.88181 
 1             88 
1
 -9999.0   ,   9990.0 
 244 
-56            51.16978 
-55.99188      51.16573 
-55.99145      51.16251 
-55.99637      51.15628 
-55.99478      51.1537 
-55.98161      51.15438 
-55.98496      51.14946 
-55.98372      51.14713 
-55.97898      51.14719 
-55.97758      51.14256 
-55.96595      51.14237 
-55.96081      51.13875 
-55.93963      51.15173 
-55.93557      51.15639 
-55.93692      51.15758 
-55.94662      51.15496 
-55.95717      51.14687 
-55.96189      51.14704 
-55.96007      51.15109 
-55.96335      51.1551 
-55.97196      51.15243 
-55.97467      51.15871 
-55.97149      51.1618 
-55.9611       51.16395 
-55.95212      51.17072 
-55.95277      51.17555 
-55.95647      51.17499 
-55.9591       51.17352 
-55.96835      51.16833 
-55.98035      51.1644 
-55.98618      51.16438 
-55.98503      51.16915 
-55.97286      51.17078 
-55.97012      51.17296 
-55.97221      51.17808 
-55.96674      51.18223 
-55.96656      51.18428 
-55.96978      51.18486 
-55.97999      51.18064 
-55.98312      51.18236 
-55.97537      51.18757 
-55.95146      51.19015 
-55.93961      51.18423 
-55.93267      51.18444 
-55.93032      51.18619 
-55.92296      51.18707 
-55.91898      51.19081 
-55.91892      51.19951 
-55.91453      51.2037 
-55.91047      51.20424 
-55.90895      51.20369 
-55.90553      51.20246 
-55.90018      51.20524 
-55.89204      51.20655 
-55.89031      51.20946 
-55.88005      51.21412 
-55.8668       51.21547 
-55.86325      51.22244 
-55.85858      51.22158 
-55.85488      51.21824 
-55.85772      51.21514 
-55.85034      51.21212 
-55.85143      51.20827 
-55.8472       51.20674 
-55.84535      51.19912 
-55.8396       51.19822 
-55.84368      51.19356 
-55.83821      51.19359 
-55.83399      51.19985 
-55.83025      51.20085 
-55.82118      51.2083 
-55.81363      51.20322 
-55.80742      51.20344 
-55.80453      51.19921 
-55.79723      51.2033 
-55.79244      51.2038 
-55.78841      51.2041 
-55.77845      51.20923 
-55.77484      51.20887 
-55.7739       51.20723 
-55.77772      51.20531 
-55.77379      51.20059 
-55.77964      51.19547 
-55.78223      51.19548 
-55.78044      51.19969 
-55.78688      51.20157 
-55.79084      51.20072 
-55.78747      51.19836 
-55.78811      51.19632 
-55.79323      51.19536 
-55.78571      51.19004 
-55.77683      51.19154 
-55.76769      51.19578 
-55.76549      51.19203 
-55.7563       51.19284 
-55.75182      51.19015 
-55.73786      51.18756 
-55.73821      51.18003 
-55.7327       51.1805 
-55.73035      51.17835 
-55.72029      51.18072 
-55.71987      51.1775 
-55.72584      51.17223 
-55.73158      51.17313 
-55.73506      51.17097 
-55.73737      51.1658 
-55.73304      51.16541 
-55.7287       51.1689 
-55.72435      51.16485 
-55.72749      51.16245 
-55.73356      51.15993 
-55.74288      51.16143 
-55.74743      51.15945 
-55.75161      51.15763 
-55.75727      51.15945 
-55.76096      51.1589 
-55.77949      51.1438 
-55.77593      51.14298 
-55.76545      51.14991 
-55.75049      51.14248 
-55.73706      51.1422 
-55.73414      51.13843 
-55.73699      51.13174 
-55.73023      51.13137 
-55.73072      51.12929 
-55.73977      51.12884 
-55.73512      51.12651 
-55.72631      51.1212 
-55.72986      51.11835 
-55.728        51.11484 
-55.73116      51.11222 
-55.73826      51.1102 
-55.73828      51.10242 
-55.74706      51.09794 
-55.74724      51.09222 
-55.74873      51.08784 
-55.74283      51.08855 
-55.74315      51.08543 
-55.74563      51.08232 
-55.74405      51.07974 
-55.73987      51.08164 
-55.73725      51.08635 
-55.73224      51.08937 
-55.73159      51.08477 
-55.73666      51.07717 
-55.74619      51.0725 
-55.75056      51.06465 
-55.75815      51.05738 
-55.76471      51.05328 
-55.7677       51.04859 
-55.77572      51.04431 
-55.78087      51.04358 
-55.78426      51.04623 
-55.78826      51.04615 
-55.79246      51.04402 
-55.80284      51.04555 
-55.81462      51.05949 
-55.81792      51.05916 
-55.8175       51.05594 
-55.82301      51.05133 
-55.83179      51.05064 
-55.83289      51.05055 
-55.83507      51.04652 
-55.82309      51.04653 
-55.81809      51.04954 
-55.81598      51.04878 
-55.81236      51.04087 
-55.80414      51.03552 
-55.79986      51.03467 
-55.80053      51.03125 
-55.80194      51.024 
-55.79803      51.02317 
-55.79394      51.02805 
-55.78903      51.03015 
-55.77847      51.03044 
-55.7973       51.01535 
-55.80973      51.01055 
-55.81845      51.01042 
-55.82317      51.00647 
-55.82278      51.00279 
-55.83511      51 
-55.83708      50.99839 
-55.83776      50.99783 
-55.83313      50.98989 
-55.83412      50.9872 
-55.84716      50.97608 
-55.8585       50.97106 
-55.86082      50.9659 
-55.85772      50.96076 
-55.84818      50.96221 
-55.84074      50.96077 
-55.83617      50.9631 
-55.8323       50.96203 
-55.83385      50.9573 
-55.83222      50.9447 
-55.83839      50.93719 
-55.83574      50.9275 
-55.83982      50.92288 
-55.84719      50.92134 
-55.85209      50.9229 
-55.85755      50.92243 
-55.86783      50.92923 
-55.87077      50.93117 
-55.87425      50.9361 
-55.87167      50.94033 
-55.87219      50.94605 
-55.8689       50.95003 
-55.86946      50.95529 
-55.87358      50.95386 
-55.88053      50.9457 
-55.89543      50.92279 
-55.89455      50.91705 
-55.89974      50.90836 
-55.89908      50.904 
-55.88969      50.90409 
-55.87509      50.90944 
-55.86569      50.90953 
-55.86477      50.90789 
-55.86717      50.90183 
-55.87201      50.89677 
-55.87738      50.89434 
-55.88636      50.89027 
-55.88924      50.88673 
-55.88914      50.88034 
-55.8976       50.86037 
-55.90475      50.86841 
-55.9092       50.88182 
-55.90231      50.88953 
-55.90762      50.8943 
-55.90497      50.90287 
-55.90922      50.90372 
-55.91508      50.89916 
-55.91896      50.89269 
-55.92581      50.88909 
-55.93063      50.88037 
-55.94264      50.87334 
-55.94632      50.87118 
-55.9736       50.86129 
-55.97201      50.85165 
-55.98569      50.84077 
-55.98395      50.83637 
-55.98844      50.83084 
-55.98801      50.82421 
-56            50.81013 
 1             89 
1
 -9999.0   ,   9990.0 
 104 
-55.57633      50.69395 
-55.57197      50.69445 
-55.57591      50.70146 
-55.57102      50.70354 
-55.5582       50.70231 
-55.55214      50.70526 
-55.55278      50.70939 
-55.55085      50.71068 
-55.54498      50.70838 
-55.53657      50.71304 
-55.53268      50.71927 
-55.52547      50.72285 
-55.52912      50.72574 
-55.54376      50.72681 
-55.54694      50.73083 
-55.54305      50.73363 
-55.53053      50.7363 
-55.52733      50.74277 
-55.51708      50.7444 
-55.50839      50.74151 
-55.50303      50.74791 
-55.49553      50.74736 
-55.48965      50.7531 
-55.48589      50.75676 
-55.48809      50.76325 
-55.50178      50.7563 
-55.50816      50.75726 
-55.51         50.7603 
-55.50751      50.76339 
-55.49936      50.76556 
-55.50397      50.76963 
-55.50215      50.7732 
-55.48829      50.7749 
-55.48183      50.78146 
-55.47441      50.78343 
-55.46697      50.79247 
-55.46899      50.79712 
-55.48095      50.79307 
-55.48511      50.79462 
-55.48843      50.79727 
-55.48482      50.80076 
-55.48838      50.80457 
-55.49206      50.80381 
-55.49479      50.8053 
-55.50137      50.80102 
-55.50474      50.79636 
-55.50704      50.7958 
-55.51658      50.79345 
-55.51974      50.79426 
-55.52196      50.7971 
-55.51681      50.80487 
-55.5177       50.80673 
-55.52277      50.80649 
-55.5283       50.80193 
-55.53447      50.80151 
-55.53882      50.79781 
-55.54398      50.79666 
-55.54697      50.79222 
-55.54547      50.786 
-55.54714      50.78379 
-55.55768      50.77944 
-55.56793      50.77782 
-55.57391      50.77236 
-55.57933      50.77213 
-55.58447      50.77463 
-55.59112      50.77308 
-55.59692      50.76922 
-55.60607      50.76777 
-55.61579      50.76088 
-55.6216       50.76044 
-55.62017      50.76722 
-55.61721      50.77077 
-55.60948      50.78001 
-55.61113      50.78145 
-55.61551      50.78437 
-55.62268      50.78467 
-55.63055      50.78181 
-55.63468      50.78358 
-55.63951      50.79267 
-55.64386      50.7924 
-55.64894      50.7885 
-55.6559       50.77692 
-55.65169      50.76533 
-55.65301      50.75946 
-55.64586      50.75551 
-55.64241      50.74715 
-55.64417      50.74403 
-55.66075      50.73673 
-55.66987      50.72069 
-55.67216      50.71666 
-55.65492      50.7164 
-55.644        50.7107 
-55.63796      50.70999 
-55.6246       50.714 
-55.61378      50.71424 
-55.61392      50.70944 
-55.61844      50.70051 
-55.61531      50.69946 
-55.61057      50.70018 
-55.60637      50.70251 
-55.60152      50.70071 
-55.59423      50.6947 
-55.58118      50.69575 
-55.57633      50.69395 
 1             90 
1
 -9999.0   ,   9990.0 
 30 
-55.73004      50.19481 
-55.72395      50.19525 
-55.71285      50.19935 
-55.71346      50.20395 
-55.72151      50.20885 
-55.72072      50.21316 
-55.72299      50.21896 
-55.72856      50.22376 
-55.73335      50.22579 
-55.7412       50.22565 
-55.75116      50.23291 
-55.75637      50.23427 
-55.7607       50.23376 
-55.76825      50.2295 
-55.78148      50.23256 
-55.78579      50.22862 
-55.7955       50.22765 
-55.80006      50.22486 
-55.81074      50.23215 
-55.81433      50.22819 
-55.81168      50.21894 
-55.80489      50.21522 
-55.80357      50.2145 
-55.78733      50.2095 
-55.7777       50.20248 
-55.76363      50.20076 
-55.75549      50.20386 
-55.74538      50.20161 
-55.7386       50.20179 
-55.73004      50.19481 
 1             91 
1
 -9999.0   ,   9990.0 
 16 
-55.85451      50.19258 
-55.84825      50.19827 
-55.83529      50.1998 
-55.83218      50.20607 
-55.83395      50.20979 
-55.84067      50.21395 
-55.84672      50.21397 
-55.85585      50.2189 
-55.85758      50.21212 
-55.86286      50.20914 
-55.88294      50.204 
-55.89398      50.20399 
-55.90127      50.20222 
-55.89739      50.19818 
-55.87711      50.1944 
-55.85451      50.19258 
 1             92 
1
 -9999.0   ,   9990.0 
 16 
-56            50.00174 
-55.99882      50.00304 
-55.99017      50.0125 
-55.9884       50.03116 
-55.97455      50.03131 
-55.96305      50.03656 
-55.93965      50.03997 
-55.91273      50.03205 
-55.91081      50.02991 
-55.91048      50.02236 
-55.89808      50.0221 
-55.89115      50.02045 
-55.89176      50.01407 
-55.88213      50.00363 
-55.88013      50.00226 
-55.87684      50 
 1             93 
1
 -9999.0   ,   9990.0 
 7 
-55.54762      50 
-55.54525      50.00265 
-55.53816      50.00601 
-55.5271       50.00667 
-55.517        50.00487 
-55.51208      50.00099 
-55.51187      50 
