 3 
 1             1 
 2 
 -9998.0  ,   -9997.0
  1999.0  ,    9990.0
 171 
 28.53508     -11.89559 
 28.52199     -11.88767 
 28.50387     -11.87942 
 28.50169     -11.85875 
 28.50099     -11.85737 
 28.49303     -11.84185 
 28.48893     -11.83339 
 28.48183     -11.82706 
 28.47411     -11.82625 
 28.45781     -11.8297 
 28.44172     -11.83178 
 28.43867     -11.83067 
 28.43573     -11.82128 
 28.43669     -11.80723 
 28.44588     -11.78179 
 28.4471      -11.76935 
 28.44339     -11.7556 
 28.43504     -11.7433 
 28.42889     -11.7381 
 28.41547     -11.73047 
 28.41447     -11.72588 
 28.41695     -11.72009 
 28.42474     -11.71527 
 28.42875     -11.71279 
 28.43148     -11.70678 
 28.43463     -11.69982 
 28.43245     -11.69457 
 28.42183     -11.68689 
 28.41773     -11.67775 
 28.41836     -11.67291 
 28.43143     -11.65754 
 28.43103     -11.64581 
 28.4255      -11.63508 
 28.40663     -11.62154 
 28.38996     -11.59901 
 28.38136     -11.58532 
 28.38097     -11.57475 
 28.38513     -11.55628 
 28.38936     -11.52609 
 28.39481     -11.51589 
 28.3986      -11.50387 
 28.39397     -11.47472 
 28.39921     -11.4659 
 28.41237     -11.45651 
 28.41921     -11.44606 
 28.41948     -11.43272 
 28.42747     -11.42087 
 28.42922     -11.41302 
 28.42605     -11.40387 
 28.4245      -11.39308 
 28.42671     -11.38499 
 28.43039     -11.38195 
 28.43854     -11.38114 
 28.44854     -11.37939 
 28.45711     -11.37535 
 28.45845     -11.37119 
 28.45405     -11.35745 
 28.45668     -11.34637 
 28.44903     -11.3336 
 28.44821     -11.32533 
 28.45566     -11.29371 
 28.46261     -11.29039 
 28.46976     -11.28545 
 28.47291     -11.27781 
 28.47414     -11.26652 
 28.47938     -11.25863 
 28.48686     -11.24425 
 28.48627     -11.23598 
 28.48161     -11.22041 
 28.4849      -11.20633 
 28.49264     -11.19448 
 28.49665     -11.18223 
 28.49771     -11.1599 
 28.49618     -11.15049 
 28.49182     -11.13951 
 28.48538     -11.12994 
 28.47865     -11.11624 
 28.47593     -11.10547 
 28.48093     -11.09688 
 28.49148     -11.08615 
 28.49303     -11.08083 
 28.49261     -11.06842 
 28.49519     -11.05366 
 28.50088     -11.04506 
 28.50766     -11.03093 
 28.51025     -11.01778 
 28.51028     -11.00716 
 28.51029     -11.00467 
 28.50945     -10.99986 
 28.50749     -10.98861 
 28.50821     -10.97502 
 28.51272     -10.96507 
 28.51615     -10.96088 
 28.53299     -10.95074 
 28.53776     -10.94308 
 28.5404      -10.93269 
 28.54452     -10.86661 
 28.54709     -10.85208 
 28.55354     -10.83243 
 28.56082     -10.82105 
 28.57666     -10.80701 
 28.58226     -10.79244 
 28.59828     -10.77541 
 28.60351     -10.76774 
 28.60756     -10.75848 
 28.60631     -10.73733 
 28.61008     -10.72578 
 28.61834     -10.71852 
 28.63039     -10.71535 
 28.64203     -10.71563 
 28.65441     -10.71913 
 28.66209     -10.71901 
 28.66507     -10.71666 
 28.66754     -10.71088 
 28.66775     -10.69454 
 28.67298     -10.68664 
 28.67738     -10.68565 
 28.6887      -10.68019 
 28.69257     -10.67484 
 28.69679     -10.66259 
 28.69328     -10.64654 
 28.6871      -10.63766 
 28.67677     -10.63138 
 28.6678      -10.62324 
 28.66588     -10.61913 
 28.66387     -10.60995 
 28.66503     -10.59453 
 28.67298     -10.56749 
 28.67124     -10.56062 
 28.66433     -10.54991 
 28.64342     -10.53551 
 28.63657     -10.52871 
 28.63409     -10.5184 
 28.634       -10.51288 
 28.63945     -10.48957 
 28.63652     -10.48019 
 28.63616     -10.47214 
 28.64302     -10.44973 
 28.64283     -10.43731 
 28.63768     -10.42014 
 28.62642     -10.39846 
 28.62399     -10.39114 
 28.62166     -10.37576 
 28.62393     -10.35733 
 28.6313      -10.33836 
 28.63697     -10.31435 
 28.63638     -10.30608 
 28.63042     -10.29605 
 28.61375     -10.28481 
 28.61039     -10.2775 
 28.598       -10.25699 
 28.58904     -10.24838 
 28.58006     -10.2384 
 28.57716     -10.23062 
 28.57799     -10.22417 
 28.58221     -10.21192 
 28.58996     -10.20237 
 28.5989      -10.19465 
 28.60731     -10.18302 
 28.60874     -10.17058 
 28.61838     -10.16331 
 28.62177     -10.15705 
 28.62179     -10.12853 
 28.62567     -10.09398 
 28.62442     -10.07285 
 28.63219     -10.05019 
 28.62852     -10.03806 
 28.6364      -10.02207 
 28.63419     -10.01475 
 28.62991     -10 
 28.62991     -10 
 1             2 
 2 
 -9998.0  ,   -9997.0
  1999.0  ,    9990.0
 349 
 25           -11.24995 
 25.001       -11.24992 
 25.01498     -11.24851 
 25.05297     -11.25004 
 25.07046     -11.25483 
 25.08677     -11.25249 
 25.10704     -11.24991 
 25.12613     -11.24274 
 25.13731     -11.23788 
 25.14709     -11.23739 
 25.17901     -11.23432 
 25.19066     -11.23406 
 25.21512     -11.22893 
 25.22583     -11.22752 
 25.2384      -11.22219 
 25.25887     -11.20948 
 25.25887     -11.2104 
 25.26841     -11.20646 
 25.27329     -11.20185 
 25.29377     -11.19419 
 25.30378     -11.1914 
 25.3159      -11.19182 
 25.3299      -11.1973 
 25.33526     -11.19728 
 25.34503     -11.19357 
 25.3518      -11.19585 
 25.35113     -11.20574 
 25.33766     -11.21959 
 25.33232     -11.22581 
 25.33072     -11.23226 
 25.33074     -11.2387 
 25.32355     -11.25137 
 25.31984     -11.25599 
 25.32033     -11.26243 
 25.32688     -11.27068 
 25.33484     -11.27917 
 25.33532     -11.28308 
 25.32975     -11.29184 
 25.32137     -11.29624 
 25.3067      -11.29835 
 25.29831     -11.3016 
 25.29554     -11.3092 
 25.2993      -11.31678 
 25.31215     -11.32732 
 25.31522     -11.33835 
 25.31129     -11.34848 
 25.30734     -11.35218 
 25.30059     -11.35519 
 25.29312     -11.35475 
 25.28823     -11.35592 
 25.28009     -11.36077 
 25.27825     -11.37021 
 25.28413     -11.38514 
 25.29164     -11.40076 
 25.29983     -11.40833 
 25.30242     -11.41591 
 25.29803     -11.42789 
 25.30554     -11.4435 
 25.30423     -11.46973 
 25.30893     -11.4803 
 25.32623     -11.49336 
 25.32672     -11.4991 
 25.32369     -11.50187 
 25.31158     -11.50743 
 25.29456     -11.51002 
 25.28945     -11.5167 
 25.296       -11.52312 
 25.30628     -11.52608 
 25.31027     -11.5332 
 25.31077     -11.54493 
 25.30986     -11.55091 
 25.30501     -11.56588 
 25.30736     -11.57301 
 25.31439     -11.57919 
 25.32607     -11.58491 
 25.32959     -11.5918 
 25.33013     -11.61319 
 25.33672     -11.62697 
 25.34116     -11.63133 
 25.35518     -11.63611 
 25.36501     -11.6439 
 25.38276     -11.64775 
 25.40171     -11.65803 
 25.41762     -11.67017 
 25.42745     -11.67612 
 25.4368      -11.67907 
 25.46272     -11.68128 
 25.46973     -11.68356 
 25.47745     -11.68767 
 25.48706     -11.69729 
 25.49435     -11.71245 
 25.49651     -11.72647 
 25.49541     -11.74373 
 25.48986     -11.75663 
 25.48404     -11.7624 
 25.48385     -11.7723 
 25.48831     -11.77941 
 25.49744     -11.78513 
 25.50562     -11.78647 
 25.51797     -11.77861 
 25.53244     -11.77671 
 25.54945     -11.76767 
 25.56272     -11.76049 
 25.57744     -11.76158 
 25.58418     -11.75488 
 25.59183     -11.74173 
 25.59367     -11.73643 
 25.6009      -11.73387 
 25.60931     -11.73384 
 25.62239     -11.73585 
 25.62941     -11.73812 
 25.63501     -11.73764 
 25.64571     -11.72862 
 25.65037     -11.72883 
 25.65506     -11.73318 
 25.67253     -11.77382 
 25.67747     -11.78162 
 25.68777     -11.78802 
 25.69806     -11.79142 
 25.70771     -11.80656 
 25.71358     -11.81297 
 25.71873     -11.81571 
 25.74092     -11.81699 
 25.7844      -11.82368 
 25.79796     -11.82683 
 25.81898     -11.82765 
 25.82366     -11.82809 
 25.83578     -11.82389 
 25.84951     -11.81508 
 25.86276     -11.80213 
 25.87208     -11.79817 
 25.88049     -11.80042 
 25.88729     -11.80568 
 25.89014     -11.81303 
 25.89423     -11.83578 
 25.89827     -11.84726 
 25.90628     -11.86125 
 25.91897     -11.87452 
 25.93372     -11.88043 
 25.95963     -11.87753 
 25.97534     -11.88641 
 25.98708     -11.89808 
 25.98993     -11.90519 
 25.99089     -11.90979 
 25.98836     -11.91762 
 25.98001     -11.92802 
 25.97841     -11.93286 
 25.98147     -11.93744 
 25.98967     -11.94062 
 26.01092     -11.93935 
 26.03594     -11.94174 
 26.06912     -11.94292 
 26.1371      -11.93999 
 26.15134     -11.93829 
 26.17024     -11.93518 
 26.18289     -11.93948 
 26.19177     -11.93896 
 26.19722     -11.93282 
 26.20081     -11.92878 
 26.21202     -11.92756 
 26.25138     -11.94341 
 26.28036     -11.94552 
 26.28739     -11.94754 
 26.29771     -11.95345 
 26.30171     -11.9578 
 26.31227     -11.96325 
 26.3221      -11.96594 
 26.33005     -11.96612 
 26.33471     -11.96471 
 26.35054     -11.95586 
 26.36494     -11.9438 
 26.37378     -11.9389 
 26.39241     -11.93003 
 26.40771     -11.92063 
 26.40869     -11.92003 
 26.42827     -11.9146 
 26.4444      -11.91517 
 26.46827     -11.92006 
 26.48656     -11.92913 
 26.50938     -11.95012 
 26.52159     -11.95739 
 26.53283     -11.95984 
 26.54386     -11.96643 
 26.55915     -11.97919 
 26.57016     -11.98233 
 26.5837      -11.98039 
 26.59788     -11.9713 
 26.60162     -11.9715 
 26.61032     -11.97765 
 26.62482     -11.97984 
 26.62998     -11.98164 
 26.63585     -11.98573 
 26.66296     -11.98552 
 26.66858     -11.98683 
 26.69153     -11.99219 
 26.70318     -12.00347 
 26.70769     -12.009 
 26.71825     -12.00881 
 26.72415     -12.00276 
 26.73037     -11.99716 
 26.74244     -11.98832 
 26.7547      -11.97373 
 26.76        -11.97082 
 26.76238     -11.96952 
 26.76446     -11.96697 
 26.76864     -11.96553 
 26.77471     -11.96344 
 26.79037     -11.964 
 26.79811     -11.96692 
 26.81603     -11.98586 
 26.82779     -11.99335 
 26.83534     -11.99002 
 26.85223     -11.98256 
 26.85618     -11.98069 
 26.87866     -11.98486 
 26.88356     -11.98459 
 26.89053     -11.98039 
 26.89679     -11.97481 
 26.90002     -11.96995 
 26.90249     -11.96643 
 26.90325     -11.96532 
 26.90829     -11.95493 
 26.92312     -11.94145 
 26.93708     -11.9342 
 26.95353     -11.91932 
 26.96318     -11.9029 
 26.96816     -11.88584 
 26.97115     -11.88006 
 26.98022     -11.87652 
 26.98616     -11.86221 
 26.9959      -11.8543 
 27.0015      -11.85409 
 27.00752     -11.84688 
 27.00957     -11.83927 
 27.00837     -11.83388 
 26.9987      -11.81676 
 26.99968     -11.81025 
 27.0055      -11.79878 
 27.00647     -11.79228 
 27.00569     -11.78039 
 27.00818     -11.76737 
 27.01311     -11.75314 
 27.01452     -11.75061 
 27.02379     -11.7427 
 27.032       -11.72284 
 27.0436      -11.71537 
 27.04773     -11.70797 
 27.04858     -11.69853 
 27.0449      -11.68039 
 27.0392      -11.67009 
 27.03803     -11.6701 
 27.02953     -11.66052 
 27.02478     -11.65182 
 27.02549     -11.62812 
 27.02468     -11.61709 
 27.02836     -11.6113 
 27.03833     -11.60477 
 27.04438     -11.60287 
 27.07801     -11.60486 
 27.08922     -11.60567 
 27.0997      -11.60396 
 27.11434     -11.59761 
 27.11945     -11.59526 
 27.1358      -11.59648 
 27.1482      -11.59981 
 27.15707     -11.59995 
 27.16613     -11.59642 
 27.17677     -11.58665 
 27.1849      -11.58335 
 27.19323     -11.57637 
 27.20015     -11.56824 
 27.20575     -11.56842 
 27.2093      -11.57299 
 27.21271     -11.58675 
 27.22162     -11.62438 
 27.22271     -11.62898 
 27.22626     -11.65586 
 27.22629     -11.65954 
 27.22799     -11.77777 
 27.2309      -11.78416 
 27.23205     -11.7867 
 27.23915     -11.79606 
 27.24644     -11.80082 
 27.25603     -11.80233 
 27.27099     -11.80333 
 27.28738     -11.80872 
 27.29068     -11.8098 
 27.30243     -11.81704 
 27.31845     -11.82999 
 27.33136     -11.83561 
 27.35116     -11.85265 
 27.36899     -11.85983 
 27.38361     -11.87233 
 27.39697     -11.87633 
 27.40676     -11.89532 
 27.43467     -11.90468 
 27.44995     -11.91394 
 27.46319     -11.92784 
 27.46845     -11.93813 
 27.4722      -11.95971 
 27.46846     -11.98069 
 27.46564     -11.99981 
 27.46442     -12.01616 
 27.46743     -12.03453 
 27.47155     -12.0476 
 27.47394     -12.05217 
 27.48266     -12.05783 
 27.49134     -12.06095 
 27.49725     -12.06687 
 27.50746     -12.10104 
 27.50834     -12.13714 
 27.51488     -12.15731 
 27.5263      -12.17398 
 27.54689     -12.19492 
 27.5646      -12.2099 
 27.57566     -12.2153 
 27.60166     -12.21846 
 27.61319     -12.22408 
 27.61937     -12.23275 
 27.62554     -12.26028 
 27.62753     -12.26969 
 27.63134     -12.2754 
 27.64736     -12.28465 
 27.65628     -12.28707 
 27.67261     -12.28298 
 27.67963     -12.28312 
 27.69534     -12.28593 
 27.71166     -12.28137 
 27.72571     -12.28282 
 27.75808     -12.28933 
 27.76483     -12.28649 
 27.77544     -12.27394 
 27.78404     -12.26993 
 27.809       -12.26388 
 27.81635     -12.26016 
 27.81737     -12.25964 
 27.81987     -12.25363 
 27.81354     -12.23392 
 27.8184      -12.22995 
 27.82683     -12.23077 
 27.85176     -12.24151 
 27.8656      -12.2441 
 27.87984     -12.24208 
 27.8899      -12.24173 
 27.90931     -12.24195 
 27.91772     -12.24046 
 27.92148     -12.24203 
 27.92506     -12.2475 
 27.93317     -12.27686 
 1             3 
 2 
 -9998.0  ,   -9997.0
  1999.0  ,    9990.0
 451 
 27.93317     -12.27686 
 27.9449      -12.29833 
 27.9533      -12.31409 
 27.95252     -12.32583 
 27.94849     -12.34015 
 27.95003     -12.35025 
 27.95522     -12.35387 
 27.962       -12.35286 
 27.97616     -12.34463 
 27.98522     -12.34059 
 27.98942     -12.33871 
 27.99202     -12.33933 
 27.99764     -12.34068 
 28.0125      -12.34969 
 28.03077     -12.35083 
 28.03756     -12.35085 
 28.04645     -12.35086 
 28.06071     -12.34976 
 28.07573     -12.35278 
 28.08658     -12.35885 
 28.09449     -12.37278 
 28.11187     -12.41189 
 28.11751     -12.42999 
 28.12437     -12.43542 
 28.12929     -12.43559 
 28.13904     -12.42948 
 28.1458      -12.428 
 28.1466      -12.41764 
 28.14444     -12.41399 
 28.14715     -12.40659 
 28.15312     -12.39846 
 28.16537     -12.38703 
 28.1742      -12.38277 
 28.18123     -12.38291 
 28.18897     -12.40121 
 28.20447     -12.4045 
 28.21339     -12.4064 
 28.22046     -12.40975 
 28.22856     -12.42023 
 28.23515     -12.42267 
 28.2424      -12.42211 
 28.25912     -12.41291 
 28.26521     -12.41283 
 28.28054     -12.42067 
 28.30578     -12.41802 
 28.31492     -12.41904 
 28.32671     -12.42486 
 28.33067     -12.42856 
 28.33786     -12.43529 
 28.34597     -12.44506 
 28.3868      -12.4836 
 28.40367     -12.50084 
 28.41737     -12.50824 
 28.4416      -12.51617 
 28.44898     -12.52412 
 28.44954     -12.53009 
 28.44291     -12.55687 
 28.44535     -12.56328 
 28.45105     -12.56872 
 28.47324     -12.58059 
 28.48983     -12.59323 
 28.51621     -12.61815 
 28.52245     -12.62772 
 28.52296     -12.63186 
 28.52325     -12.63415 
 28.51732     -12.66023 
 28.51354     -12.67363 
 28.50894     -12.67922 
 28.50008     -12.68257 
 28.47738     -12.68404 
 28.46388     -12.69068 
 28.45604     -12.69861 
 28.45405     -12.70692 
 28.45677     -12.71654 
 28.46547     -12.73413 
 28.47982     -12.75325 
 28.50314     -12.77614 
 28.50688     -12.77936 
 28.51287     -12.78451 
 28.52859     -12.80084 
 28.53852     -12.8214 
 28.54295     -12.85101 
 28.54403     -12.8563 
 28.55468     -12.86734 
 28.56437     -12.87525 
 28.56739     -12.87751 
 28.5694      -12.88677 
 28.57253     -12.8931 
 28.57994     -12.89292 
 28.58203     -12.89114 
 28.58849     -12.88461 
 28.59213     -12.87742 
 28.59993     -12.85132 
 28.60472     -12.84251 
 28.61586     -12.83112 
 28.62641     -12.82033 
 28.63434     -12.81745 
 28.65265     -12.81879 
 28.65877     -12.82076 
 28.66707     -12.82685 
 28.67786     -12.84164 
 28.68828     -12.84815 
 28.69793     -12.85099 
 28.70909     -12.85956 
 28.72624     -12.87655 
 28.7332      -12.88611 
 28.73509     -12.90218 
 28.74019     -12.91314 
 28.75164     -12.92516 
 28.75584     -12.93843 
 28.76461     -12.94359 
 28.77021     -12.94189 
 28.77416     -12.93953 
 28.78169     -12.94102 
 28.79021     -12.94595 
 28.79315     -12.95396 
 28.79098     -12.96434 
 28.79582     -12.97347 
 28.8187      -12.99565 
 28.82716     -13.01093 
 28.83375     -13.0267 
 28.83533     -13.03725 
 28.83364     -13.04878 
 28.83471     -13.05658 
 28.84043     -13.06247 
 28.84637     -13.06652 
 28.84833     -13.07201 
 28.8459      -13.08102 
 28.83395     -13.08189 
 28.83069     -13.08379 
 28.8341      -13.09109 
 28.84242     -13.09786 
 28.84654     -13.10562 
 28.84966     -13.1242 
 28.84695     -13.14517 
 28.8532      -13.15381 
 28.857       -13.15651 
 28.86348     -13.15089 
 28.86958     -13.15056 
 28.87363     -13.15464 
 28.87541     -13.16266 
 28.88552     -13.16342 
 28.89693     -13.15795 
 28.90357     -13.16198 
 28.91066     -13.17912 
 28.91438     -13.19102 
 28.92226     -13.2132 
 28.92953     -13.24046 
 28.94156     -13.272 
 28.94514     -13.28919 
 28.94563     -13.30436 
 28.95005     -13.31579 
 28.96445     -13.33419 
 28.96835     -13.34286 
 28.96783     -13.35345 
 28.96923     -13.36677 
 28.97382     -13.37428 
 28.97596     -13.37609 
 28.98207     -13.37599 
 28.99274     -13.36823 
 28.99914     -13.37157 
 29.00091     -13.37844 
 28.99914     -13.38491 
 28.99103     -13.39194 
 28.99887     -13.41067 
 29.00366     -13.41588 
 29.01216     -13.41828 
 29.02014     -13.41768 
 29.0292      -13.41225 
 29.03939     -13.40334 
 29.05383     -13.39598 
 29.07202     -13.38832 
 29.08248     -13.38194 
 29.08734     -13.37749 
 29.10157     -13.37173 
 29.10999     -13.36929 
 29.12151     -13.36979 
 29.13309     -13.3742 
 29.14285     -13.38116 
 29.16035     -13.40133 
 29.17        -13.41566 
 29.17637     -13.43004 
 29.17962     -13.44149 
 29.18271     -13.44304 
 29.19064     -13.43992 
 29.21138     -13.4168 
 29.22139     -13.4118 
 29.23352     -13.40676 
 29.24807     -13.39295 
 29.2609      -13.38744 
 29.28121     -13.38065 
 29.29106     -13.37933 
 29.29921     -13.37528 
 29.3066      -13.36825 
 29.30952     -13.3613 
 29.31149     -13.34034 
 29.31604     -13.33198 
 29.32291     -13.33531 
 29.32908     -13.33865 
 29.33553     -13.34475 
 29.34288     -13.3483 
 29.34875     -13.3482 
 29.35478     -13.34395 
 29.35834     -13.33331 
 29.36527     -13.32652 
 29.37347     -13.32546 
 29.38525     -13.32778 
 29.3904      -13.32677 
 29.39996     -13.32269 
 29.40581     -13.32167 
 29.4093      -13.31954 
 29.4257      -13.31741 
 29.44184     -13.3139 
 29.44694     -13.31059 
 29.45152     -13.30407 
 29.46556     -13.28864 
 29.47157     -13.28347 
 29.47586     -13.27442 
 29.48288     -13.27292 
 29.49083     -13.27116 
 29.49519     -13.2658 
 29.49783     -13.25632 
 29.50328     -13.24633 
 29.51605     -13.23897 
 29.52805     -13.22771 
 29.53739     -13.22524 
 29.56045     -13.22758 
 29.56719     -13.22424 
 29.57641     -13.2151 
 29.58061     -13.21341 
 29.58906     -13.21372 
 29.60332     -13.22243 
 29.60834     -13.22694 
 29.61996     -13.23293 
 29.63509     -13.2384 
 29.6431      -13.23963 
 29.65521     -13.23435 
 29.66517     -13.22749 
 29.67032     -13.22648 
 29.67508     -13.23007 
 29.67779     -13.23646 
 29.67379     -13.24803 
 29.67625     -13.25374 
 29.68128     -13.25893 
 29.68233     -13.26466 
 29.68076     -13.26837 
 29.67544     -13.27284 
 29.66034     -13.28117 
 29.65368     -13.28865 
 29.65409     -13.29762 
 29.66326     -13.31033 
 29.66275     -13.32023 
 29.65819     -13.3394 
 29.65229     -13.35032 
 29.64605     -13.35526 
 29.62706     -13.35745 
 29.60903     -13.36032 
 29.60462     -13.36339 
 29.60498     -13.36982 
 29.61216     -13.37682 
 29.61415     -13.3823 
 29.60803     -13.39391 
 29.60818     -13.40173 
 29.61066     -13.40881 
 29.62375     -13.41731 
 29.64646     -13.43736 
 29.65447     -13.43836 
 29.6677      -13.42983 
 29.6738      -13.42926 
 29.6797      -13.43076 
 29.6931      -13.44293 
 29.70149     -13.45128 
 29.71238     -13.45568 
 29.72223     -13.45457 
 29.73906     -13.45011 
 29.76466     -13.43721 
 29.77687     -13.43698 
 29.78491     -13.43936 
 29.80422     -13.45302 
 29.80896     -13.45514 
 29.80983     -13.41634 
 29.80988     -13.31331 
 29.80979     -13.26179 
 29.81133     -13.24497 
 29.81012     -13.24293 
 29.80922     -13.17463 
 29.80985     -13.14725 
 29.80867     -13.12335 
 29.80996     -13.08238 
 29.80955     -13.00304 
 29.80961     -12.99429 
 29.80934     -12.98073 
 29.80981     -12.95749 
 29.80936     -12.93495 
 29.80895     -12.8671 
 29.80993     -12.83419 
 29.80864     -12.8165 
 29.80944     -12.80981 
 29.80971     -12.78772 
 29.80909     -12.69825 
 29.80948     -12.67064 
 29.81008     -12.6536 
 29.80916     -12.61957 
 29.81005     -12.54663 
 29.80957     -12.51098 
 29.81006     -12.44126 
 29.80999     -12.41411 
 29.80979     -12.32186 
 29.80992     -12.2701 
 29.81002     -12.23972 
 29.80962     -12.21972 
 29.81017     -12.18865 
 29.80962     -12.16105 
 29.80884     -12.15971 
 29.80696     -12.1565 
 29.8018      -12.15568 
 29.79416     -12.15974 
 29.78414     -12.16131 
 29.77452     -12.15988 
 29.76213     -12.16035 
 29.75588     -12.16369 
 29.7388      -12.17528 
 29.72317     -12.18939 
 29.72319     -12.1903 
 29.70996     -12.19562 
 29.68461     -12.20299 
 29.66715     -12.20723 
 29.64564     -12.20763 
 29.63345     -12.20671 
 29.59624     -12.19313 
 29.58802     -12.19168 
 29.57518     -12.19283 
 29.56455     -12.1997 
 29.55926     -12.20463 
 29.53937     -12.21627 
 29.51329     -12.22295 
 29.50588     -12.227 
 29.48926     -12.23857 
 29.48768     -12.24205 
 29.4849      -12.24348 
 29.48033     -12.24909 
 29.46768     -12.27324 
 29.46424     -12.28987 
 29.45965     -12.30674 
 29.45571     -12.32177 
 29.45616     -12.33349 
 29.45934     -12.3408 
 29.46534     -12.34874 
 29.4811      -12.37767 
 29.49568     -12.39398 
 29.49994     -12.39666 
 29.52758     -12.39754 
 29.53422     -12.40202 
 29.53667     -12.4075 
 29.53742     -12.42244 
 29.53567     -12.42937 
 29.52682     -12.44379 
 29.51605     -12.45641 
 29.49945     -12.46983 
 29.48939     -12.47047 
 29.48286     -12.47197 
 29.47489     -12.47142 
 29.46304     -12.46381 
 29.44506     -12.45401 
 29.41319     -12.43939 
 29.40394     -12.43289 
 29.37813     -12.41701 
 29.36611     -12.41285 
 29.35487     -12.41236 
 29.33297     -12.4185 
 29.31351     -12.41676 
 29.30174     -12.41283 
 29.29558     -12.40902 
 29.29501     -12.40328 
 29.29675     -12.39589 
 29.29593     -12.38946 
 29.28428     -12.37931 
 29.27544     -12.36957 
 29.26692     -12.3642 
 29.25712     -12.36598 
 29.24321     -12.37358 
 29.23294     -12.37468 
 29.21346     -12.37202 
 29.19097     -12.37056 
 29.17488     -12.37428 
 29.16887     -12.3783 
 29.15565     -12.38542 
 29.14634     -12.38811 
 29.12937     -12.3953 
 29.12023     -12.39407 
 29.11422     -12.3852 
 29.10733     -12.37933 
 29.10334     -12.37894 
 29.09755     -12.38226 
 29.08755     -12.38633 
 29.0663      -12.38922 
 29.05881     -12.38911 
 29.0468      -12.38471 
 29.03611     -12.37545 
 29.03031     -12.36519 
 29.02759     -12.3565 
 29.02443     -12.34942 
 29.01486     -12.33715 
 29.00812     -12.32576 
 29.00478     -12.32259 
 29.00401     -12.31823 
 29.00235     -12.30331 
 28.99881     -12.28749 
 28.98446     -12.26932 
 28.96184     -12.23173 
 28.94701     -12.21195 
 28.93486     -12.1988 
 28.91137     -12.17894 
 28.88246     -12.15593 
 28.8683      -12.14856 
 28.85551     -12.13818 
 28.84692     -12.12774 
 28.83797     -12.1097 
 28.83245     -12.10105 
 28.80466     -12.07411 
 28.786       -12.06244 
 28.77841     -12.05542 
 28.77405     -12.04606 
 28.77125     -12.03207 
 28.76447     -12.01722 
 28.76406     -12.00618 
 28.76411     -11.99491 
 28.75936     -11.99038 
 28.74874     -11.9841 
 28.74105     -11.98514 
 28.73131     -11.98989 
 28.72104     -11.99074 
 28.71448     -11.98969 
 28.6999      -11.98393 
 28.67583     -11.96957 
 28.66544     -11.96237 
 28.65578     -11.95746 
 28.64004     -11.95217 
 28.6334      -11.94606 
 28.62911     -11.94037 
 28.61823     -11.91707 
 28.61466     -11.91275 
 28.61089     -11.91097 
 28.59896     -11.91023 
 28.58427     -11.91205 
 28.57654     -11.91079 
 28.57014     -11.9049 
 28.56401     -11.90131 
 28.54576     -11.89951 
 28.53684     -11.89665 
 28.53508     -11.89559 
