 2 
 1             1 
1
 -9999.0   ,   9990.0 
 21 
 144          -40.10148 
 143.9922     -40.09903 
 143.9854     -40.09908 
 143.9748     -40.10489 
 143.9727     -40.10788 
 143.9737     -40.11495 
 143.9669     -40.11707 
 143.9609     -40.11118 
 143.9561     -40.11007 
 143.9484     -40.11218 
 143.9401     -40.11773 
 143.9361     -40.12463 
 143.923      -40.12907 
 143.9177     -40.13277 
 143.9154     -40.1385 
 143.9161     -40.13977 
 143.9172     -40.14192 
 143.9226     -40.1444 
 143.9241     -40.14667 
 143.9248     -40.15284 
 143.9201     -40.15881 
 1             2 
1
 -9999.0   ,   9990.0 
 32 
 143.8804     -40 
 143.8834     -40.00523 
 143.8866     -40.00657 
 143.887      -40.01251 
 143.8843     -40.01413 
 143.8798     -40.03085 
 143.884      -40.05528 
 143.8817     -40.0601 
 143.8746     -40.06358 
 143.8648     -40.06388 
 143.8626     -40.06138 
 143.8582     -40.06073 
 143.8538     -40.06373 
 143.861      -40.07008 
 143.8601     -40.07351 
 143.8668     -40.08353 
 143.865      -40.08902 
 143.8645     -40.09063 
 143.8657     -40.09543 
 143.8705     -40.09768 
 143.8704     -40.11368 
 143.8726     -40.1187 
 143.878      -40.12163 
 143.8896     -40.12315 
 143.8982     -40.1224 
 143.9031     -40.12785 
 143.8972     -40.13269 
 143.8942     -40.1382 
 143.9065     -40.14497 
 143.9098     -40.14449 
 143.9174     -40.15701 
 143.9201     -40.15881 
