 2 
 1             1 
1
 -9999.0   ,   9990.0 
 16 
-66.21363     -45 
-66.19781     -44.98861 
-66.19529     -44.98719 
-66.18748     -44.98934 
-66.1746      -44.9978 
-66.17073     -44.9975 
-66.1633      -44.98958 
-66.15974     -44.98997 
-66.15603     -44.99425 
-66.15086     -44.99462 
-66.13814     -44.99003 
-66.11172     -44.98976 
-66.08276     -44.99654 
-66.07508     -44.99525 
-66.06976     -44.99926 
-66.06586     -45 
 1             2 
1
 -9999.0   ,   9990.0 
 3 
-66.06586     -45 
-66.05858     -44.99676 
-66.05877     -45 
