 8 
 1             1 
 2 
 -9998.0  ,   -9997.0
  -610.1  ,    -301.5
 17 
73.4852	20
73.4608 , 19.9779
73.4917 , 19.9338
73.5799 , 19.8897
73.6726 , 19.8588
73.7078 , 19.8235
73.7387 , 19.7618
73.7387 , 19.6691
73.7123 , 19.5985
73.7431 , 19.5632
73.7564 , 19.5279
73.7387 , 19.5015
73.7299 , 19.475
73.7123 , 19.4088
73.7123 , 19.3515
73.7034 , 19.3074
 73.7123	19.2676
 1             2 
 2 
 -9998.0  ,   -9997.0
  -610.1  ,    -300.5
 26 
73.03572	18.99358
73.0461 , 18.9853
73.0726 , 18.9588
73.1034 , 18.9235
73.1608 , 18.8838
73.2005 , 18.8441
73.2578 , 18.7912
73.2623 , 18.7338
73.2623 , 18.6721
73.2623 , 18.5927
73.2446 , 18.5176
73.227 , 18.4559
73.2137 , 18.3941
73.2005 , 18.3412
73.1873 , 18.2529
73.1873 , 18.1691
73.2049 , 18.0809
73.2314 , 17.9927
73.2534 , 17.9176
73.2711 , 17.825
73.2799 , 17.7544
73.2887 , 17.7103
73.2358 , 17.6927
73.1829 , 17.6927
73.1431 , 17.7147
 73.13556	17.71697 
 1             3 
 3 
 -9998.0  ,   -9997.0
  -610.1  ,    -610.1
  -301.5  ,    -300.5
 9 
75.	19.6779
74.974 , 19.6338
74.952 , 19.5853
74.952 , 19.5103
74.9476 , 19.4397
74.9476 , 19.3735
74.952 , 19.3427
74.9828 , 19.3029
75.	19.2985
 1             4 
 2 
 -9998.0  ,   -9997.0
  -321.5  ,    -321.5
 17
 74.6241	20.
74.6759 , 19.8586
74.8103 , 19.6931
74.8931 , 19.5172
74.8621 , 19.3621
74.7586 , 19.1552
74.6655 , 18.9276
74.6655 , 18.7
74.6241 , 18.4828
74.5103 , 18.3379
74.169 , 18.1724
73.9931 , 18.2035
73.869 , 18.4517
73.7759 , 18.6793
73.8483 , 18.8759
73.8483 , 19.1448
 73.7655	19.2793
 1             5 
 2 
 -9998.0  ,   -9997.0
  -301.5  ,    -300.5
 8 
 74.6241	20
74.6552 , 19.9776
74.7017 , 19.9569
74.8 , 19.9207
74.8776 , 19.8897
74.9552 , 19.8276
74.9707 , 19.7345
75	19.6779
 1             6 
 3 
 -9998.0  ,   -9997.0
  -321.5  ,    -321.5
  -301.5  ,    -300.5
 6
 73.7655	19.2793
73.8069 , 19.4759
73.7966 , 19.6
73.7345 , 19.9
73.5897 , 19.9517
 73.5483	20.
 1             7 
 2 
 -9998.0  ,   -9997.0
  -610.1  ,    -300.5
 17 
 73.7123	19.2676
73.6726 , 19.2632
73.6064 , 19.2456
73.5446 , 19.2368
73.5181 , 19.2324
73.5005 , 19.1838
73.474 , 19.1221
73.4476 , 19.0691
73.4387 , 19.0338
73.4299 , 18.9588
73.399 , 18.9324
73.3152 , 18.9279
73.2358 , 18.9279
73.1299 , 18.9544
73.0726 , 18.9588
73.0461 , 18.9853
73.03572	18.99358
 1             8 
 2 
 -9998.0  ,   -9997.0
  -301.5  ,    -300.5
 2 
 73.7655	19.2793	
 73.7123	19.2676
