 2 
 1             1 
 2 
 -9998.0  ,   -9997.0
  1999.0  ,    9990.0
 420 
-15            16.68141 
-14.99707      16.68682 
-14.99248      16.68996 
-14.98316      16.69163 
-14.9784       16.69155 
-14.97062      16.68775 
-14.9683       16.68427 
-14.96335      16.68143 
-14.95614      16.67212 
-14.95273      16.6638 
-14.95241      16.66248 
-14.94765      16.6426 
-14.9435       16.63519 
-14.93686      16.63393 
-14.93207      16.63545 
-14.91607      16.65077 
-14.91177      16.65139 
-14.90875      16.6472 
-14.90655      16.63776 
-14.90374      16.63541 
-14.89708      16.63484 
-14.89467      16.6364 
-14.89096      16.64391 
-14.88492      16.66078 
-14.88154      16.66348 
-14.87945      16.66331 
-14.87417      16.66289 
-14.85578      16.64099 
-14.83718      16.64272 
-14.82944      16.63662 
-14.82468      16.6363 
-14.82323      16.63765 
-14.82131      16.65047 
-14.8167       16.65498 
-14.81144      16.65603 
-14.78924      16.63497 
-14.78569      16.63376 
-14.78539      16.63425 
-14.77118      16.65713 
-14.76829      16.65869 
-14.76259      16.65812 
-14.75669      16.65549 
-14.74992      16.64871 
-14.74833      16.64501 
-14.74984      16.64068 
-14.74976      16.63265 
-14.73851      16.62395 
-14.73517      16.62434 
-14.73691      16.63264 
-14.73352      16.63533 
-14.72826      16.63661 
-14.72754      16.64853 
-14.72014      16.64954 
-14.71662      16.64695 
-14.71264      16.64366 
-14.70694      16.64286 
-14.70402      16.64321 
-14.70193      16.64346 
-14.67938      16.65176 
-14.66253      16.64891 
-14.65056      16.65213 
-14.63891      16.65145 
-14.63354      16.6463 
-14.63318      16.64056 
-14.63495      16.63577 
-14.63761      16.63353 
-14.64741      16.63165 
-14.63829      16.6239 
-14.63401      16.62336 
-14.62838      16.63105 
-14.62365      16.6321 
-14.61977      16.63295 
-14.60604      16.62902 
-14.59831      16.62313 
-14.59322      16.62739 
-14.58845      16.62799 
-14.58278      16.62582 
-14.56513      16.62731 
-14.55402      16.62388 
-14.54862      16.64236 
-14.54642      16.6453 
-14.54089      16.64772 
-14.53385      16.64276 
-14.52642      16.63412 
-14.52122      16.63219 
-14.51913      16.63008 
-14.51011      16.62875 
-14.49719      16.62046 
-14.49315      16.62038 
-14.48693      16.62164 
-14.48544      16.62436 
-14.48187      16.62452 
-14.47677      16.62901 
-14.45203      16.62851 
-14.44509      16.62975 
-14.44047      16.63424 
-14.43475      16.6456 
-14.42989      16.64986 
-14.41932      16.65424 
-14.41338      16.65343 
-14.41224      16.65134 
-14.40368      16.63992 
-14.39371      16.6388 
-14.38036      16.63922 
-14.36387      16.63758 
-14.36278      16.63748 
-14.34335      16.64396 
-14.33291      16.64259 
-14.32635      16.63764 
-14.32319      16.63023 
-14.32231      16.60588 
-14.32943      16.58584 
-14.32962      16.57735 
-14.32644      16.5704 
-14.32361      16.56965 
-14.31445      16.57451 
-14.30979      16.57513 
-14.29655      16.57689 
-14.28226      16.5876 
-14.27751      16.58727 
-14.27069      16.58345 
-14.26661      16.57465 
-14.26921      16.55474 
-14.26508      16.53767 
-14.25618      16.5203 
-14.25314      16.52024 
-14.25661      16.53336 
-14.25646      16.53386 
-14.25405      16.54157 
-14.24745      16.549 
-14.24049      16.5516 
-14.23311      16.5519 
-14.22388      16.54964 
-14.2095       16.54382 
-14.1985       16.53578 
-14.19508      16.52951 
-14.19629      16.5183 
-14.19477      16.5123 
-14.16537      16.49766 
-14.16255      16.49622 
-14.15056      16.48036 
-14.14496      16.47565 
-14.14261      16.47467 
-14.13513      16.47887 
-14.12728      16.47916 
-14.12545      16.47613 
-14.12994      16.46897 
-14.13212      16.4655 
-14.12949      16.45603 
-14.12106      16.45057 
-14.1142       16.44927 
-14.10791      16.44362 
-14.10108      16.43085 
-14.0969       16.42686 
-14.07716      16.41701 
-14.07181      16.41207 
-14.06282      16.4004 
-14.05447      16.39195 
-14.05023      16.39025 
-14.04453      16.38426 
-14.03818      16.37759 
-14.02143      16.35266 
-14.01175      16.35014 
-14.00316      16.35155 
-13.99419      16.34883 
-13.98131      16.34119 
-13.96716      16.33674 
-13.96018      16.33061 
-13.95616      16.32019 
-13.95453      16.31901 
-13.95237      16.31024 
-13.9515       16.30724 
-13.95441      16.30455 
-13.95993      16.30261 
-13.97891      16.30374 
-13.98156      16.30242 
-13.98289      16.29648 
-13.97769      16.27618 
-13.95887      16.27827 
-13.94809      16.27228 
-13.94537      16.26694 
-13.95727      16.25666 
-13.96131      16.2437 
-13.96501      16.23184 
-13.96497      16.22404 
-13.96166      16.22327 
-13.94525      16.2339 
-13.93925      16.23629 
-13.93569      16.23621 
-13.92562      16.23024 
-13.91561      16.23184 
-13.91186      16.22969 
-13.91008      16.22506 
-13.91143      16.21867 
-13.90821      16.20483 
-13.90249      16.19643 
-13.89664      16.19286 
-13.89062      16.19441 
-13.88278      16.19643 
-13.87708      16.19653 
-13.8726       16.19504 
-13.86731      16.1885 
-13.86607      16.18251 
-13.86692      16.17695 
-13.87143      16.16657 
-13.87257      16.15903 
-13.86998      16.14864 
-13.86217      16.13859 
-13.85861      16.12911 
-13.84897      16.12567 
-13.84714      16.12287 
-13.84507      16.11089 
-13.83995      16.1071 
-13.83248      16.12069 
-13.81814      16.13365 
-13.81426      16.13677 
-13.8054       16.13977 
-13.78846      16.14326 
-13.7628       16.14425 
-13.74534      16.14933 
-13.73803      16.15627 
-13.72524      16.17316 
-13.71555      16.18073 
-13.70797      16.17985 
-13.70098      16.17486 
-13.69778      16.17043 
-13.69754      16.16124 
-13.69914      16.15486 
-13.70893      16.14363 
-13.71318      16.13524 
-13.71188      16.13063 
-13.70759      16.12249 
-13.70137      16.11446 
-13.69129      16.10144 
-13.68455      16.096 
-13.67723      16.09468 
-13.66129      16.10529 
-13.65386      16.10786 
-13.63685      16.10492 
-13.62871      16.1077 
-13.6217       16.11234 
-13.60924      16.11661 
-13.59048      16.12868 
-13.58968      16.1292 
-13.5767       16.13507 
-13.56578      16.13525 
-13.54993      16.13324 
-13.5273       16.12739 
-13.5135       16.12864 
-13.50607      16.1312 
-13.48572      16.14605 
-13.48146      16.14548 
-13.47149      16.13697 
-13.46831      16.13161 
-13.4711       16.12549 
-13.47831      16.12223 
-13.49192      16.11937 
-13.50318      16.11066 
-13.50598      16.10849 
-13.51122      16.09945 
-13.51155      16.09601 
-13.50748      16.0888 
-13.49703      16.0805 
-13.4885       16.07982 
-13.48169      16.08607 
-13.47078      16.10276 
-13.46499      16.10606 
-13.45761      16.10701 
-13.45275      16.10253 
-13.44653      16.08745 
-13.44308      16.08346 
-13.43563      16.07838 
-13.434        16.07726 
-13.40345      16.0666 
-13.3739       16.05435 
-13.37095      16.04969 
-13.36974      16.04208 
-13.37484      16.02111 
-13.37462      16.01239 
-13.37246      16.005 
-13.37507      16 
-13.37489      15.99538 
-13.37404      15.97238 
-13.36648      15.96195 
-13.35749      15.94562 
-13.32687      15.92163 
-13.32167      15.91438 
-13.33197      15.90252 
-13.33569      15.89296 
-13.33332      15.88615 
-13.32719      15.87935 
-13.32139      15.87713 
-13.31778      15.87575 
-13.31071      15.86941 
-13.30504      15.86079 
-13.30873      15.84123 
-13.30635      15.83124 
-13.30019      15.81444 
-13.28871      15.80193 
-13.27144      15.78634 
-13.27195      15.78397 
-13.27674      15.78349 
-13.28442      15.78671 
-13.29017      15.7853 
-13.29399      15.78065 
-13.29683      15.77182 
-13.29151      15.75839 
-13.23308      15.70818 
-13.22173      15.69842 
-13.21608      15.69366 
-13.2151       15.68903 
-13.21699      15.68067 
-13.22368      15.67322 
-13.23037      15.66949 
-13.2438       15.67455 
-13.25099      15.6736 
-13.2548       15.66802 
-13.25526      15.66199 
-13.24993      15.64391 
-13.23643      15.61703 
-13.23192      15.61312 
-13.22683      15.60871 
-13.2206       15.60687 
-13.20196      15.62085 
-13.19238      15.62181 
-13.18328      15.62044 
-13.16025      15.60752 
-13.11739      15.58689 
-13.09695      15.57706 
-13.09502      15.57196 
-13.09692      15.56453 
-13.09211      15.55572 
-13.09174      15.54408 
-13.10349      15.51671 
-13.10491      15.51021 
-13.10393      15.5 
-13.09816      15.49259 
-13.07323      15.47873 
-13.06006      15.47279 
-13.04644      15.47145 
-13.02094      15.47756 
-13.00537      15.48887 
-12.99914      15.49136 
-12.98355      15.49332 
-12.96854      15.50132 
-12.96428      15.49913 
-12.96313      15.49419 
-12.96538      15.48346 
-12.96025      15.47028 
-12.96362      15.45432 
-12.96019      15.44443 
-12.94998      15.44033 
-12.93864      15.44118 
-12.93437      15.43924 
-12.93381      15.43899 
-12.9304       15.4346 
-12.9304       15.43047 
-12.94171      15.4167 
-12.94791      15.40157 
-12.94846      15.39222 
-12.94643      15.37133 
-12.94328      15.35731 
-12.92284      15.34058 
-12.91165      15.3369 
-12.90328      15.3365 
-12.88825      15.3324 
-12.86528      15.322 
-12.84569      15.30223 
-12.84001      15.29234 
-12.83687      15.28053 
-12.83883      15.2665 
-12.84505      15.25714 
-12.84744      15.25611 
-12.85467      15.253 
-12.8666       15.25632 
-12.8853       15.26642 
-12.89238      15.2653 
-12.89832      15.26034 
-12.89915      15.25264 
-12.89517      15.24412 
-12.87418      15.23041 
-12.86056      15.21696 
-12.84976      15.19828 
-12.84608      15.19499 
-12.83815      15.19665 
-12.8274       15.20629 
-12.81891      15.21071 
-12.81098      15.21237 
-12.80305      15.20991 
-12.79425      15.20195 
-12.79056      15.19315 
-12.79137      15.18066 
-12.7925       15.16318 
-12.79163      15.15108 
-12.78851      15.14668 
-12.78         15.14092 
-12.76697      15.13626 
-12.75535      15.1294 
-12.74036      15.1174 
-12.7304       15.10854 
-12.71453      15.09756 
-12.70178      15.0918 
-12.69158      15.08053 
-12.68903      15.07971 
-12.68649      15.08356 
-12.68451      15.09237 
-12.67971      15.0976 
-12.6664       15.10036 
-12.65762      15.099 
-12.63814      15.09118 
-12.61797      15.08309 
-12.59642      15.06819 
-12.58794      15.05973 
-12.5599       15.03308 
-12.55367      15.02868 
-12.53555      15.02099 
-12.50328      15.01386 
-12.49308      15.01001 
-12.48176      15.00232 
-12.47979      15 
 1             2 
 2 
 -9998.0  ,   -9997.0
  1999.0  ,    9990.0
 207 
-11.79959      15 
-11.793        15.01947 
-11.79229      15.02521 
-11.80153      15.0438 
-11.81453      15.04678 
-11.82162      15.04586 
-11.82799      15.03942 
-11.83224      15.03712 
-11.83791      15.03734 
-11.84335      15.04147 
-11.84691      15.04836 
-11.83772      15.06539 
-11.83465      15.0711 
-11.83489      15.0757 
-11.83773      15.08098 
-11.8427       15.0835 
-11.84601      15.0874 
-11.8472       15.09153 
-11.83848      15.11198 
-11.83399      15.11635 
-11.81959      15.12761 
-11.81629      15.13565 
-11.817        15.14139 
-11.81984      15.14736 
-11.83215      15.15585 
-11.83618      15.16342 
-11.83808      15.17191 
-11.83667      15.17995 
-11.83319      15.18708 
-11.83219      15.18914 
-11.82251      15.20063 
-11.8133       15.2158 
-11.8067       15.23256 
-11.80482      15.24198 
-11.80697      15.26035 
-11.80533      15.27757 
-11.79732      15.30467 
-11.78622      15.32144 
-11.7711       15.33706 
-11.75648      15.39401 
-11.7572       15.40503 
-11.75295      15.41146 
-11.74953      15.44292 
-11.74731      15.45623 
-11.74235      15.46771 
-11.7362       15.47346 
-11.72177      15.47897 
-11.71727      15.48311 
-11.71491      15.48747 
-11.71463      15.49443 
-11.7147       15.52649 
-11.71187      15.53751 
-11.705        15.53614 
-11.70382      15.53247 
-11.6792       15.53225 
-11.66926      15.53616 
-11.66414      15.53165 
-11.65362      15.52239 
-11.64628      15.52079 
-11.62853      15.52217 
-11.61954      15.53044 
-11.60084      15.52906 
-11.59539      15.53113 
-11.58782      15.53251 
-11.57717      15.53756 
-11.57125      15.54261 
-11.56912      15.54973 
-11.5722       15.55615 
-11.56983      15.57084 
-11.56747      15.57635 
-11.55965      15.57842 
-11.55226      15.58334 
-11.54639      15.58857 
-11.5258       15.60642 
-11.51751      15.60825 
-11.50231      15.61876 
-11.50295      15.62241 
-11.51102      15.63779 
-11.49894      15.64284 
-11.48125      15.64348 
-11.42882      15.64539 
-11.42218      15.64103 
-11.41151      15.63047 
-11.39847      15.60684 
-11.38615      15.58985 
-11.38242      15.58607 
-11.37098      15.57448 
-11.36861      15.56897 
-11.36837      15.54234 
-11.36268      15.52582 
-11.32834      15.50676 
-11.31863      15.49735 
-11.31389      15.49024 
-11.29116      15.45465 
-11.2824       15.44524 
-11.25375      15.42021 
-11.2405       15.41079 
-11.23235      15.40798 
-11.21044      15.40044 
-11.20026      15.39424 
-11.17708      15.37287 
-11.14253      15.34943 
-11.13875      15.34851 
-11.1251       15.33902 
-11.07465      15.30391 
-11.06046      15.29104 
-11.04463      15.26875 
-11.03257      15.2591 
-11.02835      15.25641 
-11.01484      15.24783 
-11.01035      15.24713 
-10.99853      15.23816 
-10.9683       15.18921 
-10.95484      15.17565 
-10.94562      15.16989 
-10.94604      15.16488 
-10.94469      15.1542 
-10.92817      15.14291 
-10.92087      15.12843 
-10.91568      15.12359 
-10.91239      15.11578 
-10.90532      15.10887 
-10.90292      15.10362 
-10.89552      15.1061 
-10.88517      15.12573 
-10.8796       15.13035 
-10.87955      15.14055 
-10.87662      15.14975 
-10.87357      15.17803 
-10.87394      15.18915 
-10.85663      15.20612 
-10.84289      15.20979 
-10.83911      15.21411 
-10.83508      15.21778 
-10.82484      15.24393 
-10.82927      15.26897 
-10.82287      15.27446 
-10.80582      15.29568 
-10.80001      15.30291 
-10.7982       15.30516 
-10.79488      15.30584 
-10.78756      15.30284 
-10.78046      15.30328 
-10.77809      15.30626 
-10.77687      15.31865 
-10.77589      15.31993 
-10.7617       15.33009 
-10.74986      15.33258 
-10.7475       15.33097 
-10.74324      15.33211 
-10.72689      15.34919 
-10.72399      15.36121 
-10.71782      15.36762 
-10.71875      15.37313 
-10.72041      15.37382 
-10.7206       15.38806 
-10.72225      15.39501 
-10.72362      15.40068 
-10.72647      15.40598 
-10.72949      15.42436 
-10.72805      15.43239 
-10.72423      15.43658 
-10.71319      15.43844 
-10.69381      15.43359 
-10.68765      15.43356 
-10.68008      15.42754 
-10.66965      15.41412 
-10.66428      15.4046 
-10.65575      15.40595 
-10.64504      15.41308 
-10.64292      15.41285 
-10.63319      15.42016 
-10.62585      15.4222 
-10.59674      15.42142 
-10.5906       15.42419 
-10.58768      15.42733 
-10.5694       15.42967 
-10.56252      15.43263 
-10.53008      15.43598 
-10.50758      15.44005 
-10.50001      15.43911 
-10.4948       15.44047 
-10.46994      15.44039 
-10.45952      15.43773 
-10.45811      15.43737 
-10.41858      15.43862 
-10.40661      15.43663 
-10.3941       15.43926 
-10.3837       15.43715 
-10.38229      15.43462 
-10.37071      15.43182 
-10.34799      15.43127 
-10.33639      15.43351 
-10.3206       15.43116 
-10.26788      15.41351 
-10.25651      15.41324 
-10.25274      15.40978 
-10.23926      15.40605 
-10.23288      15.40282 
-10.22413      15.40163 
-10.21326      15.39726 
-10.18207      15.3847 
-10.13149      15.36704 
-10.08984      15.35846 
-10.08822      15.35812 
-10.03947      15.35859 
-10            15.35664 
