 94 
 1             1 
1
 -9999.0   ,   9990.0 
 4 
 20.03522      78.62136 
 20.026        78.62025 
 20.00439      78.61767 
 20            78.61745 
 1             2 
1
 -9999.0   ,   9990.0 
 5 
 20.11103      78.99084 
 20.07231      78.9882 
 20.03328      78.99056 
 20.0277       78.99108 
 20            78.99378 
 1             3 
1
 -9999.0   ,   9990.0 
 19 
 20            79.23061 
 20.02142      79.23603 
 20.02883      79.23967 
 20.04367      79.24695 
 20.07531      79.2471 
 20.11125      79.24492 
 20.11217      79.25836 
 20.12522      79.25965 
 20.13039      79.26698 
 20.12056      79.2755 
 20.09053      79.27795 
 20.07856      79.28533 
 20.11267      79.28978 
 20.09942      79.29736 
 20.07042      79.29616 
 20.04106      79.30428 
 20.02914      79.30417 
 20.01542      79.30403 
 20            79.30181 
 1             4 
1
 -9999.0   ,   9990.0 
 3 
 20            79.28284 
 20.01625      79.27717 
 20            79.27198 
 1             5 
1
 -9999.0   ,   9990.0 
 16 
 20            79.34911 
 20.02933      79.34603 
 20.04106      79.3448 
 20.06697      79.34028 
 20.08717      79.32889 
 20.08914      79.32778 
 20.12481      79.32333 
 20.14275      79.32489 
 20.15797      79.33575 
 20.15039      79.34067 
 20.13161      79.34185 
 20.11728      79.34875 
 20.09611      79.34967 
 20.02944      79.3682 
 20.02894      79.36833 
 20            79.37331 
 1             6 
1
 -9999.0   ,   9990.0 
 18 
 20            79.49378 
 20.02675      79.48436 
 20.02861      79.47436 
 20.02992      79.47408 
 20.07783      79.46373 
 20.15333      79.4647 
 20.29328      79.44876 
 20.40464      79.44136 
 20.44986      79.43836 
 20.50345      79.43248 
 20.53314      79.43248 
 20.56333      79.43547 
 20.60681      79.43017 
 20.64545      79.42911 
 20.66645      79.42431 
 20.69406      79.4227 
 20.73628      79.41167 
 20.76503      79.41015 
 1             7 
1
 -9999.0   ,   9990.0 
 8 
 20            79.6342 
 20.0265       79.63316 
 20.03067      79.63303 
 20.10167      79.63042 
 20.13381      79.63011 
 20.18395      79.62698 
 20.26853      79.61798 
 20.27919      79.60628 
 1             8 
1
 -9999.0   ,   9990.0 
 8 
 20            79.74965 
 20.0142       79.74973 
 20.03122      79.75161 
 20.06847      79.75573 
 20.06811      79.75686 
 20.11006      79.75747 
 20.13492      79.76386 
 20.19728      79.76964 
 1             9 
1
 -9999.0   ,   9990.0 
 10 
 27.21239      80 
 27.19047      79.99272 
 27.11867      79.99356 
 27.04042      79.99142 
 27.00734      79.991 
 26.99461      79.99375 
 26.97711      79.98683 
 26.97372      79.9855 
 26.96453      79.97422 
 26.96981      79.97078 
 1             10 
1
 -9999.0   ,   9990.0 
 12 
 22.2322       80 
 22.20319      79.99911 
 22.185        79.98678 
 22.19081      79.98392 
 22.19397      79.98236 
 22.19467      79.98203 
 22.2122       79.98106 
 22.2387       79.98395 
 22.25422      79.98565 
 22.26006      79.992 
 22.31978      79.99492 
 22.32095      80 
 1             11 
1
 -9999.0   ,   9990.0 
 3 
 21.44167      79.8237 
 21.45864      79.82411 
 21.54153      79.82003 
 1             12 
1
 -9999.0   ,   9990.0 
 21 
 21.54153      79.82003 
 21.60481      79.81761 
 21.63417      79.81075 
 21.65225      79.80991 
 21.66445      79.80611 
 21.63639      79.80506 
 21.56672      79.79266 
 21.55953      79.78239 
 21.52606      79.76906 
 21.52789      79.76575 
 21.55497      79.76639 
 21.59956      79.774 
 21.62645      79.7762 
 21.6357       79.77966 
 21.63514      79.78381 
 21.65456      79.78389 
 21.70581      79.77858 
 21.70025      79.7765 
 21.648        79.77489 
 21.6415       79.76556 
 21.5587       79.75733 
 1             13 
1
 -9999.0   ,   9990.0 
 12 
 21.44167      79.8237 
 21.38172      79.81665 
 21.27481      79.81236 
 21.27784      79.80353 
 21.25036      79.79995 
 21.24039      79.8049 
 21.2025       79.80214 
 21.11811      79.80297 
 21.05492      79.79784 
 20.99645      79.79531 
 20.94489      79.79608 
 20.91408      79.79353 
 1             14 
1
 -9999.0   ,   9990.0 
 7 
 20.62828      79.7898 
 20.67844      79.79158 
 20.72075      79.78775 
 20.772        79.78616 
 20.8407       79.78783 
 20.87714      79.79195 
 20.91408      79.79353 
 1             15 
1
 -9999.0   ,   9990.0 
 7 
 20.47408      79.78036 
 20.40681      79.77842 
 20.38647      79.77348 
 20.31767      79.77261 
 20.29414      79.77365 
 20.26583      79.77486 
 20.19728      79.76964 
 1             16 
1
 -9999.0   ,   9990.0 
 6 
 20.47408      79.78036 
 20.46633      79.77597 
 20.51708      79.768 
 20.53686      79.77998 
 20.58711      79.78836 
 20.62828      79.7898 
 1             17 
1
 -9999.0   ,   9990.0 
 16 
 21.5587       79.75733 
 21.53061      79.7537 
 21.53345      79.72636 
 21.54939      79.72236 
 21.563        79.70973 
 21.55417      79.70195 
 21.56256      79.69722 
 21.54914      79.6942 
 21.50939      79.68946 
 21.46628      79.68941 
 21.36203      79.69791 
 21.33053      79.70341 
 21.27809      79.70536 
 21.21881      79.7034 
 21.13369      79.70375 
 21.12258      79.70186 
 1             18 
1
 -9999.0   ,   9990.0 
 5 
 21.12258      79.70186 
 21.11409      79.70045 
 21.11389      79.70133 
 21.04736      79.69795 
 20.95258      79.69614 
 1             19 
1
 -9999.0   ,   9990.0 
 2 
 20.95258      79.69614 
 20.89344      79.69561 
 1             20 
1
 -9999.0   ,   9990.0 
 35 
 20.89344      79.69561 
 20.75692      79.68695 
 20.70136      79.68606 
 20.66697      79.6817 
 20.61758      79.68153 
 20.55442      79.676 
 20.47806      79.67261 
 20.45561      79.66675 
 20.53547      79.65197 
 20.55161      79.64345 
 20.55592      79.63431 
 20.55839      79.629 
 20.60797      79.62025 
 20.63697      79.60939 
 20.66958      79.61576 
 20.68836      79.61633 
 20.71767      79.61498 
 20.7785       79.60772 
 20.84428      79.60658 
 20.90353      79.6002 
 20.93858      79.58867 
 20.95872      79.5886 
 20.99567      79.59267 
 21.01617      79.59075 
 21.0232       79.58695 
 21.04131      79.58436 
 21.03925      79.58186 
 21.05753      79.57833 
 21.05864      79.57746 
 21.06642      79.57117 
 21.0895       79.56858 
 21.12836      79.56883 
 21.14367      79.56756 
 21.17072      79.57066 
 21.21664      79.56775 
 1             21 
1
 -9999.0   ,   9990.0 
 5 
 20.27919      79.60628 
 20.28147      79.60378 
 20.33592      79.58928 
 20.43289      79.57923 
 20.51261      79.5737 
 1             22 
1
 -9999.0   ,   9990.0 
 2 
 21.25572      79.55658 
 21.21664      79.56775 
 1             23 
1
 -9999.0   ,   9990.0 
 8 
 20.9875       79.54591 
 20.94736      79.55197 
 20.88022      79.55536 
 20.86933      79.56458 
 20.82072      79.56878 
 20.67169      79.56806 
 20.55564      79.57073 
 20.51261      79.5737 
 1             24 
1
 -9999.0   ,   9990.0 
 4 
 21.25572      79.55658 
 21.19439      79.55072 
 21.11864      79.54684 
 21.0865       79.5384 
 1             25 
1
 -9999.0   ,   9990.0 
 3 
 20.9875       79.54591 
 21.0377       79.54515 
 21.0865       79.5384 
 1             26 
1
 -9999.0   ,   9990.0 
 4 
 20.77842      79.38581 
 20.78422      79.39703 
 20.77667      79.4022 
 20.76503      79.41015 
 1             27 
1
 -9999.0   ,   9990.0 
 22 
 21.5517       79.37245 
 21.63617      79.36901 
 21.70467      79.36345 
 21.77742      79.35336 
 21.83186      79.35064 
 21.85         79.35253 
 21.90267      79.3537 
 21.90278      79.35278 
 22.01036      79.36686 
 22.11531      79.37411 
 22.15208      79.37903 
 22.18686      79.38367 
 22.25906      79.38945 
 22.44847      79.39222 
 22.5015       79.392 
 22.51386      79.39103 
 22.52839      79.39228 
 22.56286      79.39523 
 22.60711      79.39675 
 22.66372      79.39865 
 22.75836      79.40428 
 22.8237       79.40505 
 1             28 
1
 -9999.0   ,   9990.0 
 106 
 22.8237       79.40505 
 22.81053      79.39709 
 22.78011      79.39111 
 22.69497      79.3712 
 22.65186      79.35316 
 22.65517      79.33953 
 22.72103      79.32489 
 22.76467      79.31021 
 22.87075      79.29014 
 22.88153      79.28903 
 23.06295      79.27015 
 23.16781      79.2659 
 23.28972      79.24433 
 23.32011      79.2457 
 23.32011      79.24706 
 23.35781      79.24683 
 23.44472      79.23389 
 23.45739      79.23203 
 23.57842      79.22222 
 23.58253      79.2219 
 23.58467      79.22173 
 23.63075      79.22031 
 23.643        79.22483 
 23.68919      79.22753 
 23.86403      79.2284 
 23.91411      79.23445 
 23.99908      79.23248 
 24.0427       79.23145 
 24.10345      79.2322 
 24.15483      79.23731 
 24.24639      79.2725 
 24.19647      79.29435 
 24.21097      79.30261 
 24.26492      79.30473 
 24.37367      79.3171 
 24.45122      79.32161 
 24.48742      79.32806 
 24.52147      79.33728 
 24.54139      79.34061 
 24.62028      79.35392 
 24.72025      79.37711 
 24.75117      79.37836 
 24.82856      79.37708 
 24.85881      79.37331 
 24.88256      79.36728 
 24.88683      79.36273 
 24.87686      79.353 
 24.88467      79.34728 
 24.93164      79.34111 
 24.98481      79.33864 
 25            79.33795 
 25.10703      79.33292 
 25.12678      79.33373 
 25.19092      79.35061 
 25.47222      79.38865 
 25.51925      79.39817 
 25.54161      79.4027 
 25.62003      79.4117 
 25.68853      79.43145 
 25.75758      79.4414 
 25.73539      79.45314 
 25.68667      79.46872 
 25.75039      79.476 
 25.81364      79.4862 
 25.8162       79.48891 
 25.82681      79.5002 
 25.85039      79.50522 
 25.87875      79.51978 
 25.83536      79.56425 
 25.78817      79.58256 
 25.71092      79.60225 
 25.70958      79.60415 
 25.70036      79.61708 
 25.71331      79.62428 
 25.75097      79.63492 
 25.8637       79.64747 
 25.94931      79.66181 
 26.0102       79.66745 
 26.11495      79.6809 
 26.148        79.69061 
 26.16445      79.69548 
 26.21633      79.69956 
 26.331        79.719 
 26.36258      79.72715 
 26.39531      79.74775 
 26.42647      79.75836 
 26.54472      79.7693 
 26.50747      79.77717 
 26.51797      79.7802 
 26.54956      79.78926 
 26.66519      79.80653 
 26.68053      79.81845 
 26.67053      79.82331 
 26.67334      79.83217 
 26.82131      79.8477 
 26.94728      79.85795 
 26.97147      79.86261 
 26.99984      79.86808 
 27.04256      79.89011 
 27.12361      79.90308 
 27.12386      79.91085 
 27.08647      79.92216 
 27.07036      79.93508 
 27.04933      79.93806 
 27.00261      79.94925 
 26.96981      79.97078 
 1             29 
1
 -9999.0   ,   9990.0 
 4 
 21.31322      79.3731 
 21.44992      79.37528 
 21.50325      79.37442 
 21.5517       79.37245 
 1             30 
1
 -9999.0   ,   9990.0 
 12 
 21.31322      79.3731 
 21.26189      79.37153 
 21.2205       79.36664 
 21.11711      79.35631 
 20.99228      79.34814 
 20.93933      79.34866 
 20.90992      79.35389 
 20.84222      79.35975 
 20.79625      79.36166 
 20.75345      79.36065 
 20.75056      79.38314 
 20.77842      79.38581 
 1             31 
1
 -9999.0   ,   9990.0 
 6 
 20.66075      79.3376 
 20.68397      79.338 
 20.56111      79.35768 
 20.56472      79.35315 
 20.62556      79.34095 
 20.66075      79.3376 
 1             32 
1
 -9999.0   ,   9990.0 
 7 
 21.17867      79.30648 
 21.1765       79.31123 
 21.14939      79.31216 
 21.12767      79.31658 
 21.1277       79.31045 
 21.15536      79.30675 
 21.17867      79.30648 
 1             33 
1
 -9999.0   ,   9990.0 
 13 
 21.16756      79.28786 
 21.15469      79.29175 
 21.10858      79.29622 
 21.05586      79.29698 
 21.06572      79.29066 
 21.13872      79.2862 
 21.14714      79.28078 
 21.16489      79.27942 
 21.18125      79.27991 
 21.20092      79.27314 
 21.20911      79.2732 
 21.21489      79.2755 
 21.16756      79.28786 
 1             34 
1
 -9999.0   ,   9990.0 
 8 
 20.15489      79.254 
 20.179        79.25495 
 20.20247      79.26656 
 20.20097      79.27178 
 20.1725       79.26898 
 20.16672      79.2637 
 20.15122      79.26239 
 20.15489      79.254 
 1             35 
1
 -9999.0   ,   9990.0 
 55 
 20.3825       79.11061 
 20.22872      79.10978 
 20.19683      79.11197 
 20.14761      79.12422 
 20.10692      79.12334 
 20.09608      79.11915 
 20.12472      79.10761 
 20.11383      79.09953 
 20.09392      79.09361 
 20.087        79.08445 
 20.07272      79.07997 
 20.08831      79.0635 
 20.09272      79.06125 
 20.10522      79.0548 
 20.09458      79.05014 
 20.06678      79.04715 
 20.06722      79.04553 
 20.09803      79.04245 
 20.12825      79.03298 
 20.15167      79.03047 
 20.15314      79.02526 
 20.19633      79.02456 
 20.23681      79.02064 
 20.2905       79.01183 
 20.28897      79.0043 
 20.39211      79.00623 
 20.42339      79.0097 
 20.43656      79.0187 
 20.45228      79.02028 
 20.454        79.02045 
 20.47564      79.01975 
 20.49597      79.02425 
 20.57331      79.02995 
 20.6035       79.02942 
 20.62944      79.02905 
 20.6455       79.02101 
 20.65514      79.02061 
 20.66892      79.0289 
 20.68645      79.03115 
 20.75922      79.052 
 20.77936      79.05286 
 20.80294      79.06489 
 20.78922      79.0725 
 20.66625      79.09061 
 20.57119      79.10115 
 20.54856      79.10525 
 20.5137       79.1052 
 20.48792      79.112 
 20.47303      79.1125 
 20.44436      79.11311 
 20.41775      79.11878 
 20.39828      79.11953 
 20.41886      79.11403 
 20.40764      79.11053 
 20.3825       79.11061 
 1             36 
1
 -9999.0   ,   9990.0 
 17 
 21.08275      79.03042 
 21.02117      79.02881 
 20.98872      79.02425 
 20.97439      79.01867 
 20.94239      79.01776 
 20.95317      79.02875 
 20.92428      79.03536 
 20.96303      79.0384 
 20.99647      79.03273 
 21.0225       79.03236 
 21.12353      79.03447 
 21.14556      79.04045 
 21.18384      79.04125 
 21.18317      79.036 
 21.14967      79.03433 
 21.10008      79.0279 
 21.08275      79.03042 
 1             37 
1
 -9999.0   ,   9990.0 
 8 
 20.2837       78.99061 
 20.23958      78.99336 
 20.20594      78.99873 
 20.17869      79.00664 
 20.14683      79.00972 
 20.12992      79.00636 
 20.11853      78.99215 
 20.11103      78.99084 
 1             38 
1
 -9999.0   ,   9990.0 
 23 
 21.72239      78.96498 
 21.69047      78.96436 
 21.64975      78.97483 
 21.65747      78.97875 
 21.61911      78.98875 
 21.63058      78.99156 
 21.66928      78.98722 
 21.68547      78.9821 
 21.71028      78.98281 
 21.73433      78.98378 
 21.74225      78.98745 
 21.76961      78.98756 
 21.80692      78.98361 
 21.82         78.98366 
 21.82503      78.9812 
 21.79667      78.97947 
 21.78222      78.98125 
 21.76833      78.97778 
 21.75653      78.97706 
 21.73242      78.97992 
 21.70631      78.97786 
 21.69922      78.96941 
 21.72239      78.96498 
 1             39 
1
 -9999.0   ,   9990.0 
 3 
 20.32772      78.97345 
 20.31458      78.98886 
 20.2837       78.99061 
 1             40 
1
 -9999.0   ,   9990.0 
 22 
 30.33975      78.99285 
 30.30069      78.99458 
 30.30428      79.00228 
 30.27822      79.0047 
 30.23367      79.00433 
 30.19642      79.0022 
 30.12097      79.00616 
 30.08025      79.00615 
 30.07592      78.99892 
 30.12525      78.97953 
 30.12378      78.97034 
 30.15178      78.97066 
 30.16217      78.96748 
 30.2072       78.96692 
 30.21114      78.97142 
 30.18697      78.97359 
 30.18395      78.97386 
 30.18186      78.97825 
 30.21653      78.98023 
 30.23717      78.98665 
 30.33461      78.9903 
 30.33975      78.99285 
 1             41 
1
 -9999.0   ,   9990.0 
 12 
 20.50836      78.93703 
 20.48856      78.93889 
 20.49292      78.9405 
 20.5095       78.94065 
 20.51144      78.94248 
 20.49206      78.94436 
 20.48561      78.94656 
 20.46331      78.94548 
 20.44745      78.94736 
 20.43169      78.95381 
 20.40283      78.96035 
 20.32772      78.97345 
 1             42 
1
 -9999.0   ,   9990.0 
 8 
 20.793        78.90397 
 20.79256      78.906 
 20.75914      78.91278 
 20.69789      78.91703 
 20.64931      78.91753 
 20.59536      78.92547 
 20.54481      78.92911 
 20.50836      78.93703 
 1             43 
1
 -9999.0   ,   9990.0 
 96 
 28.08567      78.79747 
 28.0872       78.79598 
 28.0962       78.79745 
 28.10722      78.81865 
 28.12278      78.82886 
 28.17239      78.84336 
 28.27042      78.85775 
 28.28956      78.86383 
 28.33986      78.871 
 28.3895       78.88181 
 28.42795      78.88323 
 28.44864      78.8872 
 28.45436      78.88766 
 28.51133      78.89253 
 28.54731      78.891 
 28.599        78.88008 
 28.62989      78.88045 
 28.65408      78.88414 
 28.63292      78.89203 
 28.64242      78.89461 
 28.7062       78.89941 
 28.72811      78.90308 
 28.7595       78.90691 
 28.80439      78.90908 
 28.92428      78.90715 
 28.9555       78.90314 
 29.06683      78.87025 
 29.08847      78.8687 
 29.11956      78.86239 
 29.19403      78.8557 
 29.24625      78.85385 
 29.26472      78.8532 
 29.32739      78.8467 
 29.35761      78.84589 
 29.34206      78.85443 
 29.35667      78.86417 
 29.38492      78.8707 
 29.44031      78.87921 
 29.5232       78.88803 
 29.62658      78.88865 
 29.65447      78.89195 
 29.69242      78.90258 
 29.69147      78.9055 
 29.68981      78.91067 
 29.66519      78.91758 
 29.615        78.917 
 29.56636      78.91275 
 29.51006      78.9052 
 29.45122      78.9039 
 29.37428      78.89741 
 29.33334      78.89616 
 29.27867      78.8991 
 29.19403      78.90391 
 29.11022      78.90459 
 29.05478      78.90975 
 29.05534      78.91089 
 28.99284      78.91866 
 28.96895      78.93031 
 28.97864      78.93311 
 29.01406      78.93266 
 29.01475      78.93403 
 28.96303      78.94228 
 28.9502       78.95714 
 28.93086      78.95658 
 28.91456      78.95003 
 28.90645      78.95008 
 28.87306      78.95033 
 28.84792      78.95489 
 28.73575      78.95666 
 28.64875      78.96139 
 28.55595      78.96139 
 28.52931      78.95523 
 28.45336      78.96083 
 28.4277       78.97011 
 28.40156      78.96506 
 28.40325      78.96147 
 28.43425      78.95897 
 28.45495      78.95123 
 28.44636      78.93745 
 28.41731      78.92561 
 28.33011      78.91611 
 28.23267      78.91267 
 28.14172      78.9132 
 28.12772      78.90248 
 28.11242      78.89809 
 28.02578      78.87325 
 27.93345      78.86075 
 27.87253      78.85575 
 27.8647       78.85086 
 27.91014      78.83786 
 28.05125      78.835 
 28.09239      78.8321 
 28.08978      78.82836 
 28.08061      78.81523 
 28.07811      78.79806 
 28.08567      78.79747 
 1             44 
1
 -9999.0   ,   9990.0 
 5 
 21.11378      78.89875 
 21.10953      78.90281 
 21.17531      78.90528 
 21.1885       78.904 
 21.11378      78.89875 
 1             45 
1
 -9999.0   ,   9990.0 
 7 
 28.794        78.87023 
 28.79281      78.88008 
 28.76106      78.88295 
 28.74817      78.88067 
 28.74408      78.87456 
 28.78092      78.87253 
 28.794        78.87023 
 1             46 
1
 -9999.0   ,   9990.0 
 22 
 21.0537       78.86981 
 21.05392      78.87664 
 21.06975      78.8806 
 21.02447      78.88958 
 20.99819      78.8912 
 20.99275      78.89523 
 20.96889      78.89645 
 20.97414      78.9001 
 20.96561      78.90139 
 20.93847      78.9012 
 20.93606      78.89528 
 20.91695      78.89631 
 20.90328      78.8937 
 20.888        78.89336 
 20.87467      78.89508 
 20.87506      78.89917 
 20.85561      78.90197 
 20.85153      78.90464 
 20.83786      78.90206 
 20.82575      78.90356 
 20.81203      78.9012 
 20.793        78.90397 
 1             47 
1
 -9999.0   ,   9990.0 
 4 
 21.16183      78.859 
 21.15539      78.86097 
 21.10722      78.8609 
 21.0537       78.86981 
 1             48 
1
 -9999.0   ,   9990.0 
 8 
 21.39256      78.84623 
 21.39725      78.8492 
 21.39217      78.85142 
 21.31511      78.85672 
 21.27439      78.85953 
 21.25217      78.85892 
 21.24128      78.85431 
 21.24592      78.8482 
 1             49 
1
 -9999.0   ,   9990.0 
 4 
 21.16183      78.859 
 21.17414      78.8552 
 21.18417      78.84573 
 21.24592      78.8482 
 1             50 
1
 -9999.0   ,   9990.0 
 10 
 28.69486      78.78178 
 28.70814      78.78286 
 28.71308      78.78886 
 28.69486      78.7957 
 28.67995      78.7973 
 28.67781      78.79297 
 28.64728      78.79467 
 28.63778      78.79335 
 28.6812       78.78183 
 28.69486      78.78178 
 1             51 
1
 -9999.0   ,   9990.0 
 10 
 21.49058      78.77541 
 21.46689      78.78298 
 21.46445      78.79066 
 21.49842      78.81181 
 21.52944      78.8227 
 21.52464      78.83086 
 21.51233      78.83442 
 21.46961      78.8376 
 21.419        78.83861 
 21.39256      78.84623 
 1             52 
1
 -9999.0   ,   9990.0 
 6 
 21.49058      78.77541 
 21.51003      78.76867 
 21.52531      78.76056 
 21.52264      78.7553 
 21.49689      78.74903 
 21.42628      78.74022 
 1             53 
1
 -9999.0   ,   9990.0 
 9 
 28.6035       78.7732 
 28.61592      78.77258 
 28.69556      78.75928 
 28.70939      78.75561 
 28.70283      78.75421 
 28.68928      78.75445 
 28.62506      78.76517 
 28.60906      78.7685 
 28.6035       78.7732 
 1             54 
1
 -9999.0   ,   9990.0 
 33 
 20.95042      78.68422 
 20.96228      78.68275 
 20.99589      78.67121 
 21.02597      78.67121 
 21.04597      78.66361 
 21.08039      78.65908 
 21.10481      78.66028 
 21.15133      78.66775 
 21.15281      78.67184 
 21.16267      78.67441 
 21.13767      78.68305 
 21.14895      78.68453 
 21.19695      78.67672 
 21.21214      78.67617 
 21.23489      78.67817 
 21.25406      78.67514 
 21.27333      78.6771 
 21.25133      78.68281 
 21.2227       78.6867 
 21.21645      78.68892 
 21.222        78.69009 
 21.2372       78.68953 
 21.25883      78.68584 
 21.2842       78.68647 
 21.31133      78.67828 
 21.33483      78.67665 
 21.33953      78.6737 
 21.39303      78.67514 
 21.38306      78.69603 
 21.36517      78.70953 
 21.37739      78.72622 
 21.40997      78.73748 
 21.42628      78.74022 
 1             55 
1
 -9999.0   ,   9990.0 
 8 
 20.27606      78.67228 
 20.337        78.67795 
 20.43911      78.68186 
 20.47086      78.68467 
 20.49306      78.68978 
 20.5142       78.69239 
 20.54117      78.69556 
 20.5802       78.69778 
 1             56 
1
 -9999.0   ,   9990.0 
 9 
 20.5802       78.69778 
 20.62081      78.6922 
 20.70267      78.69406 
 20.71797      78.69806 
 20.75114      78.70015 
 20.7735       78.7068 
 20.78811      78.71117 
 20.81719      78.71095 
 20.87264      78.7062 
 1             57 
1
 -9999.0   ,   9990.0 
 6 
 20.87264      78.7062 
 20.86789      78.70181 
 20.87528      78.69436 
 20.90567      78.68778 
 20.92614      78.68801 
 20.95042      78.68422 
 1             58 
1
 -9999.0   ,   9990.0 
 6 
 20.17842      78.65261 
 20.26553      78.65964 
 20.30153      78.65453 
 20.32053      78.6547 
 20.27828      78.6682 
 20.27606      78.67228 
 1             59 
1
 -9999.0   ,   9990.0 
 8 
 26.61028      78.6637 
 26.62272      78.6651 
 26.63417      78.66326 
 26.60233      78.65453 
 26.59014      78.65383 
 26.58053      78.65615 
 26.58217      78.65864 
 26.61028      78.6637 
 1             60 
1
 -9999.0   ,   9990.0 
 19 
 21.22136      78.64533 
 21.23347      78.64095 
 21.2582       78.63866 
 21.28678      78.64 
 21.2977       78.64325 
 21.29425      78.64892 
 21.30353      78.64875 
 21.30192      78.651 
 21.30775      78.6508 
 21.29525      78.6614 
 21.26978      78.66708 
 21.23039      78.66725 
 21.21564      78.66575 
 21.21717      78.66397 
 21.20606      78.66185 
 21.21906      78.65491 
 21.21006      78.6537 
 21.20747      78.64936 
 21.22136      78.64533 
 1             61 
1
 -9999.0   ,   9990.0 
 6 
 21.28922      78.63453 
 21.34153      78.63264 
 21.34628      78.6379 
 21.32525      78.63911 
 21.28545      78.6361 
 21.28922      78.63453 
 1             62 
1
 -9999.0   ,   9990.0 
 5 
 20.17842      78.65261 
 20.20114      78.6472 
 20.20036      78.64195 
 20.1625       78.63314 
 20.11831      78.63243 
 1             63 
1
 -9999.0   ,   9990.0 
 8 
 20.25786      78.63084 
 20.22542      78.63116 
 20.21433      78.63353 
 20.21289      78.63853 
 20.22806      78.638 
 20.23914      78.63565 
 20.26333      78.63589 
 20.25786      78.63084 
 1             64 
1
 -9999.0   ,   9990.0 
 41 
 26.72336      78.63036 
 26.72475      78.64028 
 26.75517      78.64561 
 26.81389      78.64495 
 26.87809      78.64714 
 26.91675      78.65647 
 26.94814      78.66817 
 26.939        78.67603 
 26.95025      78.68615 
 26.99289      78.69266 
 27.00608      78.69775 
 27.00122      78.70078 
 26.90917      78.69961 
 26.90267      78.70028 
 26.85736      78.70481 
 26.78122      78.72208 
 26.75247      78.73106 
 26.70775      78.7532 
 26.6447       78.76915 
 26.62342      78.78056 
 26.60386      78.79806 
 26.61267      78.80434 
 26.60789      78.80497 
 26.57653      78.80906 
 26.54683      78.816 
 26.50267      78.81736 
 26.45358      78.8049 
 26.41545      78.798 
 26.39925      78.78108 
 26.40397      78.76375 
 26.42803      78.74028 
 26.46217      78.72608 
 26.46572      78.72461 
 26.46909      78.70272 
 26.50939      78.69731 
 26.60944      78.67367 
 26.65259      78.6707 
 26.69947      78.65673 
 26.6887       78.63931 
 26.70903      78.63185 
 26.72336      78.63036 
 1             65 
1
 -9999.0   ,   9990.0 
 10 
 21.46139      78.57608 
 21.46722      78.58711 
 21.46875      78.59803 
 21.46947      78.60325 
 21.49053      78.60817 
 21.59875      78.61495 
 21.61358      78.61725 
 21.6392       78.62123 
 21.69572      78.62186 
 21.74045      78.60655 
 1             66 
1
 -9999.0   ,   9990.0 
 11 
 20.11831      78.63243 
 20.105        78.63225 
 20.10414      78.62748 
 20.13581      78.62581 
 20.15408      78.62258 
 20.15719      78.61992 
 20.14933      78.61528 
 20.11864      78.61378 
 20.08333      78.61608 
 20.06214      78.62131 
 20.03522      78.62136 
 1             67 
1
 -9999.0   ,   9990.0 
 55 
 21.46139      78.57608 
 21.40425      78.58761 
 21.34456      78.62111 
 21.31858      78.6312 
 21.23275      78.63448 
 21.21714      78.63778 
 21.20228      78.63723 
 21.19484      78.63375 
 21.17883      78.63295 
 21.16695      78.62878 
 21.11322      78.62065 
 21.10156      78.61533 
 21.09739      78.6012 
 21.11617      78.58722 
 21.06664      78.57048 
 20.999        78.55334 
 20.95883      78.55371 
 20.92819      78.558 
 20.88717      78.557 
 20.85239      78.55311 
 20.77092      78.54395 
 20.72672      78.54197 
 20.68028      78.545 
 20.65428      78.54361 
 20.64495      78.53945 
 20.56286      78.53345 
 20.49289      78.52506 
 20.42364      78.52325 
 20.28867      78.51505 
 20.27989      78.51366 
 20.22078      78.50411 
 20.18967      78.48831 
 20.16911      78.48423 
 20.19581      78.47811 
 20.22992      78.47825 
 20.26756      78.47364 
 20.28367      78.46856 
 20.32942      78.47197 
 20.35022      78.46628 
 20.38764      78.46664 
 20.47211      78.45639 
 20.56539      78.44583 
 20.59167      78.44014 
 20.61433      78.41575 
 20.67481      78.39356 
 20.66267      78.3765 
 20.66975      78.3702 
 20.65192      78.36348 
 20.66167      78.35995 
 20.66192      78.35315 
 20.65442      78.35128 
 20.632        78.35061 
 20.62233      78.34828 
 20.64033      78.343 
 20.67392      78.34236 
 1             68 
1
 -9999.0   ,   9990.0 
 20 
 22.07581      78.49925 
 22.01236      78.51947 
 22.00103      78.52875 
 22.01095      78.54197 
 21.99792      78.55581 
 21.94         78.58056 
 21.89995      78.589 
 21.87595      78.58822 
 21.8687       78.58203 
 21.84222      78.5828 
 21.83328      78.58514 
 21.81272      78.58411 
 21.79514      78.5872 
 21.78311      78.59214 
 21.78595      78.59781 
 21.80345      78.60603 
 21.7865       78.61345 
 21.77472      78.60547 
 21.74844      78.60375 
 21.74045      78.60655 
 1             69 
1
 -9999.0   ,   9990.0 
 6 
 20.80217      78.56455 
 20.80361      78.56703 
 20.8205       78.56866 
 20.83044      78.56668 
 20.82506      78.56472 
 20.80217      78.56455 
 1             70 
1
 -9999.0   ,   9990.0 
 5 
 22.13164      78.4742 
 22.11653      78.48372 
 22.09772      78.48725 
 22.0927       78.49386 
 22.07581      78.49925 
 1             71 
1
 -9999.0   ,   9990.0 
 17 
 21.87372      78.26403 
 21.95958      78.26192 
 22.04445      78.26186 
 22.07506      78.26791 
 22.11086      78.27828 
 22.14072      78.28136 
 22.1322       78.28295 
 22.141        78.30072 
 22.1972       78.34528 
 22.20675      78.36191 
 22.20111      78.38626 
 22.18706      78.40325 
 22.17997      78.4057 
 22.14256      78.41856 
 22.13247      78.42853 
 22.13925      78.45085 
 22.13164      78.4742 
 1             72 
1
 -9999.0   ,   9990.0 
 4 
 20.67392      78.34236 
 20.66767      78.3414 
 20.66531      78.33639 
 20.66556      78.32048 
 1             73 
1
 -9999.0   ,   9990.0 
 42 
 20.66556      78.32048 
 20.5575       78.32439 
 20.56272      78.32103 
 20.58031      78.31756 
 20.62225      78.31586 
 20.61411      78.31172 
 20.61589      78.30856 
 20.64247      78.30495 
 20.64411      78.3079 
 20.6322       78.3112 
 20.67572      78.3127 
 20.70531      78.31089 
 20.73444      78.30517 
 20.77417      78.29495 
 20.77844      78.2802 
 20.79153      78.27666 
 20.7805       78.26542 
 20.75617      78.25903 
 20.73753      78.2575 
 20.71381      78.25867 
 20.71297      78.25228 
 20.73236      78.24018 
 20.71525      78.23681 
 20.72989      78.23103 
 20.7667       78.23089 
 20.81731      78.2341 
 20.88322      78.23326 
 20.98584      78.22728 
 21.01295      78.21953 
 20.98867      78.21276 
 20.99964      78.2078 
 21.06778      78.20631 
 21.10172      78.215 
 21.16222      78.21886 
 21.18947      78.22733 
 21.19597      78.22936 
 21.30419      78.23492 
 21.39633      78.24395 
 21.5447       78.25105 
 21.6112       78.26192 
 21.65783      78.26378 
 21.67586      78.26225 
 1             74 
1
 -9999.0   ,   9990.0 
 7 
 22.45178      78.29214 
 22.46514      78.29058 
 22.43831      78.26781 
 22.43233      78.26781 
 22.42219      78.27061 
 22.42589      78.27631 
 22.45178      78.29214 
 1             75 
1
 -9999.0   ,   9990.0 
 6 
 21.67586      78.26225 
 21.68833      78.26123 
 21.72295      78.253 
 21.75345      78.2502 
 21.80472      78.25048 
 21.87372      78.26403 
 1             76 
1
 -9999.0   ,   9990.0 
 252 
 23.57195      77.46917 
 23.53356      77.45136 
 23.46122      77.43139 
 23.35964      77.41147 
 23.33275      77.4018 
 23.314        77.40273 
 23.29728      77.40183 
 23.20114      77.38626 
 23.22078      77.37558 
 23.17709      77.37698 
 23.15208      77.37583 
 23.13436      77.37245 
 23.11631      77.36556 
 23.09125      77.3469 
 23.05731      77.33481 
 23.01867      77.30586 
 22.94967      77.29667 
 22.91578      77.29495 
 22.88056      77.29314 
 22.78722      77.27797 
 22.74431      77.26878 
 22.70478      77.25503 
 22.69911      77.245 
 22.68183      77.24064 
 22.59564      77.2543 
 22.55747      77.27216 
 22.55453      77.2752 
 22.55197      77.27786 
 22.561        77.28221 
 22.55411      77.29335 
 22.59661      77.30895 
 22.59872      77.31036 
 22.64967      77.32228 
 22.67395      77.3328 
 22.71731      77.37867 
 22.70267      77.3881 
 22.6837       77.39181 
 22.63147      77.39492 
 22.62845      77.3915 
 22.61595      77.39147 
 22.61994      77.39672 
 22.61353      77.401 
 22.62881      77.41217 
 22.61811      77.41986 
 22.6347       77.4242 
 22.63881      77.42648 
 22.63456      77.42897 
 22.6502       77.4299 
 22.66078      77.42558 
 22.67431      77.42811 
 22.69945      77.42541 
 22.74047      77.43447 
 22.76539      77.4418 
 22.7847       77.45436 
 22.79028      77.47028 
 22.76739      77.49006 
 22.75386      77.49372 
 22.71742      77.50361 
 22.64564      77.52917 
 22.65528      77.54533 
 22.65375      77.54816 
 22.64942      77.55625 
 22.66314      77.57005 
 22.66642      77.57336 
 22.6615       77.5802 
 22.63645      77.58056 
 22.60453      77.58436 
 22.55692      77.60245 
 22.52025      77.61303 
 22.49075      77.61608 
 22.48183      77.617 
 22.44697      77.61576 
 22.42336      77.60523 
 22.36117      77.58839 
 22.28669      77.58153 
 22.22328      77.56966 
 22.04675      77.54251 
 22.03314      77.54039 
 22.01992      77.53578 
 22.02086      77.52666 
 22.00706      77.51798 
 21.79692      77.49856 
 21.7825       77.49723 
 21.68289      77.49866 
 21.671        77.49886 
 21.57609      77.5019 
 21.53733      77.50097 
 21.53606      77.50086 
 21.47614      77.49578 
 21.43525      77.48845 
 21.24053      77.46653 
 21.16967      77.45208 
 21.12011      77.44806 
 21.12033      77.44691 
 21.03644      77.44436 
 21.02772      77.44411 
 21.00525      77.44686 
 20.90611      77.44556 
 20.90228      77.4437 
 20.86839      77.44041 
 20.84539      77.45116 
 20.84056      77.46523 
 20.85936      77.48705 
 20.88317      77.49956 
 20.89397      77.51445 
 20.88325      77.52098 
 20.87481      77.52228 
 20.85281      77.52403 
 20.82817      77.53225 
 20.85083      77.5354 
 20.87522      77.53467 
 20.88089      77.53856 
 20.86036      77.54136 
 20.84503      77.5385 
 20.83133      77.53841 
 20.82892      77.53878 
 20.81506      77.541 
 20.81308      77.54622 
 20.84194      77.54417 
 20.85283      77.54833 
 20.86331      77.54886 
 20.87631      77.54691 
 20.89181      77.54886 
 20.90125      77.55553 
 20.88539      77.56178 
 20.89531      77.56572 
 20.87886      77.569 
 20.87967      77.57058 
 20.89933      77.573 
 20.89997      77.57553 
 20.91583      77.57564 
 20.92031      77.58045 
 20.93356      77.58351 
 20.91631      77.58542 
 20.91381      77.58767 
 20.95111      77.59272 
 20.96067      77.59255 
 20.96361      77.5876 
 20.97311      77.58764 
 21.00311      77.5922 
 21.02692      77.58895 
 21.04178      77.58884 
 21.07528      77.59267 
 21.13589      77.60508 
 21.15622      77.61078 
 21.17034      77.6204 
 21.16378      77.63378 
 21.19181      77.65608 
 21.17433      77.68964 
 21.17936      77.70996 
 21.20864      77.73864 
 21.23003      77.75131 
 21.275        77.76439 
 21.28703      77.77101 
 21.32425      77.79139 
 21.34311      77.80791 
 21.39239      77.82989 
 21.47425      77.85889 
 21.47058      77.87596 
 21.47609      77.88258 
 21.48856      77.8861 
 21.51986      77.894 
 21.55336      77.90947 
 21.54992      77.91835 
 21.54289      77.92923 
 21.5307       77.93217 
 21.47408      77.94583 
 21.42503      77.95325 
 21.22317      77.96823 
 21.17908      77.98536 
 21.12703      78.00553 
 21.04867      78.02678 
 20.95111      78.04373 
 20.89717      78.0665 
 20.84083      78.07308 
 20.80628      78.08053 
 20.80897      78.08351 
 20.81967      78.08497 
 20.80781      78.09967 
 20.81931      78.10795 
 20.82481      78.108 
 20.82458      78.11439 
 20.84286      78.12206 
 20.88067      78.12573 
 20.89161      78.12681 
 20.97706      78.14183 
 21.01822      78.14628 
 21.05995      78.1539 
 21.10267      78.15628 
 21.25372      78.17286 
 21.32803      78.17931 
 21.38642      78.18858 
 21.39884      78.18881 
 21.44731      78.18967 
 21.50272      78.19753 
 21.52936      78.1977 
 21.60539      78.20181 
 21.71914      78.2152 
 21.77572      78.21641 
 21.97133      78.20806 
 21.9737       78.20783 
 22.06117      78.1996 
 22.16281      78.19386 
 22.20953      78.19292 
 22.2522       78.19967 
 22.29433      78.2005 
 22.38225      78.19853 
 22.401        78.20016 
 22.43384      78.20665 
 22.4435       78.211 
 22.43028      78.22391 
 22.43989      78.22847 
 22.45414      78.23241 
 22.49536      78.2321 
 22.52928      78.2283 
 22.5547       78.22725 
 22.59439      78.23326 
 22.70081      78.2424 
 22.72822      78.24541 
 22.79283      78.25256 
 22.81714      78.25806 
 22.84056      78.25855 
 22.97981      78.23055 
 22.99895      78.2235 
 23.05258      78.21403 
 23.07817      78.21267 
 23.11164      78.20748 
 23.17181      78.18985 
 23.17747      78.18816 
 23.20314      78.17703 
 23.25422      78.16341 
 23.26311      78.15839 
 23.23783      78.14042 
 23.18386      78.1279 
 23.15311      78.11764 
 23.12806      78.10056 
 23.12828      78.08806 
 23.1365       78.07785 
 23.1332       78.0587 
 23.22347      78.03442 
 23.24808      78.02078 
 23.26417      78.01189 
 23.32442      77.96095 
 23.38422      77.94217 
 23.38534      77.9418 
 23.41361      77.93978 
 23.44292      77.93521 
 23.52081      77.90853 
 23.56167      77.88939 
 23.60364      77.87705 
 23.72197      77.85508 
 23.74892      77.84658 
 1             77 
1
 -9999.0   ,   9990.0 
 14 
 20.6905       78.21741 
 20.68275      78.21239 
 20.61958      78.21498 
 20.60736      78.21078 
 20.62606      78.20786 
 20.65747      78.206 
 20.67144      78.20316 
 20.69108      78.20428 
 20.71806      78.21025 
 20.72756      78.21833 
 20.71853      78.22339 
 20.7082       78.22335 
 20.6977       78.2218 
 20.6905       78.21741 
 1             78 
1
 -9999.0   ,   9990.0 
 8 
 20.45428      78.20956 
 20.41561      78.20095 
 20.42078      78.20665 
 20.43939      78.21423 
 20.46472      78.21553 
 20.48742      78.21423 
 20.48683      78.21203 
 20.45428      78.20956 
 1             79 
1
 -9999.0   ,   9990.0 
 31 
 23.74892      77.84658 
 23.80503      77.85289 
 23.88764      77.86639 
 23.96033      77.87192 
 24.0417       77.87696 
 24.09219      77.87136 
 24.1392       77.86211 
 24.15506      77.8571 
 24.16797      77.85633 
 24.22347      77.85153 
 24.28809      77.84525 
 24.32336      77.84103 
 24.3535       77.84003 
 24.37131      77.83358 
 24.35661      77.82523 
 24.29353      77.81748 
 24.26389      77.80939 
 24.17997      77.77825 
 24.14934      77.75105 
 24.19428      77.73475 
 24.20784      77.72228 
 24.23161      77.718 
 24.28967      77.69461 
 24.29736      77.6887 
 24.31081      77.67836 
 24.28533      77.6648 
 24.23542      77.65065 
 24.2022       77.64645 
 24.14033      77.64206 
 24.0597       77.64128 
 23.92714      77.63831 
 1             80 
1
 -9999.0   ,   9990.0 
 6 
 25.2045       77.75975 
 25.22825      77.76097 
 25.23875      77.76659 
 25.22764      77.77123 
 25.20286      77.77047 
 25.2045       77.75975 
 1             81 
1
 -9999.0   ,   9990.0 
 2 
 23.92714      77.63831 
 23.94308      77.62856 
 1             82 
1
 -9999.0   ,   9990.0 
 16 
 23.94308      77.62856 
 23.96772      77.62933 
 23.99908      77.62791 
 24.10208      77.62375 
 24.11861      77.62145 
 24.14411      77.61792 
 24.16681      77.6081 
 24.17569      77.59848 
 24.1715       77.58256 
 24.14764      77.57308 
 24.09334      77.56506 
 24.00228      77.55915 
 23.97586      77.55967 
 23.94428      77.55906 
 23.88536      77.56236 
 23.83892      77.56133 
 1             83 
1
 -9999.0   ,   9990.0 
 8 
 23.63928      77.48911 
 23.67914      77.5057 
 23.70886      77.51239 
 23.73967      77.5235 
 23.74095      77.531 
 23.80292      77.55397 
 23.81475      77.55853 
 23.83892      77.56133 
 1             84 
1
 -9999.0   ,   9990.0 
 6 
 23.63928      77.48911 
 23.65236      77.4807 
 23.65031      77.47305 
 23.63847      77.47125 
 23.59133      77.46978 
 23.57195      77.46917 
 1             85 
1
 -9999.0   ,   9990.0 
 9 
 22.473        77.39498 
 22.46214      77.39936 
 22.44314      77.40295 
 22.43172      77.40245 
 22.42297      77.39356 
 22.39231      77.38595 
 22.39575      77.38161 
 22.43736      77.38153 
 22.473        77.39498 
 1             86 
1
 -9999.0   ,   9990.0 
 6 
 22.48678      77.38942 
 22.51364      77.39222 
 22.5482       77.38893 
 22.54975      77.38073 
 22.52583      77.38067 
 22.48678      77.38942 
 1             87 
1
 -9999.0   ,   9990.0 
 8 
 21.3957       77.28553 
 21.42275      77.28398 
 21.41872      77.2805 
 21.40328      77.27866 
 21.375        77.2812 
 21.36733      77.28436 
 21.37495      77.286 
 21.3957       77.28553 
 1             88 
1
 -9999.0   ,   9990.0 
 21 
 23.11528      77.27998 
 23.17553      77.28198 
 23.23678      77.28636 
 23.23692      77.29586 
 23.24775      77.29931 
 23.27081      77.29995 
 23.27314      77.29195 
 23.28533      77.28948 
 23.28039      77.28623 
 23.24311      77.28239 
 23.20286      77.27378 
 23.19109      77.27292 
 23.18128      77.26906 
 23.11811      77.25885 
 23.1005       77.25711 
 23.06336      77.25948 
 23.05017      77.26133 
 23.04714      77.2628 
 23.03842      77.26715 
 23.07317      77.2765 
 23.11528      77.27998 
 1             89 
1
 -9999.0   ,   9990.0 
 7 
 22.012        77.22045 
 22.0355       77.2217 
 22.04856      77.22473 
 22.04511      77.22836 
 22.00725      77.2266 
 21.99425      77.22311 
 22.012        77.22045 
 1             90 
1
 -9999.0   ,   9990.0 
 7 
 22.83533      77.16453 
 22.82625      77.15567 
 22.84575      77.1532 
 22.85803      77.1532 
 22.86822      77.1557 
 22.86717      77.15775 
 22.83533      77.16453 
 1             91 
1
 -9999.0   ,   9990.0 
 7 
 21.87683      77.01141 
 21.85422      77.01517 
 21.83722      77.01283 
 21.84589      77.0065 
 21.855        77.00656 
 21.85475      77.00928 
 21.87683      77.01141 
 1             92 
1
 -9999.0   ,   9990.0 
 8 
 21.97525      76.99861 
 21.9535       77.00533 
 21.92908      77.00728 
 21.92         77.00723 
 21.91108      77.00516 
 21.91745      77.00178 
 21.93892      76.99848 
 21.97525      76.99861 
 1             93 
1
 -9999.0   ,   9990.0 
 9 
 21.7097       76.87933 
 21.71797      76.87628 
 21.69617      76.87348 
 21.68689      76.8694 
 21.66436      76.8739 
 21.66136      76.87708 
 21.66739      76.87873 
 21.70364      76.87811 
 21.7097       76.87933 
 1             94 
1
 -9999.0   ,   9990.0 
 51 
 25            76.49706 
 24.99656      76.4962 
 24.99342      76.478 
 24.96353      76.46339 
 24.94489      76.44505 
 24.94733      76.44095 
 24.95864      76.43933 
 24.97595      76.43689 
 24.99817      76.43628 
 25            76.43686 
 25.02339      76.44431 
 25.04011      76.44625 
 25.04242      76.44921 
 25.01695      76.45531 
 25.03361      76.4807 
 25.05781      76.48759 
 25.07928      76.5036 
 25.1207       76.51496 
 25.17556      76.53408 
 25.22508      76.55131 
 25.23703      76.55986 
 25.23439      76.56922 
 25.30875      76.60325 
 25.39464      76.62628 
 25.41581      76.62973 
 25.43389      76.64042 
 25.49056      76.67375 
 25.5295       76.68892 
 25.54367      76.69722 
 25.5895       76.71142 
 25.58636      76.71646 
 25.5495       76.71495 
 25.50564      76.70666 
 25.45892      76.69248 
 25.45806      76.69192 
 25.43475      76.6765 
 25.43967      76.67648 
 25.38614      76.65503 
 25.38122      76.65508 
 25.33472      76.62675 
 25.32167      76.62481 
 25.28789      76.60845 
 25.25197      76.59711 
 25.21742      76.58356 
 25.16092      76.56133 
 25.11669      76.55231 
 25.10353      76.54875 
 25.06764      76.52736 
 25.04225      76.51936 
 25.03878      76.50685 
 25            76.49706 
