 116 
 1             1 
1
 -9999.0   ,   9990.0 
 7 
-20            79.76631 
-19.99623      79.76805 
-19.97319      79.7697 
-19.97016      79.75957 
-19.9832       79.75543 
-19.99886      79.75442 
-20            79.75481 
 1             2 
1
 -9999.0   ,   9990.0 
 60 
-19.29429      80 
-19.3144       79.99648 
-19.32643      79.99254 
-19.32879      79.98682 
-19.34803      79.98227 
-19.35239      79.98125 
-19.41176      79.97595 
-19.45224      79.97876 
-19.46048      79.9756 
-19.48026      79.97063 
-19.50084      79.96881 
-19.53442      79.97135 
-19.54859      79.96773 
-19.57908      79.96593 
-19.6181       79.95863 
-19.68329      79.94353 
-19.72666      79.93687 
-19.79079      79.9038 
-19.79956      79.88666 
-19.85145      79.85962 
-19.86452      79.84524 
-19.86762      79.84478 
-19.9184       79.83713 
-19.9282       79.83355 
-19.89558      79.82808 
-19.89506      79.82433 
-19.91394      79.8188 
-19.93815      79.80486 
-19.93502      79.79169 
-19.94158      79.78752 
-19.93719      79.77851 
-19.91182      79.77261 
-19.85644      79.7718 
-19.807        79.78076 
-19.74366      79.78613 
-19.70178      79.78795 
-19.6852       79.78868 
-19.66301      79.7957 
-19.62295      79.79918 
-19.59247      79.79935 
-19.57758      79.80271 
-19.5566       79.80161 
-19.54794      79.79916 
-19.56186      79.79251 
-19.62566      79.78183 
-19.64642      79.7759 
-19.68264      79.77225 
-19.71152      79.77226 
-19.73034      79.76882 
-19.75615      79.76916 
-19.75999      79.76512 
-19.85945      79.75491 
-19.90898      79.74782 
-19.9141       79.74585 
-19.91662      79.74486 
-19.90501      79.72811 
-19.94182      79.71956 
-19.95288      79.71907 
-19.98285      79.7191 
-20            79.72066 
 1             3 
1
 -9999.0   ,   9990.0 
 7 
-17.99682      79.64113 
-17.98849      79.64239 
-18.00338      79.64566 
-18.02581      79.6446 
-18.05418      79.64028 
-18.03956      79.63772 
-17.99682      79.64113 
 1             4 
1
 -9999.0   ,   9990.0 
 11 
-19.17927      79.35716 
-19.17091      79.3617 
-19.17738      79.36456 
-19.19684      79.36518 
-19.27141      79.36329 
-19.28536      79.3583 
-19.28886      79.34561 
-19.27323      79.34002 
-19.23228      79.33449 
-19.20622      79.34105 
-19.17927      79.35716 
 1             5 
1
 -9999.0   ,   9990.0 
 8 
-18.97374      79.31184 
-18.96146      79.31643 
-18.96365      79.31863 
-18.99275      79.31761 
-19.01904      79.31386 
-19.01537      79.31182 
-18.98971      79.31021 
-18.97374      79.31184 
 1             6 
1
 -9999.0   ,   9990.0 
 11 
-19.2154       79.31904 
-19.21532      79.32207 
-19.22472      79.3246 
-19.23927      79.32405 
-19.26703      79.31313 
-19.29426      79.30755 
-19.29145      79.30578 
-19.27411      79.30456 
-19.25279      79.3055 
-19.23489      79.30868 
-19.2154       79.31904 
 1             7 
1
 -9999.0   ,   9990.0 
 32 
-19.17778      79.09005 
-19.16567      79.09673 
-19.1968       79.09556 
-19.21091      79.09713 
-19.20882      79.10077 
-19.18677      79.1026 
-19.1582       79.10761 
-19.14681      79.11668 
-19.17058      79.12735 
-19.157        79.13911 
-19.16361      79.14173 
-19.18756      79.13651 
-19.20221      79.13669 
-19.20862      79.14048 
-19.14681      79.15408 
-19.12953      79.16382 
-19.11736      79.17928 
-19.12623      79.20083 
-19.15         79.1998 
-19.19589      79.18618 
-19.27285      79.17745 
-19.30015      79.16954 
-19.30947      79.16108 
-19.30749      79.15072 
-19.28326      79.13633 
-19.29833      79.11528 
-19.29789      79.11416 
-19.29507      79.10696 
-19.25601      79.09167 
-19.22217      79.08711 
-19.19796      79.08674 
-19.17778      79.09005 
 1             8 
1
 -9999.0   ,   9990.0 
 8 
-18.97708      78.99416 
-18.96734      78.99605 
-18.97159      79.00046 
-18.98091      79.00183 
-19.01081      78.99852 
-19.0102       78.99218 
-18.98996      78.99171 
-18.97708      78.99416 
 1             9 
1
 -9999.0   ,   9990.0 
 54 
-17.63455      79.02203 
-17.60105      79.00528 
-17.5819       79.00219 
-17.56109      79.00206 
-17.50917      79.00743 
-17.51438      79.01428 
-17.50485      79.01756 
-17.40749      79.02436 
-17.42305      79.03176 
-17.40368      79.04983 
-17.37508      79.0665 
-17.3728       79.07511 
-17.37681      79.07913 
-17.38662      79.089 
-17.36821      79.11066 
-17.39836      79.12538 
-17.40393      79.13461 
-17.47582      79.15261 
-17.5134       79.16935 
-17.5793       79.17499 
-17.60898      79.17083 
-17.62542      79.1648 
-17.6996       79.13748 
-17.75635      79.10033 
-17.76182      79.09191 
-17.82051      79.0746 
-17.85744      79.05858 
-17.86469      79.0533 
-17.85265      79.05035 
-17.89853      79.03852 
-17.93874      79.01538 
-17.95078      78.99835 
-17.94449      78.99029 
-17.90703      78.97193 
-17.90019      78.96858 
-17.88002      78.96264 
-17.84793      78.96456 
-17.80195      78.96226 
-17.76766      78.96218 
-17.74365      78.96356 
-17.71275      78.96906 
-17.70064      78.97338 
-17.70185      78.97697 
-17.71674      78.97866 
-17.73467      78.97816 
-17.75246      78.97505 
-17.76621      78.9767 
-17.73196      78.98907 
-17.70971      78.98913 
-17.6931       78.99135 
-17.68114      78.99733 
-17.68109      79.01075 
-17.66272      79.01686 
-17.63455      79.02203 
 1             10 
1
 -9999.0   ,   9990.0 
 14 
-17.81074      78.94413 
-17.79611      78.94856 
-17.79089      78.95418 
-17.84183      78.95462 
-17.85667      78.95725 
-17.8849       78.95725 
-17.90977      78.9552 
-17.92547      78.95175 
-17.91927      78.94275 
-17.90533      78.93946 
-17.88434      78.93958 
-17.87203      78.94415 
-17.83879      78.94695 
-17.81074      78.94413 
 1             11 
1
 -9999.0   ,   9990.0 
 7 
-17.73075      78.94433 
-17.7162       78.94688 
-17.70624      78.94521 
-17.68583      78.9449 
-17.68397      78.94266 
-17.70866      78.93898 
-17.73075      78.94433 
 1             12 
1
 -9999.0   ,   9990.0 
 20 
-18.95014      78.98638 
-18.94128      78.98855 
-18.94456      78.9908 
-18.96212      78.9895 
-19.01358      78.98462 
-19.03639      78.97912 
-19.04985      78.9664 
-19.09628      78.9517 
-19.14843      78.9431 
-19.17553      78.93498 
-19.16925      78.93118 
-19.15372      78.93094 
-19.10492      78.9369 
-19.05204      78.94803 
-19.00168      78.95565 
-18.97974      78.95897 
-18.97761      78.96261 
-18.99928      78.97554 
-18.96622      78.9843 
-18.95014      78.98638 
 1             13 
1
 -9999.0   ,   9990.0 
 9 
-17.80897      78.87351 
-17.80172      78.87527 
-17.80582      78.87853 
-17.81887      78.8806 
-17.85018      78.87818 
-17.87051      78.87215 
-17.85984      78.86833 
-17.82698      78.86831 
-17.80897      78.87351 
 1             14 
1
 -9999.0   ,   9990.0 
 302 
-17.17308      80 
-17.17518      79.99153 
-17.21643      79.98076 
-17.29845      79.97241 
-17.31111      79.96948 
-17.32208      79.95023 
-17.31481      79.94448 
-17.32453      79.93646 
-17.3425       79.93355 
-17.36304      79.92111 
-17.35642      79.90621 
-17.39633      79.90033 
-17.42021      79.89087 
-17.43524      79.87841 
-17.50431      79.86027 
-17.51305      79.85363 
-17.56077      79.84058 
-17.59684      79.82371 
-17.60122      79.81195 
-17.62749      79.79883 
-17.64592      79.77761 
-17.67967      79.76204 
-17.74893      79.74649 
-17.79744      79.74312 
-17.82467      79.73805 
-17.82667      79.73655 
-17.83633      79.7292 
-17.85991      79.72208 
-17.91851      79.71166 
-17.93233      79.70668 
-17.94281      79.69401 
-17.96234      79.6914 
-17.97745      79.69093 
-18.02692      79.69392 
-18.04422      79.69284 
-18.0811       79.68633 
-18.10951      79.68388 
-18.18744      79.6816 
-18.20078      79.67681 
-18.2128       79.67571 
-18.25948      79.67972 
-18.29876      79.68713 
-18.35632      79.68996 
-18.38339      79.69306 
-18.39693      79.69835 
-18.42497      79.70266 
-18.48511      79.70652 
-18.52589      79.71396 
-18.60095      79.71752 
-18.63439      79.72274 
-18.69257      79.72718 
-18.77715      79.72386 
-18.81481      79.73182 
-18.83279      79.73306 
-18.85004      79.73101 
-18.87857      79.73318 
-18.89584      79.73206 
-18.93576      79.73261 
-18.9737       79.73075 
-19.00925      79.73063 
-19.11753      79.71236 
-19.15558      79.70441 
-19.1866       79.69381 
-19.18351      79.68924 
-19.14937      79.68055 
-19.24891      79.66635 
-19.27321      79.65476 
-19.26444      79.64855 
-19.28144      79.63456 
-19.34102      79.62168 
-19.37486      79.61657 
-19.39586      79.61536 
-19.40751      79.61235 
-19.35215      79.61211 
-19.34267      79.60845 
-19.34791      79.60541 
-19.37334      79.60274 
-19.43186      79.60451 
-19.4482       79.60286 
-19.42407      79.59951 
-19.43325      79.5964 
-19.42752      79.59383 
-19.4028       79.59395 
-19.33226      79.59354 
-19.31855      79.59015 
-19.35572      79.5824 
-19.3654       79.57791 
-19.34067      79.57008 
-19.3325       79.56344 
-19.3343       79.51916 
-19.36345      79.50547 
-19.36514      79.50508 
-19.38155      79.50135 
-19.40674      79.49868 
-19.44629      79.49779 
-19.45903      79.4918 
-19.49064      79.48403 
-19.49419      79.48022 
-19.4704       79.47781 
-19.45466      79.47411 
-19.47491      79.47124 
-19.46887      79.46796 
-19.50141      79.45837 
-19.5245       79.42995 
-19.60075      79.40355 
-19.55293      79.40223 
-19.55802      79.39918 
-19.58505      79.39683 
-19.57633      79.39366 
-19.55244      79.39148 
-19.51569      79.39248 
-19.50479      79.37895 
-19.48825      79.37195 
-19.47665      79.37606 
-19.46771      79.37923 
-19.45989      79.38848 
-19.44997      79.39131 
-19.43822      79.39056 
-19.42495      79.38301 
-19.43349      79.3682 
-19.46545      79.3488 
-19.46054      79.33763 
-19.43846      79.32104 
-19.43839      79.29396 
-19.44569      79.28611 
-19.4778       79.25529 
-19.5079       79.23909 
-19.57717      79.22038 
-19.58662      79.21472 
-19.57737      79.20499 
-19.56987      79.1979 
-19.58548      79.19228 
-19.61387      79.16295 
-19.6677       79.14824 
-19.67266      79.1429 
-19.67582      79.13951 
-19.68053      79.12127 
-19.6693       79.11216 
-19.64656      79.10441 
-19.62706      79.10216 
-19.60959      79.10537 
-19.60925      79.10769 
-19.6239       79.1109 
-19.63143      79.11588 
-19.6279       79.1239 
-19.60886      79.13755 
-19.61825      79.1461 
-19.6104       79.14951 
-19.59448      79.15138 
-19.55101      79.15042 
-19.53543      79.15301 
-19.54197      79.16286 
-19.53408      79.16688 
-19.49241      79.18801 
-19.48885      79.19393 
-19.50976      79.2002 
-19.51048      79.20468 
-19.48559      79.2218 
-19.40893      79.24927 
-19.3885       79.27663 
-19.37295      79.28202 
-19.36156      79.28274 
-19.35112      79.2834 
-19.31667      79.28283 
-19.26612      79.27711 
-19.23464      79.2762 
-19.16059      79.27714 
-19.10189      79.27196 
-19.02069      79.27161 
-19.01029      79.27092 
-19.00064      79.26768 
-19.02295      79.25816 
-19.02446      79.25308 
-19.01193      79.25111 
-18.93089      79.25075 
-18.8298       79.2471 
-18.82904      79.24707 
-18.80942      79.24383 
-18.80486      79.23965 
-18.8127       79.23556 
-18.84785      79.22781 
-18.87547      79.22486 
-18.92644      79.22318 
-18.96331      79.21691 
-18.98412      79.20848 
-19.00354      79.20796 
-19.01199      79.20623 
-19.00878      79.20095 
-18.96819      79.18297 
-18.97367      79.18065 
-19.01399      79.1764 
-19.02272      79.152 
-19.02174      79.15155 
-19.0119       79.14685 
-18.99926      79.14603 
-18.98789      79.14715 
-18.94809      79.16756 
-18.92887      79.1709 
-18.91771      79.17085 
-18.88893      79.16323 
-18.87948      79.14643 
-18.90378      79.13911 
-18.92267      79.136 
-18.93692      79.14039 
-18.95072      79.14125 
-18.98781      79.13943 
-19.01972      79.12801 
-19.0535       79.13071 
-19.08261      79.12828 
-19.09944      79.12351 
-19.0924       79.11564 
-19.09815      79.11402 
-19.1102       79.11528 
-19.12578      79.12649 
-19.12234      79.142 
-19.04953      79.17098 
-19.04974      79.17473 
-19.07601      79.18736 
-19.08954      79.21789 
-19.08485      79.22353 
-19.06744      79.22345 
-19.04369      79.22051 
-19.02355      79.22452 
-18.99569      79.22186 
-18.98599      79.2226 
-18.98438      79.22578 
-18.95667      79.23275 
-18.95562      79.23549 
-18.96914      79.24055 
-18.99463      79.24216 
-19.02585      79.24029 
-19.0854       79.2329 
-19.15537      79.23298 
-19.171        79.22362 
-19.16251      79.21553 
-19.17402      79.21138 
-19.19853      79.20779 
-19.2323       79.19387 
-19.23628      79.19293 
-19.26439      79.18619 
-19.31183      79.1801 
-19.35173      79.17205 
-19.36435      79.1649 
-19.36409      79.14411 
-19.34103      79.13772 
-19.3374       79.13267 
-19.34669      79.12817 
-19.35594      79.10171 
-19.36758      79.0943 
-19.40797      79.08255 
-19.41014      79.08228 
-19.44401      79.0783 
-19.47243      79.08026 
-19.47854      79.08331 
-19.48058      79.09275 
-19.43309      79.11633 
-19.4325       79.12285 
-19.44567      79.12623 
-19.46719      79.12181 
-19.48555      79.1149 
-19.49135      79.10512 
-19.51859      79.09091 
-19.56205      79.07647 
-19.58786      79.07036 
-19.60694      79.06583 
-19.62357      79.06633 
-19.63289      79.07186 
-19.67555      79.08141 
-19.69127      79.09701 
-19.69814      79.09848 
-19.71264      79.0977 
-19.7225       79.09463 
-19.74486      79.06878 
-19.75808      79.06491 
-19.79898      79.06155 
-19.81165      79.05813 
-19.81081      79.05366 
-19.8264       79.04571 
-19.88158      79.03222 
-19.91336      79.03125 
-19.95476      79.02206 
-19.95218      79.02009 
-19.9368       79.01338 
-19.92154      79.01179 
-19.87881      79.00135 
-19.85054      78.988 
-19.83085      78.98296 
-19.81683      78.97316 
-19.80279      78.96333 
-19.80148      78.95721 
-19.75785      78.9313 
-19.7343       78.91114 
-19.72543      78.9012 
-19.72646      78.89004 
-19.74019      78.87221 
-19.75291      78.86345 
-19.7839       78.85245 
-19.83921      78.84018 
-19.85165      78.83466 
-19.90385      78.82388 
-19.95136      78.81918 
-20            78.81787 
 1             15 
1
 -9999.0   ,   9990.0 
 13 
-17.90396      78.81203 
-17.88664      78.82315 
-17.88632      78.82971 
-17.90896      78.83273 
-17.94101      78.84233 
-17.96456      78.83835 
-17.98414      78.8264 
-17.97261      78.81596 
-17.94557      78.8099 
-17.94304      78.80272 
-17.93515      78.80138 
-17.91536      78.80531 
-17.90396      78.81203 
 1             16 
1
 -9999.0   ,   9990.0 
 10 
-19.04465      78.7909 
-19.01701      78.79556 
-18.99821      78.79421 
-18.99402      78.7898 
-19.00631      78.7857 
-19.0054       78.77863 
-19.02149      78.77728 
-19.05026      78.78518 
-19.05078      78.78965 
-19.04465      78.7909 
 1             17 
1
 -9999.0   ,   9990.0 
 8 
-17.96992      78.75074 
-17.95877      78.7537 
-17.96145      78.75713 
-17.97526      78.75853 
-18.00008      78.75343 
-17.98967      78.74492 
-17.97838      78.74436 
-17.96992      78.75074 
 1             18 
1
 -9999.0   ,   9990.0 
 7 
-17.84506      78.73687 
-17.83245      78.7454 
-17.84         78.74696 
-17.86551      78.74591 
-17.86849      78.74277 
-17.85211      78.737 
-17.84506      78.73687 
 1             19 
1
 -9999.0   ,   9990.0 
 45 
-18.03672      78.78136 
-18.04098      78.7973 
-18.06267      78.81108 
-18.06939      78.81423 
-18.0952       78.81671 
-18.12683      78.81475 
-18.15794      78.81042 
-18.18373      78.80183 
-18.22446      78.78178 
-18.23171      78.77347 
-18.22212      78.7568 
-18.20107      78.74801 
-18.1996       78.74253 
-18.1982       78.73731 
-18.17276      78.73745 
-18.17115      78.73407 
-18.18785      78.73233 
-18.20195      78.7335 
-18.21021      78.72992 
-18.17995      78.71996 
-18.1748       78.71101 
-18.1953       78.70171 
-18.21508      78.69847 
-18.23039      78.69313 
-18.22312      78.69043 
-18.20711      78.68892 
-18.1772       78.69259 
-18.14434      78.69024 
-18.1145       78.70025 
-18.12172      78.71398 
-18.10325      78.71893 
-18.0667       78.7195 
-18.06035      78.7196 
-18.03489      78.72161 
-18.038        78.72927 
-18.07741      78.73313 
-18.08099      78.7359 
-18.05424      78.7416 
-18.00583      78.73635 
-17.99954      78.73838 
-18.01738      78.74491 
-18.02918      78.76242 
-17.97833      78.77348 
-17.99004      78.77831 
-18.03672      78.78136 
 1             20 
1
 -9999.0   ,   9990.0 
 139 
-19.00914      78.71612 
-18.99824      78.71818 
-19.03684      78.7228 
-19.11347      78.7257 
-19.12863      78.72898 
-19.13436      78.73508 
-19.14888      78.73693 
-19.1948       78.73064 
-19.22461      78.72875 
-19.2702       78.73061 
-19.31408      78.7359 
-19.3585       78.74378 
-19.4085       78.73999 
-19.41275      78.74346 
-19.3912       78.74948 
-19.36776      78.75006 
-19.35216      78.75307 
-19.33186      78.75401 
-19.32381      78.75336 
-19.31876      78.75294 
-19.31373      78.74617 
-19.2971       78.74306 
-19.27094      78.74093 
-19.24051      78.74233 
-19.2114       78.7466 
-19.1506       78.75126 
-19.13223      78.75158 
-19.11262      78.74996 
-19.09361      78.74395 
-19.03505      78.74868 
-19.00557      78.74731 
-18.99632      78.74897 
-19.0024       78.75183 
-19.0515       78.75483 
-19.07602      78.75833 
-19.04525      78.75992 
-19.04214      78.76539 
-19.05433      78.7711 
-19.06921      78.77367 
-19.09354      78.77461 
-19.10017      78.77487 
-19.16429      78.76663 
-19.19155      78.759 
-19.25016      78.75516 
-19.24287      78.7602 
-19.20673      78.77023 
-19.18181      78.77492 
-19.15074      78.77675 
-19.12422      78.7837 
-19.13214      78.78805 
-19.15763      78.7918 
-19.2013       78.79545 
-19.2094       78.7977 
-19.2069       78.80271 
-19.19028      78.80943 
-19.13878      78.81771 
-19.12128      78.82051 
-19.05445      78.82677 
-19.0387       78.83071 
-19.01098      78.82872 
-18.99481      78.83008 
-18.98218      78.84025 
-18.97851      78.8471 
-18.9861       78.85073 
-19.01122      78.85097 
-19.04063      78.84577 
-19.06331      78.85385 
-19.08272      78.85381 
-19.12005      78.84313 
-19.15582      78.84058 
-19.17701      78.84202 
-19.19985      78.83816 
-19.20103      78.84312 
-19.18984      78.84635 
-19.16018      78.84845 
-19.13559      78.85017 
-19.1151       78.85601 
-19.11827      78.86129 
-19.13993      78.86533 
-19.13809      78.86781 
-19.1234       78.87088 
-19.0972       78.87248 
-19.06368      78.87116 
-19.05039      78.87406 
-19.05645      78.88581 
-19.05082      78.88741 
-19.01978      78.88503 
-19.0203       78.89535 
-19.02701      78.89778 
-19.05386      78.90158 
-19.09382      78.90365 
-19.14933      78.902 
-19.18002      78.89779 
-19.21683      78.8955 
-19.24358      78.89195 
-19.25883      78.88993 
-19.28295      78.88308 
-19.30089      78.87431 
-19.311        78.85305 
-19.32668      78.84909 
-19.37048      78.84385 
-19.46986      78.81026 
-19.52433      78.79683 
-19.54835      78.78607 
-19.56787      78.77731 
-19.6096       78.74697 
-19.6104       78.73815 
-19.58345      78.72853 
-19.55395      78.72417 
-19.52709      78.72366 
-19.5038       78.72516 
-19.48986      78.72384 
-19.47243      78.71838 
-19.45828      78.70816 
-19.48104      78.70101 
-19.46364      78.6986 
-19.44066      78.69988 
-19.43103      78.69594 
-19.42976      78.69098 
-19.42794      78.69083 
-19.40682      78.68923 
-19.39551      78.6817 
-19.33297      78.68022 
-19.31539      78.682 
-19.30151      78.68065 
-19.29666      78.67575 
-19.28531      78.6743 
-19.26819      78.67467 
-19.25797      78.67723 
-19.26255      78.68633 
-19.25185      78.69027 
-19.23319      78.68893 
-19.22809      78.68426 
-19.19116      78.68722 
-19.15927      78.69485 
-19.13037      78.7059 
-19.10749      78.70997 
-19.08143      78.71273 
-19.00914      78.71612 
 1             21 
1
 -9999.0   ,   9990.0 
 13 
-18.18304      78.65861 
-18.17462      78.65866 
-18.18461      78.66385 
-18.2218       78.67111 
-18.23864      78.67195 
-18.25439      78.67086 
-18.27027      78.66133 
-18.28181      78.65885 
-18.27403      78.65376 
-18.24751      78.64658 
-18.23881      78.64685 
-18.21334      78.65919 
-18.18304      78.65861 
 1             22 
1
 -9999.0   ,   9990.0 
 30 
-18.25596      78.60946 
-18.2447       78.61452 
-18.24682      78.6212 
-18.27081      78.62569 
-18.38049      78.62646 
-18.42722      78.62807 
-18.4552       78.62476 
-18.4921       78.61626 
-18.525        78.60148 
-18.60016      78.58408 
-18.64226      78.56739 
-18.6342       78.55106 
-18.6094       78.54726 
-18.58597      78.53956 
-18.57421      78.531 
-18.5431       78.52853 
-18.51893      78.52428 
-18.50978      78.525 
-18.47516      78.54696 
-18.48158      78.5569 
-18.46072      78.56219 
-18.41425      78.56153 
-18.39058      78.56433 
-18.35591      78.57791 
-18.34114      78.58368 
-18.31625      78.59019 
-18.3008       78.5995 
-18.26782      78.60113 
-18.2566       78.60432 
-18.25596      78.60946 
 1             23 
1
 -9999.0   ,   9990.0 
 21 
-18.35337      78.4827 
-18.34478      78.48579 
-18.34305      78.49368 
-18.36102      78.49623 
-18.36124      78.50351 
-18.39359      78.51522 
-18.40744      78.51545 
-18.42103      78.51213 
-18.44016      78.51286 
-18.45318      78.5203 
-18.46234      78.52147 
-18.49754      78.51688 
-18.51165      78.51126 
-18.5047       78.5074 
-18.48531      78.50878 
-18.45179      78.5036 
-18.42743      78.49581 
-18.42358      78.48576 
-18.41059      78.48394 
-18.39538      78.48575 
-18.35337      78.4827 
 1             24 
1
 -9999.0   ,   9990.0 
 9 
-18.87557      78.46845 
-18.87007      78.46912 
-18.87319      78.47138 
-18.91322      78.478 
-18.93197      78.47703 
-18.9346       78.4739 
-18.91918      78.46823 
-18.90808      78.46675 
-18.87557      78.46845 
 1             25 
1
 -9999.0   ,   9990.0 
 5 
-18.38661      78.46935 
-18.38826      78.47179 
-18.40732      78.46876 
-18.40099      78.46445 
-18.38661      78.46935 
 1             26 
1
 -9999.0   ,   9990.0 
 18 
-18.82292      78.44528 
-18.81173      78.44871 
-18.81293      78.4516 
-18.89859      78.46395 
-18.94455      78.4608 
-18.96255      78.46236 
-18.97101      78.46019 
-18.96947      78.45661 
-19.01864      78.44681 
-19.01219      78.44439 
-18.99041      78.44404 
-18.96965      78.44187 
-18.94734      78.44197 
-18.92381      78.4392 
-18.90713      78.44235 
-18.87438      78.44333 
-18.84264      78.44157 
-18.82292      78.44528 
 1             27 
1
 -9999.0   ,   9990.0 
 20 
-18.90722      78.40935 
-18.89419      78.4134 
-18.89687      78.41891 
-18.9091       78.42232 
-18.9419       78.42416 
-18.96518      78.4281 
-19.03222      78.43155 
-19.05599      78.42826 
-19.13531      78.41053 
-19.1525       78.40387 
-19.15289      78.39665 
-19.12003      78.39296 
-19.08528      78.3948 
-19.01955      78.40311 
-19.00256      78.40368 
-18.97603      78.40215 
-18.95026      78.40068 
-18.94245      78.40428 
-18.91782      78.40636 
-18.90722      78.40935 
 1             28 
1
 -9999.0   ,   9990.0 
 15 
-19.51366      78.40735 
-19.50398      78.40971 
-19.51459      78.41767 
-19.55076      78.41351 
-19.62051      78.41556 
-19.63528      78.41485 
-19.67554      78.40808 
-19.6894       78.40403 
-19.68465      78.39798 
-19.66325      78.39536 
-19.64043      78.38685 
-19.63086      78.3871 
-19.58186      78.39955 
-19.53776      78.40356 
-19.51366      78.40735 
 1             29 
1
 -9999.0   ,   9990.0 
 10 
-19.12868      78.36203 
-19.11551      78.36631 
-19.11959      78.37072 
-19.13806      78.37278 
-19.22785      78.37638 
-19.24499      78.37461 
-19.25962      78.36806 
-19.25025      78.36318 
-19.23262      78.36139 
-19.12868      78.36203 
 1             30 
1
 -9999.0   ,   9990.0 
 25 
-18.8554       78.36445 
-18.84509      78.36721 
-18.84867      78.37582 
-18.85768      78.38282 
-18.87668      78.38538 
-18.93617      78.38525 
-19.01394      78.37756 
-19.05003      78.3814 
-19.07165      78.38081 
-19.08762      78.37714 
-19.08161      78.3724 
-19.04848      78.36706 
-19.04958      78.35636 
-19.03207      78.3506 
-19.01615      78.34935 
-18.98344      78.3515 
-18.96723      78.34955 
-18.92187      78.34987 
-18.91695      78.3499 
-18.88815      78.35458 
-18.91221      78.3616 
-18.911        78.36552 
-18.89957      78.36731 
-18.86221      78.3636 
-18.8554       78.36445 
 1             31 
1
 -9999.0   ,   9990.0 
 11 
-18.89554      78.33293 
-18.88715      78.3351 
-18.89692      78.3405 
-18.93568      78.34005 
-18.95463      78.34261 
-18.97049      78.34291 
-18.98316      78.33908 
-18.9756       78.33473 
-18.95491      78.32975 
-18.93115      78.3293 
-18.89554      78.33293 
 1             32 
1
 -9999.0   ,   9990.0 
 15 
-19.05921      78.3257 
-19.05004      78.3276 
-19.05751      78.33497 
-19.04001      78.33998 
-19.05235      78.34618 
-19.08251      78.34812 
-19.10197      78.35911 
-19.12605      78.35443 
-19.1272       78.3505 
-19.09916      78.34285 
-19.09552      78.33611 
-19.08306      78.33293 
-19.07777      78.32566 
-19.06652      78.32441 
-19.05921      78.3257 
 1             33 
1
 -9999.0   ,   9990.0 
 7 
-18.97808      78.29858 
-18.97008      78.3024 
-18.97221      78.30742 
-18.99754      78.30749 
-19.01589      78.30371 
-19.0095       78.3013 
-18.97808      78.29858 
 1             34 
1
 -9999.0   ,   9990.0 
 30 
-19.11366      78.28524 
-19.13798      78.27735 
-19.1543       78.2683 
-19.16694      78.26635 
-19.19397      78.26882 
-19.21815      78.26485 
-19.23174      78.26503 
-19.24602      78.2676 
-19.25466      78.28296 
-19.27803      78.2946 
-19.29947      78.31292 
-19.29635      78.32656 
-19.30343      78.34537 
-19.2966       78.34925 
-19.29501      78.34963 
-19.27105      78.35528 
-19.21069      78.3524 
-19.18913      78.35301 
-19.16295      78.34966 
-19.14414      78.34103 
-19.11361      78.33255 
-19.10835      78.32129 
-19.09565      78.31833 
-19.05118      78.31782 
-19.03172      78.31571 
-19.02275      78.31058 
-19.02502      78.30672 
-19.04976      78.30043 
-19.08273      78.29595 
-19.11366      78.28524 
 1             35 
1
 -9999.0   ,   9990.0 
 9 
-19.76521      78.25328 
-19.75541      78.25796 
-19.75837      78.26766 
-19.77224      78.2851 
-19.78801      78.28746 
-19.80427      78.28215 
-19.79792      78.26202 
-19.78153      78.25613 
-19.76521      78.25328 
 1             36 
1
 -9999.0   ,   9990.0 
 24 
-19.40897      78.26485 
-19.38541      78.27938 
-19.3845       78.2922 
-19.39333      78.30055 
-19.42501      78.31513 
-19.47078      78.32757 
-19.53049      78.34205 
-19.56766      78.34798 
-19.59022      78.3495 
-19.61365      78.34312 
-19.62         78.33548 
-19.62031      78.32733 
-19.62076      78.31543 
-19.6321       78.30335 
-19.64402      78.26726 
-19.63751      78.25365 
-19.61968      78.24605 
-19.59101      78.24097 
-19.52044      78.24559 
-19.48996      78.24415 
-19.45905      78.24713 
-19.43803      78.25204 
-19.43245      78.25335 
-19.40897      78.26485 
 1             37 
1
 -9999.0   ,   9990.0 
 9 
-19.83526      78.2024 
-19.82592      78.20568 
-19.82314      78.21443 
-19.83517      78.21801 
-19.8538       78.2177 
-19.86567      78.21522 
-19.85889      78.2058 
-19.8465       78.2015 
-19.83526      78.2024 
 1             38 
1
 -9999.0   ,   9990.0 
 15 
-19.34405      78.21338 
-19.32992      78.21971 
-19.32785      78.2285 
-19.34275      78.23949 
-19.37         78.24873 
-19.3917       78.24883 
-19.42349      78.2431 
-19.46634      78.22761 
-19.51042      78.20891 
-19.51068      78.19958 
-19.50217      78.19801 
-19.40096      78.20161 
-19.38893      78.20321 
-19.37129      78.20557 
-19.34405      78.21338 
 1             39 
1
 -9999.0   ,   9990.0 
 8 
-18.53153      78.19523 
-18.52236      78.19805 
-18.52617      78.20246 
-18.54211      78.20351 
-18.56961      78.19881 
-18.57066      78.19605 
-18.55714      78.19396 
-18.53153      78.19523 
 1             40 
1
 -9999.0   ,   9990.0 
 30 
-18.83676      78.23823 
-18.82793      78.24178 
-18.83037      78.25032 
-18.85028      78.2539 
-18.9048       78.26127 
-18.95813      78.26483 
-18.97127      78.26735 
-18.97595      78.27507 
-19.06388      78.27866 
-19.08326      78.27001 
-19.09353      78.26911 
-19.10509      78.26218 
-19.11851      78.25955 
-19.19212      78.25658 
-19.20495      78.25345 
-19.22831      78.25411 
-19.24701      78.24986 
-19.25629      78.24283 
-19.2459       78.22502 
-19.21207      78.20773 
-19.18083      78.19615 
-19.13752      78.18913 
-19.10883      78.18726 
-19.09163      78.1883 
-19.05321      78.19671 
-19.01838      78.20202 
-18.96085      78.20808 
-18.91598      78.21791 
-18.89279      78.22298 
-18.83676      78.23823 
 1             41 
1
 -9999.0   ,   9990.0 
 9 
-18.64855      78.17421 
-18.63862      78.17675 
-18.64836      78.17913 
-18.67123      78.17723 
-18.70794      78.18001 
-18.71274      78.17792 
-18.69648      78.17335 
-18.67652      78.17187 
-18.64855      78.17421 
 1             42 
1
 -9999.0   ,   9990.0 
 9 
-19.25124      78.139 
-19.24154      78.1425 
-19.24229      78.14581 
-19.25123      78.14695 
-19.29584      78.14678 
-19.3011       78.14515 
-19.28783      78.13586 
-19.26209      78.13649 
-19.25124      78.139 
 1             43 
1
 -9999.0   ,   9990.0 
 14 
-18.95477      78.15979 
-18.93994      78.16561 
-18.937        78.17296 
-18.95216      78.17465 
-19.02149      78.17105 
-19.05811      78.16021 
-19.0832       78.15631 
-19.12391      78.13396 
-19.1216       78.13105 
-19.07644      78.12975 
-19.03715      78.1332 
-19.01692      78.13689 
-18.96273      78.15686 
-18.95477      78.15979 
 1             44 
1
 -9999.0   ,   9990.0 
 12 
-18.90978      78.14872 
-18.9167       78.1427 
-18.94825      78.13231 
-18.96991      78.13034 
-18.98679      78.12369 
-19.00761      78.12145 
-19.01974      78.12275 
-19.0256       78.12748 
-19.00705      78.13265 
-18.96605      78.14045 
-18.93713      78.14276 
-18.90978      78.14872 
 1             45 
1
 -9999.0   ,   9990.0 
 7 
-19.45154      78.10871 
-19.44392      78.11043 
-19.44647      78.11219 
-19.50875      78.1133 
-19.52581      78.10617 
-19.4961       78.10335 
-19.45154      78.10871 
 1             46 
1
 -9999.0   ,   9990.0 
 7 
-19.09793      78.11022 
-19.08421      78.11423 
-19.11268      78.11516 
-19.1356       78.1081 
-19.13318      78.1033 
-19.12039      78.09963 
-19.09793      78.11022 
 1             47 
1
 -9999.0   ,   9990.0 
 16 
-19.20374      78.0794 
-19.18365      78.09198 
-19.18196      78.09938 
-19.20829      78.10511 
-19.17489      78.10651 
-19.16835      78.10924 
-19.18043      78.12736 
-19.19219      78.13098 
-19.21887      78.13251 
-19.23489      78.1354 
-19.25651      78.13341 
-19.29678      78.11806 
-19.30764      78.08661 
-19.30813      78.08519 
-19.21322      78.07705 
-19.20374      78.0794 
 1             48 
1
 -9999.0   ,   9990.0 
 8 
-18.59831      78.07741 
-18.59058      78.07913 
-18.6115       78.08441 
-18.63105      78.08611 
-18.64732      78.0839 
-18.63335      78.07944 
-18.6138       78.0768 
-18.59831      78.07741 
 1             49 
1
 -9999.0   ,   9990.0 
 8 
-18.7674       78.07453 
-18.75793      78.08061 
-18.75936      78.0842 
-18.76607      78.08525 
-18.77647      78.08412 
-18.79893      78.07471 
-18.78018      78.07331 
-18.7674       78.07453 
 1             50 
1
 -9999.0   ,   9990.0 
 10 
-19.45764      78.08211 
-19.45078      78.0832 
-19.46315      78.08729 
-19.49579      78.09352 
-19.5067       78.09288 
-19.54678      78.08031 
-19.53141      78.0728 
-19.51655      78.07093 
-19.48277      78.07888 
-19.45764      78.08211 
 1             51 
1
 -9999.0   ,   9990.0 
 9 
-19.49001      78.05423 
-19.48308      78.05741 
-19.48686      78.06108 
-19.49552      78.06244 
-19.52901      78.05775 
-19.53543      78.05198 
-19.53221      78.04878 
-19.50964      78.0498 
-19.49001      78.05423 
 1             52 
1
 -9999.0   ,   9990.0 
 22 
-18.79686      78.12358 
-18.7875       78.13436 
-18.80049      78.13781 
-18.82172      78.13818 
-18.84658      78.1345 
-18.94473      78.112 
-19.01318      78.0913 
-19.0393       78.08931 
-19.06397      78.09053 
-19.131        78.08355 
-19.14366      78.08042 
-19.12891      78.06743 
-19.12679      78.06555 
-19.04178      78.03046 
-19.03435      78.03102 
-18.97975      78.0489 
-18.95922      78.06168 
-18.91839      78.06855 
-18.87671      78.09831 
-18.85934      78.10295 
-18.81032      78.11605 
-18.79686      78.12358 
 1             53 
1
 -9999.0   ,   9990.0 
 10 
-19.1403       78.00259 
-19.13188      78.00405 
-19.13706      78.0064 
-19.16309      78.00629 
-19.18388      78.00286 
-19.18648      77.99761 
-19.17942      77.99493 
-19.16877      77.9944 
-19.16032      77.99983 
-19.1403       78.00259 
 1             54 
1
 -9999.0   ,   9990.0 
 4 
-19.20364      77.98746 
-19.19425      77.98852 
-19.19917      77.9924 
-19.20364      77.98746 
 1             55 
1
 -9999.0   ,   9990.0 
 9 
-19.08523      77.99073 
-19.07813      77.99201 
-19.09566      77.99733 
-19.13348      77.99476 
-19.14392      77.99153 
-19.14056      77.98856 
-19.12881      77.98705 
-19.10434      77.99074 
-19.08523      77.99073 
 1             56 
1
 -9999.0   ,   9990.0 
 5 
-19.24466      77.98995 
-19.25494      77.98485 
-19.24869      77.98431 
-19.24126      77.98805 
-19.24466      77.98995 
 1             57 
1
 -9999.0   ,   9990.0 
 22 
-18.88956      78.02849 
-18.92567      78.01974 
-18.93772      78.02155 
-18.90897      78.03361 
-18.90897      78.03834 
-18.9197       78.04126 
-18.94578      78.0314 
-18.95778      78.0214 
-19.01644      78.00083 
-19.01899      77.98917 
-19.01297      77.9871 
-18.97432      77.99335 
-18.9309       77.97989 
-18.91773      77.98026 
-18.91624      77.9803 
-18.88157      77.98796 
-18.87556      77.9906 
-18.88089      77.99558 
-18.84344      78.01251 
-18.8481       78.01807 
-18.86815      78.0203 
-18.88956      78.02849 
 1             58 
1
 -9999.0   ,   9990.0 
 5 
-19.48176      77.97885 
-19.47221      77.97988 
-19.47336      77.98151 
-19.48756      77.98473 
-19.48176      77.97885 
 1             59 
1
 -9999.0   ,   9990.0 
 15 
-19.49809      77.99106 
-19.49036      77.99186 
-19.49645      77.99518 
-19.53413      78.00146 
-19.54235      78.00722 
-19.52987      78.01036 
-19.51525      78.01036 
-19.47995      78.0047 
-19.44654      78.00541 
-19.44482      77.99085 
-19.41835      77.97834 
-19.43293      77.97835 
-19.45282      77.98165 
-19.48204      77.9905 
-19.49809      77.99106 
 1             60 
1
 -9999.0   ,   9990.0 
 7 
-19.20114      77.98395 
-19.17757      77.98175 
-19.19651      77.97495 
-19.19503      77.97231 
-19.20135      77.9717 
-19.21489      77.98054 
-19.20114      77.98395 
 1             61 
1
 -9999.0   ,   9990.0 
 2 
-19.03279      77.9708 
-19.0198       77.97038 
 1             62 
1
 -9999.0   ,   9990.0 
 9 
-18.59977      77.97252 
-18.59879      77.96606 
-18.58737      77.96336 
-18.58654      77.96028 
-18.59235      77.95915 
-18.6056       77.96031 
-18.62638      77.96936 
-18.61212      77.97284 
-18.59977      77.97252 
 1             63 
1
 -9999.0   ,   9990.0 
 15 
-19.68591      77.96038 
-19.67884      77.96378 
-19.68168      77.96836 
-19.72457      77.97318 
-19.74843      77.9832 
-19.77502      77.98141 
-19.87549      77.9901 
-19.88501      77.98751 
-19.86524      77.97259 
-19.85047      77.96863 
-19.80333      77.96151 
-19.78193      77.95956 
-19.73709      77.9586 
-19.69399      77.95913 
-19.68591      77.96038 
 1             64 
1
 -9999.0   ,   9990.0 
 8 
-20            77.9898 
-19.97328      77.98465 
-19.94944      77.98493 
-19.93444      77.9728 
-19.94393      77.97021 
-19.99488      77.96442 
-19.98233      77.95941 
-20            77.95766 
 1             65 
1
 -9999.0   ,   9990.0 
 8 
-19.0198       77.97038 
-19.02422      77.97435 
-18.99599      77.98323 
-18.98753      77.98375 
-18.95667      77.96861 
-18.95758      77.96491 
-19.00704      77.95218 
-19.0198       77.97038 
 1             66 
1
 -9999.0   ,   9990.0 
 7 
-19.03279      77.9708 
-19.04381      77.97391 
-19.07249      77.96458 
-19.06972      77.9572 
-19.03562      77.94683 
-19.02732      77.95015 
-19.03279      77.9708 
 1             67 
1
 -9999.0   ,   9990.0 
 4 
-19.07865      77.94546 
-19.07058      77.94951 
-19.07975      77.95137 
-19.07865      77.94546 
 1             68 
1
 -9999.0   ,   9990.0 
 10 
-18.88588      77.94443 
-18.87413      77.94876 
-18.87227      77.95616 
-18.88455      77.95911 
-18.89911      77.95915 
-18.9095       77.95406 
-18.90677      77.9448 
-18.89948      77.94044 
-18.89181      77.94028 
-18.88588      77.94443 
 1             69 
1
 -9999.0   ,   9990.0 
 4 
-19.05639      77.94435 
-19.05585      77.93895 
-19.06581      77.94133 
-19.05639      77.94435 
 1             70 
1
 -9999.0   ,   9990.0 
 9 
-19.39975      77.93677 
-19.39789      77.94345 
-19.41171      77.95115 
-19.42527      77.95203 
-19.44392      77.95037 
-19.4535       77.9478 
-19.44608      77.9444 
-19.40498      77.93608 
-19.39975      77.93677 
 1             71 
1
 -9999.0   ,   9990.0 
 7 
-18.78771      77.93146 
-18.77643      77.9344 
-18.7774       77.94126 
-18.7883       77.94345 
-18.80219      77.93923 
-18.80208      77.93548 
-18.78771      77.93146 
 1             72 
1
 -9999.0   ,   9990.0 
 14 
-19.09659      77.93466 
-19.09411      77.94273 
-19.10738      77.94878 
-19.16582      77.94864 
-19.1792       77.94673 
-19.18615      77.94356 
-19.18012      77.93999 
-19.16335      77.93799 
-19.16712      77.93468 
-19.1848       77.92993 
-19.16365      77.92491 
-19.14534      77.92329 
-19.13194      77.92426 
-19.09659      77.93466 
 1             73 
1
 -9999.0   ,   9990.0 
 4 
-19.1019       77.92019 
-19.09391      77.92073 
-19.08828      77.92723 
-19.1019       77.92019 
 1             74 
1
 -9999.0   ,   9990.0 
 7 
-20            77.92466 
-19.98982      77.92408 
-19.98699      77.92293 
-19.98203      77.9209 
-19.98381      77.9161 
-20            77.91361 
-20            77.91361 
 1             75 
1
 -9999.0   ,   9990.0 
 9 
-18.90158      77.9115 
-18.89166      77.91428 
-18.89442      77.9177 
-18.90583      77.91945 
-18.9087       77.92568 
-18.9319       77.92498 
-18.95585      77.91683 
-18.91656      77.91015 
-18.90158      77.9115 
 1             76 
1
 -9999.0   ,   9990.0 
 8 
-19.83128      77.9087 
-19.82955      77.91445 
-19.89574      77.92551 
-19.91273      77.9263 
-19.92455      77.92358 
-19.91751      77.91766 
-19.85697      77.90967 
-19.83128      77.9087 
 1             77 
1
 -9999.0   ,   9990.0 
 7 
-18.0842       77.90463 
-18.07432      77.90902 
-18.08911      77.91711 
-18.10021      77.9163 
-18.10698      77.90985 
-18.10182      77.90581 
-18.0842       77.90463 
 1             78 
1
 -9999.0   ,   9990.0 
 4 
-19.20172      77.87838 
-19.19293      77.88205 
-19.2005       77.8844 
-19.20172      77.87838 
 1             79 
1
 -9999.0   ,   9990.0 
 17 
-19.50093      77.87159 
-19.49597      77.8751 
-19.51522      77.89098 
-19.54959      77.9104 
-19.58576      77.92523 
-19.59176      77.93298 
-19.60247      77.93443 
-19.63068      77.93112 
-19.65175      77.92513 
-19.64796      77.92144 
-19.60954      77.90861 
-19.61346      77.89993 
-19.58201      77.89305 
-19.5726       77.88748 
-19.55365      77.87626 
-19.5339       77.87296 
-19.50093      77.87159 
 1             80 
1
 -9999.0   ,   9990.0 
 9 
-19.13288      77.86042 
-19.1227       77.86156 
-19.12898      77.87078 
-19.1203       77.87546 
-19.19478      77.90726 
-19.20462      77.90448 
-19.16113      77.87683 
-19.15048      77.87441 
-19.13288      77.86042 
 1             81 
1
 -9999.0   ,   9990.0 
 8 
-19.13105      77.76066 
-19.12339      77.76355 
-19.11862      77.77173 
-19.12833      77.77292 
-19.15043      77.76701 
-19.15184      77.75983 
-19.13697      77.75931 
-19.13105      77.76066 
 1             82 
1
 -9999.0   ,   9990.0 
 57 
-20            77.90609 
-19.9883       77.90348 
-19.90585      77.89938 
-19.81211      77.89753 
-19.79339      77.8901 
-19.78228      77.87253 
-19.76127      77.86523 
-19.66088      77.84618 
-19.64866      77.84721 
-19.46685      77.84703 
-19.42393      77.85171 
-19.40197      77.84946 
-19.35719      77.83978 
-19.35045      77.84085 
-19.37487      77.85187 
-19.37691      77.85805 
-19.36868      77.86045 
-19.33538      77.8574 
-19.30927      77.85191 
-19.26664      77.83768 
-19.25991      77.83543 
-19.24038      77.82511 
-19.23263      77.81021 
-19.20354      77.80057 
-19.1862       77.79035 
-19.18061      77.77953 
-19.20227      77.77103 
-19.1959       77.76486 
-19.16774      77.75548 
-19.1951       77.7557 
-19.21009      77.75809 
-19.229        77.7649 
-19.2421       77.76601 
-19.25182      77.76322 
-19.25435      77.75796 
-19.28361      77.75546 
-19.30187      77.75589 
-19.31203      77.75968 
-19.34911      77.76106 
-19.37425      77.76628 
-19.41964      77.77016 
-19.44273      77.77528 
-19.47326      77.77865 
-19.48407      77.77684 
-19.4671       77.76712 
-19.48273      77.76696 
-19.50124      77.77325 
-19.55767      77.78325 
-19.57397      77.78451 
-19.68348      77.78329 
-19.72745      77.78448 
-19.74748      77.78636 
-19.8148       77.805 
-19.85565      77.80966 
-19.92028      77.81702 
-19.98382      77.81861 
-20            77.82172 
 1             83 
1
 -9999.0   ,   9990.0 
 4 
-18.86595      77.75485 
-18.86708      77.75 
-18.8734       77.75223 
-18.86595      77.75485 
 1             84 
1
 -9999.0   ,   9990.0 
 7 
-19.11929      77.73573 
-19.10658      77.74116 
-19.11036      77.74861 
-19.12387      77.74836 
-19.13669      77.7448 
-19.1322       77.73404 
-19.11929      77.73573 
 1             85 
1
 -9999.0   ,   9990.0 
 48 
-17.58674      77.80525 
-17.5867       77.79818 
-17.61313      77.778 
-17.6385       77.76483 
-17.68545      77.75121 
-17.6953       77.7433 
-17.68975      77.73615 
-17.69368      77.7312 
-17.72509      77.7273 
-17.70515      77.71748 
-17.70283      77.69968 
-17.73557      77.69376 
-17.7256       77.68214 
-17.73125      77.67398 
-17.74416      77.66976 
-17.84231      77.63455 
-17.89394      77.62732 
-18.00393      77.62168 
-18.07873      77.61878 
-18.11605      77.61965 
-18.16413      77.62346 
-18.19079      77.63056 
-18.21959      77.63401 
-18.20621      77.6462 
-18.1862       77.65286 
-18.16103      77.69237 
-18.13634      77.71665 
-18.0894       77.73733 
-18.05542      77.74794 
-18.01887      77.75159 
-17.99926      77.76133 
-17.98764      77.77268 
-17.9806       77.79393 
-17.9653       77.80461 
-17.94455      77.85239 
-17.94189      77.85342 
-17.92962      77.85816 
-17.89914      77.86471 
-17.82641      77.87461 
-17.79206      77.8779 
-17.77209      77.87773 
-17.73042      77.8752 
-17.71194      77.87205 
-17.67103      77.85377 
-17.64526      77.83421 
-17.59268      77.81383 
-17.59097      77.81136 
-17.58674      77.80525 
 1             86 
1
 -9999.0   ,   9990.0 
 4 
-20            77.56253 
-19.99481      77.55956 
-19.99332      77.55365 
-20            77.55126 
 1             87 
1
 -9999.0   ,   9990.0 
 10 
-19.76517      77.55608 
-19.76929      77.55421 
-19.76883      77.55041 
-19.76327      77.54978 
-19.75529      77.54982 
-19.74162      77.55166 
-19.74135      77.55651 
-19.75061      77.55641 
-19.75401      77.55714 
-19.76517      77.55608 
 1             88 
1
 -9999.0   ,   9990.0 
 53 
-20            77.79336 
-19.98269      77.79245 
-19.95257      77.78752 
-19.88561      77.78201 
-19.82023      77.76886 
-19.71134      77.75941 
-19.67702      77.75753 
-19.63429      77.75732 
-19.57238      77.75243 
-19.53111      77.74785 
-19.51141      77.74266 
-19.48041      77.73576 
-19.45069      77.73476 
-19.38504      77.73643 
-19.35404      77.73559 
-19.28425      77.73001 
-19.26413      77.72829 
-19.25328      77.72517 
-19.20978      77.70193 
-19.18509      77.69648 
-19.1588       77.69445 
-19.13088      77.686 
-19.11593      77.67775 
-19.11707      77.66494 
-19.08419      77.65905 
-19.02375      77.62435 
-18.99832      77.60969 
-18.9501       77.60111 
-18.93954      77.59399 
-18.94411      77.58604 
-18.95596      77.58033 
-18.98722      77.57281 
-19.03087      77.56782 
-19.15079      77.56066 
-19.18868      77.55089 
-19.21972      77.54733 
-19.23944      77.5432 
-19.25668      77.53635 
-19.29074      77.53295 
-19.34281      77.53488 
-19.3884       77.53882 
-19.47368      77.55525 
-19.52635      77.56278 
-19.54602      77.56775 
-19.59608      77.58798 
-19.65939      77.60511 
-19.77083      77.62736 
-19.82618      77.63379 
-19.85357      77.63885 
-19.87043      77.64545 
-19.89544      77.653 
-19.94289      77.65877 
-20            77.6723 
 1             89 
1
 -9999.0   ,   9990.0 
 8 
-19.87309      77.53291 
-19.86414      77.5353 
-19.86695      77.53985 
-19.87471      77.5428 
-19.89245      77.54342 
-19.90552      77.54125 
-19.88546      77.53142 
-19.87309      77.53291 
 1             90 
1
 -9999.0   ,   9990.0 
 15 
-19.77319      77.5437 
-19.77347      77.54768 
-19.76268      77.5484 
-19.74884      77.54464 
-19.74158      77.54211 
-19.71938      77.53685 
-19.71531      77.53485 
-19.71745      77.53135 
-19.73463      77.52935 
-19.7413       77.52896 
-19.74643      77.52922 
-19.75028      77.53104 
-19.76243      77.53596 
-19.76899      77.5399 
-19.77319      77.5437 
 1             91 
1
 -9999.0   ,   9990.0 
 21 
-20            77.53266 
-19.96235      77.52604 
-19.92652      77.53247 
-19.90274      77.53039 
-19.89738      77.52826 
-19.92052      77.52261 
-19.89596      77.52026 
-19.8716       77.52188 
-19.85949      77.52105 
-19.8235       77.51206 
-19.81206      77.50543 
-19.82916      77.49834 
-19.80063      77.49157 
-19.80658      77.48276 
-19.80449      77.4703 
-19.82718      77.46813 
-19.8302       77.46315 
-19.84801      77.45841 
-19.86438      77.45921 
-19.89107      77.46356 
-20            77.50239 
 1             92 
1
 -9999.0   ,   9990.0 
 4 
-19.63142      77.43533 
-19.60687      77.43621 
-19.62346      77.4335 
-19.63142      77.43533 
 1             93 
1
 -9999.0   ,   9990.0 
 6 
-20            77.40642 
-19.99714      77.40619 
-19.9763       77.40145 
-19.97212      77.39611 
-19.99035      77.39187 
-20            77.39057 
 1             94 
1
 -9999.0   ,   9990.0 
 8 
-19.75907      77.35506 
-19.75309      77.36083 
-19.75901      77.36439 
-19.78102      77.36478 
-19.79304      77.36141 
-19.79016      77.358 
-19.77848      77.35485 
-19.75907      77.35506 
 1             95 
1
 -9999.0   ,   9990.0 
 9 
-19.03269      77.34033 
-19.02475      77.34859 
-19.04458      77.35197 
-19.05922      77.35226 
-19.07441      77.34815 
-19.06167      77.34022 
-19.06109      77.32802 
-19.05095      77.32656 
-19.03269      77.34033 
 1             96 
1
 -9999.0   ,   9990.0 
 8 
-18.4706       77.28711 
-18.46583      77.28755 
-18.46534      77.29456 
-18.47967      77.30168 
-18.49249      77.30168 
-18.50278      77.2992 
-18.49747      77.2907 
-18.4706       77.28711 
 1             97 
1
 -9999.0   ,   9990.0 
 12 
-19.59649      76.80136 
-19.58873      76.80398 
-19.58034      76.81638 
-19.60179      76.8236 
-19.59431      76.82693 
-19.62739      76.85016 
-19.6799       76.84285 
-19.68258      76.83506 
-19.67529      76.82696 
-19.64525      76.81091 
-19.61444      76.80182 
-19.59649      76.80136 
 1             98 
1
 -9999.0   ,   9990.0 
 7 
-19.53783      76.77021 
-19.52672      76.77312 
-19.53262      76.77741 
-19.55755      76.78107 
-19.56643      76.77733 
-19.55708      76.7724 
-19.53783      76.77021 
 1             99 
1
 -9999.0   ,   9990.0 
 24 
-19.75258      76.75648 
-19.72187      76.76072 
-19.71261      76.7649 
-19.68826      76.76784 
-19.68464      76.77046 
-19.70319      76.79081 
-19.71689      76.7976 
-19.71773      76.80394 
-19.74141      76.81615 
-19.75806      76.81795 
-19.7712       76.81606 
-19.81933      76.8057 
-19.84595      76.79633 
-19.85083      76.78515 
-19.86873      76.77836 
-19.87061      76.77333 
-19.89262      76.76232 
-19.89222      76.75535 
-19.89205      76.7525 
-19.87873      76.74737 
-19.85796      76.74467 
-19.81851      76.74543 
-19.77515      76.74808 
-19.75258      76.75648 
 1             100 
1
 -9999.0   ,   9990.0 
 12 
-18.53896      76.73707 
-18.53319      76.73767 
-18.55134      76.75021 
-18.56776      76.75302 
-18.57497      76.75108 
-18.56891      76.74723 
-18.593        76.74671 
-18.59998      76.74595 
-18.599        76.74401 
-18.58235      76.74142 
-18.5679       76.74153 
-18.53896      76.73707 
 1             101 
1
 -9999.0   ,   9990.0 
 233 
-20            77.34504 
-19.99433      77.34494 
-19.95533      77.3414 
-19.94034      77.34252 
-19.89992      77.35081 
-19.88006      77.35148 
-19.84965      77.3572 
-19.83328      77.35756 
-19.81321      77.35634 
-19.80667      77.3545 
-19.78513      77.34841 
-19.77185      77.34682 
-19.75988      77.34808 
-19.73983      77.34686 
-19.69537      77.33833 
-19.62512      77.31682 
-19.58645      77.31206 
-19.4718       77.27749 
-19.44788      77.273 
-19.42832      77.26638 
-19.41454      77.25633 
-19.41358      77.2502 
-19.45617      77.2248 
-19.46945      77.20305 
-19.45691      77.1989 
-19.41982      77.20305 
-19.39904      77.20876 
-19.37263      77.21277 
-19.36076      77.218 
-19.34362      77.21921 
-19.32442      77.22338 
-19.30868      77.22325 
-19.29983      77.22162 
-19.28296      77.21162 
-19.23325      77.20668 
-19.1441       77.18632 
-19.09378      77.18108 
-19.08936      77.17733 
-19.09484      77.17223 
-19.06723      77.17241 
-19.06033      77.17391 
-19.06131      77.1789 
-19.07854      77.19034 
-19.08407      77.2117 
-19.08226      77.23821 
-19.08201      77.24109 
-19.06838      77.25957 
-19.08276      77.26688 
-19.08438      77.27423 
-19.05628      77.306 
-19.03663      77.3162 
-19.03169      77.32366 
-19.00978      77.32905 
-18.99891      77.32826 
-18.99024      77.3196 
-18.97008      77.31268 
-18.94815      77.31128 
-18.9321       77.3123 
-18.90558      77.30925 
-18.79804      77.30233 
-18.76946      77.2985 
-18.73403      77.29373 
-18.6913       77.2919 
-18.67916      77.28654 
-18.66381      77.28406 
-18.65716      77.29191 
-18.64214      77.29486 
-18.62399      77.29011 
-18.6069       77.28824 
-18.57755      77.28969 
-18.54338      77.28595 
-18.49871      77.28585 
-18.46959      77.28143 
-18.45679      77.27766 
-18.45879      77.27308 
-18.52015      77.2612 
-18.5091       77.2559 
-18.47605      77.25315 
-18.45702      77.25115 
-18.45463      77.25039 
-18.432        77.2432 
-18.39424      77.24086 
-18.36722      77.24312 
-18.34221      77.24266 
-18.33574      77.23901 
-18.35753      77.23295 
-18.35856      77.22831 
-18.32092      77.2194 
-18.31048      77.21458 
-18.31257      77.20625 
-18.26748      77.18352 
-18.24824      77.15495 
-18.24808      77.13286 
-18.23775      77.1271 
-18.25891      77.12148 
-18.28819      77.11798 
-18.30262      77.11267 
-18.28067      77.1051 
-18.26153      77.0932 
-18.23966      77.08468 
-18.2341       77.07661 
-18.23997      77.06496 
-18.27777      77.06123 
-18.282        77.05843 
-18.26851      77.05273 
-18.25098      77.05431 
-18.24402      77.05351 
-18.23892      77.05292 
-18.23723      77.05071 
-18.25284      77.04525 
-18.28268      77.04296 
-18.27288      77.03958 
-18.23305      77.03496 
-18.22526      77.02983 
-18.23719      77.02203 
-18.22797      77.01446 
-18.24943      77.00936 
-18.23539      76.99586 
-18.23484      76.98431 
-18.26067      76.97898 
-18.26079      76.97053 
-18.23146      76.93548 
-18.22703      76.92277 
-18.2352       76.91549 
-18.25311      76.90876 
-18.22398      76.90051 
-18.22526      76.89658 
-18.25717      76.8801 
-18.29697      76.86854 
-18.30604      76.8613 
-18.30793      76.85453 
-18.30881      76.85136 
-18.31513      76.82706 
-18.32029      76.81866 
-18.33075      76.81388 
-18.34915      76.81399 
-18.36439      76.81697 
-18.37336      76.81538 
-18.38186      76.81046 
-18.42763      76.80065 
-18.43901      76.7959 
-18.43973      76.78678 
-18.4523       76.78187 
-18.48249      76.77866 
-18.4453       76.77043 
-18.44168      76.76342 
-18.42214      76.76066 
-18.42528      76.75778 
-18.42879      76.75698 
-18.44578      76.75308 
-18.46819      76.75132 
-18.50775      76.75735 
-18.51209      76.75525 
-18.50844      76.75011 
-18.44626      76.73011 
-18.4453       76.72723 
-18.45997      76.72503 
-18.4915       76.72989 
-18.50093      76.73911 
-18.51901      76.74415 
-18.52797      76.75098 
-18.56155      76.75971 
-18.5646       76.77772 
-18.57657      76.77663 
-18.61695      76.77295 
-18.63208      76.76746 
-18.63529      76.75499 
-18.62276      76.73715 
-18.53084      76.70867 
-18.53679      76.70033 
-18.54617      76.70205 
-18.55607      76.708 
-18.56923      76.70243 
-18.57417      76.6912 
-18.58669      76.69567 
-18.58915      76.6979 
-18.59858      76.70645 
-18.64158      76.72345 
-18.6354       76.72825 
-18.68752      76.7502 
-18.67214      76.75308 
-18.67605      76.75611 
-18.69955      76.76189 
-18.74313      76.76905 
-18.75933      76.77018 
-18.76845      76.76835 
-18.74466      76.76185 
-18.74969      76.76002 
-18.7455       76.75627 
-18.76042      76.75476 
-18.8541       76.75906 
-18.86241      76.76281 
-18.85854      76.77033 
-18.90345      76.78501 
-18.93589      76.79992 
-19.00878      76.81078 
-19.04329      76.8159 
-19.0481       76.81523 
-19.03223      76.80687 
-19.03332      76.80388 
-19.09552      76.80424 
-19.16893      76.80566 
-19.18099      76.8049 
-19.19746      76.80089 
-19.21197      76.80073 
-19.21933      76.80253 
-19.22525      76.8087 
-19.26686      76.8161 
-19.28316      76.82118 
-19.30782      76.82415 
-19.33089      76.82467 
-19.33637      76.82333 
-19.33528      76.82139 
-19.35257      76.81554 
-19.40226      76.8161 
-19.42222      76.82066 
-19.42872      76.82492 
-19.45177      76.84 
-19.48641      76.8423 
-19.53764      76.85154 
-19.5502       76.86248 
-19.58349      76.86516 
-19.64051      76.8749 
-19.72405      76.87574 
-19.72779      76.87921 
-19.7237       76.88226 
-19.79044      76.90205 
-19.81521      76.90823 
-19.89183      76.91516 
-19.93384      76.91543 
-19.96343      76.90946 
-19.98895      76.91075 
-20            76.91303 
 1             102 
1
 -9999.0   ,   9990.0 
 25 
-19.72511      76.67003 
-19.71714      76.67195 
-19.7196       76.67768 
-19.73876      76.69013 
-19.77147      76.69815 
-19.77958      76.71468 
-19.79339      76.7182 
-19.88421      76.72408 
-19.90003      76.7235 
-19.90494      76.71325 
-19.91076      76.71145 
-19.93634      76.7102 
-19.93303      76.7063 
-19.8896       76.69564 
-19.89124      76.69293 
-19.90747      76.6882 
-19.90823      76.68798 
-19.90503      76.68501 
-19.89238      76.68342 
-19.85327      76.69026 
-19.84115      76.68916 
-19.81337      76.67301 
-19.79154      76.67047 
-19.74315      76.66818 
-19.72511      76.67003 
 1             103 
1
 -9999.0   ,   9990.0 
 7 
-19.6951       76.65631 
-19.6887       76.65971 
-19.68961      76.667 
-19.70059      76.66921 
-19.71718      76.66471 
-19.70887      76.65773 
-19.6951       76.65631 
 1             104 
1
 -9999.0   ,   9990.0 
 33 
-18.7557       76.69588 
-18.7803       76.69095 
-18.77608      76.68531 
-18.74786      76.67832 
-18.74196      76.67142 
-18.71384      76.66725 
-18.7078       76.66433 
-18.71415      76.65836 
-18.66861      76.65531 
-18.6633       76.65266 
-18.66656      76.64675 
-18.67894      76.6437 
-18.68058      76.64121 
-18.6518       76.63581 
-18.63613      76.62577 
-18.62575      76.61743 
-18.6201       76.60468 
-18.6258       76.60313 
-18.63317      76.60191 
-18.64344      76.60273 
-18.69426      76.61785 
-18.71455      76.63025 
-18.7366       76.65238 
-18.75047      76.66628 
-18.77661      76.67713 
-18.80627      76.68373 
-18.8225       76.68956 
-18.85508      76.71178 
-18.86216      76.72342 
-18.8527       76.72853 
-18.83654      76.72738 
-18.78112      76.7142 
-18.7557       76.69588 
 1             105 
1
 -9999.0   ,   9990.0 
 8 
-18.87756      76.56468 
-18.86974      76.56541 
-18.92123      76.57605 
-18.93626      76.57713 
-18.95432      76.57626 
-18.95612      76.57356 
-18.94842      76.57126 
-18.87756      76.56468 
 1             106 
1
 -9999.0   ,   9990.0 
 35 
-20            76.25015 
-19.96474      76.24423 
-19.93309      76.2351 
-19.91109      76.23345 
-19.90631      76.23435 
-19.91186      76.24305 
-19.90675      76.24534 
-19.8921       76.24526 
-19.87781      76.2396 
-19.87527      76.23292 
-19.87998      76.22898 
-19.89795      76.22761 
-19.9072       76.22507 
-19.90536      76.22077 
-19.88129      76.20991 
-19.8563       76.18965 
-19.84695      76.18401 
-19.8114       76.17299 
-19.79416      76.16435 
-19.78985      76.15547 
-19.81132      76.14823 
-19.80329      76.1464 
-19.77876      76.13829 
-19.76296      76.12716 
-19.75491      76.1099 
-19.77203      76.06903 
-19.77979      76.05873 
-19.78874      76.0564 
-19.7982       76.05458 
-19.80019      76.05143 
-19.86146      76.0543 
-19.87351      76.06008 
-19.92096      76.06638 
-19.97082      76.06907 
-20            76.06831 
 1             107 
1
 -9999.0   ,   9990.0 
 11 
-19.9576       76.02891 
-19.95155      76.03022 
-19.96013      76.03768 
-19.94916      76.04223 
-19.95898      76.04626 
-19.95938      76.05001 
-19.97178      76.05022 
-19.99576      76.04311 
-19.9971       76.04061 
-19.96517      76.0291 
-19.9576       76.02891 
 1             108 
1
 -9999.0   ,   9990.0 
 17 
-19.82417      76.03064 
-19.83104      76.02893 
-19.83232      76.02761 
-19.82079      76.02275 
-19.81482      76.01934 
-19.80761      76.01781 
-19.79544      76.01783 
-19.78783      76.01852 
-19.78387      76.02081 
-19.78207      76.02267 
-19.78366      76.02402 
-19.78757      76.02535 
-19.79336      76.02596 
-19.80172      76.0263 
-19.8122       76.02745 
-19.81776      76.02888 
-19.82417      76.03064 
 1             109 
1
 -9999.0   ,   9990.0 
 12 
-19.85632      76.02553 
-19.84836      76.03303 
-19.852        76.03743 
-19.86273      76.03941 
-19.89489      76.04023 
-19.92535      76.02851 
-19.92259      76.0242 
-19.89595      76.02326 
-19.84868      76.01394 
-19.84415      76.01508 
-19.85541      76.02126 
-19.85632      76.02553 
 1             110 
1
 -9999.0   ,   9990.0 
 20 
-19.88581      75.98441 
-19.87873      75.98893 
-19.86001      75.99351 
-19.86692      75.99646 
-19.88265      75.99614 
-19.90043      75.9936 
-19.90471      75.99524 
-19.88425      76.00066 
-19.88217      76.00498 
-19.86547      76.00944 
-19.86647      76.01255 
-19.88835      76.01186 
-19.91493      76.01027 
-19.92905      76.00753 
-19.93376      76.00452 
-19.93248      75.99441 
-19.92311      75.99205 
-19.92824      75.98648 
-19.92417      75.98463 
-19.88581      75.98441 
 1             111 
1
 -9999.0   ,   9990.0 
 5 
-20            75.971 
-19.98263      75.97449 
-19.98344      75.9778 
-19.99721      75.98065 
-20            75.98573 
 1             112 
1
 -9999.0   ,   9990.0 
 146 
-18.90996      76.679 
-18.87231      76.66351 
-18.84598      76.65573 
-18.78705      76.64421 
-18.76872      76.63753 
-18.76823      76.62649 
-18.76819      76.62555 
-18.73588      76.61106 
-18.73473      76.6016 
-18.75345      76.5858 
-18.72465      76.57477 
-18.72241      76.57018 
-18.74687      76.55751 
-18.73952      76.54725 
-18.74744      76.53972 
-18.763        76.53546 
-18.77494      76.52886 
-18.76725      76.51413 
-18.77424      76.50937 
-18.78403      76.50288 
-18.78227      76.49881 
-18.76649      76.4918 
-18.76901      76.48843 
-18.79174      76.48012 
-18.76027      76.45745 
-18.73209      76.4298 
-18.72456      76.41787 
-18.72018      76.3991 
-18.71239      76.37214 
-18.68915      76.34748 
-18.6488       76.3044 
-18.60894      76.28846 
-18.59531      76.2778 
-18.57365      76.22654 
-18.55277      76.19551 
-18.57023      76.17963 
-18.56386      76.1659 
-18.54434      76.14878 
-18.52276      76.12611 
-18.50936      76.11922 
-18.48126      76.11613 
-18.4778       76.111 
-18.48377      76.10712 
-18.49202      76.09822 
-18.45706      76.07923 
-18.45658      76.05994 
-18.476        76.02331 
-18.47687      76.00364 
-18.46261      75.98443 
-18.46063      75.98176 
-18.46633      75.97999 
-18.46107      75.96723 
-18.46059      75.94325 
-18.47151      75.94204 
-18.4779       75.9537 
-18.48815      75.95409 
-18.48517      75.94756 
-18.49243      75.94143 
-18.50902      75.93846 
-18.51803      75.96646 
-18.51234      75.97006 
-18.52742      75.97525 
-18.53657      75.97956 
-18.56494      75.9916 
-18.57321      75.99771 
-18.59399      76.01915 
-18.58766      76.02721 
-18.58956      76.03389 
-18.61482      76.04056 
-18.65631      76.059 
-18.66715      76.07793 
-18.69253      76.09797 
-18.71524      76.13121 
-18.75363      76.1588 
-18.77317      76.16463 
-18.78091      76.16953 
-18.78137      76.18926 
-18.79083      76.19812 
-18.83268      76.23725 
-18.84765      76.25734 
-18.83496      76.28614 
-18.83294      76.28908 
-18.89871      76.31185 
-18.91597      76.31823 
-18.95292      76.33252 
-18.9734       76.34845 
-18.99118      76.3661 
-19.03466      76.39667 
-19.04774      76.4047 
-19.08809      76.42941 
-19.15542      76.46151 
-19.17009      76.47566 
-19.17564      76.49588 
-19.16184      76.52393 
-19.16152      76.52458 
-19.12206      76.55635 
-19.1109       76.56134 
-19.08546      76.56649 
-19.07143      76.56641 
-19.0271       76.55856 
-19.01692      76.55963 
-18.94443      76.55955 
-18.90991      76.55784 
-18.87069      76.55 
-18.85812      76.55046 
-18.85563      76.55477 
-18.83776      76.56126 
-18.81075      76.56473 
-18.80862      76.565 
-18.80939      76.56716 
-18.85224      76.56865 
-18.86422      76.57166 
-18.8637       76.57796 
-18.84731      76.58688 
-18.84811      76.58998 
-18.85838      76.59079 
-18.87521      76.58823 
-18.97476      76.58186 
-18.98687      76.57505 
-18.99683      76.57421 
-19.02412      76.57806 
-19.0458       76.57856 
-19.0651       76.58432 
-19.06594      76.59233 
-19.04121      76.60454 
-19.04042      76.60826 
-19.0529       76.60988 
-19.07809      76.61291 
-19.10028      76.61789 
-19.11213      76.62604 
-19.1167       76.64128 
-19.14685      76.66025 
-19.15711      76.6779 
-19.15399      76.68848 
-19.15344      76.69036 
-19.1322       76.70697 
-19.13904      76.70922 
-19.17398      76.71088 
-19.17844      76.71348 
-19.17331      76.71648 
-19.15239      76.72095 
-19.07751      76.72435 
-19.00883      76.72173 
-18.99383      76.71949 
-18.92126      76.68666 
-18.90996      76.679 
 1             113 
1
 -9999.0   ,   9990.0 
 6 
-20            75.2619 
-19.98228      75.2681 
-19.97119      75.27656 
-19.97876      75.2847 
-19.99159      75.29103 
-20            75.29222 
 1             114 
1
 -9999.0   ,   9990.0 
 98 
-20            75.93601 
-19.98624      75.93805 
-19.97921      75.94046 
-19.94974      75.9349 
-19.92652      75.9236 
-19.80109      75.89945 
-19.76737      75.89035 
-19.75509      75.885 
-19.74007      75.86921 
-19.68089      75.83625 
-19.66602      75.82865 
-19.62491      75.81441 
-19.55742      75.76643 
-19.53304      75.75593 
-19.47397      75.73994 
-19.43181      75.73752 
-19.41813      75.73673 
-19.40765      75.73777 
-19.39423      75.7349 
-19.36861      75.73389 
-19.36195      75.72788 
-19.35977      75.71817 
-19.37221      75.71305 
-19.39106      75.71016 
-19.41439      75.71758 
-19.4381       75.72058 
-19.43799      75.72875 
-19.44365      75.73282 
-19.45431      75.73461 
-19.4677       75.73046 
-19.5132       75.73656 
-19.54522      75.73581 
-19.57493      75.73144 
-19.58488      75.72685 
-19.57944      75.71744 
-19.56403      75.70346 
-19.56852      75.70068 
-19.59892      75.68629 
-19.60325      75.68162 
-19.59167      75.67068 
-19.57632      75.66279 
-19.54886      75.65375 
-19.51208      75.63551 
-19.50226      75.61367 
-19.52432      75.60512 
-19.44786      75.58224 
-19.42959      75.57463 
-19.40914      75.56035 
-19.38724      75.53661 
-19.376        75.48955 
-19.37163      75.47114 
-19.35109      75.45216 
-19.35762      75.43313 
-19.34806      75.4204 
-19.35809      75.4086 
-19.35121      75.38198 
-19.3646       75.37553 
-19.36872      75.3665 
-19.37         75.36368 
-19.36094      75.34443 
-19.36492      75.33812 
-19.399        75.32821 
-19.40165      75.32533 
-19.382        75.31457 
-19.38337      75.31208 
-19.40588      75.30967 
-19.41162      75.30743 
-19.37993      75.29878 
-19.39111      75.29663 
-19.42327      75.29573 
-19.44004      75.29251 
-19.44787      75.28596 
-19.44258      75.28168 
-19.39462      75.27977 
-19.3892       75.27665 
-19.38966      75.27531 
-19.39361      75.2638 
-19.46069      75.20535 
-19.45715      75.2042 
-19.47106      75.20199 
-19.50314      75.20296 
-19.51217      75.19905 
-19.56575      75.15173 
-19.58145      75.14541 
-19.604        75.1416 
-19.62662      75.13873 
-19.65598      75.13951 
-19.67489      75.14695 
-19.68202      75.14712 
-19.70081      75.14238 
-19.74806      75.1456 
-19.78751      75.14323 
-19.84258      75.14689 
-19.86139      75.14518 
-19.90176      75.14587 
-19.93008      75.1489 
-19.98202      75.16144 
-20            75.16772 
 1             115 
1
 -9999.0   ,   9990.0 
 26 
-18.263        75 
-18.25474      75.00666 
-18.23513      75.00443 
-18.20883      75.00716 
-18.18508      75.01006 
-18.16523      75.00898 
-18.14805      75.01443 
-18.12447      75.01805 
-18.10243      75.01916 
-18.06984      75.02358 
-18.05148      75.02283 
-18.0296       75.02561 
-17.98393      75.02303 
-17.95486      75.02296 
-17.9195       75.02553 
-17.90278      75.02676 
-17.82132      75.02173 
-17.81695      75.01884 
-17.78673      75.0109 
-17.78393      75.00648 
-17.79454      75.0032 
-17.795        75.0009 
-17.76479      75.00471 
-17.71484      75.0046 
-17.68308      75.0036 
-17.6463       75 
 1             116 
1
 -9999.0   ,   9990.0 
 188 
-17.40747      75 
-17.39078      75.00698 
-17.36358      75.02608 
-17.36737      75.03908 
-17.35201      75.05027 
-17.36925      75.05478 
-17.36079      75.05938 
-17.36376      75.06879 
-17.35784      75.07356 
-17.37387      75.07751 
-17.3785       75.08184 
-17.36434      75.10586 
-17.35156      75.11017 
-17.35003      75.11487 
-17.32106      75.12432 
-17.33141      75.14156 
-17.34812      75.14579 
-17.40076      75.15438 
-17.42503      75.15583 
-17.43529      75.15394 
-17.44778      75.14112 
-17.45753      75.13708 
-17.4688       75.13596 
-17.54252      75.13843 
-17.56811      75.14301 
-17.57932      75.14283 
-17.60537      75.13542 
-17.60307      75.13237 
-17.57716      75.09791 
-17.57891      75.09355 
-17.59372      75.08985 
-17.63792      75.09051 
-17.64821      75.08674 
-17.64953      75.08188 
-17.66809      75.07985 
-17.67311      75.07408 
-17.71578      75.06543 
-17.75628      75.07501 
-17.79474      75.07855 
-17.81352      75.0871 
-17.816        75.08823 
-17.8344       75.08995 
-17.84713      75.08821 
-17.88328      75.0977 
-17.89507      75.10413 
-17.87628      75.11817 
-17.87633      75.12265 
-17.90885      75.12765 
-17.92584      75.12808 
-17.98066      75.13738 
-17.98343      75.13827 
-17.96395      75.14121 
-17.99341      75.14293 
-18.01481      75.14811 
-18.03378      75.15573 
-18.04863      75.16845 
-18.05847      75.17686 
-18.04508      75.20115 
-18.02872      75.20642 
-18.04881      75.21575 
-18.0453       75.22563 
-18.0498       75.22757 
-18.0583       75.22554 
-18.0561       75.21858 
-18.06417      75.21605 
-18.08603      75.21631 
-18.15667      75.21294 
-18.15772      75.21465 
-18.16617      75.2145 
-18.1778       75.21761 
-18.18486      75.22253 
-18.20919      75.21754 
-18.21044      75.23477 
-18.19581      75.24111 
-18.16308      75.24063 
-18.14134      75.24298 
-18.10945      75.24347 
-18.09526      75.24748 
-18.10715      75.24945 
-18.13996      75.24711 
-18.15357      75.25011 
-18.1655       75.25018 
-18.16827      75.25295 
-18.16019      75.25548 
-18.1437       75.25535 
-18.14296      75.25978 
-18.13314      75.26218 
-18.11377      75.26398 
-18.10283      75.2675 
-18.08979      75.26758 
-18.0632       75.26278 
-18.04895      75.25127 
-18.04494      75.252 
-17.93913      75.27109 
-17.89121      75.27451 
-17.87377      75.2816 
-17.85004      75.28215 
-17.8328       75.2944 
-17.81165      75.30054 
-17.81559      75.31021 
-17.8078       75.31417 
-17.81221      75.318 
-17.82469      75.32212 
-17.85093      75.32551 
-17.85929      75.32912 
-17.85858      75.33615 
-17.85587      75.33805 
-17.84848      75.34323 
-17.86         75.35012 
-17.85459      75.35447 
-17.85883      75.35758 
-17.88231      75.36101 
-17.95854      75.38931 
-17.96775      75.39579 
-17.99995      75.40355 
-18.02184      75.41226 
-18.03016      75.42056 
-18.04261      75.42302 
-18.06257      75.42361 
-18.08565      75.42205 
-18.10417      75.41855 
-18.09881      75.41323 
-18.12492      75.40272 
-18.1274       75.37913 
-18.14306      75.37286 
-18.12445      75.35356 
-18.12102      75.3404 
-18.13784      75.32926 
-18.18841      75.31866 
-18.20224      75.31227 
-18.22846      75.30739 
-18.24682      75.30763 
-18.26505      75.30786 
-18.33195      75.30394 
-18.34827      75.30428 
-18.35936      75.30711 
-18.37235      75.32391 
-18.40112      75.32762 
-18.41964      75.33608 
-18.44103      75.33978 
-18.44605      75.3441 
-18.436        75.34863 
-18.44015      75.35288 
-18.48388      75.36598 
-18.52697      75.37033 
-18.54489      75.36818 
-18.56073      75.36425 
-18.57435      75.36087 
-18.60187      75.35838 
-18.63442      75.35736 
-18.71224      75.35846 
-18.73191      75.34678 
-18.75193      75.34333 
-18.75443      75.33786 
-18.76679      75.3337 
-18.81274      75.33021 
-18.92449      75.33241 
-18.93164      75.33073 
-18.909        75.31959 
-18.90772      75.31896 
-18.89335      75.31948 
-18.88249      75.31343 
-18.86513      75.3161 
-18.85966      75.31506 
-18.86098      75.30788 
-18.85392      75.30463 
-18.86295      75.27683 
-18.84585      75.25515 
-18.83372      75.24759 
-18.84226      75.2425 
-18.84592      75.24066 
-18.85467      75.23624 
-18.8326       75.19572 
-18.85723      75.18718 
-18.89188      75.18253 
-18.88965      75.18006 
-18.87476      75.18029 
-18.84661      75.1694 
-18.8671       75.13036 
-18.8988       75.10353 
-18.91637      75.08094 
-18.91188      75.06051 
-18.91574      75.0467 
-18.89495      75.04563 
-18.9172       75.03155 
-18.90778      75.02416 
-18.90338      75.00561 
-18.88729      75 
