 105 
 1 
 1             1             
1
 -9999.0   ,   9990.0
   7
 9 
145.0092     -34.91858
145.0089     -34.92684
145.0057     -34.92994
145          -34.92747
145          -34.9167
145.0013     -34.91514
145.0071     -34.91486
145.0093     -34.91628
145.0092     -34.91858
 1 
 1             2             
1
 -9999.0   ,   9990.0
   7
 69 
145.1381     -34.03239
145.1321     -34.03545
145.1431     -34.05211
145.1472     -34.05745
145.1529     -34.06036
145.1705     -34.06061
145.1723     -34.0632
145.1856     -34.06197
145.1916     -34.06397
145.1972     -34.06939
145.2048     -34.07145
145.2077     -34.07498
145.2061     -34.08019
145.1977     -34.07653
145.1887     -34.06917
145.1829     -34.06695
145.175      -34.06581
145.1686     -34.06745
145.1632     -34.06456
145.1516     -34.06606
145.1478     -34.06411
145.1387     -34.05186
145.1245     -34.03317
145.1201     -34.03281
145.1098     -34.03642
145.1035     -34.04792
145.0983     -34.04892
145.0977     -34.04867
145.0936     -34.04686
145.0915     -34.03336
145.0884     -34.02706
145.0813     -34.02067
145.0736     -34.01931
145.0693     -34.0152
145.0491     -34.01353
145.0418     -34.01584
145.0359     -34.01981
145.0282     -34.0322
145.0234     -34.03411
145.0166     -34.03322
145.0081     -34.02867
145          -34.02445
145          -34.02125
145.0014     -34.02208
145.0047     -34.02406
145.0145     -34.02903
145.0239     -34.02886
145.0324     -34.01581
145.0364     -34.01294
145.0434     -34.01239
145.0492     -34.01008
145.0706     -34.01303
145.0858     -34.01714
145.0893     -34.01975
145.0969     -34.03397
145.096      -34.044
145.0982     -34.04431
145.1006     -34.04464
145.109      -34.02995
145.117      -34.02881
145.134      -34.03
145.1389     -34.02622
145.1395     -34.01684
145.1438     -34.0117
145.1489     -34.00908
145.152      -34.00917
145.1561     -34.01411
145.1565     -34.01778
145.1381     -34.03239
 1 
 1             3             
1
 -9999.0   ,   9990.0
   7
 147 
148.7883     -34.88142
148.7838     -34.88534
148.7772     -34.8872
148.7713     -34.89086
148.7722     -34.89592
148.7639     -34.90442
148.7586     -34.90445
148.75       -34.90903
148.7439     -34.91939
148.7453     -34.92603
148.7387     -34.92925
148.7434     -34.93314
148.7427     -34.94278
148.7476     -34.94231
148.7563     -34.93792
148.7587     -34.9347
148.7674     -34.93239
148.7707     -34.93375
148.769      -34.94711
148.7683     -34.95233
148.7725     -34.95325
148.7777     -34.94981
148.7799     -34.94222
148.7777     -34.93581
148.7785     -34.93258
148.7815     -34.92983
148.786      -34.93258
148.7893     -34.9165
148.7945     -34.91284
148.7985     -34.91328
148.8069     -34.92861
148.8099     -34.93067
148.818      -34.93089
148.823      -34.92719
148.8236     -34.93661
148.8214     -34.94142
148.8142     -34.94673
148.8115     -34.95189
148.8087     -34.95728
148.8131     -34.96095
148.8259     -34.96184
148.8321     -34.95953
148.8315     -34.96433
148.8279     -34.96686
148.8255     -34.97742
148.8235     -34.97789
148.8224     -34.98042
148.8291     -34.99186
148.8267     -34.99944
148.8273     -35
148.818      -35
148.8172     -34.99489
148.8133     -34.98572
148.8129     -34.97906
148.8196     -34.97056
148.8188     -34.9685
148.8101     -34.97128
148.8003     -34.96075
148.7997     -34.95386
148.8133     -34.93617
148.8063     -34.93481
148.7991     -34.92886
148.7966     -34.92933
148.7968     -34.93078
148.7971     -34.93392
148.7952     -34.93967
148.7852     -34.94153
148.7897     -34.95367
148.7889     -34.95917
148.7808     -34.96242
148.7669     -34.96245
148.7748     -34.96953
148.7714     -34.97114
148.7616     -34.96428
148.7583     -34.97025
148.755      -34.96728
148.7549     -34.95239
148.753      -34.95009
148.743      -34.95059
148.7382     -34.9492
148.7346     -34.94508
148.7349     -34.94281
148.7351     -34.94072
148.7281     -34.93775
148.7201     -34.93686
148.7173     -34.9387
148.7212     -34.94053
148.7263     -34.95956
148.7258     -34.9685
148.7216     -34.96667
148.7129     -34.96622
148.6962     -34.97453
148.691      -34.98347
148.7005     -34.98897
148.6958     -34.99311
148.6907     -34.99058
148.6851     -34.98992
148.6852     -35
148.6817     -35
148.6791     -34.99681
148.6718     -34.99772
148.6615     -34.99317
148.6568     -34.99408
148.6526     -34.99753
148.6522     -35
148.5963     -35
148.5963     -34.99622
148.6053     -34.99942
148.6114     -34.99414
148.6245     -34.98725
148.6253     -34.98583
148.6308     -34.9767
148.6339     -34.97622
148.6448     -34.99181
148.6476     -34.99342
148.6545     -34.9872
148.6718     -34.99131
148.6743     -34.98603
148.679      -34.98258
148.6826     -34.97364
148.6887     -34.96559
148.6998     -34.96442
148.7048     -34.96053
148.7107     -34.96006
148.7137     -34.95797
148.7085     -34.955
148.7062     -34.9502
148.7067     -34.94414
148.7073     -34.93825
148.7122     -34.93
148.7275     -34.92906
148.7289     -34.92536
148.7328     -34.92445
148.7353     -34.92053
148.7311     -34.91253
148.7397     -34.90128
148.7416     -34.90033
148.7483     -34.904
148.7488     -34.8955
148.7519     -34.89506
148.7561     -34.89847
148.7633     -34.89617
148.7641     -34.88447
148.7674     -34.88239
148.7755     -34.88328
148.7813     -34.87961
148.7883     -34.88142
 1 
 1             4             
1
 -9999.0   ,   9990.0
   7
 6 
149.4007     -34.99567
149.4083     -34.99539
149.4111     -34.99789
149.4115     -35
149.3956     -35
149.4007     -34.99567
 1 
 1             5             
1
 -9999.0   ,   9990.0
   7
 5 
146.6438     -30.00528
146.6356     -30.01153
146.6316     -30.011
146.6311     -30.00528
146.6438     -30.00528
 1 
 1             6             
1
 -9999.0   ,   9990.0
   7
 11 
145.09       -30.02528
145.0913     -30.02942
145.0872     -30.03367
145.0812     -30.03403
145.0802     -30.02925
145.0732     -30.02506
145.0759     -30.01992
145.0773     -30.01936
145.0809     -30.01797
145.0883     -30.01986
145.09       -30.02528
 1 
 1             7             
1
 -9999.0   ,   9990.0
   7
 7 
146.6237     -30.06092
146.6232     -30.05633
146.6279     -30.05042
146.6357     -30.0467
146.6418     -30.04831
146.6359     -30.05036
146.6237     -30.06092
 1 
 1             8             
1
 -9999.0   ,   9990.0
   7
 18 
145.0169     -30.09486
145.0103     -30.09433
145.0055     -30.08547
145.0058     -30.08267
145.0079     -30.06178
145.0137     -30.05358
145.0154     -30.05744
145.0146     -30.08158
145.0176     -30.08634
145.0261     -30.08706
145.0298     -30.08511
145.0342     -30.07584
145.0381     -30.07481
145.0414     -30.086
145.0412     -30.08875
145.0379     -30.09158
145.0307     -30.09131
145.0169     -30.09486
 1 
 1             9             
1
 -9999.0   ,   9990.0
   7
 11 
146.6285     -30.08878
146.626      -30.09161
146.6149     -30.08786
146.6089     -30.08325
146.6079     -30.07939
146.6096     -30.07564
146.6132     -30.07461
146.6202     -30.07597
146.6269     -30.07986
146.6286     -30.08186
146.6285     -30.08878
 1 
 1             10            
1
 -9999.0   ,   9990.0
   7
 6 
147.9275     -30.08722
147.925      -30.08481
147.9272     -30.08217
147.9346     -30.08117
147.9398     -30.08461
147.9275     -30.08722
 1 
 1             11            
1
 -9999.0   ,   9990.0
   7
 8 
146.6417     -30.1007
146.6368     -30.09261
146.6303     -30.09375
146.6355     -30.08692
146.6376     -30.08614
146.641      -30.08717
146.6444     -30.096
146.6417     -30.1007
 1 
 1             12            
1
 -9999.0   ,   9990.0
   7
 8 
145.2983     -30.10136
145.2948     -30.09939
145.2826     -30.09764
145.2815     -30.09583
145.2851     -30.09414
145.2944     -30.09414
145.3012     -30.0997
145.2983     -30.10136
 1 
 1             13            
1
 -9999.0   ,   9990.0
   7
 7 
145.0573     -30.10536
145.0557     -30.10286
145.0613     -30.09561
145.0647     -30.09553
145.0669     -30.09756
145.0629     -30.10475
145.0573     -30.10536
 1 
 1             14            
1
 -9999.0   ,   9990.0
   7
 6 
145.3556     -30.10739
145.357      -30.11864
145.3547     -30.12159
145.3525     -30.11986
145.3518     -30.11047
145.3556     -30.10739
 1 
 1             15            
1
 -9999.0   ,   9990.0
   7
 9 
147.4027     -30.12581
147.4003     -30.12567
147.3905     -30.11942
147.3797     -30.11595
147.3757     -30.11084
147.3772     -30.10939
147.39       -30.11531
147.3998     -30.1165
147.4027     -30.12581
 1 
 1             16            
1
 -9999.0   ,   9990.0
   7
 9 
145.0518     -30.13097
145.0489     -30.12967
145.0524     -30.125
145.0563     -30.12261
145.0645     -30.12264
145.0659     -30.12558
145.0642     -30.12884
145.056      -30.12836
145.0518     -30.13097
 1 
 1             17            
1
 -9999.0   ,   9990.0
   7
 8 
147.6481     -30.16817
147.6254     -30.16131
147.6246     -30.15953
147.6314     -30.15831
147.6397     -30.16003
147.6465     -30.16342
147.6487     -30.16606
147.6481     -30.16817
 1 
 1             18            
1
 -9999.0   ,   9990.0
   7
 8 
147.5205     -30.18597
147.5178     -30.18378
147.519      -30.18097
147.5236     -30.17825
147.5304     -30.1775
147.5332     -30.18061
147.5315     -30.18322
147.5205     -30.18597
 1 
 1             19            
1
 -9999.0   ,   9990.0
   7
 17 
145.2308     -30.28775
145.2288     -30.28753
145.226      -30.28717
145.2151     -30.27781
145.206      -30.26747
145.2004     -30.25661
145.1999     -30.24995
145.2043     -30.2402
145.2113     -30.23634
145.2137     -30.2372
145.2151     -30.24061
145.2154     -30.24886
145.2197     -30.25842
145.2351     -30.27342
145.2371     -30.27933
145.2352     -30.28464
145.2308     -30.28775
 1 
 1             20            
1
 -9999.0   ,   9990.0
   7
 9 
149.5197     -30.37603
149.5169     -30.37314
149.5172     -30.36986
149.5209     -30.36647
149.5246     -30.36728
149.5264     -30.37106
149.5257     -30.37503
149.5227     -30.37706
149.5197     -30.37603
 1 
 1             21            
1
 -9999.0   ,   9990.0
   7
 7 
148.8994     -30.54258
148.894      -30.54606
148.8899     -30.54247
148.8909     -30.54181
148.8892     -30.53961
148.8939     -30.53564
148.8994     -30.54258
 1 
 1             22            
1
 -9999.0   ,   9990.0
   7
 7 
145.581      -31.33772
145.5773     -31.33689
145.5771     -31.33208
145.5803     -31.32695
145.5851     -31.32614
145.5846     -31.33325
145.581      -31.33772
 1 
 1             23            
1
 -9999.0   ,   9990.0
   7
 8 
148.2194     -31.50017
148.2198     -31.50508
148.2139     -31.50867
148.2105     -31.50747
148.208      -31.50392
148.2097     -31.49925
148.2153     -31.49711
148.2194     -31.50017
 1 
 1             24            
1
 -9999.0   ,   9990.0
   7
 7 
148.3776     -31.52434
148.3837     -31.52525
148.3864     -31.53061
148.3823     -31.53231
148.3778     -31.5317
148.3761     -31.52772
148.3776     -31.52434
 1 
 1             25            
1
 -9999.0   ,   9990.0
   7
 12 
147.9745     -31.63092
147.9744     -31.63083
147.9737     -31.62445
147.984      -31.62061
147.9799     -31.62509
147.9812     -31.628
147.9868     -31.62431
147.9901     -31.62531
147.9856     -31.63075
147.9831     -31.63367
147.9795     -31.6352
147.9745     -31.63092
 1 
 1             26            
1
 -9999.0   ,   9990.0
   7
 12 
148.1561     -31.897
148.1587     -31.89831
148.1597     -31.90497
148.1613     -31.90581
148.1735     -31.89842
148.1741     -31.90733
148.1652     -31.91167
148.1597     -31.91208
148.1536     -31.90945
148.1502     -31.90522
148.1518     -31.9
148.1561     -31.897
 1 
 1             27            
1
 -9999.0   ,   9990.0
   7
 9 
148.7606     -31.9235
148.7646     -31.92408
148.7682     -31.92781
148.7685     -31.93453
148.7634     -31.94017
148.7551     -31.94167
148.7515     -31.93664
148.753      -31.92778
148.7606     -31.9235
 1 
 1             28            
1
 -9999.0   ,   9990.0
   7
 6 
147.6526     -32.00408
147.6493     -32.00269
147.6479     -32
147.6613     -32
147.6596     -32.003
147.6526     -32.00408
 1 
 1             29            
1
 -9999.0   ,   9990.0
   7
 15 
145.6683     -32.07308
145.6664     -32.072
145.6464     -32.06086
145.635      -32.04984
145.638      -32.0467
145.6476     -32.04967
145.6606     -32.06259
145.6652     -32.06389
145.6758     -32.06686
145.687      -32.07653
145.704      -32.08336
145.7004     -32.08534
145.6926     -32.08606
145.6828     -32.08261
145.6683     -32.07308
 1 
 1             30            
1
 -9999.0   ,   9990.0
   7
 9 
145.8472     -32.10392
145.8503     -32.10811
145.8497     -32.11109
145.8443     -32.11025
145.8361     -32.1055
145.8274     -32.09889
145.8278     -32.09683
145.8396     -32.0987
145.8472     -32.10392
 1 
 1             31            
1
 -9999.0   ,   9990.0
   7
 13 
146.1309     -32.26036
146.1373     -32.26256
146.1404     -32.26606
146.1372     -32.26758
146.1248     -32.26506
146.1042     -32.25889
146.0995     -32.25375
146.0943     -32.24081
146.0954     -32.239
146.097      -32.23836
146.0996     -32.24047
146.11       -32.25511
146.1309     -32.26036
 1 
 1             32            
1
 -9999.0   ,   9990.0
   7
 6 
146.2142     -32.28656
146.2208     -32.28119
146.2261     -32.28381
146.2202     -32.29331
146.2139     -32.28861
146.2142     -32.28656
 1 
 1             33            
1
 -9999.0   ,   9990.0
   7
 9 
145.0526     -32.29828
145.0494     -32.29659
145.0468     -32.28917
145.0464     -32.28436
145.0495     -32.2817
145.0533     -32.28158
145.0551     -32.28348
145.0558     -32.29334
145.0526     -32.29828
 1 
 1             34            
1
 -9999.0   ,   9990.0
   7
 309 
149.2915     -32.60084
149.2905     -32.60795
149.303      -32.61106
149.3079     -32.61514
149.294      -32.62533
149.291      -32.62558
149.2859     -32.63295
149.2746     -32.63347
149.264      -32.63125
149.2575     -32.6265
149.2555     -32.6265
149.2545     -32.62925
149.2598     -32.64459
149.2549     -32.64483
149.25       -32.64028
149.2433     -32.64331
149.2367     -32.63717
149.234      -32.64006
149.2303     -32.64409
149.2293     -32.65417
149.2203     -32.64645
149.2141     -32.64853
149.2087     -32.64811
149.2024     -32.64267
149.201      -32.63603
149.202      -32.63236
149.1971     -32.62528
149.1973     -32.62231
149.1995     -32.62092
149.1991     -32.61222
149.197      -32.61267
149.194      -32.61683
149.1878     -32.61755
149.1835     -32.62078
149.1811     -32.61964
149.1792     -32.61622
149.1694     -32.61675
149.1695     -32.6227
149.1749     -32.62494
149.1709     -32.63072
149.1644     -32.63098
149.1481     -32.64939
149.1508     -32.65192
149.1536     -32.65992
149.1509     -32.6645
149.1536     -32.66678
149.1577     -32.6647
149.158      -32.67042
149.161      -32.67248
149.1551     -32.6787
149.1597     -32.68025
149.1662     -32.68
149.1684     -32.68503
149.1744     -32.68614
149.1763     -32.68978
149.1763     -32.69528
149.1824     -32.7012
149.1819     -32.70556
149.1851     -32.70853
149.1865     -32.70667
149.1889     -32.70667
149.191      -32.71272
149.1931     -32.719
149.2002     -32.72333
149.2018     -32.72606
149.2135     -32.73173
149.2224     -32.73211
149.2298     -32.73664
149.2374     -32.73614
149.241      -32.73725
149.2434     -32.74161
149.2424     -32.74436
149.2402     -32.74372
149.2331     -32.74167
149.2272     -32.74445
149.221      -32.74336
149.2142     -32.74453
149.2063     -32.73864
149.202      -32.73889
149.1976     -32.73456
149.1943     -32.73436
149.1861     -32.72775
149.1837     -32.72778
149.1843     -32.73739
149.1811     -32.74039
149.1765     -32.73928
149.1704     -32.75742
149.1704     -32.76406
149.1749     -32.77228
149.179      -32.77614
149.1831     -32.77636
149.186      -32.77175
149.1898     -32.77106
149.1905     -32.77109
149.199      -32.77167
149.2077     -32.77825
149.2261     -32.77631
149.2297     -32.78111
149.2279     -32.78983
149.2417     -32.7902
149.2491     -32.79517
149.2516     -32.79906
149.2421     -32.80028
149.2405     -32.80625
149.2428     -32.81539
149.2496     -32.82175
149.2465     -32.83256
149.2541     -32.83845
149.2536     -32.84097
149.243      -32.83922
149.2413     -32.83189
149.2321     -32.83242
149.2215     -32.82997
149.2191     -32.83294
149.2279     -32.84598
149.2374     -32.85278
149.2383     -32.85619
149.2349     -32.86334
149.2308     -32.86589
149.2259     -32.86636
149.2227     -32.87075
149.2228     -32.87533
149.2293     -32.88125
149.2346     -32.89267
149.2303     -32.89728
149.2311     -32.90481
149.2318     -32.91147
149.2291     -32.91675
149.2319     -32.92108
149.2365     -32.92428
149.24       -32.9167
149.2419     -32.91622
149.2493     -32.92167
149.2474     -32.92534
149.2441     -32.92584
149.2409     -32.92425
149.2374     -32.92678
149.2327     -32.92453
149.2295     -32.92775
149.2268     -32.92595
149.2237     -32.91886
149.2285     -32.90759
149.2254     -32.898
149.23       -32.88947
149.2141     -32.87789
149.2205     -32.86617
149.2275     -32.86339
149.2321     -32.85878
149.2321     -32.85556
149.217      -32.84214
149.2078     -32.84036
149.2072     -32.83831
149.2105     -32.83714
149.2134     -32.83047
149.2171     -32.8277
149.2193     -32.82103
149.2241     -32.82147
149.2266     -32.82533
149.2372     -32.82528
149.2418     -32.82364
149.2308     -32.81067
149.2318     -32.80858
149.2364     -32.79894
149.2282     -32.79692
149.2207     -32.7995
149.2125     -32.79472
149.2159     -32.78784
149.2075     -32.78767
149.2017     -32.79342
149.1931     -32.78064
149.1904     -32.77928
149.1871     -32.78092
149.1902     -32.788
149.1875     -32.79328
149.1842     -32.78758
149.1777     -32.78556
149.1703     -32.77986
149.1557     -32.77881
149.1516     -32.78089
149.1481     -32.77703
149.1565     -32.77195
149.1602     -32.77167
149.1629     -32.76686
149.1662     -32.74209
149.1648     -32.73911
149.1688     -32.72717
149.1712     -32.72419
149.1687     -32.72144
149.1625     -32.72356
149.1587     -32.72267
149.1579     -32.7197
149.1605     -32.71486
149.1597     -32.71233
149.1562     -32.71281
149.1483     -32.70714
149.1448     -32.70739
149.1449     -32.71608
149.1392     -32.71567
149.1351     -32.71958
149.1342     -32.7222
149.1328     -32.726
149.1286     -32.71895
149.1227     -32.72264
149.1186     -32.72083
149.1181     -32.71878
149.1266     -32.70817
149.1261     -32.70611
149.1217     -32.705
149.1163     -32.70709
149.1122     -32.70436
149.1132     -32.69039
149.0973     -32.69047
149.0935     -32.69483
149.0997     -32.69711
149.0998     -32.69895
149.0935     -32.70125
149.0892     -32.70036
149.0905     -32.6905
149.088      -32.68686
149.0888     -32.68273
149.0861     -32.67883
149.0866     -32.67822
149.0877     -32.677
149.1007     -32.67967
149.1028     -32.67486
149.1104     -32.67161
149.1139     -32.67297
149.1186     -32.65989
149.1132     -32.65325
149.1213     -32.65322
149.1261     -32.64311
149.1293     -32.64081
149.1321     -32.64422
149.1399     -32.64281
149.1412     -32.63914
149.1477     -32.63611
149.1498     -32.63289
149.1468     -32.63222
149.1415     -32.63431
149.1401     -32.6325
149.1424     -32.62653
149.1356     -32.62245
149.1378     -32.61625
149.1396     -32.61531
149.1416     -32.62081
149.1451     -32.62056
149.15       -32.62258
149.1508     -32.61595
149.155      -32.60811
149.1585     -32.60514
149.1726     -32.60503
149.1741     -32.60228
149.1749     -32.602
149.1793     -32.60019
149.1799     -32.6075
149.1818     -32.6075
149.1831     -32.60178
149.1866     -32.59992
149.1982     -32.59939
149.2058     -32.60322
149.2075     -32.60758
149.207      -32.61514
149.2127     -32.61578
149.2141     -32.61806
149.2109     -32.62336
149.2134     -32.63664
149.2216     -32.63911
149.225      -32.63428
149.2291     -32.63378
149.2334     -32.62872
149.2472     -32.6307
149.2463     -32.62428
149.2519     -32.62034
149.2501     -32.61806
149.2419     -32.61675
149.2357     -32.62
149.2336     -32.61886
149.2302     -32.61064
149.2296     -32.60331
149.2318     -32.6003
149.2388     -32.59981
149.2469     -32.6032
149.2507     -32.60317
149.252      -32.60017
149.2471     -32.59381
149.2502     -32.58186
149.2564     -32.57953
149.2678     -32.58106
149.2665     -32.58267
149.2583     -32.58461
149.2576     -32.58481
149.2563     -32.58847
149.2577     -32.5967
149.2516     -32.60936
149.2421     -32.60461
149.2386     -32.60508
149.2365     -32.609
149.237      -32.61242
149.2438     -32.61055
149.2535     -32.61117
149.2595     -32.61434
149.2642     -32.62164
149.2699     -32.62642
149.2777     -32.6275
149.2884     -32.6185
149.2884     -32.61436
149.2829     -32.6057
149.2858     -32.60064
149.2915     -32.60084
 1 
 1             35            
1
 -9999.0   ,   9990.0
   7
 94 
149.8947     -32.80097
149.9008     -32.80822
149.8978     -32.80989
149.8873     -32.80839
149.8872     -32.82139
149.8801     -32.81581
149.8766     -32.82
149.8695     -32.81825
149.868      -32.82445
149.8656     -32.82631
149.861      -32.82522
149.8549     -32.82139
149.8487     -32.82433
149.848      -32.8247
149.8436     -32.82406
149.8386     -32.82089
149.8273     -32.82081
149.8237     -32.81695
149.8139     -32.81753
149.812      -32.81617
149.8117     -32.81595
149.8211     -32.81148
149.8227     -32.80689
149.8259     -32.80409
149.8248     -32.80111
149.8212     -32.80095
149.8075     -32.7892
149.7986     -32.79159
149.7939     -32.78889
149.7963     -32.78472
149.7957     -32.78245
149.7908     -32.78158
149.7886     -32.77978
149.7874     -32.77678
149.7855     -32.77203
149.7833     -32.77228
149.781      -32.78031
149.7789     -32.78011
149.7745     -32.77559
149.7671     -32.77503
149.7609     -32.77458
149.7592     -32.77025
149.7652     -32.77017
149.7681     -32.77014
149.7745     -32.76275
149.7736     -32.76
149.7674     -32.75733
149.7793     -32.75489
149.7795     -32.75122
149.7772     -32.74645
149.7729     -32.74672
149.7705     -32.75247
149.7676     -32.7525
149.7648     -32.74545
149.7676     -32.74036
149.7643     -32.73514
149.767      -32.73236
149.7705     -32.73139
149.7754     -32.73272
149.7776     -32.73911
149.7864     -32.74222
149.7876     -32.74909
149.7922     -32.74925
149.7938     -32.75106
149.792      -32.75614
149.7972     -32.75836
149.7999     -32.75903
149.7932     -32.76458
149.8004     -32.76933
149.8053     -32.7702
149.8058     -32.77247
149.8029     -32.77572
149.8062     -32.77775
149.8122     -32.77814
149.8136     -32.78042
149.8226     -32.78533
149.8267     -32.78506
149.83       -32.78939
149.8364     -32.78792
149.8362     -32.79067
149.8301     -32.79578
149.8348     -32.80397
149.8306     -32.80978
149.8409     -32.81286
149.8481     -32.8192
149.8524     -32.81456
149.8624     -32.8165
149.8626     -32.81144
149.8644     -32.81059
149.8669     -32.80934
149.8732     -32.81384
149.876      -32.81381
149.8874     -32.80314
149.8947     -32.80097
 1 
 1             36            
1
 -9999.0   ,   9990.0
   7
 7 
146.6943     -32.73161
146.7049     -32.73217
146.7079     -32.74017
146.7013     -32.74056
146.6986     -32.73875
146.6952     -32.73275
146.6943     -32.73161
 1 
 1             37            
1
 -9999.0   ,   9990.0
   7
 12 
149.9871     -32.79659
149.9843     -32.79389
149.9861     -32.78814
149.9935     -32.7907
149.9977     -32.79144
149.9983     -32.79131
149.9992     -32.79289
149.9997     -32.79659
149.9992     -32.7977
149.998      -32.79828
149.9947     -32.79628
149.9871     -32.79659
 1 
 1             38            
1
 -9999.0   ,   9990.0
   7
 15 
145.0394     -32.99525
145.0519     -32.99495
145.0588     -32.99239
145.062      -32.98789
145.06       -32.98395
145.0625     -32.97461
145.0737     -32.98642
145.0765     -32.99153
145.0626     -33.00533
145.0565     -33.0077
145.0494     -33.00839
145.0381     -33.00644
145.0348     -33.00061
145.0369     -32.99608
145.0394     -32.99525
 1 
 1             39            
1
 -9999.0   ,   9990.0
   7
 10 
148.4266     -33.10939
148.4214     -33.10986
148.4198     -33.11214
148.4211     -33.11489
148.4111     -33.11581
148.4152     -33.1117
148.4122     -33.1087
148.4173     -33.10367
148.4214     -33.10481
148.4266     -33.10939
 1 
 1             40            
1
 -9999.0   ,   9990.0
   7
 8 
145.4138     -33.15825
145.4054     -33.15506
145.4055     -33.15231
145.4112     -33.14628
145.4175     -33.14528
145.4206     -33.15111
145.4187     -33.15611
145.4138     -33.15825
 1 
 1             41            
1
 -9999.0   ,   9990.0
   7
 9 
147.0324     -33.15836
147.0305     -33.15697
147.0344     -33.15336
147.0391     -33.15067
147.0459     -33.14983
147.0474     -33.15328
147.0455     -33.15647
147.0423     -33.15597
147.0324     -33.15836
 1 
 1             42            
1
 -9999.0   ,   9990.0
   7
 7 
146.4432     -33.16603
146.4416     -33.16278
146.4428     -33.15822
146.4478     -33.15236
146.4515     -33.15883
146.4486     -33.16567
146.4432     -33.16603
 1 
 1             43            
1
 -9999.0   ,   9990.0
   7
 10 
146.9029     -33.16425
146.9107     -33.16
146.918      -33.16009
146.9223     -33.16406
146.9238     -33.16797
146.9243     -33.17486
146.9215     -33.18031
146.9176     -33.18095
146.9045     -33.17092
146.9029     -33.16425
 1 
 1             44            
1
 -9999.0   ,   9990.0
   7
 11 
147.249      -33.20992
147.2452     -33.20714
147.2488     -33.20419
147.2478     -33.20006
147.2499     -33.19756
147.2571     -33.19647
147.2598     -33.19789
147.26       -33.205
147.2548     -33.20425
147.2517     -33.2095
147.249      -33.20992
 1 
 1             45            
1
 -9999.0   ,   9990.0
   7
 16 
145.4303     -33.21856
145.4339     -33.21773
145.4422     -33.22183
145.4456     -33.21872
145.4467     -33.21073
145.4549     -33.20956
145.4566     -33.21442
145.4526     -33.2212
145.4501     -33.22847
145.4461     -33.227
145.442      -33.22803
145.4456     -33.23295
145.4385     -33.23414
145.4363     -33.22628
145.4297     -33.22059
145.4303     -33.21856
 1 
 1             46            
1
 -9999.0   ,   9990.0
   7
 7 
146.4568     -33.21006
146.459      -33.21031
146.4626     -33.21908
146.4572     -33.22839
146.4542     -33.2272
146.451      -33.21178
146.4568     -33.21006
 1 
 1             47            
1
 -9999.0   ,   9990.0
   7
 17 
145.6766     -33.25733
145.6767     -33.25319
145.6708     -33.24986
145.6782     -33.24153
145.6851     -33.24514
145.689      -33.24525
145.6876     -33.23834
145.6902     -33.23358
145.6952     -33.23095
145.705      -33.23003
145.706      -33.23211
145.7048     -33.23575
145.6964     -33.24428
145.6926     -33.25175
145.6872     -33.25644
145.6818     -33.25583
145.6766     -33.25733
 1 
 1             48            
1
 -9999.0   ,   9990.0
   7
 18 
147.0631     -33.27272
147.0624     -33.27197
147.0613     -33.27081
147.054      -33.26828
147.0505     -33.26703
147.0493     -33.26595
147.0451     -33.26192
147.0441     -33.25778
147.0453     -33.24931
147.049      -33.24225
147.0555     -33.24186
147.065      -33.24611
147.0714     -33.25511
147.071      -33.26503
147.0709     -33.26795
147.07       -33.26847
147.0641     -33.27208
147.0631     -33.27272
 1 
 1             49            
1
 -9999.0   ,   9990.0
   7
 27 
147.2484     -33.24567
147.2539     -33.24597
147.2666     -33.25481
147.266      -33.25686
147.2627     -33.25775
147.2608     -33.26047
147.2618     -33.26256
147.2724     -33.26678
147.2759     -33.27417
147.2785     -33.28131
147.2855     -33.28503
147.2876     -33.28803
147.2949     -33.33556
147.2926     -33.34356
147.2863     -33.34923
147.2754     -33.35275
147.2725     -33.35367
147.2654     -33.35475
147.2625     -33.35333
147.2555     -33.34456
147.2518     -33.31861
147.2371     -33.29048
147.2395     -33.28111
147.2382     -33.27375
147.2407     -33.25659
147.2456     -33.25139
147.2484     -33.24567
 1 
 1             50            
1
 -9999.0   ,   9990.0
   7
 8 
146.4408     -33.25308
146.4441     -33.26278
146.4437     -33.26781
146.4417     -33.26986
146.439      -33.26867
146.4378     -33.26406
146.4385     -33.25672
146.4408     -33.25308
 2 
 1             51            
1
 -9999.0   ,   9990.0
   7
 24 
146.4302     -33.274
146.4269     -33.28311
146.4217     -33.28853
146.4092     -33.29586
146.4054     -33.30314
146.403      -33.30356
146.402      -33.30169
146.3998     -33.30189
146.3944     -33.30958
146.3898     -33.30858
146.3834     -33.31053
146.3771     -33.30331
146.3858     -33.2927
146.3935     -33.28961
146.3955     -33.28553
146.3916     -33.27973
146.3922     -33.277
146.4025     -33.27031
146.4098     -33.27225
146.4143     -33.27761
146.4167     -33.27789
146.4199     -33.26831
146.426      -33.26842
146.4302     -33.274
 1             51            2 
1
 -9999.0   ,   9990.0
   7
 6 
146.411      -33.28764
146.4099     -33.27753
146.4066     -33.27678
146.4043     -33.28431
146.4078     -33.28758
146.411      -33.28764
 1 
 1             52            
1
 -9999.0   ,   9990.0
   7
 14 
149.1486     -33.27525
149.1502     -33.2808
149.154      -33.29447
149.1521     -33.30022
149.1565     -33.30361
149.1565     -33.30592
149.1469     -33.30092
149.1452     -33.29245
149.1413     -33.28514
149.1378     -33.28242
149.1375     -33.28011
149.1385     -33.27903
149.1437     -33.27345
149.1486     -33.27525
 1 
 1             53            
1
 -9999.0   ,   9990.0
   7
 7 
149.1206     -33.35172
149.1208     -33.33981
149.1164     -33.33294
149.1147     -33.32542
149.1171     -33.32586
149.1293     -33.34114
149.1206     -33.35172
 1 
 1             54            
1
 -9999.0   ,   9990.0
   7
 5 
148.6465     -33.33619
148.6561     -33.33756
148.6512     -33.34375
148.6473     -33.34192
148.6465     -33.33619
 1 
 1             55            
1
 -9999.0   ,   9990.0
   7
 7 
148.1123     -33.37356
148.1099     -33.37583
148.1057     -33.37675
148.0878     -33.37211
148.082      -33.36889
148.0829     -33.36683
148.1123     -33.37356
 1 
 1             56            
1
 -9999.0   ,   9990.0
   7
 13 
148.1175     -33.37061
148.1209     -33.36853
148.1216     -33.36809
148.1245     -33.36867
148.1274     -33.36925
148.132      -33.37225
148.138      -33.37158
148.1393     -33.37547
148.1369     -33.37753
148.1205     -33.38231
148.1169     -33.38136
148.1268     -33.37431
148.1175     -33.37061
 1 
 1             57            
1
 -9999.0   ,   9990.0
   7
 11 
146.0058     -33.40353
146.0021     -33.40597
145.9958     -33.407
145.9862     -33.40175
145.9933     -33.40075
145.9958     -33.39381
146.006      -33.39086
146.0055     -33.39361
146.0005     -33.39697
145.9996     -33.40042
146.0058     -33.40353
 1 
 1             58            
1
 -9999.0   ,   9990.0
   7
 29 
145.9608     -33.43445
145.9711     -33.43878
145.9826     -33.44731
145.9831     -33.459
145.985      -33.46167
146.0035     -33.48742
146.0044     -33.49661
146.0149     -33.51861
146.0136     -33.52592
146.0082     -33.532
146.0075     -33.53658
146.0035     -33.54336
145.9986     -33.54233
145.9865     -33.54622
145.9844     -33.55031
145.9811     -33.55
145.9722     -33.53872
145.9606     -33.52411
145.9573     -33.516
145.9489     -33.50389
145.9474     -33.49789
145.9397     -33.49131
145.9281     -33.46811
145.9246     -33.44167
145.9271     -33.43897
145.9334     -33.43705
145.9382     -33.43234
145.9423     -33.43175
145.9608     -33.43445
 1 
 1             59            
1
 -9999.0   ,   9990.0
   7
 37 
147.4174     -33.53481
147.4076     -33.53403
147.4058     -33.53492
147.4034     -33.53606
147.4022     -33.54981
147.3961     -33.55892
147.3955     -33.55925
147.3928     -33.56081
147.39       -33.56253
147.3875     -33.56322
147.3814     -33.56497
147.3813     -33.55742
147.3769     -33.553
147.3697     -33.54033
147.3594     -33.53403
147.3582     -33.53242
147.3551     -33.52828
147.3517     -33.51975
147.3538     -33.50878
147.3505     -33.48834
147.3547     -33.47944
147.3599     -33.47511
147.3655     -33.47242
147.3728     -33.47181
147.3914     -33.47358
147.3963     -33.47569
147.4035     -33.4902
147.4168     -33.5002
147.4202     -33.50803
147.4193     -33.51214
147.4155     -33.51278
147.411      -33.5217
147.4126     -33.52375
147.42       -33.52384
147.4216     -33.52753
147.4199     -33.53278
147.4174     -33.53481
 1 
 1             60            
1
 -9999.0   ,   9990.0
   7
 14 
149.6593     -33.60061
149.6579     -33.59786
149.6619     -33.593
149.6571     -33.5942
149.654      -33.59217
149.652      -33.58647
149.645      -33.57714
149.6371     -33.57653
149.6329     -33.57289
149.6394     -33.56708
149.6416     -33.56708
149.651      -33.57295
149.6669     -33.59525
149.6593     -33.60061
 1 
 1             61            
1
 -9999.0   ,   9990.0
   7
 23 
149.2398     -33.58736
149.2395     -33.59011
149.2255     -33.58745
149.2202     -33.60195
149.2221     -33.60489
149.2222     -33.60947
149.2175     -33.60814
149.211      -33.60911
149.2094     -33.61323
149.193      -33.61861
149.1837     -33.62578
149.1821     -33.62325
149.1839     -33.61592
149.1888     -33.61475
149.1981     -33.60872
149.2003     -33.60458
149.2079     -33.605
149.2155     -33.59486
149.2168     -33.5905
149.2261     -33.58539
149.2291     -33.58378
149.2373     -33.58464
149.2398     -33.58736
 1 
 1             62            
1
 -9999.0   ,   9990.0
   7
 25 
147.4706     -33.68661
147.4681     -33.68636
147.4667     -33.68759
147.4645     -33.68953
147.4583     -33.68742
147.445      -33.67606
147.4368     -33.67117
147.4287     -33.66192
147.4222     -33.63389
147.4234     -33.62658
147.4317     -33.61725
147.4397     -33.61595
147.4514     -33.61811
147.4609     -33.62208
147.4744     -33.62125
147.4769     -33.62108
147.4859     -33.62278
147.4902     -33.62486
147.4929     -33.62903
147.4931     -33.6382
147.488      -33.65422
147.4892     -33.66989
147.4868     -33.68217
147.4835     -33.68556
147.4706     -33.68661
 1 
 1             63            
1
 -9999.0   ,   9990.0
   7
 27 
148.5517     -33.67283
148.5545     -33.67328
148.557      -33.67948
148.5649     -33.68267
148.5737     -33.69506
148.5808     -33.69664
148.5808     -33.70009
148.577      -33.70467
148.5732     -33.71383
148.5702     -33.71453
148.5636     -33.71247
148.5571     -33.71606
148.5565     -33.71639
148.556      -33.71447
148.554      -33.70606
148.5513     -33.70469
148.5499     -33.70056
148.5496     -33.69095
148.5471     -33.68886
148.5422     -33.69
148.5411     -33.69025
148.5378     -33.68864
148.5367     -33.68545
148.5377     -33.68334
148.5394     -33.67994
148.5482     -33.67305
148.5517     -33.67283
 1 
 1             64            
1
 -9999.0   ,   9990.0
   7
 11 
149.196      -33.67728
149.1979     -33.67956
149.1942     -33.68578
149.1862     -33.68697
149.1841     -33.69478
149.1813     -33.69272
149.1757     -33.679
149.1804     -33.67761
149.1826     -33.67692
149.1875     -33.68031
149.196      -33.67728
 1 
 1             65            
1
 -9999.0   ,   9990.0
   7
 24 
149.8689     -33.73081
149.8723     -33.73397
149.859      -33.74539
149.8569     -33.73439
149.8528     -33.73284
149.8487     -33.73725
149.8408     -33.73825
149.8313     -33.73264
149.8348     -33.742
149.8341     -33.74772
149.8358     -33.75114
149.8342     -33.75483
149.8323     -33.75509
149.8247     -33.74486
149.8265     -33.73956
149.8182     -33.73439
149.8244     -33.72492
149.8315     -33.72575
149.8417     -33.73022
149.8449     -33.72492
149.8483     -33.7267
149.8521     -33.72414
149.8581     -33.72475
149.8689     -33.73081
 1 
 1             66            
1
 -9999.0   ,   9990.0
   7
 9 
145.3203     -33.87686
145.3239     -33.87581
145.3279     -33.87914
145.3288     -33.88261
145.3248     -33.88639
145.3183     -33.88667
145.3167     -33.88389
145.3168     -33.88114
145.3203     -33.87686
 1 
 1             67            
1
 -9999.0   ,   9990.0
   7
 176 
149.1215     -33.87881
149.1268     -33.88794
149.1244     -33.89139
149.1327     -33.89753
149.1358     -33.90372
149.1407     -33.90597
149.1421     -33.91169
149.1541     -33.92311
149.1534     -33.92511
149.15       -33.92356
149.1345     -33.91633
149.1361     -33.91128
149.1233     -33.89806
149.1203     -33.89831
149.117      -33.90175
149.1107     -33.90203
149.1094     -33.90844
149.102      -33.90917
149.0988     -33.91697
149.0941     -33.91884
149.0944     -33.92159
149.0974     -33.92272
149.0988     -33.92592
149.0939     -33.92595
149.0861     -33.923
149.077      -33.9155
149.0693     -33.91439
149.0693     -33.91142
149.0726     -33.90842
149.0689     -33.902
149.0605     -33.90778
149.06       -33.90961
149.0589     -33.91742
149.0636     -33.92197
149.0444     -33.92025
149.0425     -33.92209
149.0367     -33.92211
149.0309     -33.92536
149.0318     -33.93681
149.0374     -33.94503
149.033      -33.94553
149.0223     -33.95292
149.0185     -33.95247
149.013      -33.95478
149.0229     -33.95842
149.0304     -33.96342
149.0248     -33.96467
149.0226     -33.96514
149.0178     -33.96622
149.0169     -33.97014
149.0187     -33.97473
149.0162     -33.9825
149.0234     -33.99142
149.0265     -33.99164
149.0286     -33.98339
149.0327     -33.98289
149.0405     -33.98539
149.0429     -33.98903
149.0482     -33.98969
149.0501     -33.98442
149.0559     -33.99128
149.0595     -33.99147
149.0637     -34.00039
149.0802     -33.99848
149.0838     -34.00053
149.0838     -34.00389
149.0838     -34.00397
149.0837     -34.00397
149.0673     -34.00611
149.0624     -34.00958
149.0553     -34.01603
149.0614     -34.02517
149.0595     -34.02931
149.0521     -34.03325
149.0419     -34.03353
149.0389     -34.0308
149.0394     -34.02736
149.0485     -34.02961
149.0526     -34.02889
149.0551     -34.02545
149.0494     -34.01286
149.0568     -34.00731
149.0574     -34.00364
149.0546     -33.99792
149.0518     -33.99703
149.0477     -33.99955
149.0441     -33.99797
149.0375     -33.99089
149.0364     -33.99097
149.0333     -33.99114
149.0326     -33.99917
149.0246     -34.00495
149.0211     -34.0045
149.021      -34.00014
149.0142     -33.99972
149.0028     -33.98234
149.0033     -33.97914
149.0106     -33.97336
149.0084     -33.96695
149.0009     -33.95597
148.9986     -33.94042
148.9931     -33.93997
148.9881     -33.9322
148.9851     -33.93472
148.9843     -33.94
148.9868     -33.94228
148.9888     -33.94245
148.9923     -33.94272
148.9937     -33.9512
148.9905     -33.95764
148.9833     -33.95997
148.9815     -33.97075
148.9793     -33.97306
148.9783     -33.97947
148.9833     -33.99733
148.9817     -34.00078
148.9781     -33.9992
148.9715     -34.00061
148.9688     -33.99856
148.9676     -33.98456
148.9639     -33.98022
148.9579     -33.98117
148.9555     -33.99103
148.9525     -33.99081
148.9511     -33.98761
148.9521     -33.98142
148.9565     -33.96856
148.9647     -33.96303
148.9652     -33.95981
148.9701     -33.95567
148.9693     -33.95245
148.975      -33.94784
148.9728     -33.94145
148.9713     -33.92011
148.9742     -33.91689
148.9798     -33.91642
148.9838     -33.91203
148.9863     -33.91203
148.9883     -33.92372
148.9936     -33.92575
149.0035     -33.92573
149.0081     -33.92339
149.0091     -33.92228
149.0157     -33.91511
149.0193     -33.91806
149.0123     -33.92681
149.012      -33.93117
149.0186     -33.93161
149.0238     -33.92584
149.0232     -33.91942
149.0262     -33.91711
149.0311     -33.90608
149.036      -33.91089
149.0429     -33.91083
149.0471     -33.91428
149.0523     -33.9147
149.055      -33.91147
149.0544     -33.90736
149.0628     -33.89308
149.065      -33.89239
149.0703     -33.8942
149.0786     -33.89945
149.0753     -33.90036
149.075      -33.90519
149.079      -33.91228
149.0825     -33.91478
149.0935     -33.91334
149.0962     -33.90531
149.1014     -33.90322
149.1027     -33.89839
149.106      -33.89631
149.1151     -33.8965
149.1186     -33.89189
149.1197     -33.88295
149.1179     -33.87583
149.1215     -33.87881
 1 
 1             68            
1
 -9999.0   ,   9990.0
   7
 12 
145.5595     -33.92781
145.5601     -33.92684
145.5616     -33.92022
145.5641     -33.91981
145.5706     -33.92248
145.5734     -33.92942
145.566      -33.9405
145.5607     -33.94153
145.5575     -33.93986
145.5574     -33.93973
145.5548     -33.93567
145.5595     -33.92781
 1 
 1             69            
1
 -9999.0   ,   9990.0
   7
 8 
145.421      -33.93161
145.4136     -33.9312
145.4091     -33.92786
145.4097     -33.92536
145.4156     -33.923
145.4241     -33.92389
145.4267     -33.92672
145.421      -33.93161
 1 
 1             70            
1
 -9999.0   ,   9990.0
   7
 12 
147.4593     -33.9722
147.465      -33.97867
147.4679     -33.98742
147.4675     -33.99244
147.4656     -33.99314
147.4583     -33.98572
147.4583     -33.97953
147.4553     -33.97975
147.4514     -33.98406
147.4495     -33.98106
147.4518     -33.97467
147.4593     -33.9722
 1 
 1             71            
1
 -9999.0   ,   9990.0
   7
 26 
145.3872     -33.99725
145.3981     -34.00145
145.4011     -34.00061
145.4018     -33.99933
145.4085     -33.98636
145.4163     -33.98272
145.417      -33.98245
145.4235     -33.98217
145.4295     -33.98414
145.4349     -33.98842
145.4357     -33.99464
145.4291     -34.00342
145.4223     -34.00897
145.4156     -34.00925
145.4106     -34.00475
145.4054     -34.00395
145.403      -34.00711
145.397      -34.01495
145.3841     -34.0137
145.3808     -34.02164
145.3769     -34.02109
145.3736     -34.01617
145.373      -34.00906
145.3749     -34.00381
145.3801     -33.99708
145.3872     -33.99725
 1 
 1             72            
1
 -9999.0   ,   9990.0
   7
 9 
145.1055     -34.02092
145.1028     -34.02014
145.1005     -34.01389
145.1012     -34.01022
145.1049     -34.00803
145.1153     -34.00858
145.1177     -34.01069
145.1159     -34.01617
145.1055     -34.02092
 1 
 1             73            
1
 -9999.0   ,   9990.0
   7
 9 
145.2436     -34.02319
145.2354     -34.02206
145.2315     -34.01623
145.2332     -34.01442
145.2434     -34.01378
145.2475     -34.01597
145.2487     -34.01922
145.247      -34.02239
145.2436     -34.02319
 1 
 1             74            
1
 -9999.0   ,   9990.0
   7
 7 
145.3531     -34.0317
145.349      -34.03111
145.3456     -34.02781
145.3463     -34.02211
145.3535     -34.02253
145.3558     -34.02581
145.3531     -34.0317
 1 
 1             75            
1
 -9999.0   ,   9990.0
   7
 8 
145.4338     -34.0485
145.4284     -34.04378
145.428      -34.04056
145.4347     -34.0375
145.4385     -34.03897
145.4397     -34.04361
145.4382     -34.0477
145.4338     -34.0485
 1 
 1             76            
1
 -9999.0   ,   9990.0
   7
 8 
145.3104     -34.05556
145.3063     -34.05359
145.3038     -34.04803
145.3061     -34.04328
145.3101     -34.04156
145.3146     -34.05175
145.3129     -34.05492
145.3104     -34.05556
 1 
 1             77            
1
 -9999.0   ,   9990.0
   7
 8 
145.0568     -34.06033
145.0535     -34.06025
145.0497     -34.05692
145.0504     -34.0542
145.0535     -34.05175
145.0599     -34.05034
145.0618     -34.05222
145.0568     -34.06033
 1 
 1             78            
1
 -9999.0   ,   9990.0
   7
 9 
145.4186     -34.0795
145.4124     -34.07706
145.41       -34.07311
145.4119     -34.06742
145.4161     -34.06545
145.4273     -34.06525
145.4282     -34.07353
145.4242     -34.07756
145.4186     -34.0795
 1 
 1             79            
1
 -9999.0   ,   9990.0
   7
 9 
145.2571     -34.08758
145.2556     -34.08364
145.2573     -34.08003
145.2724     -34.07586
145.2812     -34.07539
145.2801     -34.08203
145.2749     -34.08281
145.2681     -34.08697
145.2571     -34.08758
 1 
 1             80            
1
 -9999.0   ,   9990.0
   7
 9 
145.3669     -34.08367
145.3705     -34.08286
145.3734     -34.08614
145.374      -34.09167
145.3712     -34.09986
145.3665     -34.10111
145.3626     -34.09433
145.3625     -34.09044
145.3669     -34.08367
 1 
 1             81            
1
 -9999.0   ,   9990.0
   7
 7 
145.292      -34.09725
145.29       -34.09675
145.2871     -34.0875
145.288      -34.08475
145.2911     -34.08461
145.2985     -34.09217
145.292      -34.09725
 1 
 1             82            
1
 -9999.0   ,   9990.0
   7
 8 
145.3196     -34.10145
145.314      -34.09808
145.3052     -34.09761
145.3061     -34.09467
145.3101     -34.09178
145.3183     -34.09247
145.3231     -34.09786
145.3196     -34.10145
 1 
 1             83            
1
 -9999.0   ,   9990.0
   7
 12 
146.0169     -34.24528
146.016      -34.24089
146.0201     -34.23111
146.0176     -34.22281
146.0252     -34.20989
146.0327     -34.2092
146.0315     -34.21231
146.0324     -34.21692
146.0239     -34.23347
146.0254     -34.23878
146.0216     -34.24467
146.0169     -34.24528
 1 
 1             84            
1
 -9999.0   ,   9990.0
   7
 7 
145.6723     -34.43644
145.6509     -34.42906
145.656      -34.42619
145.6631     -34.4275
145.6727     -34.43164
145.6746     -34.43375
145.6723     -34.43644
 1 
 1             85            
1
 -9999.0   ,   9990.0
   7
 17 
146.597      -34.69895
146.5935     -34.69497
146.5919     -34.68234
146.5854     -34.6742
146.5823     -34.66614
146.5852     -34.65997
146.5922     -34.65689
146.5911     -34.65289
146.5751     -34.63803
146.5728     -34.63317
146.5748     -34.62817
146.5939     -34.62869
146.598      -34.63036
146.6049     -34.64539
146.612      -34.6877
146.6004     -34.69853
146.597      -34.69895
 1 
 1             86            
1
 -9999.0   ,   9990.0
   7
 10 
145.5156     -34.6592
145.5142     -34.66178
145.5102     -34.66375
145.5016     -34.66375
145.4981     -34.66136
145.4974     -34.65722
145.5061     -34.65264
145.5114     -34.65253
145.516      -34.65608
145.5156     -34.6592
 1 
 1             87            
1
 -9999.0   ,   9990.0
   7
 6 
147.6074     -34.65889
147.6087     -34.66211
147.6025     -34.67536
147.598      -34.66236
147.6003     -34.65925
147.6074     -34.65889
 1 
 1             88            
1
 -9999.0   ,   9990.0
   7
 7 
145.2286     -34.69603
145.2231     -34.69542
145.2204     -34.69236
145.2245     -34.68786
145.232      -34.68694
145.2327     -34.68995
145.2286     -34.69603
 1 
 1             89            
1
 -9999.0   ,   9990.0
   7
 11 
149.6928     -34.70103
149.6824     -34.71353
149.6798     -34.72503
149.6765     -34.72528
149.675      -34.72186
149.6708     -34.71983
149.6705     -34.71481
149.679      -34.70828
149.6826     -34.70733
149.6861     -34.70156
149.6928     -34.70103
 1 
 1             90            
1
 -9999.0   ,   9990.0
   7
 7 
149.9115     -34.74836
149.9078     -34.74061
149.9114     -34.72956
149.9125     -34.72839
149.9175     -34.72833
149.9176     -34.73589
149.9115     -34.74836
 1 
 1             91            
1
 -9999.0   ,   9990.0
   7
 7 
145.3042     -34.7722
145.2978     -34.77156
145.2976     -34.76422
145.2996     -34.76244
145.3056     -34.76353
145.308      -34.76725
145.3042     -34.7722
 1 
 1             92            
1
 -9999.0   ,   9990.0
   7
 24 
149.5397     -34.78831
149.5372     -34.79131
149.537      -34.79178
149.5367     -34.79292
149.5365     -34.79347
149.5318     -34.80864
149.5313     -34.80995
149.5214     -34.81347
149.5152     -34.81144
149.5125     -34.80869
149.5104     -34.80667
149.507      -34.79867
149.5065     -34.79567
149.5058     -34.7915
149.5052     -34.78792
149.5144     -34.77086
149.5191     -34.76739
149.5238     -34.76619
149.528      -34.76775
149.5331     -34.77275
149.5344     -34.78628
149.5398     -34.78072
149.5418     -34.78278
149.5397     -34.78831
 1 
 1             93            
1
 -9999.0   ,   9990.0
   7
 8 
145.4042     -34.80353
145.3948     -34.80145
145.3943     -34.79936
145.3958     -34.79642
145.4087     -34.79425
145.4102     -34.79794
145.409      -34.80089
145.4042     -34.80353
 1 
 1             94            
1
 -9999.0   ,   9990.0
   7
 9 
146.4236     -34.82084
146.4211     -34.81989
146.4206     -34.81689
146.4244     -34.811
146.4294     -34.80811
146.4345     -34.80886
146.4361     -34.81098
146.4343     -34.81322
146.4236     -34.82084
 1 
 1             95            
1
 -9999.0   ,   9990.0
   7
 10 
149.5317     -34.85534
149.5283     -34.85261
149.5275     -34.83567
149.5294     -34.83175
149.5388     -34.82617
149.5413     -34.82772
149.5431     -34.833
149.5413     -34.84334
149.538      -34.85231
149.5317     -34.85534
 1 
 1             96            
1
 -9999.0   ,   9990.0
   7
 10 
146.4038     -34.8312
146.4051     -34.83545
146.4036     -34.84161
146.3972     -34.84033
146.3927     -34.84256
146.3861     -34.84153
146.3951     -34.8355
146.3997     -34.82958
146.4023     -34.8262
146.4038     -34.8312
 1 
 1             97            
1
 -9999.0   ,   9990.0
   7
 10 
145.0978     -34.864
145.094      -34.86253
145.0914     -34.85761
145.0886     -34.85731
145.087      -34.85545
145.0912     -34.84958
145.0928     -34.84319
145.1001     -34.84111
145.1026     -34.863
145.0978     -34.864
 1 
 1             98            
1
 -9999.0   ,   9990.0
   7
 7 
145.0705     -34.85795
145.0654     -34.84747
145.0671     -34.84636
145.0787     -34.84761
145.083      -34.8512
145.0741     -34.85758
145.0705     -34.85795
 1 
 1             99            
1
 -9999.0   ,   9990.0
   7
 7 
145.2485     -34.88794
145.2431     -34.88436
145.2504     -34.86872
145.2534     -34.86972
145.2546     -34.87986
145.2533     -34.88625
145.2485     -34.88794
 1 
 1             100           
1
 -9999.0   ,   9990.0
   7
 7 
145.1718     -34.88539
145.1702     -34.88328
145.1767     -34.87245
145.1818     -34.87097
145.1828     -34.87398
145.1782     -34.88508
145.1718     -34.88539
 1 
 1             101           
1
 -9999.0   ,   9990.0
   7
 9 
146.9225     -34.89714
146.9281     -34.89906
146.9311     -34.90872
146.929      -34.91042
146.9255     -34.91103
146.9214     -34.90848
146.9171     -34.90089
146.9181     -34.89734
146.9225     -34.89714
 1 
 1             102           
1
 -9999.0   ,   9990.0
   7
 8 
149.5129     -34.91078
149.509      -34.90692
149.5093     -34.90395
149.512      -34.9007
149.5164     -34.89931
149.519      -34.90592
149.5168     -34.90983
149.5129     -34.91078
 1 
 1             103           
1
 -9999.0   ,   9990.0
   7
 7 
145.0376     -34.91919
145.0343     -34.92506
145.0284     -34.92534
145.0218     -34.91781
145.0289     -34.91389
145.0336     -34.9147
145.0376     -34.91919
 1 
 1             104           
1
 -9999.0   ,   9990.0
   7
 7 
145.1191     -34.96056
145.1159     -34.95748
145.1156     -34.95217
145.1239     -34.95289
145.1254     -34.95614
145.1233     -34.96045
145.1191     -34.96056
 1 
 1             105           
1
 -9999.0   ,   9990.0
   7
 8 
145.2001     -34.99817
145.1887     -34.99906
145.1885     -34.99578
145.1921     -34.99472
145.2108     -34.995
145.2121     -34.99667
145.2081     -34.99906
145.2001     -34.99817
