 2 
 1             1 
 2 
 -9998.0  ,   -9997.0
  1999.0  ,    9990.0
 108 
-72.43613     -47.98963 
-72.43737     -47.97542 
-72.45326     -47.95467 
-72.47818     -47.9426 
-72.49847     -47.93909 
-72.51995     -47.92524 
-72.52023     -47.92392 
-72.52345     -47.91306 
-72.52264     -47.90715 
-72.51386     -47.89055 
-72.50239     -47.87862 
-72.4896      -47.86698 
-72.47738     -47.85827 
-72.4692      -47.84896 
-72.46924     -47.8453 
-72.46063     -47.82184 
-72.45216     -47.79993 
-72.46995     -47.7698 
-72.48528     -47.75248 
-72.49761     -47.7421 
-72.4991      -47.73246 
-72.48901     -47.72861 
-72.47875     -47.73345 
-72.46557     -47.74089 
-72.45637     -47.74661 
-72.44418     -47.75356 
-72.42933     -47.75771 
-72.41371     -47.74406 
-72.40512     -47.73651 
-72.39499     -47.72557 
-72.38984     -47.71862 
-72.39356     -47.71213 
-72.41095     -47.71282 
-72.42021     -47.70252 
-72.42253     -47.69515 
-72.4197      -47.68723 
-72.41051     -47.68106 
-72.39365     -47.67716 
-72.39364     -47.67098 
-72.39681     -47.66085 
-72.39119     -47.65139 
-72.38348     -47.64702 
-72.36983     -47.64577 
-72.35106     -47.64797 
-72.34745     -47.64365 
-72.33776     -47.63386 
-72.31716     -47.62344 
-72.30683     -47.62073 
-72.2969      -47.61915 
-72.28738     -47.6187 
-72.2807      -47.61452 
-72.28244     -47.60899 
-72.29081     -47.60056 
-72.29691     -47.59401 
-72.2995      -47.58549 
-72.30358     -47.57044 
-72.29441     -47.5488 
-72.29163     -47.54318 
-72.28858     -47.52934 
-72.28835     -47.50351 
-72.29348     -47.49534 
-72.30152     -47.49026 
-72.31538     -47.48635 
-72.32823     -47.48225 
-72.33498     -47.4779 
-72.33681     -47.47532 
-72.33698     -47.46868 
-72.33718     -47.46542 
-72.33645     -47.46354 
-72.32331     -47.44559 
-72.29766     -47.42771 
-72.27873     -47.42156 
-72.24791     -47.41184 
-72.24655     -47.41167 
-72.23095     -47.41014 
-72.21485     -47.40611 
-72.20373     -47.40603 
-72.19849     -47.40804 
-72.1825      -47.41498 
-72.16783     -47.41684 
-72.15316     -47.41413 
-72.14585     -47.41072 
-72.13756     -47.40322 
-72.1355      -47.3978 
-72.12361     -47.37716 
-72.12149     -47.37106 
-72.11908     -47.36957 
-72.1082      -47.3372 
-72.10613     -47.3297 
-72.09641     -47.32422 
-72.08688     -47.32261 
-72.05528     -47.32222 
-72.04518     -47.30863 
-72.03125     -47.29673 
-72.02372     -47.28989 
-72.01929     -47.28409 
-72.01085     -47.26881 
-72.00843     -47.26295 
-72.01159     -47.25204 
-72.01331     -47.2461 
-72.0176      -47.24024 
-72.02305     -47.23161 
-72.02701     -47.22097 
-72.02655     -47.21434 
-72.02405     -47.21214 
-72.02198     -47.20649 
-72.00816     -47.20053 
-72           -47.20213 
 1             2 
 2 
 -9998.0  ,   -9997.0
  1999.0  ,    9990.0
 227 
-73.52713     -50 
-73.53285     -49.98575 
-73.53363     -49.96493 
-73.53541     -49.95206 
-73.54258     -49.93292 
-73.54446     -49.93035 
-73.5451      -49.92435 
-73.5428      -49.92034 
-73.52536     -49.91213 
-73.50598     -49.89712 
-73.49977     -49.8892 
-73.46875     -49.86222 
-73.44231     -49.83797 
-73.4363      -49.816 
-73.43428     -49.8104 
-73.44169     -49.79479 
-73.45231     -49.7814 
-73.45441     -49.76784 
-73.45495     -49.76119 
-73.45183     -49.7533 
-73.45034     -49.73918 
-73.45225     -49.73203 
-73.46274     -49.72596 
-73.47834     -49.722 
-73.49315     -49.71692 
-73.51131     -49.71038 
-73.52328     -49.70153 
-73.53025     -49.69266 
-73.53162     -49.67881 
-73.52856     -49.67163 
-73.51625     -49.65855 
-73.50225     -49.65152 
-73.50038     -49.64795 
-73.49768     -49.64626 
-73.49565     -49.6388 
-73.49546     -49.63193 
-73.49811     -49.62512 
-73.5036      -49.61036 
-73.5078      -49.60462 
-73.52485     -49.58371 
-73.53798     -49.57357 
-73.54868     -49.56908 
-73.56581     -49.55986 
-73.57283     -49.55418 
-73.57605     -49.54918 
-73.57778     -49.54357 
-73.57746     -49.54195 
-73.58241     -49.52958 
-73.58297     -49.52362 
-73.57621     -49.5186 
-73.56254     -49.51519 
-73.55237     -49.51577 
-73.53305     -49.51667 
-73.5183      -49.51718 
-73.50906     -49.51636 
-73.50139     -49.51296 
-73.4969      -49.501 
-73.50131     -49.49445 
-73.5101      -49.48546 
-73.51787     -49.47442 
-73.51852     -49.47299 
-73.52216     -49.4604 
-73.52271     -49.44843 
-73.51923     -49.44059 
-73.51033     -49.43168 
-73.49603     -49.42169 
-73.47256     -49.40876 
-73.46318     -49.40148 
-73.4577      -49.39443 
-73.456       -49.38925 
-73.45316     -49.38643 
-73.4499      -49.37743 
-73.45129     -49.36909 
-73.46305     -49.35123 
-73.46515     -49.34309 
-73.46515     -49.33483 
-73.46136     -49.32723 
-73.4562      -49.32247 
-73.45465     -49.3215 
-73.45188     -49.31166 
-73.4589      -49.29839 
-73.47121     -49.28997 
-73.48534     -49.27805 
-73.4933      -49.25904 
-73.49554     -49.21712 
-73.49295     -49.18017 
-73.48365     -49.1645 
-73.47325     -49.15708 
-73.4442      -49.14801 
-73.38238     -49.14027 
-73.28555     -49.13639 
-73.27542     -49.13649 
-73.2637      -49.1387 
-73.25084     -49.14918 
-73.24305     -49.1572 
-73.23453     -49.16022 
-73.21618     -49.16286 
-73.18571     -49.15766 
-73.13768     -49.14661 
-73.09282     -49.13439 
-73.07881     -49.12824 
-73.07371     -49.12369 
-73.07498     -49.11674 
-73.08536     -49.09854 
-73.08525     -49.09167 
-73.08111     -49.0834 
-73.07117     -49.07612 
-73.05214     -49.06289 
-73.03531     -49.04748 
-73.02185     -49.028 
-73.01361     -49.02017 
-72.99503     -48.99866 
-72.99228     -48.99308 
-72.98021     -48.98521 
-72.95443     -48.97323 
-72.94596     -48.96632 
-72.94083     -48.9581 
-72.92793     -48.94592 
-72.91681     -48.94305 
-72.90608     -48.94359 
-72.8836      -48.94771 
-72.86016     -48.94957 
-72.84123     -48.94846 
-72.82493     -48.94583 
-72.79048     -48.93654 
-72.7835      -48.93621 
-72.77031     -48.93044 
-72.75955     -48.92753 
-72.7359      -48.91815 
-72.72451     -48.91275 
-72.69088     -48.89171 
-72.65422     -48.86805 
-72.64285     -48.86264 
-72.63378     -48.85575 
-72.61409     -48.84409 
-72.6036      -48.83703 
-72.59731     -48.83343 
-72.58255     -48.82223 
-72.56648     -48.81154 
-72.55896     -48.80296 
-72.54967     -48.7908 
-72.5442      -48.77869 
-72.54359     -48.76657 
-72.54916     -48.73789 
-72.55123     -48.72175 
-72.55186     -48.70843 
-72.54845     -48.69279 
-72.54675     -48.67706 
-72.54754     -48.66831 
-72.5504      -48.64664 
-72.55375     -48.63297 
-72.56058     -48.60973 
-72.56276     -48.59794 
-72.56793     -48.58831 
-72.57433     -48.57081 
-72.58078     -48.55698 
-72.5915      -48.53173 
-72.59698     -48.50923 
-72.59773     -48.48259 
-72.56281     -48.47058 
-72.54323     -48.46607 
-72.53488     -48.46492 
-72.52638     -48.47291 
-72.52088     -48.49066 
-72.51812     -48.49644 
-72.49084     -48.49625 
-72.46556     -48.49484 
-72.45116     -48.49064 
-72.39702     -48.45478 
-72.39086     -48.44968 
-72.40502     -48.43789 
-72.42271     -48.42784 
-72.42508     -48.42092 
-72.40774     -48.408 
-72.40218     -48.40623 
-72.39933     -48.40522 
-72.3946      -48.40277 
-72.37286     -48.3994 
-72.3614      -48.39762 
-72.35495     -48.39299 
-72.36376     -48.38454 
-72.37628     -48.38057 
-72.381       -48.37406 
-72.37862     -48.36793 
-72.36774     -48.35905 
-72.36356     -48.35855 
-72.35736     -48.35495 
-72.31846     -48.36017 
-72.31772     -48.36043 
-72.30929     -48.36196 
-72.30028     -48.36123 
-72.29893     -48.36028 
-72.28926     -48.3569 
-72.28301     -48.34975 
-72.28133     -48.3379 
-72.28389     -48.30905 
-72.2974      -48.28587 
-72.31212     -48.26077 
-72.30772     -48.25235 
-72.30821     -48.24706 
-72.30698     -48.23842 
-72.31196     -48.18301 
-72.31468     -48.16938 
-72.31901     -48.15818 
-72.3245      -48.14809 
-72.33035     -48.13522 
-72.33266     -48.12435 
-72.33076     -48.11574 
-72.33137     -48.10496 
-72.33263     -48.09734 
-72.33023     -48.08715 
-72.33435     -48.07391 
-72.34053     -48.07088 
-72.34915     -48.06842 
-72.36352     -48.06866 
-72.37807     -48.0673 
-72.38811     -48.06202 
-72.39335     -48.05651 
-72.39591     -48.05158 
-72.39881     -48.04 
-72.4014      -48.0321 
-72.40286     -48.0231 
-72.40728     -48.01625 
-72.41311     -48.01002 
-72.42358     -48.00734 
-72.43024     -48.00225 
-72.43613     -47.98963 
