 6 
 1             1 
1
 -9999.0   ,   9990.0 
 57 
 178.7959     -49.71709 
 178.792      -49.71431 
 178.789      -49.71223 
 178.7832     -49.71081 
 178.7782     -49.70511 
 178.7724     -49.69959 
 178.7668     -49.69592 
 178.7589     -49.69123 
 178.7546     -49.68875 
 178.7552     -49.68625 
 178.7614     -49.68425 
 178.7672     -49.6827 
 178.7721     -49.67995 
 178.7749     -49.67689 
 178.777      -49.67425 
 178.7829     -49.67431 
 178.789      -49.6732 
 178.7936     -49.66997 
 178.7973     -49.66536 
 178.7982     -49.66289 
 178.8047     -49.66206 
 178.8109     -49.663 
 178.8141     -49.66247 
 178.8179     -49.66014 
 178.8207     -49.65684 
 178.8231     -49.65764 
 178.8254     -49.65864 
 178.8251     -49.66136 
 178.8274     -49.66286 
 178.8318     -49.66464 
 178.8334     -49.66631 
 178.8336     -49.66814 
 178.8318     -49.67103 
 178.8313     -49.67283 
 178.8324     -49.67517 
 178.8343     -49.67753 
 178.8375     -49.68064 
 178.8382     -49.68408 
 178.8369     -49.68634 
 178.8346     -49.68781 
 178.8304     -49.68809 
 178.8285     -49.68936 
 178.8269     -49.69112 
 178.8248     -49.69375 
 178.8245     -49.69625 
 178.8247     -49.69831 
 178.8259     -49.70042 
 178.8256     -49.7027 
 178.8196     -49.7095 
 178.817      -49.71053 
 178.8132     -49.70967 
 178.8108     -49.70956 
 178.8082     -49.71081 
 178.804      -49.71403 
 178.8014     -49.71581 
 178.8002     -49.71661 
 178.7959     -49.71709 
 1             2 
1
 -9999.0   ,   9990.0 
 9 
 178.7369     -49.67631 
 178.7378     -49.67475 
 178.7406     -49.67214 
 178.7432     -49.67089 
 178.7455     -49.67236 
 178.7453     -49.67417 
 178.7433     -49.67636 
 178.7411     -49.67673 
 178.7369     -49.67631 
 1             3 
1
 -9999.0   ,   9990.0 
 10 
 178.841      -49.64111 
 178.8383     -49.64039 
 178.8397     -49.63909 
 178.8406     -49.63811 
 178.8435     -49.63459 
 178.8455     -49.63264 
 178.8482     -49.63367 
 178.8466     -49.63817 
 178.8439     -49.641 
 178.841      -49.64111 
 1             4 
1
 -9999.0   ,   9990.0 
 8 
 179.0963     -47.71845 
 179.0972     -47.71575 
 179.0997     -47.71448 
 179.1024     -47.71483 
 179.1011     -47.71775 
 179.0992     -47.7195 
 179.0967     -47.72053 
 179.0963     -47.71845 
 1             5 
1
 -9999.0   ,   9990.0 
 9 
 179.0776     -47.71817 
 179.0785     -47.71628 
 179.0763     -47.71411 
 179.0745     -47.71267 
 179.0721     -47.71186 
 179.0696     -47.71314 
 179.0718     -47.71575 
 179.0743     -47.7177 
 179.0776     -47.71817 
 1             6 
1
 -9999.0   ,   9990.0 
 15 
 179.061      -47.69325 
 179.0581     -47.69592 
 179.0553     -47.69692 
 179.0538     -47.698 
 179.0508     -47.70153 
 179.0496     -47.70309 
 179.0512     -47.70428 
 179.0532     -47.70462 
 179.0559     -47.70381 
 179.0584     -47.70256 
 179.0599     -47.70148 
 179.0605     -47.699 
 179.061      -47.69742 
 179.0615     -47.69584 
 179.061      -47.69325 
