 50 
 1             1 
1
 -9999.0   ,   9990.0 
 57 
 48.53381      41.88503 
 48.51959      41.89117 
 48.50548      41.89725 
 48.49559      41.9035 
 48.48484      41.9137 
 48.48078      41.91275 
 48.47625      41.907 
 48.4657       41.90569 
 48.43525      41.90836 
 48.41045      41.91606 
 48.39214      41.92431 
 48.37731      41.93353 
 48.36475      41.9435 
 48.35695      41.9497 
 48.35128      41.95848 
 48.34992      41.96059 
 48.34037      41.9847 
 48.33192      41.99339 
 48.33086      41.99506 
 48.32542      42.00358 
 48.3255       42.00936 
 48.32567      42.02031 
 48.31745      42.02806 
 48.29233      42.07175 
 48.29172      42.07336 
 48.28136      42.10097 
 48.28261      42.10825 
 48.27925      42.10939 
 48.26617      42.11389 
 48.25775      42.12322 
 48.24161      42.12906 
 48.23411      42.13495 
 48.23409      42.13497 
 48.23128      42.13945 
 48.22562      42.14845 
 48.22275      42.15684 
 48.21672      42.16906 
 48.20492      42.18592 
 48.18945      42.20317 
 48.18362      42.21425 
 48.176        42.22275 
 48.17536      42.22348 
 48.17461      42.22431 
 48.16906      42.23514 
 48.15828      42.24964 
 48.15261      42.26278 
 48.14728      42.26875 
 48.13009      42.28817 
 48.11775      42.30686 
 48.10411      42.32081 
 48.09431      42.32886 
 48.08186      42.33517 
 48.07425      42.344 
 48.04434      42.35964 
 48.03353      42.36703 
 48.019        42.3805 
 48            42.39811 
 1             2 
1
 -9999.0   ,   9990.0 
 12 
 50.35247      44.81612 
 50.3502       44.80989 
 50.35281      44.79975 
 50.35609      44.79453 
 50.35639      44.78472 
 50.36033      44.7762 
 50.36295      44.77686 
 50.36064      44.78734 
 50.35639      44.79811 
 50.35445      44.80728 
 50.35509      44.81447 
 50.35247      44.81612 
 1             3 
1
 -9999.0   ,   9990.0 
 6 
 50.61948      44.813 
 50.61625      44.813 
 50.61131      44.81003 
 50.61217      44.80803 
 50.6175       44.81028 
 50.61948      44.813 
 1             4 
1
 -9999.0   ,   9990.0 
 19 
 50.56875      44.837 
 50.568        44.83042 
 50.56789      44.82264 
 50.57061      44.81845 
 50.57308      44.81211 
 50.57456      44.80792 
 50.57395      44.80236 
 50.57086      44.79692 
 50.57334      44.79406 
 50.57506      44.79506 
 50.57742      44.801 
 50.57889      44.80706 
 50.57853      44.81397 
 50.57642      44.82214 
 50.57531      44.82859 
 50.57381      44.8345 
 50.5727       44.83761 
 50.57048      44.83884 
 50.56875      44.837 
 1             5 
1
 -9999.0   ,   9990.0 
 22 
 51.32534      44.79898 
 51.33359      44.78812 
 51.33639      44.77898 
 51.33211      44.76839 
 51.33267      44.76367 
 51.34061      44.74306 
 51.34273      44.71753 
 51.35225      44.7055 
 51.35325      44.70183 
 51.35158      44.69884 
 51.346        44.69953 
 51.33753      44.7075 
 51.33392      44.71361 
 51.32089      44.73567 
 51.31467      44.75659 
 51.315        44.76095 
 51.32164      44.76631 
 51.32303      44.77672 
 51.31467      44.79339 
 51.31703      44.80056 
 51.31939      44.80256 
 51.32534      44.79898 
 1             6 
1
 -9999.0   ,   9990.0 
 14 
 51.2315       44.79503 
 51.23511      44.79153 
 51.23642      44.78045 
 51.23258      44.77358 
 51.22647      44.76909 
 51.22267      44.76928 
 51.21961      44.77053 
 51.2085       44.7835 
 51.20181      44.79573 
 51.20225      44.79925 
 51.20698      44.80347 
 51.21533      44.80397 
 51.22497      44.80106 
 51.2315       44.79503 
 1             7 
1
 -9999.0   ,   9990.0 
 11 
 51.05073      44.84211 
 51.07247      44.84489 
 51.07481      44.84711 
 51.07053      44.8512 
 51.03564      44.86083 
 51.027        44.86028 
 51.02486      44.85873 
 51.02514      44.85417 
 51.03084      44.84564 
 51.03675      44.84228 
 51.05073      44.84211 
 1             8 
1
 -9999.0   ,   9990.0 
 11 
 50.87459      44.82683 
 50.8975       44.81948 
 50.91622      44.82186 
 50.9305       44.82939 
 50.926        44.83431 
 50.91934      44.83753 
 50.90414      44.83975 
 50.8915       44.84659 
 50.88464      44.84845 
 50.87656      44.84853 
 50.86567      44.84447 
 1             9 
1
 -9999.0   ,   9990.0 
 11 
 50.94917      44.85939 
 50.95011      44.8522 
 50.94433      44.84317 
 50.95145      44.836 
 50.961        44.83509 
 50.96656      44.84022 
 50.97817      44.84703 
 50.97386      44.85814 
 50.96417      44.86272 
 50.95206      44.86403 
 50.94917      44.85939 
 1             10 
1
 -9999.0   ,   9990.0 
 13 
 50.99711      44.88597 
 50.99775      44.88361 
 50.99317      44.87381 
 50.97948      44.86833 
 50.96575      44.86953 
 50.96364      44.87542 
 50.96442      44.88342 
 50.96797      44.89284 
 50.97664      44.90167 
 50.9827       44.90331 
 50.99061      44.90206 
 50.99539      44.8992 
 50.99711      44.88597 
 1             11 
1
 -9999.0   ,   9990.0 
 11 
 50.22936      45 
 50.22614      44.98947 
 50.24995      44.97534 
 50.25548      44.96533 
 50.25611      44.96242 
 50.25817      44.9532 
 50.25725      44.94867 
 50.24889      44.94114 
 50.24328      44.92747 
 50.24708      44.91136 
 50.25061      44.90586 
 1             12 
1
 -9999.0   ,   9990.0 
 21 
 50.33128      45 
 50.33092      44.99109 
 50.32536      44.98317 
 50.31081      44.97558 
 50.30781      44.96981 
 50.30923      44.96306 
 50.31459      44.95925 
 50.3117       44.95692 
 50.30428      44.95717 
 50.30308      44.95698 
 50.27984      44.9532 
 50.27495      44.95031 
 50.27175      44.94292 
 50.2675       44.9425 
 50.26111      44.95892 
 50.25992      44.96964 
 50.256        44.97978 
 50.25017      44.98498 
 50.23864      44.98847 
 50.23447      44.99147 
 50.23639      45 
 1             13 
1
 -9999.0   ,   9990.0 
 9 
 50.0905       44.85339 
 50.0967       44.85209 
 50.1075       44.85045 
 50.11406      44.8462 
 50.11831      44.84325 
 50.116        44.84064 
 50.10097      44.84489 
 50.09017      44.85142 
 50.0905       44.85339 
 1             14 
1
 -9999.0   ,   9990.0 
 7 
 50.05778      44.89786 
 50.05681      44.892 
 50.05059      44.88642 
 50.04503      44.89297 
 50.04373      44.89656 
 50.05125      44.90081 
 50.05778      44.89786 
 1             15 
1
 -9999.0   ,   9990.0 
 6 
 50.08667      45 
 50.08867      44.99809 
 50.09017      44.99453 
 50.08697      44.99222 
 50.08311      44.99245 
 50.07067      45 
 1             16 
1
 -9999.0   ,   9990.0 
 49 
 51.5292       44.523 
 51.52239      44.52031 
 51.51564      44.51767 
 51.49606      44.51467 
 51.48817      44.51564 
 51.4667       44.52659 
 51.45325      44.53056 
 51.44245      44.53158 
 51.43897      44.52911 
 51.4415       44.51975 
 51.43078      44.5125 
 51.41995      44.50875 
 51.40836      44.50892 
 51.40256      44.51167 
 51.38681      44.52542 
 51.38039      44.53103 
 51.36948      44.52811 
 51.36703      44.5317 
 51.36806      44.53525 
 51.37403      44.53873 
 51.38214      44.55097 
 51.38072      44.55564 
 51.37728      44.55792 
 51.36547      44.55745 
 51.34586      44.554 
 51.34225      44.55336 
 51.32714      44.54917 
 51.29645      44.54734 
 51.27898      44.54133 
 51.27895      44.54131 
 51.27578      44.53884 
 51.27464      44.53134 
 51.27081      44.5247 
 51.26623      44.52175 
 51.25336      44.51828 
 51.24761      44.51567 
 51.23672      44.50261 
 51.22489      44.493 
 51.19356      44.47475 
 51.1805       44.47292 
 51.16397      44.47356 
 51.13339      44.47831 
 51.11547      44.47845 
 51.10531      44.47678 
 51.09539      44.47514 
 51.08686      44.47628 
 51.03964      44.50147 
 51.00083      44.5187 
 51            44.5187 
 1             17 
1
 -9999.0   ,   9990.0 
 58 
 50.0215       45 
 50.0197       44.97911 
 50.03242      44.95653 
 50.03406      44.95364 
 50.03581      44.94411 
 50.03431      44.93709 
 50.03911      44.9262 
 50.03897      44.92231 
 50.04753      44.91028 
 50.0512       44.90867 
 50.06306      44.90772 
 50.0662       44.91234 
 50.06562      44.91561 
 50.06922      44.91859 
 50.07395      44.91486 
 50.07498      44.90745 
 50.07131      44.90122 
 50.06625      44.89695 
 50.06156      44.88759 
 50.06964      44.87445 
 50.07384      44.87139 
 50.08625      44.86236 
 50.11889      44.85206 
 50.12487      44.848 
 50.14625      44.84092 
 50.15495      44.84083 
 50.17875      44.85039 
 50.20006      44.85548 
 50.2052       44.85539 
 50.20822      44.85381 
 50.21112      44.84833 
 50.20867      44.84436 
 50.20192      44.8392 
 50.19867      44.8367 
 50.19561      44.82495 
 50.19156      44.81831 
 50.18534      44.81756 
 50.17067      44.8295 
 50.16595      44.8305 
 50.14614      44.82945 
 50.09864      44.837 
 50.0942       44.84025 
 50.08259      44.84306 
 50.06639      44.8505 
 50.06309      44.85334 
 50.04592      44.86809 
 50.0372       44.88381 
 50.02722      44.89475 
 50.01586      44.91314 
 50            44.95325 
 49.99656      44.96192 
 49.9965       44.96795 
 49.9965       44.96928 
 49.99395      44.97495 
 49.99467      44.97836 
 50            44.98467 
 50.00561      44.99653 
 50.00592      45 
 1             18 
1
 -9999.0   ,   9990.0 
 15 
 50.29059      44.91528 
 50.30528      44.91639 
 50.31781      44.92089 
 50.3277       44.92761 
 50.33486      44.93567 
 50.33731      44.94217 
 50.3362       44.95375 
 50.33828      44.96006 
 50.3482       44.97183 
 50.34875      44.97617 
 50.35275      44.98212 
 50.36092      44.98781 
 50.36481      44.99283 
 50.36523      44.99878 
 50.36445      45 
 1             19 
1
 -9999.0   ,   9990.0 
 3 
 50.69956      44.90478 
 50.69631      44.9157 
 50.6962       44.91606 
 1             20 
1
 -9999.0   ,   9990.0 
 14 
 50.69956      44.90478 
 50.69972      44.90453 
 50.70386      44.89786 
 50.70567      44.89495 
 50.70914      44.89425 
 50.71403      44.89689 
 50.71975      44.90342 
 50.72031      44.90775 
 50.71631      44.91653 
 50.71173      44.92097 
 50.70647      44.92272 
 50.69823      44.92167 
 50.69553      44.91839 
 50.6962       44.91606 
 1             21 
1
 -9999.0   ,   9990.0 
 12 
 50.25061      44.90586 
 50.2455       44.89606 
 50.24775      44.88581 
 50.25228      44.87539 
 50.25836      44.86995 
 50.26433      44.86842 
 50.27009      44.87059 
 50.27131      44.87258 
 50.26403      44.88156 
 50.26322      44.88803 
 50.26978      44.89912 
 50.29059      44.91528 
 1             22 
1
 -9999.0   ,   9990.0 
 7 
 50.25061      44.90586 
 50.26136      44.92725 
 50.28595      44.94017 
 50.29573      44.94322 
 50.30181      44.94284 
 50.30614      44.93864 
 50.29059      44.91528 
 1             23 
1
 -9999.0   ,   9990.0 
 56 
 50.69934      44.90447 
 50.69031      44.89114 
 50.68653      44.88956 
 50.68408      44.88581 
 50.68592      44.88248 
 50.69223      44.88137 
 50.70545      44.88345 
 50.711        44.88148 
 50.71156      44.87845 
 50.68833      44.86414 
 50.68667      44.86148 
 50.68953      44.85623 
 50.69453      44.85498 
 50.70872      44.85723 
 50.72156      44.86142 
 50.7287       44.87131 
 50.74025      44.87053 
 50.74578      44.86881 
 50.76506      44.86286 
 50.78161      44.86334 
 50.77114      44.86956 
 50.76475      44.87023 
 50.73633      44.87997 
 50.73308      44.88481 
 50.73089      44.89484 
 50.7325       44.90945 
 50.73695      44.91606 
 50.73792      44.94014 
 50.73742      44.94086 
 50.73386      44.94617 
 50.72673      44.94367 
 50.72022      44.93859 
 50.71545      44.94628 
 50.71731      44.95789 
 50.71167      44.96425 
 50.70814      44.95964 
 50.70361      44.945 
 50.69014      44.93625 
 50.67578      44.93031 
 50.66923      44.92983 
 50.66128      44.93334 
 50.6512       44.94506 
 50.64025      44.95106 
 50.63489      44.95397 
 50.63267      44.9592 
 50.6482       44.97378 
 50.64692      44.97639 
 50.64392      44.97822 
 50.63361      44.97361 
 50.61839      44.96128 
 50.61992      44.95336 
 50.6322       44.9385 
 50.64445      44.92825 
 50.66245      44.91764 
 50.67847      44.91689 
 50.6962       44.91606 
 1             24 
1
 -9999.0   ,   9990.0 
 26 
 50.5975       44.80742 
 50.62245      44.81795 
 50.63447      44.816 
 50.63734      44.81325 
 50.63042      44.80981 
 50.62223      44.80875 
 50.60314      44.79623 
 50.58756      44.79059 
 50.57042      44.77561 
 50.57514      44.7622 
 50.57228      44.76008 
 50.5675       44.76064 
 50.56311      44.76645 
 50.56167      44.77039 
 50.55931      44.77684 
 50.56023      44.78389 
 50.56986      44.80097 
 50.57081      44.80572 
 50.56562      44.82286 
 50.56167      44.84706 
 50.56678      44.85153 
 50.57145      44.85008 
 50.58803      44.83128 
 50.59203      44.81612 
 50.5932       44.81161 
 50.5975       44.80742 
 1             25 
1
 -9999.0   ,   9990.0 
 20 
 50.347        44.81736 
 50.345        44.81175 
 50.34748      44.80078 
 50.35231      44.79311 
 50.35239      44.77586 
 50.35572      44.7692 
 50.36584      44.75728 
 50.36848      44.75781 
 50.37086      44.76134 
 50.37139      44.77325 
 50.36953      44.78395 
 50.36072      44.80084 
 50.36083      44.81189 
 50.36242      44.81642 
 50.36486      44.82334 
 50.36378      44.82756 
 50.36014      44.82939 
 50.35425      44.82864 
 50.34737      44.82011 
 50.347        44.81736 
 1             26 
1
 -9999.0   ,   9990.0 
 128 
 51            44.5187 
 50.99739      44.5207 
 50.98823      44.53353 
 50.98575      44.54131 
 50.99839      44.55609 
 50.99809      44.55839 
 50.99217      44.55973 
 50.97928      44.55489 
 50.97122      44.55475 
 50.94784      44.56261 
 50.94383      44.56864 
 50.93711      44.5735 
 50.93753      44.57897 
 50.92773      44.58011 
 50.90706      44.59859 
 50.90125      44.60595 
 50.89992      44.60762 
 50.90117      44.60959 
 50.8995       44.61156 
 50.86961      44.61661 
 50.85078      44.62506 
 50.82906      44.62631 
 50.80795      44.63675 
 50.79883      44.6362 
 50.79475      44.63442 
 50.78556      44.61872 
 50.77636      44.61245 
 50.76808      44.6107 
 50.76028      44.61033 
 50.748        44.60978 
 50.72986      44.60642 
 50.71264      44.61011 
 50.69278      44.61075 
 50.68056      44.60836 
 50.67739      44.60834 
 50.66253      44.6082 
 50.62575      44.6125 
 50.62139      44.6135 
 50.59603      44.63048 
 50.59506      44.63114 
 50.58895      44.63361 
 50.58467      44.63298 
 50.57181      44.62556 
 50.55614      44.62153 
 50.54745      44.62142 
 50.54045      44.62442 
 50.50959      44.62714 
 50.50036      44.62567 
 50.49025      44.62703 
 50.47348      44.62422 
 50.45317      44.62395 
 50.4292       44.62939 
 50.41753      44.63203 
 50.40817      44.637 
 50.39689      44.63431 
 50.37739      44.63534 
 50.37309      44.63675 
 50.3662       44.64342 
 50.35681      44.64059 
 50.34678      44.64009 
 50.30873      44.64459 
 50.30323      44.64173 
 50.29453      44.61609 
 50.29384      44.61475 
 50.28692      44.60161 
 50.2825       44.59706 
 50.27584      44.57472 
 50.25997      44.54286 
 50.25356      44.54028 
 50.24756      44.54111 
 50.24461      44.54589 
 50.24642      44.55522 
 50.22753      44.57389 
 50.22673      44.57614 
 50.2242       44.58331 
 50.22059      44.58536 
 50.2195       44.58178 
 50.23286      44.53928 
 50.23522      44.47136 
 50.23636      44.43833 
 50.23939      44.42895 
 50.23453      44.42097 
 50.23425      44.41342 
 50.23559      44.39583 
 50.24028      44.38198 
 50.26481      44.35158 
 50.26998      44.34764 
 50.28928      44.33836 
 50.30706      44.32686 
 50.32334      44.32145 
 50.34167      44.31198 
 50.36342      44.30664 
 50.38028      44.29842 
 50.40367      44.29345 
 50.416        44.29334 
 50.44778      44.29309 
 50.47386      44.2895 
 50.59045      44.28289 
 50.60339      44.28156 
 50.61567      44.27753 
 50.638        44.27464 
 50.64908      44.27136 
 50.66642      44.26925 
 50.69056      44.26073 
 50.70736      44.25728 
 50.72481      44.25125 
 50.7462       44.24612 
 50.75497      44.24256 
 50.77292      44.23531 
 50.81233      44.20956 
 50.82464      44.19881 
 50.84464      44.16453 
 50.85681      44.14089 
 50.86542      44.11703 
 50.87123      44.09362 
 50.86953      44.05736 
 50.86345      44.042 
 50.86281      44.04036 
 50.86361      44.02742 
 50.88328      44.01014 
 50.89153      44.0075 
 50.91361      44.00595 
 50.92406      44.00292 
 50.93689      43.9942 
 50.97239      43.95659 
 50.98533      43.94286 
 50.99231      43.93086 
 51            43.90206 
 1             27 
1
 -9999.0   ,   9990.0 
 193 
 52.63631      42.43103 
 52.65864      42.47945 
 52.66958      42.5217 
 52.67861      42.54814 
 52.67928      42.55253 
 52.68017      42.55856 
 52.67545      42.58909 
 52.66906      42.60406 
 52.64428      42.63959 
 52.6262       42.65686 
 52.6152       42.66511 
 52.60067      42.67603 
 52.58106      42.69425 
 52.55967      42.71073 
 52.55542      42.71734 
 52.55397      42.72367 
 52.55709      42.73228 
 52.56745      42.74436 
 52.573        42.74486 
 52.57603      42.74253 
 52.56892      42.72564 
 52.56978      42.7232 
 52.5712       42.71917 
 52.58078      42.70642 
 52.59209      42.69914 
 52.60073      42.6967 
 52.60839      42.68634 
 52.61484      42.68314 
 52.6245       42.68133 
 52.63375      42.6752 
 52.67156      42.63806 
 52.67684      42.63025 
 52.68703      42.61528 
 52.69956      42.57892 
 52.70261      42.57598 
 52.71406      42.58211 
 52.72786      42.5962 
 52.73686      42.61111 
 52.74092      42.62206 
 52.74339      42.63428 
 52.74614      42.64789 
 52.7465       42.67498 
 52.73981      42.7182 
 52.73736      42.72656 
 52.73061      42.73325 
 52.71723      42.73859 
 52.69903      42.7387 
 52.6727       42.73886 
 52.66514      42.74181 
 52.65095      42.75308 
 52.64367      42.75314 
 52.63534      42.74612 
 52.62142      42.74211 
 52.61636      42.74248 
 52.61675      42.74747 
 52.62817      42.75423 
 52.63148      42.76078 
 52.62742      42.77731 
 52.62095      42.78981 
 52.61931      42.79189 
 52.60984      42.80392 
 52.60331      42.80792 
 52.59211      42.81067 
 52.57373      42.81242 
 52.5172       42.82611 
 52.47189      42.83372 
 52.46467      42.83459 
 52.43075      42.83864 
 52.42211      42.83817 
 52.4125       42.83584 
 52.36481      42.83295 
 52.35081      42.82973 
 52.33217      42.82236 
 52.31509      42.81072 
 52.3092       42.80392 
 52.29392      42.78628 
 52.29059      42.78589 
 52.28773      42.78656 
 52.28217      42.79164 
 52.27353      42.80545 
 52.25428      42.83003 
 52.23267      42.85306 
 52.2257       42.85828 
 52.20837      42.86586 
 52.20339      42.86803 
 52.18225      42.87184 
 52.16781      42.87295 
 52.14672      42.87056 
 52.13025      42.87506 
 52.07281      42.86842 
 52.05897      42.86373 
 52.0427       42.86053 
 51.99375      42.85084 
 51.95956      42.83964 
 51.93292      42.82845 
 51.92081      42.82633 
 51.91214      42.82873 
 51.9017       42.83475 
 51.89397      42.84133 
 51.89117      42.84481 
 51.88464      42.85281 
 51.87728      42.86686 
 51.86642      42.87928 
 51.85581      42.88673 
 51.84522      42.90184 
 51.82886      42.91847 
 51.82175      42.93792 
 51.80967      42.94589 
 51.80561      42.9515 
 51.78461      42.98045 
 51.77809      42.99411 
 51.77456      43.01417 
 51.76803      43.02517 
 51.75584      43.03645 
 51.72497      43.05906 
 51.71578      43.06578 
 51.69136      43.0807 
 51.666        43.09347 
 51.65625      43.10036 
 51.65233      43.10509 
 51.66481      43.11492 
 51.66736      43.13303 
 51.6657       43.13789 
 51.66256      43.14084 
 51.66314      43.1485 
 51.66059      43.15525 
 51.65639      43.16631 
 51.64992      43.16884 
 51.64906      43.17145 
 51.65206      43.17761 
 51.64698      43.18022 
 51.63447      43.18342 
 51.62364      43.18445 
 51.61006      43.18489 
 51.59664      43.1835 
 51.51934      43.17211 
 51.50053      43.16934 
 51.49517      43.16675 
 51.48809      43.1595 
 51.47331      43.16297 
 51.46306      43.16358 
 51.43167      43.1615 
 51.3555       43.15378 
 51.3262       43.15078 
 51.29636      43.14525 
 51.28931      43.145 
 51.27408      43.14739 
 51.26828      43.15117 
 51.26392      43.16703 
 51.26486      43.18095 
 51.27081      43.20995 
 51.271        43.21089 
 51.28211      43.24198 
 51.29439      43.29009 
 51.31045      43.33234 
 51.31111      43.33409 
 51.31175      43.40237 
 51.31464      43.41434 
 51.30873      43.45775 
 51.30717      43.46931 
 51.30323      43.4765 
 51.29084      43.49023 
 51.29042      43.50364 
 51.28437      43.5192 
 51.28398      43.52495 
 51.2772       43.53448 
 51.27259      43.5497 
 51.2667       43.56134 
 51.25783      43.56906 
 51.25161      43.57295 
 51.23053      43.5862 
 51.22603      43.59317 
 51.22006      43.5932 
 51.21228      43.61092 
 51.20609      43.61531 
 51.18009      43.62589 
 51.16806      43.62886 
 51.16306      43.62456 
 51.16031      43.6222 
 51.15481      43.62556 
 51.13811      43.64614 
 51.11614      43.67322 
 51.10256      43.70339 
 51.09189      43.71884 
 51.08209      43.72692 
 51.0665       43.75698 
 51.06461      43.75911 
 51.05628      43.76853 
 51.03086      43.78762 
 51.02275      43.79578 
 51.01647      43.80533 
 51.01264      43.83922 
 51            43.898 
 1             28 
1
 -9999.0   ,   9990.0 
 2 
 52.62483      42.41353 
 52.63631      42.43103 
 1             29 
1
 -9999.0   ,   9990.0 
 73 
 52.77206      40 
 52.76736      40.00808 
 52.75878      40.01467 
 52.75753      40.01975 
 52.76333      40.03634 
 52.76353      40.04014 
 52.76375      40.04397 
 52.75964      40.05119 
 52.74708      40.06006 
 52.74089      40.07272 
 52.73631      40.076 
 52.73587      40.08133 
 52.74159      40.09122 
 52.75314      40.11106 
 52.76278      40.13608 
 52.76853      40.15967 
 52.76714      40.1695 
 52.759        40.18908 
 52.75408      40.19625 
 52.74806      40.20092 
 52.74378      40.20048 
 52.74298      40.19506 
 52.74175      40.18678 
 52.73836      40.18556 
 52.73678      40.18836 
 52.73786      40.20059 
 52.7415       40.2082 
 52.73772      40.2113 
 52.74697      40.22931 
 52.74717      40.22972 
 52.74658      40.2332 
 52.74292      40.23878 
 52.74134      40.2412 
 52.72792      40.25 
 52.7217       40.2567 
 52.70639      40.28736 
 52.70603      40.28806 
 52.70995      40.31714 
 52.7097       40.33878 
 52.72956      40.40742 
 52.72995      40.41117 
 52.73214      40.43353 
 52.73128      40.44647 
 52.73672      40.49564 
 52.74214      40.51406 
 52.7545       40.53406 
 52.76581      40.55236 
 52.79806      40.58906 
 52.81639      40.61492 
 52.83803      40.64228 
 52.86278      40.6735 
 52.86514      40.68395 
 52.86511      40.70022 
 52.86297      40.7092 
 52.85628      40.71464 
 52.85017      40.71661 
 52.84259      40.71645 
 52.8357       40.71158 
 52.83372      40.71231 
 52.83134      40.72744 
 52.83278      40.73289 
 52.83708      40.73308 
 52.839        40.73161 
 52.84086      40.7302 
 52.84331      40.73011 
 52.84467      40.73636 
 52.83795      40.74531 
 52.84006      40.74892 
 52.84536      40.74711 
 52.84967      40.74753 
 52.85314      40.75781 
 52.86164      40.76628 
 52.86972      40.78275 
 1             30 
1
 -9999.0   ,   9990.0 
 7 
 52.56148      41.51944 
 52.55548      41.51914 
 52.54961      41.51697 
 52.54636      41.50753 
 52.54792      41.50553 
 52.55478      41.51456 
 52.56148      41.51944 
 1             31 
1
 -9999.0   ,   9990.0 
 7 
 50.46031      40.39686 
 50.4625       40.39764 
 50.45659      40.40586 
 50.45295      40.40542 
 50.45595      40.40039 
 50.45375      40.39734 
 50.46031      40.39686 
 1             32 
1
 -9999.0   ,   9990.0 
 40 
 50.32092      40.4885 
 50.31623      40.48614 
 50.31397      40.48239 
 50.30964      40.48131 
 50.30364      40.47728 
 50.30311      40.47695 
 50.29664      40.47806 
 50.29545      40.47561 
 50.29964      40.47028 
 50.31272      40.46409 
 50.31867      40.45083 
 50.32425      40.4447 
 50.32436      40.43803 
 50.33275      40.43514 
 50.34148      40.42514 
 50.33272      40.42228 
 50.33367      40.42017 
 50.34022      40.41969 
 50.34295      40.41267 
 50.345        40.40733 
 50.34553      40.406 
 50.34659      40.40059 
 50.34909      40.38786 
 50.35234      40.38739 
 50.35081      40.40747 
 50.35256      40.41083 
 50.35623      40.41792 
 50.36083      40.42128 
 50.3607       40.42517 
 50.3565       40.43536 
 50.35108      40.43528 
 50.34622      40.43997 
 50.34392      40.45092 
 50.34072      40.45436 
 50.34564      40.46297 
 50.33834      40.48003 
 50.33361      40.48333 
 50.33114      40.48333 
 50.32731      40.48331 
 50.32092      40.4885 
 1             33 
1
 -9999.0   ,   9990.0 
 15 
 50            40.30842 
 50.00895      40.30847 
 50.01425      40.30853 
 50.01708      40.3072 
 50.0182       40.30897 
 50.01689      40.31067 
 50.006        40.31194 
 50            40.31267 
 49.99578      40.31317 
 49.99117      40.31372 
 49.98686      40.31286 
 49.98692      40.31056 
 49.99237      40.30836 
 49.99781      40.30839 
 50            40.30842 
 1             34 
1
 -9999.0   ,   9990.0 
 7 
 50.0417       40.30486 
 50.05217      40.30464 
 50.05603      40.30714 
 50.04611      40.30942 
 50.04006      40.30889 
 50.03889      40.30645 
 50.0417       40.30486 
 1             35 
1
 -9999.0   ,   9990.0 
 8 
 49.91931      40.28997 
 49.90731      40.28983 
 49.89797      40.29481 
 49.90159      40.29778 
 49.92197      40.29508 
 49.92992      40.29664 
 49.93056      40.29428 
 49.91931      40.28997 
 1             36 
1
 -9999.0   ,   9990.0 
 50 
 50.54056      40.2862 
 50.548        40.28819 
 50.55395      40.29261 
 50.56661      40.30825 
 50.56714      40.30847 
 50.56878      40.30917 
 50.57358      40.3112 
 50.58989      40.31461 
 50.59798      40.3145 
 50.60545      40.31189 
 50.60734      40.31575 
 50.60784      40.31678 
 50.60678      40.33019 
 50.602        40.3342 
 50.58612      40.34753 
 50.58395      40.3447 
 50.58517      40.34231 
 50.58261      40.34197 
 50.58181      40.34186 
 50.5735       40.3475 
 50.5682       40.34914 
 50.56481      40.35019 
 50.57003      40.3312 
 50.57006      40.32661 
 50.5662       40.32206 
 50.56564      40.32247 
 50.56562      40.3225 
 50.56345      40.32409 
 50.5627       40.32661 
 50.56267      40.32667 
 50.56153      40.33045 
 50.55906      40.33175 
 50.55053      40.33628 
 50.53828      40.34908 
 50.52753      40.35192 
 50.52525      40.35047 
 50.53134      40.34361 
 50.53797      40.34406 
 50.54322      40.3377 
 50.53703      40.33378 
 50.53806      40.33233 
 50.55131      40.32772 
 50.55467      40.32333 
 50.55461      40.32122 
 50.55428      40.31028 
 50.55656      40.30689 
 50.54825      40.29761 
 50.53695      40.28853 
 50.53795      40.28789 
 50.54056      40.2862 
 1             37 
1
 -9999.0   ,   9990.0 
 7 
 49.98025      40.28322 
 49.98339      40.28461 
 49.97983      40.29014 
 49.98131      40.29256 
 49.98003      40.29472 
 49.9702       40.28986 
 49.98025      40.28322 
 1             38 
1
 -9999.0   ,   9990.0 
 5 
 49.57698      40.03478 
 49.58689      40.03553 
 49.58287      40.04519 
 49.58         40.04353 
 49.57698      40.03478 
 1             39 
1
 -9999.0   ,   9990.0 
 4 
 52.79745      40 
 52.79111      40.00311 
 52.78339      40.0025 
 52.77714      40 
 1             40 
1
 -9999.0   ,   9990.0 
 22 
 52.88192      40 
 52.8805       40.00406 
 52.87553      40.009 
 52.8732       40.01133 
 52.87528      40.02153 
 52.87706      40.02342 
 52.87792      40.02434 
 52.87873      40.0252 
 52.88392      40.02711 
 52.89225      40.02692 
 52.90209      40.03111 
 52.91378      40.0292 
 52.91989      40.02969 
 52.92664      40.03231 
 52.93311      40.032 
 52.93556      40.0282 
 52.92903      40.02295 
 52.92778      40.01547 
 52.92259      40.01333 
 52.92045      40.01014 
 52.90822      40.00895 
 52.90361      40 
 1             41 
1
 -9999.0   ,   9990.0 
 8 
 53.19181      40 
 53.1745       40.00564 
 53.15667      40.00108 
 53.1512       40.00228 
 53.14567      40.001 
 53.13742      40.00369 
 53.13342      40.0035 
 53.13103      40 
 1             42 
1
 -9999.0   ,   9990.0 
 23 
 51.07028      45 
 51.06658      44.99753 
 51.05564      44.99189 
 51.048        44.98978 
 51.04523      44.989 
 51.03511      44.99064 
 51.01881      44.9977 
 51.0035       44.99656 
 51            44.99189 
 50.96092      44.98262 
 50.94775      44.97639 
 50.93611      44.95995 
 50.9152       44.93934 
 50.91253      44.93672 
 50.86656      44.89617 
 50.86725      44.87978 
 50.87139      44.87697 
 50.88003      44.87639 
 50.88328      44.87409 
 50.88411      44.87081 
 50.88133      44.86456 
 50.86978      44.8557 
 50.86567      44.84447 
 1             43 
1
 -9999.0   ,   9990.0 
 4 
 50.86567      44.84447 
 50.86412      44.83767 
 50.8657       44.83272 
 50.87459      44.82683 
 1             44 
1
 -9999.0   ,   9990.0 
 68 
 50.87459      44.82683 
 50.83675      44.83608 
 50.83506      44.8307 
 50.83928      44.82603 
 50.86161      44.81461 
 50.87475      44.81139 
 50.91575      44.81614 
 50.95389      44.8135 
 50.95639      44.81333 
 50.97348      44.81767 
 50.9792       44.82164 
 50.97731      44.82683 
 50.98156      44.83411 
 51            44.82881 
 51.01739      44.81567 
 51.02461      44.81342 
 51.0305       44.81047 
 51.03186      44.80414 
 51.05197      44.79878 
 51.08081      44.78609 
 51.11625      44.76406 
 51.11861      44.76186 
 51.12606      44.75492 
 51.13447      44.75009 
 51.14995      44.74442 
 51.15781      44.74425 
 51.16767      44.74175 
 51.17472      44.7362 
 51.19597      44.71598 
 51.20578      44.70189 
 51.22256      44.68511 
 51.22322      44.68186 
 51.23145      44.67186 
 51.23847      44.66334 
 51.25159      44.64306 
 51.25411      44.63389 
 51.24928      44.60878 
 51.25406      44.60514 
 51.26298      44.61292 
 51.26939      44.61248 
 51.27412      44.6165 
 51.27909      44.61864 
 51.27975      44.61787 
 51.27881      44.61367 
 51.28339      44.60422 
 51.27997      44.59886 
 51.27295      44.59698 
 51.26956      44.59445 
 51.26631      44.59203 
 51.26267      44.58623 
 51.2652       44.57956 
 51.26792      44.5785 
 51.27584      44.58 
 51.28433      44.58381 
 51.30414      44.58747 
 51.32475      44.58686 
 51.33131      44.58517 
 51.34675      44.58662 
 51.3622       44.58806 
 51.36953      44.58723 
 51.37511      44.589 
 51.38647      44.58823 
 51.4135       44.58961 
 51.429        44.58806 
 51.48839      44.5692 
 51.5267       44.54745 
 51.53509      44.53717 
 51.53634      44.53125 
 1             45 
1
 -9999.0   ,   9990.0 
 3 
 51.53634      44.53125 
 51.53503      44.52748 
 51.5292       44.523 
 1             46 
1
 -9999.0   ,   9990.0 
 95 
 48.53381      41.88503 
 48.53992      41.88117 
 48.54889      41.87553 
 48.55578      41.86347 
 48.57434      41.84853 
 48.58856      41.84297 
 48.59867      41.83303 
 48.61684      41.82381 
 48.66061      41.79353 
 48.67934      41.77742 
 48.69309      41.76767 
 48.6937       41.76725 
 48.70586      41.75628 
 48.71297      41.74739 
 48.72512      41.73322 
 48.73797      41.72333 
 48.75492      41.70009 
 48.76561      41.68539 
 48.78142      41.65859 
 48.78631      41.65534 
 48.79217      41.65595 
 48.79711      41.65339 
 48.84045      41.60767 
 48.84672      41.60231 
 48.85767      41.59295 
 48.87117      41.57914 
 48.89467      41.55514 
 48.926        41.52861 
 48.93642      41.51978 
 48.94786      41.50261 
 48.97989      41.47122 
 49.01256      41.42831 
 49.05483      41.38142 
 49.06828      41.36642 
 49.07525      41.35086 
 49.09525      41.33136 
 49.12331      41.2772 
 49.12398      41.272 
 49.1252       41.26261 
 49.13372      41.24147 
 49.1437       41.18053 
 49.15542      41.14886 
 49.15811      41.13953 
 49.15881      41.11628 
 49.17278      41.08909 
 49.17917      41.07725 
 49.18473      41.05123 
 49.18964      41.04289 
 49.18786      41.04203 
 49.18328      41.03981 
 49.18334      41.03728 
 49.19314      41.03259 
 49.20506      41.01558 
 49.22872      40.99495 
 49.25278      40.97861 
 49.2672       40.96561 
 49.28903      40.95422 
 49.29081      40.95247 
 49.29481      40.94858 
 49.31595      40.91867 
 49.32231      40.913 
 49.35125      40.9005 
 49.36867      40.88178 
 49.38497      40.86978 
 49.39303      40.85714 
 49.40264      40.84783 
 49.41211      40.84314 
 49.42248      40.84114 
 49.43586      40.8392 
 49.44831      40.83408 
 49.46211      40.83622 
 49.47328      40.836 
 49.48653      40.83267 
 49.49853      40.82622 
 49.5092       40.81569 
 49.51586      40.80172 
 49.52406      40.79342 
 49.52567      40.78872 
 49.52234      40.78572 
 49.51589      40.78475 
 49.51406      40.78164 
 49.51775      40.77411 
 49.5195       40.77053 
 49.50836      40.75609 
 49.508        40.75561 
 49.50711      40.75172 
 49.50572      40.74564 
 49.50689      40.71367 
 49.50939      40.70033 
 49.51012      40.69647 
 49.51409      40.67528 
 49.51442      40.67347 
 49.52095      40.66556 
 49.52698      40.65825 
 49.5285       40.6545 
 1             47 
1
 -9999.0   ,   9990.0 
 41 
 52.62483      42.41353 
 52.60356      42.3782 
 52.56861      42.31075 
 52.55992      42.29731 
 52.55109      42.28364 
 52.52395      42.25295 
 52.46075      42.19581 
 52.45275      42.18856 
 52.43917      42.17095 
 52.434        42.16098 
 52.42784      42.13523 
 52.42542      42.10786 
 52.41895      42.08253 
 52.42275      42.07756 
 52.42322      42.07736 
 52.43425      42.073 
 52.43903      42.06933 
 52.44322      42.06314 
 52.44428      42.05761 
 52.43581      42.03611 
 52.43539      42.01978 
 52.44053      42.01242 
 52.45006      42.00525 
 52.47631      41.97895 
 52.47761      41.97003 
 52.47859      41.96339 
 52.48775      41.94817 
 52.48984      41.94064 
 52.48934      41.91914 
 52.4912       41.90828 
 52.49142      41.89406 
 52.48561      41.86133 
 52.48245      41.85375 
 52.47809      41.84739 
 52.47272      41.83961 
 52.45728      41.80722 
 52.44978      41.79878 
 52.44303      41.78561 
 52.43953      41.77303 
 52.441        41.76589 
 52.44145      41.76545 
 1             48 
1
 -9999.0   ,   9990.0 
 105 
 52.86972      40.78275 
 52.87622      40.78906 
 52.87603      40.80411 
 52.88045      40.80947 
 52.87603      40.8167 
 52.88359      40.84284 
 52.89139      40.85003 
 52.8957       40.85664 
 52.90878      40.88822 
 52.912        40.89981 
 52.91378      40.90619 
 52.92106      40.91336 
 52.9402       40.94731 
 52.94734      40.98189 
 52.948        40.99017 
 52.94453      41.00217 
 52.9367       41.01881 
 52.92647      41.02914 
 52.92372      41.03561 
 52.92411      41.04078 
 52.92164      41.04417 
 52.91642      41.03836 
 52.90375      41.03692 
 52.90414      41.04167 
 52.90195      41.04508 
 52.87945      41.06628 
 52.87203      41.07025 
 52.87273      41.05561 
 52.86959      41.05092 
 52.86614      41.05303 
 52.86148      41.05034 
 52.85778      41.05511 
 52.85806      41.0615 
 52.86156      41.06519 
 52.85911      41.07147 
 52.85147      41.081 
 52.84737      41.08142 
 52.84634      41.08383 
 52.84672      41.10139 
 52.84425      41.11097 
 52.84722      41.11442 
 52.84936      41.13392 
 52.85214      41.14047 
 52.85706      41.15225 
 52.85659      41.16747 
 52.84683      41.20125 
 52.83998      41.21103 
 52.82736      41.22425 
 52.82056      41.24289 
 52.81859      41.2562 
 52.81867      41.25975 
 52.81911      41.27542 
 52.81461      41.29872 
 52.81042      41.30925 
 52.79837      41.33156 
 52.78784      41.3455 
 52.77214      41.37892 
 52.76728      41.38925 
 52.76023      41.398 
 52.75192      41.40347 
 52.74786      41.40439 
 52.74275      41.40331 
 52.73861      41.40681 
 52.72995      41.40578 
 52.72759      41.4075 
 52.72295      41.42275 
 52.71186      41.44283 
 52.70259      41.44836 
 52.69581      41.45689 
 52.68742      41.46184 
 52.67992      41.45961 
 52.67398      41.46189 
 52.66942      41.46361 
 52.66559      41.46983 
 52.65811      41.47358 
 52.65011      41.48617 
 52.6202       41.50447 
 52.61347      41.506 
 52.605        41.50575 
 52.59717      41.51031 
 52.58942      41.51117 
 52.58356      41.515 
 52.57761      41.52606 
 52.56881      41.53239 
 52.56047      41.53342 
 52.55659      41.53695 
 52.55561      41.53942 
 52.55514      41.54059 
 52.56028      41.55364 
 52.59186      41.61698 
 52.59748      41.63689 
 52.58959      41.65114 
 52.58853      41.65867 
 52.58642      41.67367 
 52.58109      41.68703 
 52.57739      41.69139 
 52.56831      41.69711 
 52.54189      41.70609 
 52.51478      41.72842 
 52.4947       41.73689 
 52.47909      41.73897 
 52.47753      41.7402 
 52.46747      41.74828 
 52.45233      41.75389 
 52.44145      41.76545 
 1             49 
1
 -9999.0   ,   9990.0 
 7 
 52.86972      40.78275 
 52.86667      40.78983 
 52.86789      40.80392 
 52.86964      40.80586 
 52.87181      40.80575 
 52.87314      40.79675 
 52.86972      40.78275 
 1             50 
1
 -9999.0   ,   9990.0 
 238 
 49.5285       40.6545 
 49.53247      40.64483 
 49.54342      40.63153 
 49.54634      40.63083 
 49.55897      40.62781 
 49.57386      40.62047 
 49.58898      40.61539 
 49.60503      40.6135 
 49.65945      40.61308 
 49.66264      40.61197 
 49.68598      40.58547 
 49.69553      40.57936 
 49.71395      40.57431 
 49.73325      40.57195 
 49.7467       40.57339 
 49.76278      40.57511 
 49.77292      40.57425 
 49.78978      40.56628 
 49.80781      40.56331 
 49.87028      40.57053 
 49.90639      40.57661 
 49.92547      40.57981 
 49.95295      40.58881 
 49.96742      40.59156 
 49.98034      40.59139 
 49.99484      40.58378 
 50            40.58333 
 50.00645      40.58278 
 50.04423      40.58947 
 50.05353      40.58933 
 50.0627       40.59295 
 50.06509      40.58764 
 50.05797      40.578 
 50.06042      40.57303 
 50.08217      40.55528 
 50.08636      40.54214 
 50.0912       40.53697 
 50.10228      40.53142 
 50.10808      40.52414 
 50.11525      40.52114 
 50.12047      40.52067 
 50.12103      40.52061 
 50.14323      40.51859 
 50.14639      40.51614 
 50.14847      40.51453 
 50.15784      40.51342 
 50.15828      40.51336 
 50.16122      40.513 
 50.16234      40.51242 
 50.17567      40.50536 
 50.1787       40.50672 
 50.18234      40.50836 
 50.18683      40.50828 
 50.19336      40.50509 
 50.20303      40.50536 
 50.20825      40.50361 
 50.21261      40.49989 
 50.21967      40.501 
 50.23139      40.4855 
 50.23186      40.47928 
 50.24153      40.47194 
 50.24375      40.46536 
 50.25342      40.46058 
 50.25617      40.45075 
 50.26225      40.44872 
 50.26781      40.45247 
 50.26834      40.45122 
 50.27539      40.4352 
 50.28297      40.42825 
 50.32064      40.41142 
 50.3312       40.40484 
 50.33184      40.40445 
 50.33283      40.40039 
 50.33486      40.39206 
 50.34278      40.37772 
 50.35503      40.36195 
 50.35728      40.35558 
 50.35717      40.35328 
 50.3562       40.33383 
 50.35789      40.32017 
 50.35286      40.3 
 50.35286      40.29997 
 50.35217      40.29714 
 50.35486      40.28897 
 50.359        40.27644 
 50.3587       40.27481 
 50.35742      40.26806 
 50.36017      40.26456 
 50.36314      40.26078 
 50.36442      40.24872 
 50.37009      40.24603 
 50.3685       40.23253 
 50.36828      40.23078 
 50.36934      40.20659 
 50.36356      40.19572 
 50.36014      40.22514 
 50.35667      40.23642 
 50.34981      40.24675 
 50.34814      40.25536 
 50.35047      40.26508 
 50.3457       40.28142 
 50.34428      40.2862 
 50.33906      40.29275 
 50.31684      40.31267 
 50.30834      40.31439 
 50.29614      40.32281 
 50.27878      40.32561 
 50.27539      40.32745 
 50.27475      40.32981 
 50.2485       40.34042 
 50.2255       40.34969 
 50.20948      40.35378 
 50.19495      40.35522 
 50.18092      40.3532 
 50.1735       40.35392 
 50.15556      40.36225 
 50.12656      40.36833 
 50.10723      40.36964 
 50.09334      40.3662 
 50.08492      40.36078 
 50.07953      40.35111 
 50.07814      40.34861 
 50.06839      40.34995 
 50.06525      40.34878 
 50.05873      40.35197 
 50.05106      40.35317 
 50.03867      40.35239 
 50.02242      40.34908 
 50.01631      40.34536 
 50.00995      40.33684 
 50.00289      40.3327 
 50            40.33256 
 49.99534      40.33228 
 49.99011      40.33386 
 49.97678      40.33786 
 49.96961      40.33811 
 49.95642      40.33558 
 49.95359      40.33503 
 49.95         40.33433 
 49.94656      40.34628 
 49.93967      40.35453 
 49.93536      40.35747 
 49.93075      40.36064 
 49.9212       40.36378 
 49.91312      40.36914 
 49.8942       40.37175 
 49.87614      40.37108 
 49.86575      40.3722 
 49.85684      40.37003 
 49.85286      40.37211 
 49.84312      40.36814 
 49.83642      40.36722 
 49.83061      40.36345 
 49.82764      40.35836 
 49.82772      40.35742 
 49.82817      40.35211 
 49.82884      40.35111 
 49.8315       40.34709 
 49.83348      40.34581 
 49.83967      40.34772 
 49.844        40.34606 
 49.84464      40.34372 
 49.8435       40.34267 
 49.84164      40.34095 
 49.83734      40.34006 
 49.83717      40.33125 
 49.83708      40.327 
 49.82962      40.30795 
 49.82464      40.30345 
 49.81836      40.30089 
 49.81045      40.30108 
 49.80642      40.30119 
 49.798        40.30378 
 49.77609      40.30061 
 49.75514      40.29458 
 49.75384      40.29423 
 49.75164      40.29317 
 49.74245      40.28875 
 49.73914      40.28656 
 49.72664      40.27828 
 49.71709      40.27567 
 49.7012       40.27828 
 49.69142      40.27797 
 49.69081      40.27786 
 49.68678      40.27694 
 49.68025      40.27547 
 49.67667      40.27295 
 49.67214      40.26978 
 49.66242      40.25731 
 49.64261      40.25097 
 49.64203      40.25061 
 49.63298      40.24492 
 49.63078      40.23842 
 49.63764      40.23819 
 49.63653      40.23597 
 49.63025      40.23339 
 49.62487      40.23328 
 49.62336      40.24178 
 49.62036      40.24233 
 49.61156      40.23478 
 49.59772      40.23042 
 49.57875      40.22445 
 49.57092      40.21875 
 49.56192      40.21217 
 49.54584      40.2072 
 49.52603      40.20361 
 49.51878      40.20017 
 49.4955       40.18047 
 49.47692      40.17703 
 49.47114      40.17325 
 49.46903      40.17017 
 49.46561      40.15156 
 49.46756      40.14025 
 49.46853      40.13467 
 49.46897      40.13209 
 49.471        40.12986 
 49.48453      40.11506 
 49.48484      40.11228 
 49.47242      40.11075 
 49.47125      40.10992 
 49.46598      40.10611 
 49.45425      40.1082 
 49.44456      40.10097 
 49.43545      40.09947 
 49.42811      40.09211 
 49.4162       40.08642 
 49.41517      40.08395 
 49.41389      40.08089 
 49.41264      40.07792 
 49.41284      40.07689 
 49.413        40.076 
 49.41478      40.06678 
 49.42117      40.05056 
 49.42214      40.049 
 49.43192      40.03339 
 49.4402       40.02395 
 49.46295      40.00464 
 49.46689      40 
