 5 
 1 
 1             1             
1
 -9999.0   ,   9990.0
   7
 13 
160.4318     -9.895416
160.4288     -9.894694
160.4265     -9.887305
160.4284     -9.883639
160.4319     -9.884167
160.4354     -9.880526
160.4428     -9.881528
160.4451     -9.884778
160.4419     -9.885444
160.4388     -9.888166
160.4427     -9.889806
160.443      -9.891666
160.4318     -9.895416
 1 
 1             2             
1
 -9999.0   ,   9990.0
   7
 7 
161.4408     -9.726306
161.4439     -9.718028
161.4471     -9.716917
161.4483     -9.719472
161.4466     -9.723139
161.4438     -9.726084
161.4408     -9.726306
 1 
 1             3             
1
 -9999.0   ,   9990.0
   7
 6 
160.3911     -9.700528
160.3934     -9.701
160.3965     -9.708167
160.3942     -9.711139
160.3906     -9.7035
160.3911     -9.700528
 1 
 1             4             
1
 -9999.0   ,   9990.0
   7
 8 
160.2985     -9.469055
160.2985     -9.475722
160.2905     -9.494944
160.2873     -9.491917
160.2854     -9.482694
160.2882     -9.476972
160.2934     -9.471528
160.2985     -9.469055
 1 
 1             5             
1
 -9999.0   ,   9990.0
   7
 7 
160.6904     -8.771751
160.687      -8.771
160.6758     -8.758694
160.6765     -8.755944
160.6788     -8.756416
160.6884     -8.767111
160.6904     -8.771751
