 4 
 1 
 1             1             
1
 -9999.0   ,   9990.0
   7
 11 
125.669      -9.139417
125.6723     -9.141084
125.6838     -9.171638
125.6877     -9.177222
125.6991     -9.186611
125.7045     -9.196361
125.7019     -9.198389
125.6814     -9.17875
125.6727     -9.158584
125.6681     -9.143084
125.669      -9.139417
 1 
 1             2             
1
 -9999.0   ,   9990.0
   7
 21 
125.4175     -9.219806
125.4152     -9.221611
125.4111     -9.218306
125.405      -9.205556
125.3971     -9.195056
125.391      -9.183695
125.3885     -9.167306
125.3844     -9.163555
125.3745     -9.160167
125.3685     -9.155249
125.364      -9.148028
125.3619     -9.136028
125.3624     -9.132584
125.3645     -9.130778
125.3751     -9.146361
125.3903     -9.157888
125.3952     -9.165111
125.4013     -9.191444
125.4195     -9.208999
125.4201     -9.215222
125.4175     -9.219806
 1 
 1             3             
1
 -9999.0   ,   9990.0
   7
 8 
126.0289     -9.077833
126.0266     -9.073889
126.0281     -9.070666
126.0346     -9.067528
126.0409     -9.066694
126.048      -9.070722
126.0414     -9.075
126.0289     -9.077833
 1 
 1             4             
1
 -9999.0   ,   9990.0
   7
 19 
127.1248     -8.441944
127.1314     -8.438084
127.1522     -8.434389
127.1561     -8.430056
127.1647     -8.429668
127.17       -8.431556
127.1771     -8.429806
127.1811     -8.431666
127.1775     -8.434778
127.1722     -8.439417
127.1569     -8.447556
127.1494     -8.461056
127.1407     -8.470166
127.1157     -8.478666
127.1113     -8.477472
127.1068     -8.471444
127.1073     -8.465222
127.1188     -8.446028
127.1248     -8.441944
