 61 
 1             1 
1
 -9999.0   ,   9990.0 
 87 
 60.20597      70 
 60.24778      69.98389 
 60.281        69.97361 
 60.29547      69.96914 
 60.33136      69.95983 
 60.34145      69.94431 
 60.35553      69.94006 
 60.35742      69.93967 
 60.36861      69.93731 
 60.3922       69.94603 
 60.4062       69.9428 
 60.4165       69.93461 
 60.44089      69.93353 
 60.44831      69.9299 
 60.45245      69.9199 
 60.4642       69.91123 
 60.4775       69.90781 
 60.4757       69.90314 
 60.45561      69.899 
 60.45161      69.89564 
 60.45642      69.88361 
 60.4837       69.85786 
 60.54242      69.82161 
 60.554        69.80158 
 60.55286      69.79706 
 60.5455       69.79175 
 60.51414      69.7867 
 60.50706      69.78415 
 60.47558      69.7574 
 60.4805       69.74897 
 60.49031      69.7322 
 60.48606      69.72608 
 60.47364      69.72089 
 60.49595      69.71175 
 60.46606      69.71498 
 60.45481      69.71428 
 60.43672      69.71598 
 60.40956      69.72123 
 60.40283      69.72381 
 60.39622      69.73116 
 60.3772       69.73673 
 60.38575      69.70814 
 60.39537      69.70675 
 60.402        69.70853 
 60.41236      69.7075 
 60.416        69.7045 
 60.40836      69.70298 
 60.39167      69.70397 
 60.36334      69.70233 
 60.32064      69.70292 
 60.3085       69.69928 
 60.30575      69.69605 
 60.30973      69.69025 
 60.29722      69.68703 
 60.27648      69.68786 
 60.2477       69.69798 
 60.24428      69.69458 
 60.24745      69.68941 
 60.26712      69.68406 
 60.27059      69.68066 
 60.26842      69.67861 
 60.24561      69.67997 
 60.23084      69.67789 
 60.21345      69.67973 
 60.2005       69.68825 
 60.18106      69.69061 
 60.17914      69.68675 
 60.208        69.6699 
 60.19673      69.67018 
 60.16686      69.68508 
 60.16139      69.6914 
 60.1377       69.69678 
 60.12923      69.6982 
 60.06728      69.70851 
 60.04883      69.71416 
 60.03667      69.71595 
 60.01731      69.71881 
 60.01145      69.71856 
 60.00633      69.71625 
 60.02306      69.70475 
 60.01886      69.70081 
 60.03661      69.69048 
 60.04428      69.686 
 60.04         69.68425 
 60.03661      69.68486 
 60.02684      69.68661 
 60            69.6962 
 1             2 
1
 -9999.0   ,   9990.0 
 149 
 60            68.68411 
 60.01292      68.68322 
 60.03475      68.67184 
 60.04239      68.66786 
 60.04842      68.6667 
 60.07228      68.67458 
 60.16464      68.67428 
 60.26495      68.67389 
 60.27236      68.67416 
 60.37459      68.67789 
 60.42842      68.684 
 60.49642      68.69778 
 60.54972      68.71386 
 60.57689      68.72567 
 60.61692      68.739 
 60.64039      68.74983 
 60.69695      68.7874 
 60.71253      68.79217 
 60.719        68.79415 
 60.74886      68.8175 
 60.77542      68.8375 
 60.79436      68.85758 
 60.82614      68.87465 
 60.84936      68.88008 
 60.87675      68.88286 
 60.90872      68.88372 
 60.96006      68.88084 
 60.96889      68.88033 
 60.97353      68.87642 
 60.97289      68.87297 
 60.97259      68.87131 
 60.94786      68.8554 
 60.94325      68.84853 
 60.9455       68.8432 
 60.955        68.84016 
 60.97228      68.8394 
 60.98842      68.84292 
 61.00528      68.84998 
 61.01356      68.851 
 61.08178      68.8462 
 61.10534      68.84261 
 61.13717      68.83266 
 61.14809      68.82814 
 61.15767      68.8217 
 61.15831      68.82125 
 61.15731      68.81935 
 61.16478      68.81145 
 61.16072      68.79833 
 61.16339      68.79178 
 61.17172      68.78661 
 61.18534      68.78308 
 61.20225      68.78173 
 61.22003      68.78411 
 61.22681      68.78765 
 61.19823      68.78878 
 61.18234      68.79428 
 61.18133      68.79872 
 61.19478      68.80759 
 61.20914      68.83197 
 61.20133      68.84348 
 61.18903      68.8495 
 61.15242      68.85461 
 61.11892      68.86245 
 61.10398      68.87845 
 61.0975       68.87989 
 61.08614      68.88245 
 61.07778      68.88658 
 61.06547      68.89381 
 61.04059      68.89389 
 61.02003      68.89586 
 61.00203      68.90286 
 60.97181      68.91945 
 60.95922      68.91866 
 60.96384      68.9104 
 60.96258      68.9069 
 60.9555       68.90498 
 60.94531      68.90664 
 60.9442       68.90756 
 60.936        68.91445 
 60.93467      68.92589 
 60.95364      68.94239 
 60.959        68.9515 
 60.96684      68.96486 
 60.96906      68.97886 
 60.9855       68.98814 
 60.98308      68.99211 
 60.96153      69.0053 
 60.95667      69.02178 
 60.94028      69.04403 
 60.94075      69.05036 
 60.95331      69.0585 
 60.96158      69.06375 
 60.954        69.07283 
 60.92689      69.09058 
 60.88956      69.12117 
 60.86492      69.13633 
 60.861        69.13828 
 60.84714      69.14525 
 60.80539      69.15556 
 60.78034      69.15578 
 60.76892      69.15028 
 60.76178      69.14685 
 60.75617      69.1402 
 60.7535       69.12503 
 60.75631      69.11847 
 60.78031      69.09539 
 60.77492      69.09133 
 60.71258      69.09936 
 60.67111      69.1112 
 60.65631      69.11953 
 60.64656      69.12973 
 60.63214      69.14478 
 60.64403      69.21398 
 60.64467      69.2331 
 60.63595      69.25136 
 60.62947      69.25636 
 60.5972       69.27036 
 60.51498      69.31839 
 60.45558      69.35895 
 60.43886      69.37033 
 60.414        69.38961 
 60.40406      69.39461 
 60.3922       69.39572 
 60.38667      69.39825 
 60.37797      69.41033 
 60.36725      69.41836 
 60.34059      69.43075 
 60.31623      69.43645 
 60.30878      69.44089 
 60.29608      69.47251 
 60.28725      69.47645 
 60.26773      69.47823 
 60.26097      69.48061 
 60.24903      69.49208 
 60.24372      69.49401 
 60.2197       69.49706 
 60.21622      69.50148 
 60.23075      69.51031 
 60.23548      69.52336 
 60.23386      69.53161 
 60.22697      69.53841 
 60.20881      69.54428 
 60.18731      69.54798 
 60.18367      69.55098 
 60.18925      69.56814 
 60.2122       69.5801 
 60.21208      69.58448 
 60.19762      69.5979 
 60.19892      69.60033 
 1             3 
1
 -9999.0   ,   9990.0 
 28 
 67.36833      70 
 67.34739      69.99315 
 67.33535      69.98839 
 67.31922      69.98528 
 67.31346      69.98153 
 67.30431      69.97361 
 67.29342      69.96416 
 67.26097      69.95697 
 67.24436      69.95661 
 67.231        69.958 
 67.2055       69.95645 
 67.18395      69.95811 
 67.15556      69.9555 
 67.11578      69.94375 
 67.08825      69.94535 
 67.06671      69.94397 
 67.04481      69.94791 
 67.01821      69.94745 
 67.0097       69.9496 
 67.00608      69.9505 
 66.99453      69.9568 
 66.96789      69.96231 
 66.95956      69.96741 
 66.96078      69.97361 
 66.96222      69.98092 
 66.9544       69.99086 
 66.9561       69.99603 
 66.96495      70 
 1             4 
1
 -9999.0   ,   9990.0 
 202 
 66.93086      70 
 66.90225      69.97361 
 66.88711      69.95966 
 66.87703      69.93745 
 66.86828      69.9197 
 66.85147      69.90058 
 66.82731      69.84465 
 66.82872      69.81392 
 66.83048      69.77565 
 66.81409      69.72495 
 66.80753      69.7027 
 66.81945      69.68211 
 66.8165       69.64 
 66.82746      69.63185 
 66.82711      69.61636 
 66.82961      69.61373 
 66.83731      69.61275 
 66.83225      69.60325 
 66.8305       69.59991 
 66.83139      69.57139 
 66.84534      69.56084 
 66.846        69.5549 
 66.85623      69.54967 
 66.90708      69.53306 
 66.9244       69.52225 
 66.93498      69.51311 
 66.93165      69.50581 
 66.93545      69.50461 
 66.94478      69.50581 
 66.96306      69.51211 
 66.96647      69.51248 
 66.98506      69.51445 
 67.00305      69.5244 
 67.0009       69.52636 
 66.96108      69.52558 
 66.95865      69.53261 
 66.94984      69.53767 
 66.95448      69.54506 
 66.94297      69.55023 
 66.92939      69.56308 
 66.91433      69.56433 
 66.88931      69.57615 
 66.88672      69.59236 
 66.87635      69.60381 
 66.87635      69.60531 
 66.87628      69.61578 
 66.88275      69.6235 
 66.89203      69.62795 
 66.93108      69.63533 
 66.94681      69.63572 
 66.95125      69.63758 
 66.95734      69.6508 
 66.96603      69.65358 
 66.97742      69.65028 
 66.97678      69.64125 
 66.9545       69.63175 
 66.93964      69.62798 
 66.92415      69.62714 
 66.90383      69.62373 
 66.90208      69.61281 
 66.91072      69.61408 
 66.9889       69.62575 
 66.99939      69.63047 
 67.02665      69.63467 
 67.03198      69.63911 
 67.02673      69.65405 
 67.02175      69.65631 
 67.00048      69.65956 
 66.98648      69.66573 
 66.98047      69.67186 
 66.9827       69.67431 
 67.00536      69.6755 
 67.0162       69.67953 
 67.02317      69.68775 
 67.02986      69.69065 
 67.04486      69.6912 
 67.04664      69.691 
 67.05603      69.68995 
 67.072        69.68525 
 67.10603      69.66953 
 67.14911      69.65728 
 67.23617      69.65028 
 67.24381      69.64792 
 67.25205      69.64098 
 67.27778      69.6303 
 67.30861      69.62156 
 67.32315      69.61908 
 67.34917      69.61464 
 67.35811      69.60911 
 67.39147      69.60047 
 67.42022      69.60423 
 67.44505      69.60481 
 67.44845      69.60936 
 67.47156      69.60775 
 67.49978      69.61286 
 67.52436      69.6109 
 67.53316      69.60555 
 67.52935      69.59735 
 67.55317      69.59392 
 67.60275      69.58236 
 67.639        69.57909 
 67.65853      69.57478 
 67.70686      69.54173 
 67.70925      69.54075 
 67.73991      69.52817 
 67.773        69.52106 
 67.80964      69.50336 
 67.82516      69.49897 
 67.83691      69.49748 
 67.85872      69.4905 
 67.90845      69.49245 
 67.9232       69.48995 
 67.94197      69.4805 
 67.97992      69.4702 
 67.98303      69.46936 
 68.01025      69.46675 
 68.03458      69.46814 
 68.0449       69.47025 
 68.06734      69.48167 
 68.06292      69.48628 
 68.05725      69.48739 
 68.04117      69.48665 
 68.032        69.48825 
 68.02603      69.4935 
 68.02558      69.49966 
 68.0364       69.51239 
 68.04128      69.515 
 68.12117      69.51895 
 68.12636      69.5139 
 68.13486      69.5122 
 68.14881      69.51861 
 68.15745      69.51833 
 68.16456      69.51522 
 68.14066      69.49203 
 68.13106      69.48628 
 68.12753      69.48015 
 68.13433      69.47265 
 68.13458      69.46692 
 68.14206      69.46105 
 68.13689      69.45575 
 68.1337       69.44041 
 68.13298      69.43695 
 68.13792      69.43259 
 68.13486      69.43197 
 68.1355       69.42695 
 68.13953      69.42323 
 68.12425      69.41536 
 68.1102       69.38192 
 68.10956      69.38042 
 68.11936      69.37698 
 68.12165      69.37272 
 68.11595      69.36715 
 68.07733      69.35061 
 68.06717      69.34828 
 68.04381      69.34808 
 68.0326       69.3434 
 68.03375      69.337 
 68.02517      69.33731 
 68.02611      69.3332 
 68.02745      69.3318 
 68.05517      69.30331 
 68.0662       69.2712 
 68.07421      69.26214 
 68.11576      69.22111 
 68.13472      69.2087 
 68.2312       69.15141 
 68.31278      69.11042 
 68.31856      69.10648 
 68.38603      69.0603 
 68.39173      69.05642 
 68.4087       69.04158 
 68.42645      69.01736 
 68.429        69.00322 
 68.44505      68.99089 
 68.4485       68.98825 
 68.48595      68.9677 
 68.534        68.94947 
 68.61681      68.92475 
 68.658        68.91466 
 68.6986       68.90786 
 68.71081      68.90581 
 68.7331       68.9059 
 68.75747      68.90166 
 68.76978      68.9011 
 68.79128      68.90342 
 68.80111      68.90639 
 68.82142      68.9066 
 68.85073      68.901 
 68.86173      68.90422 
 68.87939      68.90478 
 68.87645      68.9097 
 68.89045      68.91536 
 68.93428      68.92717 
 68.95409      68.93078 
 68.98214      68.93083 
 68.99215      68.93333 
 69.00506      68.93667 
 69.04461      68.93858 
 69.05942      68.93623 
 69.07191      68.93311 
 69.05448      68.92617 
 69.05653      68.92189 
 1             5 
1
 -9999.0   ,   9990.0 
 11 
 61.22975      69.83605 
 61.23672      69.8372 
 61.2602       69.83466 
 61.26781      69.83798 
 61.26545      69.84211 
 61.23175      69.8577 
 61.17739      69.86622 
 61.17614      69.8629 
 61.20689      69.84714 
 61.21506      69.83881 
 61.22975      69.83605 
 1             6 
1
 -9999.0   ,   9990.0 
 6 
 60.67167      69.65881 
 60.67448      69.66203 
 60.67134      69.667 
 60.64648      69.66436 
 60.65145      69.66067 
 60.67167      69.65881 
 1             7 
1
 -9999.0   ,   9990.0 
 16 
 60.7762       69.63381 
 60.77595      69.631 
 60.75831      69.63461 
 60.75114      69.63766 
 60.71908      69.64428 
 60.69747      69.64564 
 60.69053      69.64767 
 60.68556      69.65136 
 60.6877       69.65881 
 60.69328      69.66185 
 60.71834      69.66047 
 60.73614      69.65615 
 60.73772      69.64928 
 60.745        69.64347 
 60.76778      69.6378 
 60.7762       69.63381 
 1             8 
1
 -9999.0   ,   9990.0 
 17 
 60.64923      69.63192 
 60.64703      69.62767 
 60.64997      69.6245 
 60.67084      69.6262 
 60.68439      69.62473 
 60.70253      69.62 
 60.71459      69.62125 
 60.72573      69.61953 
 60.73736      69.61222 
 60.74817      69.61214 
 60.74475      69.61656 
 60.72928      69.62528 
 60.72853      69.63492 
 60.68934      69.64098 
 60.683        69.63975 
 60.67725      69.63414 
 60.64923      69.63192 
 1             9 
1
 -9999.0   ,   9990.0 
 12 
 66.97536      69.47956 
 66.98573      69.48289 
 67.01598      69.5009 
 67.01911      69.50428 
 67.01131      69.50708 
 66.99668      69.50145 
 66.97483      69.50028 
 66.9691       69.49836 
 66.95247      69.48686 
 66.95695      69.48111 
 66.96361      69.4794 
 66.97536      69.47956 
 1             10 
1
 -9999.0   ,   9990.0 
 56 
 67.3          69.44628 
 67.29806      69.44778 
 67.30803      69.4552 
 67.30614      69.45811 
 67.2947       69.4619 
 67.2987       69.46486 
 67.30614      69.46433 
 67.31123      69.4616 
 67.32066      69.46253 
 67.34448      69.47136 
 67.32798      69.47628 
 67.32968      69.47823 
 67.33242      69.48133 
 67.38467      69.50386 
 67.38765      69.51715 
 67.39416      69.52506 
 67.39056      69.52742 
 67.39228      69.52959 
 67.377        69.53778 
 67.37114      69.55014 
 67.35631      69.56503 
 67.35595      69.57678 
 67.35167      69.58071 
 67.34003      69.58171 
 67.2987       69.57658 
 67.27461      69.57741 
 67.23828      69.57136 
 67.22003      69.5709 
 67.19328      69.56258 
 67.17828      69.55636 
 67.14746      69.54359 
 67.13253      69.53543 
 67.12031      69.53178 
 67.0927       69.5135 
 67.0765       69.49928 
 67.07156      69.50153 
 67.05936      69.49789 
 67.03856      69.48525 
 67.03997      69.4805 
 67.03592      69.47475 
 67.05306      69.46311 
 67.05735      69.46022 
 67.07275      69.45556 
 67.08451      69.45198 
 67.11042      69.44666 
 67.14453      69.44203 
 67.17103      69.43675 
 67.17353      69.44011 
 67.18158      69.43961 
 67.19473      69.435 
 67.214        69.43278 
 67.2553       69.43264 
 67.31361      69.44192 
 67.32625      69.44925 
 67.32111      69.4506 
 67.3          69.44628 
 1             11 
1
 -9999.0   ,   9990.0 
 10 
 67.60586      69.47448 
 67.59495      69.47308 
 67.58336      69.47411 
 67.59265      69.47711 
 67.59675      69.47664 
 67.60889      69.47747 
 67.62145      69.47556 
 67.62256      69.47286 
 67.61508      69.47222 
 67.60586      69.47448 
 1             12 
1
 -9999.0   ,   9990.0 
 11 
 67.19261      69.36322 
 67.1862       69.3645 
 67.19289      69.37178 
 67.18476      69.3725 
 67.228        69.39367 
 67.24458      69.39775 
 67.27108      69.4001 
 67.29642      69.40508 
 67.30067      69.40275 
 67.28003      69.3943 
 67.19261      69.36322 
 1             13 
1
 -9999.0   ,   9990.0 
 38 
 66.96122      69.42648 
 66.96503      69.43728 
 66.9737       69.44445 
 66.98708      69.44378 
 67.01375      69.43528 
 67.04578      69.42939 
 67.11467      69.42156 
 67.13548      69.42495 
 67.1836       69.42428 
 67.21391      69.41758 
 67.25164      69.41995 
 67.27959      69.4217 
 67.28633      69.42275 
 67.29889      69.42871 
 67.31853      69.43181 
 67.3262       69.42758 
 67.32461      69.42358 
 67.3004       69.40967 
 67.2867       69.40642 
 67.27036      69.40486 
 67.25186      69.40528 
 67.23736      69.40245 
 67.21142      69.39117 
 67.19739      69.38883 
 67.18795      69.38486 
 67.17267      69.37323 
 67.17256      69.36586 
 67.17695      69.36339 
 67.18798      69.35723 
 67.18381      69.3517 
 67.17509      69.34917 
 67.1631       69.34831 
 67.13084      69.3535 
 67.0559       69.36978 
 67.00736      69.38678 
 66.97747      69.40428 
 66.95731      69.4235 
 66.96122      69.42648 
 1             14 
1
 -9999.0   ,   9990.0 
 398 
 64.95348      69.25235 
 64.95831      69.25058 
 64.9872       69.24786 
 64.99498      69.25045 
 65            69.25042 
 65.00745      69.25036 
 65.01458      69.25291 
 65.02936      69.25342 
 65.02214      69.25598 
 65.05458      69.25764 
 65.102        69.25447 
 65.1337       69.25006 
 65.15295      69.24067 
 65.18464      69.21978 
 65.21778      69.20975 
 65.2842       69.18964 
 65.3902       69.17 
 65.47633      69.15445 
 65.56353      69.14631 
 65.59195      69.14139 
 65.69456      69.1307 
 65.71789      69.12614 
 65.73326      69.12314 
 65.77806      69.12036 
 65.81372      69.11491 
 65.88385      69.10789 
 65.90114      69.10156 
 65.94798      69.09703 
 65.98098      69.09161 
 66.05403      69.09303 
 66.09623      69.08864 
 66.13285      69.08228 
 66.16406      69.08045 
 66.20208      69.0737 
 66.21958      69.06942 
 66.23781      69.0622 
 66.26292      69.05675 
 66.28767      69.04506 
 66.32809      69.02595 
 66.3601       69.01511 
 66.41053      69.0019 
 66.45728      68.97967 
 66.51025      68.94989 
 66.55696      68.92358 
 66.56753      68.91565 
 66.56597      68.90908 
 66.54946      68.91597 
 66.538        68.91717 
 66.50906      68.93847 
 66.49783      68.9467 
 66.45978      68.96136 
 66.41292      68.98817 
 66.3745       68.9991 
 66.32347      69.00647 
 66.28373      69.02286 
 66.27258      69.02656 
 66.23348      69.03953 
 66.2087       69.05261 
 66.16922      69.06389 
 66.15936      69.06423 
 66.14616      69.06758 
 66.13766      69.06778 
 66.1334       69.06453 
 66.12722      69.06392 
 66.1109       69.06433 
 66.06792      69.06914 
 66.05611      69.0668 
 66.04531      69.06917 
 66.0362       69.06792 
 66.03748      69.06385 
 66.02722      69.06231 
 66.01822      69.06361 
 65.99697      69.06208 
 65.99531      69.06015 
 65.98136      69.06228 
 65.97322      69.0699 
 65.9565       69.0765 
 65.9525       69.0876 
 65.93972      69.08653 
 65.93533      69.08786 
 65.92189      69.08803 
 65.88973      69.08631 
 65.88116      69.09061 
 65.86923      69.08989 
 65.8655       69.0869 
 65.8919       69.08041 
 65.88878      69.07885 
 65.88028      69.079 
 65.86217      69.08436 
 65.85836      69.0802 
 65.86156      69.07625 
 65.8554       69.07564 
 65.84959      69.07828 
 65.84931      69.0829 
 65.83442      69.08961 
 65.81842      69.08653 
 65.81264      69.08781 
 65.80611      69.09456 
 65.79886      69.0962 
 65.79703      69.09331 
 65.7855       69.09306 
 65.78031      69.09045 
 65.78547      69.08776 
 65.78447      69.08583 
 65.77386      69.08633 
 65.77495      69.10308 
 65.77517      69.10631 
 65.78543      69.10786 
 65.78403      69.10939 
 65.76836      69.11097 
 65.76414      69.10631 
 65.75545      69.10555 
 65.74681      69.10733 
 65.72197      69.10648 
 65.7027       69.11014 
 65.66389      69.10865 
 65.61573      69.12483 
 65.60925      69.1235 
 65.57315      69.1335 
 65.569        69.1314 
 65.58117      69.1252 
 65.61345      69.11889 
 65.61698      69.11661 
 65.62775      69.10961 
 65.64108      69.10628 
 65.68418      69.10298 
 65.6914       69.09486 
 65.71585      69.08989 
 65.71978      69.08715 
 65.72165      69.07406 
 65.73525      69.06866 
 65.7724       69.06541 
 65.7974       69.05656 
 65.80748      69.0477 
 65.83836      69.04798 
 65.8499       69.05356 
 65.8588       69.05781 
 65.90293      69.05611 
 65.94295      69.044 
 65.99247      69.04031 
 66.00148      69.03761 
 65.9991       69.03586 
 65.96646      69.03664 
 65.96856      69.03492 
 66.00205      69.03095 
 66.02896      69.03003 
 66.0467       69.0262 
 66.04978      69.0255 
 66.0642       69.02778 
 66.0757       69.02661 
 66.09483      69.02708 
 66.09986      69.02461 
 66.08816      69.01928 
 66.10711      69.01603 
 66.10814      69.02072 
 66.17956      69.00164 
 66.21242      68.9849 
 66.23766      68.979 
 66.25039      68.97931 
 66.25584      68.98425 
 66.26921      68.98735 
 66.28653      68.98883 
 66.29978      68.988 
 66.30739      68.98406 
 66.31692      68.97305 
 66.3049       68.9615 
 66.314        68.9542 
 66.32889      68.94836 
 66.35581      68.94141 
 66.37075      68.93398 
 66.38758      68.92942 
 66.40351      68.92689 
 66.43941      68.92831 
 66.44806      68.92609 
 66.55086      68.89989 
 66.65448      68.87839 
 66.75117      68.86636 
 66.76698      68.86381 
 66.80764      68.86286 
 66.90353      68.85076 
 66.92786      68.8477 
 66.95931      68.84575 
 66.99686      68.83998 
 67.02246      68.83978 
 67.06216      68.8318 
 67.08431      68.83072 
 67.09822      68.82643 
 67.16656      68.8154 
 67.17078      68.81286 
 67.1402       68.80681 
 67.12223      68.80483 
 67.09456      68.80178 
 67.08791      68.79933 
 67.0842       68.79153 
 67.06948      68.79025 
 67.06753      68.78578 
 67.0772       68.76578 
 67.0777       68.75706 
 67.08691      68.75017 
 67.09317      68.74892 
 67.12773      68.74828 
 67.13908      68.74541 
 67.17106      68.72806 
 67.1819       68.71276 
 67.18476      68.70873 
 67.20264      68.6915 
 67.23311      68.67748 
 67.26335      68.67015 
 67.28408      68.66735 
 67.34731      68.66428 
 67.37495      68.66161 
 67.39298      68.65611 
 67.37045      68.65239 
 67.35541      68.65206 
 67.34372      68.64658 
 67.36006      68.6484 
 67.37053      68.64595 
 67.39111      68.6482 
 67.42589      68.64498 
 67.43131      68.6425 
 67.43881      68.63323 
 67.5439       68.58947 
 67.59389      68.57603 
 67.63189      68.56578 
 67.65823      68.55148 
 67.68515      68.54528 
 67.69728      68.53992 
 67.70246      68.53145 
 67.71755      68.52648 
 67.7237       68.52195 
 67.71408      68.51591 
 67.71795      68.51083 
 67.72664      68.50623 
 67.80295      68.48836 
 67.81136      68.48642 
 67.83141      68.47985 
 67.8465       68.47139 
 67.84456      68.46992 
 67.8262       68.47542 
 67.81486      68.47553 
 67.78555      68.4867 
 67.76975      68.48864 
 67.72359      68.48811 
 67.74765      68.47275 
 67.7622       68.47075 
 67.7826       68.46167 
 67.79425      68.45078 
 67.80109      68.44928 
 67.80341      68.44642 
 67.78236      68.44256 
 67.78464      68.43992 
 67.79547      68.43608 
 67.78939      68.43073 
 67.7984       68.42681 
 67.80197      68.428 
 67.81672      68.43281 
 67.80635      68.43711 
 67.8171       68.44342 
 67.84206      68.44517 
 67.84735      68.44773 
 67.86225      68.44964 
 67.89281      68.44659 
 67.92286      68.43985 
 67.94089      68.43846 
 67.97305      68.43273 
 68.0214       68.42086 
 68.04867      68.41417 
 68.06911      68.41008 
 68.13961      68.39592 
 68.17358      68.38656 
 68.19353      68.36936 
 68.2092       68.36391 
 68.2292       68.36031 
 68.22311      68.35472 
 68.21703      68.35603 
 68.20978      68.35546 
 68.21098      68.35389 
 68.25164      68.33428 
 68.25764      68.32701 
 68.26041      68.32367 
 68.27683      68.3125 
 68.27365      68.30753 
 68.25661      68.29955 
 68.2266       68.27948 
 68.21556      68.27731 
 68.19422      68.27973 
 68.18135      68.27931 
 68.17871      68.27803 
 68.19698      68.27042 
 68.20545      68.26234 
 68.2032       68.25486 
 68.18789      68.24053 
 68.18833      68.23067 
 68.19833      68.22011 
 68.19197      68.21543 
 68.19853      68.21436 
 68.22736      68.21856 
 68.24281      68.21865 
 68.25992      68.21578 
 68.27503      68.20986 
 68.27589      68.20736 
 68.27223      68.20558 
 68.25081      68.20314 
 68.24965      68.20125 
 68.25886      68.19964 
 68.27881      68.2027 
 68.29056      68.1975 
 68.30326      68.18778 
 68.30603      68.17826 
 68.30245      68.17441 
 68.27911      68.1705 
 68.26639      68.16628 
 68.26535      68.16592 
 68.26097      68.15903 
 68.27836      68.14655 
 68.27661      68.14281 
 68.25536      68.13671 
 68.27735      68.13731 
 68.28778      68.1392 
 68.291        68.14395 
 68.2782       68.1592 
 68.27866      68.16311 
 68.29716      68.16842 
 68.30386      68.1669 
 68.33245      68.1699 
 68.38472      68.19864 
 68.40206      68.20386 
 68.4165       68.205 
 68.42284      68.20806 
 68.43153      68.2062 
 68.43801      68.2072 
 68.43975      68.21278 
 68.4467       68.21772 
 68.47136      68.2304 
 68.4981       68.2372 
 68.51223      68.2482 
 68.52766      68.25008 
 68.54639      68.25511 
 68.57017      68.25623 
 68.58703      68.2522 
 68.60745      68.25222 
 68.59211      68.25725 
 68.53672      68.26336 
 68.53606      68.26886 
 68.5446       68.27295 
 68.54789      68.27953 
 68.57198      68.29422 
 68.58636      68.29928 
 68.61798      68.3049 
 68.59761      68.30991 
 68.58608      68.31098 
 68.5847       68.31323 
 68.58365      68.33615 
 68.58875      68.34835 
 68.5995       68.36056 
 68.65097      68.4032 
 68.65103      68.4032 
 68.66739      68.41673 
 68.68545      68.43165 
 68.75039      68.4684 
 68.77678      68.49208 
 68.79823      68.5027 
 68.8157       68.51773 
 68.82914      68.5265 
 68.85011      68.5402 
 68.92147      68.60653 
 68.94745      68.63431 
 68.98228      68.68315 
 68.99253      68.70172 
 68.99292      68.70683 
 68.99486      68.73281 
 68.99945      68.7399 
 69.02131      68.75025 
 69.03767      68.77736 
 69.06181      68.79058 
 69.06528      68.7974 
 69.09614      68.80766 
 69.12339      68.80766 
 69.13092      68.80983 
 69.12083      68.81355 
 69.11867      68.81436 
 69.13061      68.81856 
 69.11886      68.82928 
 69.12016      68.83303 
 69.11656      68.83631 
 69.10561      68.84067 
 69.11567      68.85648 
 69.1129       68.85911 
 69.1057       68.85581 
 69.08545      68.85748 
 69.04928      68.86695 
 69.00461      68.8712 
 68.97283      68.88061 
 68.98286      68.88495 
 68.99278      68.88728 
 69.01886      68.89339 
 69.03636      68.89439 
 69.05023      68.89291 
 1             15 
1
 -9999.0   ,   9990.0 
 8 
 65.72845      69.09323 
 65.73172      69.09714 
 65.74008      69.09859 
 65.73658      69.10045 
 65.71398      69.10298 
 65.70611      69.10178 
 65.70575      69.09991 
 65.72845      69.09323 
 1             16 
1
 -9999.0   ,   9990.0 
 16 
 61.11075      68.84883 
 61.11492      68.85156 
 61.09186      68.8625 
 61.08653      68.86825 
 61.08553      68.8759 
 61.07117      68.87805 
 61.05759      68.88178 
 61.04531      68.88797 
 61.04028      68.88792 
 61.01528      68.87803 
 61.00192      68.86815 
 61.00159      68.86317 
 61.01003      68.85923 
 61.03178      68.85636 
 61.06439      68.85636 
 61.11075      68.84883 
 1             17 
1
 -9999.0   ,   9990.0 
 8 
 60.95939      68.84445 
 60.96664      68.84456 
 60.99081      68.85511 
 60.9835       68.86239 
 60.97903      68.86228 
 60.96845      68.85781 
 60.95953      68.84903 
 60.95939      68.84445 
 1             18 
1
 -9999.0   ,   9990.0 
 14 
 61.18956      68.82191 
 61.19387      68.82703 
 61.18737      68.84103 
 61.17956      68.84517 
 61.14467      68.85133 
 61.13423      68.85145 
 61.12947      68.84978 
 61.12747      68.84592 
 61.13375      68.84309 
 61.15386      68.84033 
 61.16467      68.83461 
 61.17306      68.82525 
 61.18156      68.82247 
 61.18956      68.82191 
 1             19 
1
 -9999.0   ,   9990.0 
 32 
 67.39645      68.75261 
 67.403        68.75364 
 67.4145       68.75978 
 67.41472      68.76395 
 67.40498      68.77703 
 67.38186      68.7917 
 67.34748      68.80278 
 67.29895      68.814 
 67.26203      68.8171 
 67.19845      68.81528 
 67.18567      68.81228 
 67.18415      68.8115 
 67.17361      68.80608 
 67.14914      68.80061 
 67.15606      68.79775 
 67.16292      68.79815 
 67.17286      68.80328 
 67.17803      68.80311 
 67.18516      68.7982 
 67.19591      68.79831 
 67.20255      68.80536 
 67.21608      68.80195 
 67.27639      68.77753 
 67.29483      68.76815 
 67.311        68.76442 
 67.3328       68.75453 
 67.34189      68.75408 
 67.34556      68.75764 
 67.3469       68.75895 
 67.3455       68.76234 
 67.3575       68.76253 
 67.39645      68.75261 
 1             20 
1
 -9999.0   ,   9990.0 
 16 
 72            67.12053 
 71.99464      67.12078 
 71.97828      67.12673 
 71.9645       67.12817 
 71.95875      67.12742 
 71.95592      67.12703 
 71.92978      67.116 
 71.92367      67.11103 
 71.92533      67.10833 
 71.93153      67.1067 
 71.93955      67.10758 
 71.95756      67.11495 
 71.96728      67.11636 
 71.98123      67.114 
 71.99125      67.11361 
 72            67.10958 
 1             21 
1
 -9999.0   ,   9990.0 
 289 
 68.92723      66.7877 
 68.95614      66.78633 
 68.97545      66.78792 
 69.01947      66.79806 
 69.0682       66.81389 
 69.07103      66.8161 
 69.06723      66.82096 
 69.05991      66.822 
 69.0644       66.8284 
 69.06133      66.83078 
 69.09761      66.85546 
 69.09661      66.85678 
 69.06795      66.85645 
 69.0449       66.8562 
 69.03931      66.85731 
 69.0466       66.86405 
 69.04422      66.86603 
 69.02158      66.86564 
 68.95978      66.85792 
 68.93578      66.85814 
 68.91175      66.86228 
 68.905        66.86483 
 68.88311      66.86621 
 68.87128      66.86861 
 68.85841      66.8687 
 68.84661      66.86275 
 68.84325      66.86864 
 68.80178      66.86503 
 68.7823       66.86753 
 68.77541      66.87086 
 68.78047      66.87891 
 68.79703      66.89122 
 68.80742      66.8954 
 68.8105       66.89581 
 68.82145      66.89723 
 68.8365       66.90139 
 68.85986      66.894 
 68.87561      66.89408 
 68.88086      66.89228 
 68.88192      66.8813 
 68.87995      66.87822 
 68.87918      66.87703 
 68.88158      66.873 
 68.89653      66.86781 
 68.92492      66.86314 
 69.00911      66.86828 
 69.02828      66.87631 
 69.0437       66.8793 
 69.0675       66.87975 
 69.0699       66.88147 
 69.0644       66.8881 
 69.07045      66.89503 
 69.0892       66.90225 
 69.10011      66.89733 
 69.10592      66.89945 
 69.10086      66.90265 
 69.1174       66.90595 
 69.11715      66.90867 
 69.103        66.911 
 69.10189      66.91281 
 69.12211      66.9135 
 69.12805      66.91125 
 69.13441      66.89983 
 69.15464      66.90056 
 69.14218      66.90708 
 69.14415      66.90833 
 69.15535      66.90608 
 69.20016      66.90653 
 69.20292      66.90322 
 69.199        66.8987 
 69.20671      66.89445 
 69.20595      66.88914 
 69.2147       66.88125 
 69.22231      66.87921 
 69.2255       66.87831 
 69.2413       66.87811 
 69.27264      66.87083 
 69.29633      66.86364 
 69.30228      66.85931 
 69.3297       66.85323 
 69.345        66.85275 
 69.38653      66.85623 
 69.41136      66.85298 
 69.43345      66.84706 
 69.46295      66.84172 
 69.48256      66.84441 
 69.50161      66.84503 
 69.50689      66.84433 
 69.51978      66.84261 
 69.53865      66.83564 
 69.5497       66.83567 
 69.57741      66.83231 
 69.60008      66.82411 
 69.657        66.80983 
 69.69153      66.80696 
 69.72639      66.80915 
 69.7802       66.80798 
 69.7959       66.80906 
 69.7973       66.80915 
 69.82561      66.814 
 69.83839      66.81409 
 69.857        66.80983 
 69.87622      66.80742 
 69.89886      66.80973 
 69.9018       66.81603 
 69.89281      66.81935 
 69.88164      66.81978 
 69.87975      66.82245 
 69.88875      66.82786 
 69.89211      66.83925 
 69.90383      66.85189 
 69.91898      66.85848 
 69.92415      66.85661 
 69.94673      66.8571 
 69.96283      66.84903 
 69.97681      66.84023 
 69.98281      66.8329 
 70            66.82406 
 70.00097      66.82356 
 70            66.82228 
 69.99948      66.82159 
 69.99536      66.81623 
 69.99795      66.81084 
 69.9952       66.80361 
 70            66.80109 
 70.0222       66.78936 
 70.05925      66.7652 
 70.07328      66.76256 
 70.08325      66.75103 
 70.10581      66.73775 
 70.11567      66.73539 
 70.13341      66.73403 
 70.14233      66.73531 
 70.15439      66.73123 
 70.16658      66.73189 
 70.25661      66.73686 
 70.27353      66.74098 
 70.29678      66.7522 
 70.31511      66.7577 
 70.3092       66.76045 
 70.31247      66.76128 
 70.34828      66.75486 
 70.36106      66.75467 
 70.37675      66.74978 
 70.39053      66.74091 
 70.40114      66.7379 
 70.42175      66.74121 
 70.43931      66.74278 
 70.44111      66.74011 
 70.45548      66.73583 
 70.48341      66.7305 
 70.50736      66.72956 
 70.5212       66.73214 
 70.52617      66.73553 
 70.52164      66.73995 
 70.54616      66.73903 
 70.55085      66.74128 
 70.54531      66.74267 
 70.54481      66.7447 
 70.55845      66.7434 
 70.6052       66.74398 
 70.61322      66.75161 
 70.62591      66.74934 
 70.65656      66.75205 
 70.66928      66.75708 
 70.72545      66.75708 
 70.7892       66.76945 
 70.80597      66.77714 
 70.81386      66.78567 
 70.83631      66.80158 
 70.85408      66.81022 
 70.87183      66.81633 
 70.90778      66.81645 
 70.94836      66.80895 
 71.06243      66.80736 
 71.09206      66.81247 
 71.11381      66.81917 
 71.1334       66.82785 
 71.13556      66.83175 
 71.13881      66.83761 
 71.14592      66.8397 
 71.15553      66.84891 
 71.17286      66.85753 
 71.19493      66.86305 
 71.20192      66.86831 
 71.24665      66.86864 
 71.2707       66.87033 
 71.30211      66.87023 
 71.323        66.8732 
 71.36086      66.88973 
 71.35536      66.89091 
 71.3599       66.89428 
 71.37181      66.89853 
 71.39841      66.90211 
 71.40411      66.90003 
 71.41523      66.8997 
 71.43097      66.89675 
 71.4757       66.89601 
 71.47885      66.89598 
 71.48586      66.8987 
 71.47491      66.90383 
 71.47396      66.90414 
 71.45136      66.91089 
 71.44003      66.91214 
 71.44165      66.91433 
 71.43831      66.91597 
 71.42733      66.91825 
 71.4167       66.91803 
 71.4086       66.92347 
 71.40531      66.93095 
 71.39608      66.93042 
 71.38981      66.91856 
 71.38523      66.92091 
 71.38392      66.92728 
 71.38817      66.932 
 71.38389      66.933 
 71.363        66.93256 
 71.35558      66.93736 
 71.33056      66.94 
 71.32878      66.94289 
 71.36065      66.9579 
 71.39278      66.96586 
 71.40281      66.96836 
 71.4151       66.96831 
 71.43508      66.96183 
 71.4544       66.95306 
 71.46533      66.94366 
 71.477        66.93364 
 71.48945      66.92695 
 71.50689      66.9213 
 71.51456      66.91217 
 71.52511      66.90608 
 71.53367      66.90405 
 71.54296      66.90411 
 71.55061      66.90664 
 71.56275      66.91573 
 71.57025      66.92486 
 71.56541      66.92858 
 71.56661      66.93136 
 71.57075      66.93403 
 71.58633      66.9377 
 71.60411      66.93914 
 71.63561      66.93895 
 71.66783      66.93515 
 71.6853       66.93521 
 71.70523      66.92871 
 71.71078      66.92406 
 71.70997      66.91922 
 71.71965      66.90535 
 71.71115      66.89206 
 71.68228      66.87908 
 71.6785       66.87465 
 71.68173      66.86992 
 71.6897       66.86786 
 71.71817      66.86781 
 71.7276       66.87014 
 71.73328      66.87375 
 71.74455      66.87566 
 71.74648      66.87781 
 71.742        66.88292 
 71.72414      66.88811 
 71.72828      66.8967 
 71.74147      66.89775 
 71.7607       66.89147 
 71.76535      66.89066 
 71.78536      66.88717 
 71.79786      66.8825 
 71.81441      66.88115 
 71.8318       66.8844 
 71.83839      66.88961 
 71.83134      66.89628 
 71.81697      66.90453 
 71.79256      66.9075 
 71.79222      66.91228 
 71.81895      66.94942 
 71.82631      66.95372 
 71.85176      66.9579 
 71.85886      66.9597 
 71.88125      66.96536 
 71.89181      66.97139 
 71.90335      66.99091 
 71.91714      67.00136 
 71.9278       67.00373 
 71.9495       67.01278 
 71.97628      67.01331 
 71.98178      67.01847 
 71.9766       67.0245 
 71.98217      67.02903 
 72            67.03011 
 1             22 
1
 -9999.0   ,   9990.0 
 8 
 71.643        66.8955 
 71.65378      66.89698 
 71.65881      66.90103 
 71.64581      66.90498 
 71.62356      66.9027 
 71.6195       66.89961 
 71.62465      66.89725 
 71.643        66.8955 
 1             23 
1
 -9999.0   ,   9990.0 
 12 
 71.38111      66.86772 
 71.43011      66.87248 
 71.45441      66.87873 
 71.45748      66.88089 
 71.45223      66.88392 
 71.42889      66.8871 
 71.41185      66.88792 
 71.38486      66.88614 
 71.37406      66.88215 
 71.35453      66.86986 
 71.35956      66.86795 
 71.38111      66.86772 
 1             24 
1
 -9999.0   ,   9990.0 
 49 
 69.44214      66.81075 
 69.48976      66.81103 
 69.52258      66.80606 
 69.55392      66.80628 
 69.59101      66.79878 
 69.6296       66.79764 
 69.6381       66.79847 
 69.63942      66.79989 
 69.59728      66.81756 
 69.55915      66.83103 
 69.50125      66.834 
 69.4838       66.83806 
 69.45281      66.83853 
 69.41326      66.84656 
 69.40828      66.84756 
 69.39536      66.8479 
 69.38623      66.84725 
 69.36964      66.84216 
 69.3627       66.83197 
 69.31839      66.82814 
 69.30323      66.82425 
 69.20758      66.83459 
 69.18491      66.84225 
 69.17553      66.84253 
 69.16703      66.84556 
 69.13803      66.8509 
 69.12448      66.85531 
 69.11858      66.8555 
 69.11175      66.84714 
 69.07615      66.8262 
 69.07506      66.822 
 69.07909      66.81831 
 69.09433      66.81028 
 69.10486      66.81008 
 69.11928      66.81441 
 69.13761      66.81346 
 69.1474       66.81572 
 69.16586      66.81247 
 69.21841      66.81372 
 69.23831      66.81145 
 69.2655       66.81198 
 69.28347      66.81028 
 69.29889      66.80525 
 69.35445      66.79422 
 69.3724       66.79251 
 69.4032       66.79456 
 69.40678      66.7922 
 69.42856      66.79936 
 69.44214      66.81075 
 1             25 
1
 -9999.0   ,   9990.0 
 6 
 69.18486      66.80531 
 69.14965      66.80828 
 69.1429       66.8075 
 69.16231      66.79898 
 69.16708      66.79853 
 69.18486      66.80531 
 1             26 
1
 -9999.0   ,   9990.0 
 43 
 69.28118      66.72895 
 69.29297      66.72625 
 69.33234      66.72645 
 69.3468       66.73053 
 69.35325      66.73428 
 69.34361      66.74553 
 69.35856      66.74806 
 69.37325      66.74939 
 69.3927       66.75439 
 69.41078      66.75615 
 69.4565       66.7545 
 69.49111      66.76956 
 69.51283      66.7687 
 69.52209      66.77092 
 69.52047      66.77866 
 69.52939      66.77583 
 69.53398      66.78636 
 69.49856      66.79445 
 69.49403      66.79195 
 69.48425      66.79564 
 69.4535       66.7975 
 69.42841      66.78972 
 69.41635      66.78528 
 69.38325      66.78311 
 69.3762       66.78142 
 69.32117      66.78078 
 69.32775      66.78614 
 69.32315      66.78797 
 69.30686      66.78795 
 69.296        66.7833 
 69.29772      66.79142 
 69.29266      66.7967 
 69.2807       66.79985 
 69.20316      66.79261 
 69.18758      66.7942 
 69.1677       66.79258 
 69.1577       66.78911 
 69.1562       66.78631 
 69.19417      66.77201 
 69.219        66.75685 
 69.24786      66.74945 
 69.26497      66.7406 
 69.28118      66.72895 
 1             27 
1
 -9999.0   ,   9990.0 
 11 
 69.76158      66.78242 
 69.76236      66.78384 
 69.74495      66.78814 
 69.73128      66.7956 
 69.71078      66.8025 
 69.69514      66.80436 
 69.68364      66.80181 
 69.6846       66.7984 
 69.70067      66.78647 
 69.73155      66.78183 
 69.76158      66.78242 
 1             28 
1
 -9999.0   ,   9990.0 
 18 
 69.59278      66.79576 
 69.64461      66.79165 
 69.66275      66.79539 
 69.67022      66.79366 
 69.6797       66.78672 
 69.7012       66.78031 
 69.69936      66.77861 
 69.66875      66.78005 
 69.64153      66.78186 
 69.63286      66.78378 
 69.56986      66.78267 
 69.55691      66.78736 
 69.55297      66.79314 
 69.54125      66.7995 
 69.53926      66.80058 
 69.54275      66.80258 
 69.56925      66.80145 
 69.59278      66.79576 
 1             29 
1
 -9999.0   ,   9990.0 
 11 
 69.6987       66.7621 
 69.70717      66.7629 
 69.72186      66.77064 
 69.71467      66.77355 
 69.66114      66.77606 
 69.63045      66.78003 
 69.60731      66.7797 
 69.5985       66.77586 
 69.60665      66.7737 
 69.66046      66.77236 
 69.6987       66.7621 
 1             30 
1
 -9999.0   ,   9990.0 
 41 
 70            66.7135 
 70.0022       66.71315 
 70.01214      66.71278 
 70.02648      66.71225 
 70.0265       66.71228 
 70.07406      66.71056 
 70.08378      66.71095 
 70.08891      66.71345 
 70.04386      66.72422 
 70.02858      66.73622 
 70.02465      66.73703 
 70.00225      66.74156 
 70            66.74142 
 69.99028      66.74084 
 69.98553      66.74216 
 69.97464      66.74525 
 69.94564      66.74748 
 69.9138       66.75603 
 69.89261      66.7572 
 69.87558      66.76017 
 69.84489      66.7685 
 69.82486      66.77178 
 69.82215      66.77178 
 69.8127       66.77175 
 69.79622      66.7683 
 69.79486      66.76045 
 69.80111      66.75453 
 69.82956      66.74178 
 69.83345      66.74006 
 69.86495      66.73061 
 69.87311      66.72615 
 69.90166      66.71678 
 69.92303      66.71261 
 69.94731      66.7127 
 69.95541      66.71489 
 69.94898      66.71736 
 69.9148       66.71961 
 69.91095      66.72106 
 69.91575      66.7247 
 69.92589      66.72581 
 70            66.7135 
 1             31 
1
 -9999.0   ,   9990.0 
 10 
 69.46236      66.74215 
 69.46242      66.74398 
 69.45185      66.74856 
 69.4085       66.7519 
 69.39731      66.75048 
 69.39115      66.74771 
 69.39831      66.74295 
 69.41417      66.74228 
 69.43053      66.74395 
 69.46236      66.74215 
 1             32 
1
 -9999.0   ,   9990.0 
 59 
 70.50036      66.70341 
 70.50461      66.70267 
 70.52959      66.70453 
 70.531        66.69861 
 70.54066      66.69691 
 70.56078      66.69745 
 70.56928      66.6957 
 70.582        66.6884 
 70.58256      66.68711 
 70.58335      66.68522 
 70.55911      66.68022 
 70.52211      66.67561 
 70.49047      66.67511 
 70.47872      66.67353 
 70.46586      66.67416 
 70.43798      66.67015 
 70.43022      66.67122 
 70.37175      66.66942 
 70.28161      66.67633 
 70.2805       66.67641 
 70.2245       66.68542 
 70.18259      66.70025 
 70.17045      66.71145 
 70.1744       66.71641 
 70.18756      66.71926 
 70.20298      66.72698 
 70.2377       66.72925 
 70.25936      66.7237 
 70.30211      66.72397 
 70.31264      66.72567 
 70.2799       66.72722 
 70.26517      66.73055 
 70.26505      66.73331 
 70.28655      66.73528 
 70.2982       66.73964 
 70.30539      66.74565 
 70.30906      66.74945 
 70.31935      66.75236 
 70.32681      66.75267 
 70.35586      66.74761 
 70.3695       66.74401 
 70.38786      66.73534 
 70.39592      66.73348 
 70.39741      66.7315 
 70.39103      66.73064 
 70.39484      66.72825 
 70.42415      66.73372 
 70.43861      66.73383 
 70.45167      66.7325 
 70.47408      66.726 
 70.4954       66.72408 
 70.52526      66.72498 
 70.54561      66.72206 
 70.55436      66.71692 
 70.54595      66.71589 
 70.5391       66.71311 
 70.5282       66.71273 
 70.527        66.70808 
 70.50036      66.70341 
 1             33 
1
 -9999.0   ,   9990.0 
 10 
 71.609        66.72916 
 71.6112       66.73565 
 71.60655      66.74167 
 71.59433      66.74495 
 71.58508      66.74489 
 71.579        66.7406 
 71.58578      66.73556 
 71.59773      66.73361 
 71.60247      66.73011 
 71.609        66.72916 
 1             34 
1
 -9999.0   ,   9990.0 
 14 
 70.58242      66.72297 
 70.62231      66.73041 
 70.62265      66.73386 
 70.59611      66.73106 
 70.58886      66.7324 
 70.5961       66.73608 
 70.59445      66.73808 
 70.58395      66.73839 
 70.56425      66.73606 
 70.55365      66.73681 
 70.53176      66.73161 
 70.53392      66.72986 
 70.56531      66.72442 
 70.58242      66.72297 
 1             35 
1
 -9999.0   ,   9990.0 
 66 
 69.36785      66.64775 
 69.37839      66.64316 
 69.40491      66.63935 
 69.3926       66.65206 
 69.38341      66.65786 
 69.40106      66.65681 
 69.40265      66.6594 
 69.39433      66.68428 
 69.39508      66.68775 
 69.40366      66.69203 
 69.40947      66.69003 
 69.41075      66.68958 
 69.41365      66.6856 
 69.40618      66.68136 
 69.40645      66.67839 
 69.40995      66.67625 
 69.41973      66.67648 
 69.42903      66.68035 
 69.43889      66.67826 
 69.44306      66.6798 
 69.44439      66.6914 
 69.44473      66.69435 
 69.44061      66.70056 
 69.43042      66.70583 
 69.40306      66.70233 
 69.38996      66.70565 
 69.38997      66.70953 
 69.37722      66.71356 
 69.35992      66.71322 
 69.34003      66.70592 
 69.32792      66.68975 
 69.31675      66.69431 
 69.30506      66.6947 
 69.29803      66.69297 
 69.29411      66.68661 
 69.29428      66.68165 
 69.29464      66.67286 
 69.2959       66.67039 
 69.29742      66.66736 
 69.3028       66.65673 
 69.3134       66.6462 
 69.32992      66.63583 
 69.33386      66.63336 
 69.33575      66.62883 
 69.35325      66.6262 
 69.36342      66.623 
 69.37406      66.62417 
 69.38475      66.62847 
 69.3875       66.6296 
 69.40178      66.62817 
 69.41248      66.62911 
 69.4122       66.63208 
 69.4077       66.6337 
 69.40014      66.63431 
 69.39115      66.63503 
 69.34859      66.64643 
 69.34023      66.65131 
 69.31448      66.67631 
 69.31626      66.68211 
 69.3217       66.68328 
 69.32853      66.67372 
 69.33273      66.67323 
 69.33481      66.66805 
 69.35028      66.66255 
 69.35036      66.65821 
 69.36785      66.64775 
 1             36 
1
 -9999.0   ,   9990.0 
 133 
 70.06886      66.53445 
 70.08992      66.5375 
 70.11603      66.5388 
 70.12195      66.54041 
 70.12165      66.53261 
 70.12828      66.53098 
 70.12961      66.53064 
 70.13853      66.53398 
 70.14389      66.54222 
 70.1566       66.53975 
 70.16272      66.54048 
 70.16506      66.54261 
 70.15864      66.55428 
 70.1457       66.55764 
 70.10598      66.55558 
 70.10056      66.5542 
 70.10053      66.5542 
 70.09842      66.55366 
 70.05928      66.5672 
 70.04342      66.57733 
 70.03498      66.57881 
 70.03075      66.57956 
 70.01522      66.59061 
 70.00789      66.59214 
 70            66.59181 
 69.99253      66.5915 
 69.97775      66.59731 
 69.96872      66.60311 
 69.92948      66.61433 
 69.8885       66.62086 
 69.87414      66.62072 
 69.85945      66.6153 
 69.85056      66.614 
 69.82767      66.61761 
 69.8082       66.63216 
 69.79831      66.6345 
 69.79515      66.63406 
 69.78106      66.63216 
 69.77061      66.6324 
 69.75723      66.63711 
 69.74661      66.64422 
 69.74223      66.6518 
 69.74433      66.66109 
 69.74147      66.66303 
 69.6894       66.67386 
 69.64798      66.676 
 69.63895      66.67856 
 69.6344       66.68395 
 69.62839      66.69103 
 69.62773      66.69183 
 69.617        66.69711 
 69.55195      66.71856 
 69.55334      66.72803 
 69.54886      66.73976 
 69.55783      66.75117 
 69.55661      66.75753 
 69.5512       66.76442 
 69.54386      66.76776 
 69.52942      66.7676 
 69.5115       66.7652 
 69.50715      66.76383 
 69.49765      66.76089 
 69.48903      66.76053 
 69.48225      66.75175 
 69.48341      66.74766 
 69.50916      66.7263 
 69.51742      66.70742 
 69.52583      66.70258 
 69.55389      66.68647 
 69.56548      66.67723 
 69.566        66.67675 
 69.55991      66.6717 
 69.56231      66.66891 
 69.56175      66.66895 
 69.5524       66.66925 
 69.55078      66.67025 
 69.54193      66.678 
 69.53553      66.67611 
 69.53523      66.66898 
 69.53059      66.66486 
 69.53631      66.661 
 69.54576      66.66233 
 69.553        66.65095 
 69.56231      66.64861 
 69.57011      66.65583 
 69.57403      66.65522 
 69.59245      66.64161 
 69.6035       66.63346 
 69.63006      66.61053 
 69.62928      66.60528 
 69.62742      66.59297 
 69.63247      66.58722 
 69.64315      66.58403 
 69.65214      66.5849 
 69.68645      66.5795 
 69.7194       66.57058 
 69.72911      66.57515 
 69.7276       66.57958 
 69.72636      66.58306 
 69.73278      66.587 
 69.74492      66.58683 
 69.77178      66.58134 
 69.8212       66.56671 
 69.84389      66.55711 
 69.8694       66.54992 
 69.92731      66.54181 
 69.94656      66.54078 
 69.98942      66.53515 
 70            66.53375 
 70.00489      66.53311 
 70            66.5326 
 69.99425      66.53198 
 69.9905       66.52883 
 70            66.52206 
 70.02786      66.5022 
 70.05725      66.4906 
 70.07523      66.492 
 70.07892      66.49398 
 70.08631      66.49795 
 70.09456      66.49945 
 70.10267      66.4991 
 70.10206      66.50592 
 70.11831      66.5075 
 70.11785      66.51161 
 70.1075       66.516 
 70.11078      66.52116 
 70.124        66.51667 
 70.12918      66.51664 
 70.12881      66.5203 
 70.12083      66.52456 
 70.11692      66.52561 
 70.09431      66.53173 
 70.06886      66.53445 
 1             37 
1
 -9999.0   ,   9990.0 
 140 
 68.93073      66.77064 
 68.95959      66.77133 
 69.01325      66.7631 
 69.05392      66.765 
 69.07816      66.76936 
 69.0925       66.77003 
 69.11567      66.76836 
 69.14495      66.76947 
 69.16147      66.76475 
 69.17731      66.75445 
 69.17953      66.7509 
 69.17564      66.74245 
 69.18145      66.73739 
 69.18661      66.73286 
 69.18331      66.72445 
 69.15633      66.69818 
 69.1549       66.68364 
 69.14506      66.66935 
 69.13631      66.65661 
 69.13614      66.62608 
 69.13142      66.61667 
 69.13225      66.61591 
 69.13773      66.611 
 69.16155      66.59986 
 69.1648       66.59793 
 69.18767      66.58417 
 69.18861      66.58375 
 69.20323      66.57481 
 69.23778      66.56308 
 69.32723      66.52658 
 69.34873      66.51881 
 69.36447      66.5131 
 69.38626      66.50516 
 69.39122      66.50376 
 69.39286      66.50328 
 69.39325      66.5032 
 69.44442      66.48853 
 69.47411      66.483 
 69.51314      66.48703 
 69.66981      66.47031 
 69.72695      66.46685 
 69.7464       66.464 
 69.82656      66.45231 
 69.85091      66.44256 
 69.85492      66.434 
 69.886        66.40736 
 69.90397      66.39986 
 69.94921      66.38873 
 69.96817      66.38773 
 70            66.38606 
 70.02736      66.38465 
 70.0754       66.37998 
 70.0932       66.37614 
 70.11581      66.37128 
 70.1587       66.36205 
 70.15992      66.36139 
 70.17589      66.35267 
 70.21286      66.35531 
 70.22989      66.3552 
 70.23283      66.3552 
 70.24939      66.35286 
 70.30153      66.34258 
 70.3489       66.33071 
 70.37539      66.32945 
 70.38586      66.3262 
 70.39066      66.32045 
 70.41368      66.32658 
 70.43556      66.32792 
 70.5222       66.32506 
 70.58339      66.32875 
 70.64225      66.32636 
 70.65339      66.32736 
 70.65985      66.33048 
 70.69086      66.33211 
 70.70247      66.33273 
 70.78022      66.33675 
 70.8134       66.34116 
 70.87586      66.34653 
 70.87764      66.34666 
 70.90998      66.34465 
 70.93442      66.3448 
 70.9476       66.34592 
 70.9486       66.346 
 70.97495      66.3482 
 70.97618      66.34886 
 70.97878      66.35028 
 70.99498      66.3506 
 71.00825      66.35083 
 71.01703      66.34978 
 71.01639      66.34964 
 71.01642      66.34964 
 70.99625      66.34548 
 70.99861      66.34426 
 70.99931      66.34389 
 71.01381      66.34431 
 71.0408       66.34511 
 71.05686      66.34203 
 71.05742      66.34203 
 71.09275      66.34189 
 71.21386      66.34783 
 71.25598      66.3445 
 71.30528      66.34058 
 71.41942      66.33608 
 71.433        66.33317 
 71.45922      66.32753 
 71.524        66.32205 
 71.5542       66.31441 
 71.56106      66.3127 
 71.56428      66.31256 
 71.5655       66.3125 
 71.57595      66.31203 
 71.59956      66.31206 
 71.62083      66.31206 
 71.64948      66.30791 
 71.68533      66.2985 
 71.72322      66.29325 
 71.72781      66.29023 
 71.72784      66.29023 
 71.72895      66.28948 
 71.73748      66.28386 
 71.75161      66.27745 
 71.7584       66.27175 
 71.7703       66.26578 
 71.7967       66.2444 
 71.81011      66.24018 
 71.81531      66.24025 
 71.81717      66.23883 
 71.81795      66.23828 
 71.81386      66.23586 
 71.82203      66.2345 
 71.85945      66.23425 
 71.90473      66.23123 
 71.91673      66.23365 
 71.9342       66.23414 
 71.94947      66.23735 
 71.97328      66.2467 
 71.9824       66.2465 
 71.99973      66.2317 
 71.99714      66.22386 
 72            66.22336 
 1             38 
1
 -9999.0   ,   9990.0 
 8 
 69.35992      66.60103 
 69.35685      66.60778 
 69.34575      66.6082 
 69.33405      66.61273 
 69.33078      66.61003 
 69.34216      66.60458 
 69.35111      66.60156 
 69.35992      66.60103 
 1             39 
1
 -9999.0   ,   9990.0 
 8 
 71.35756      66.57855 
 71.36403      66.58058 
 71.34531      66.58776 
 71.33         66.58681 
 71.31814      66.583 
 71.3142       66.57989 
 71.31928      66.57753 
 71.35756      66.57855 
 1             40 
1
 -9999.0   ,   9990.0 
 7 
 71.17917      66.5745 
 71.18165      66.57643 
 71.17461      66.57961 
 71.15141      66.58066 
 71.14709      66.5794 
 71.14709      66.57411 
 71.17917      66.5745 
 1             41 
1
 -9999.0   ,   9990.0 
 11 
 70.3147       66.5717 
 70.31739      66.57247 
 70.31301      66.58078 
 70.2875       66.59765 
 70.27978      66.60558 
 70.27458      66.60561 
 70.27145      66.5952 
 70.27365      66.58405 
 70.27831      66.5792 
 70.28895      66.57572 
 70.3147       66.5717 
 1             42 
1
 -9999.0   ,   9990.0 
 13 
 70.1081       66.55864 
 70.09758      66.55915 
 70.0802       66.56416 
 70.05978      66.5764 
 70.03641      66.5821 
 70.03025      66.58595 
 70.03336      66.59617 
 70.04222      66.59745 
 70.05081      66.59628 
 70.08383      66.58356 
 70.1135       66.56436 
 70.11175      66.55995 
 70.1081       66.55864 
 1             43 
1
 -9999.0   ,   9990.0 
 64 
 69.81567      66.50801 
 69.7882       66.50981 
 69.75867      66.51497 
 69.7455       66.51898 
 69.73095      66.52822 
 69.70856      66.5323 
 69.68678      66.54258 
 69.67923      66.54915 
 69.67298      66.54886 
 69.66822      66.55033 
 69.6497       66.55611 
 69.61933      66.57222 
 69.60475      66.57708 
 69.59793      66.58092 
 69.59831      66.58575 
 69.59571      66.58972 
 69.59028      66.598 
 69.59528      66.60076 
 69.61823      66.5825 
 69.6277       66.57948 
 69.66283      66.57525 
 69.68083      66.57053 
 69.68536      66.56661 
 69.68022      66.56021 
 69.68114      66.557 
 69.70103      66.56409 
 69.72056      66.56216 
 69.72972      66.5644 
 69.73928      66.57376 
 69.7389       66.58153 
 69.75728      66.57956 
 69.77209      66.57585 
 69.80731      66.56267 
 69.81611      66.55775 
 69.82953      66.5549 
 69.84236      66.54995 
 69.87703      66.54498 
 69.91414      66.53678 
 69.92406      66.53456 
 69.96328      66.53183 
 69.98172      66.52275 
 69.99091      66.51397 
 70            66.50311 
 70.00592      66.49603 
 70.0101       66.4845 
 70.00953      66.4822 
 70            66.48217 
 69.99692      66.48214 
 69.99523      66.47773 
 69.98466      66.48072 
 69.98064      66.47642 
 69.96646      66.47811 
 69.965        66.47486 
 69.9887       66.46531 
 69.98006      66.46333 
 69.96817      66.4647 
 69.94461      66.46736 
 69.89295      66.46336 
 69.88195      66.46381 
 69.87497      66.46628 
 69.84372      66.48673 
 69.81084      66.50253 
 69.809        66.50498 
 69.81567      66.50801 
 1             44 
1
 -9999.0   ,   9990.0 
 7 
 71.20897      66.52861 
 71.21145      66.53053 
 71.19483      66.53316 
 71.16991      66.53164 
 71.16751      66.5295 
 71.17866      66.52828 
 71.20897      66.52861 
 1             45 
1
 -9999.0   ,   9990.0 
 8 
 71.14855      66.50278 
 71.14533      66.5125 
 71.13589      66.51381 
 71.12206      66.5195 
 71.11636      66.5193 
 71.12325      66.50855 
 71.13255      66.50522 
 71.14855      66.50278 
 1             46 
1
 -9999.0   ,   9990.0 
 8 
 70.92531      66.44014 
 70.9067       66.44156 
 70.892        66.44078 
 70.88341      66.4382 
 70.88503      66.4362 
 70.8997       66.43445 
 70.91797      66.43715 
 70.92531      66.44014 
 1             47 
1
 -9999.0   ,   9990.0 
 23 
 70.09411      66.41167 
 70.0969       66.41864 
 70.10336      66.42028 
 70.11995      66.42028 
 70.1235       66.42203 
 70.12275      66.42498 
 70.11058      66.43228 
 70.08528      66.43948 
 70.07511      66.44342 
 70.06548      66.44197 
 70.06245      66.44153 
 70.03456      66.42983 
 70.03245      66.4247 
 70.03083      66.42378 
 70.02247      66.41903 
 70.04756      66.40815 
 70.06414      66.40815 
 70.08847      66.41141 
 70.11003      66.4075 
 70.11803      66.4076 
 70.11811      66.40945 
 70.1112       66.41189 
 70.09411      66.41167 
 1             48 
1
 -9999.0   ,   9990.0 
 10 
 71.01486      66.38861 
 71.00166      66.38106 
 71.00261      66.37673 
 71.01356      66.37248 
 71.01505      66.37189 
 71.01822      66.36789 
 71.03501      66.3694 
 71.01314      66.38075 
 71.01798      66.38734 
 71.01486      66.38861 
 1             49 
1
 -9999.0   ,   9990.0 
 6 
 70.77147      66.36778 
 70.77281      66.36946 
 70.75814      66.37373 
 70.74098      66.37148 
 70.7399       66.3687 
 70.77147      66.36778 
 1             50 
1
 -9999.0   ,   9990.0 
 7 
 70.98046      66.36086 
 70.98586      66.3647 
 70.98003      66.36795 
 70.97258      66.36815 
 70.9629       66.3655 
 70.95861      66.3617 
 70.98046      66.36086 
 1             51 
1
 -9999.0   ,   9990.0 
 11 
 70.38595      66.34453 
 70.39145      66.34541 
 70.39553      66.34973 
 70.39206      66.3523 
 70.38675      66.35303 
 70.37978      66.35826 
 70.36889      66.36081 
 70.35731      66.3592 
 70.35415      66.35586 
 70.36175      66.34796 
 70.38595      66.34453 
 1             52 
1
 -9999.0   ,   9990.0 
 190 
 60.19892      69.60033 
 60.205        69.61178 
 60.20709      69.61336 
 60.217        69.621 
 60.23917      69.63123 
 60.29803      69.65195 
 60.32975      69.65936 
 60.34564      69.6614 
 60.37711      69.66028 
 60.44897      69.6485 
 60.49828      69.64986 
 60.57525      69.65048 
 60.60595      69.64897 
 60.6255       69.65473 
 60.63461      69.65575 
 60.65178      69.65466 
 60.65967      69.6522 
 60.66334      69.64598 
 60.66134      69.64211 
 60.64292      69.63192 
 60.63839      69.63201 
 60.63164      69.62664 
 60.63295      69.6214 
 60.63986      69.61816 
 60.66678      69.61608 
 60.69067      69.61478 
 60.71511      69.61561 
 60.72647      69.60772 
 60.75803      69.60475 
 60.75389      69.61217 
 60.76542      69.61564 
 60.79217      69.61872 
 60.79334      69.62861 
 60.78734      69.63358 
 60.76181      69.64498 
 60.75892      69.65373 
 60.74972      69.66028 
 60.72453      69.66466 
 60.72045      69.67667 
 60.7067       69.6855 
 60.7065       69.69508 
 60.70053      69.69683 
 60.68931      69.69178 
 60.68539      69.69642 
 60.6927       69.72265 
 60.70842      69.72305 
 60.7212       69.72006 
 60.73992      69.7185 
 60.75042      69.72103 
 60.76028      69.7212 
 60.76823      69.71553 
 60.78025      69.71436 
 60.77431      69.73486 
 60.7355       69.78198 
 60.72078      69.79981 
 60.72264      69.80666 
 60.77956      69.84255 
 60.78825      69.8448 
 60.80267      69.83711 
 60.81803      69.83556 
 60.84067      69.8445 
 60.84789      69.84942 
 60.85314      69.85826 
 60.85703      69.859 
 60.86728      69.85216 
 60.87986      69.84978 
 60.8882       69.85783 
 60.89583      69.85914 
 60.96436      69.85211 
 60.96764      69.85178 
 61.01134      69.84161 
 61.0487       69.82945 
 61.06067      69.82809 
 61.06889      69.83473 
 61.08959      69.83559 
 61.09317      69.83795 
 61.09411      69.84286 
 61.10806      69.84836 
 61.09875      69.85895 
 61.10217      69.86311 
 61.11453      69.8635 
 61.12162      69.85945 
 61.13586      69.83459 
 61.14281      69.83033 
 61.1692       69.82685 
 61.17642      69.82283 
 61.18917      69.81575 
 61.20492      69.81395 
 61.23609      69.82547 
 61.25114      69.82447 
 61.26886      69.81572 
 61.27789      69.81533 
 61.29384      69.81908 
 61.30308      69.8181 
 61.32214      69.80964 
 61.33825      69.80639 
 61.34439      69.80078 
 61.33978      69.7977 
 61.34353      69.79086 
 61.35286      69.78685 
 61.43037      69.7799 
 61.48537      69.77403 
 61.587        69.76698 
 61.68508      69.76691 
 61.7305       69.76861 
 61.76461      69.76366 
 61.77811      69.75841 
 61.78398      69.75615 
 61.8265       69.7488 
 61.8922       69.74467 
 61.99292      69.74423 
 62.04156      69.73461 
 62.12311      69.73161 
 62.14831      69.73067 
 62.22948      69.73131 
 62.33186      69.72875 
 62.38231      69.72875 
 62.45948      69.72872 
 62.59731      69.72265 
 62.67767      69.7227 
 62.74061      69.71703 
 62.74245      69.71695 
 62.83617      69.71267 
 62.84495      69.71164 
 62.89698      69.70548 
 62.95214      69.70085 
 62.96834      69.69947 
 62.98292      69.69698 
 62.98361      69.69531 
 62.96006      69.68264 
 62.96622      69.67775 
 62.98123      69.6722 
 62.98456      69.66428 
 62.98514      69.66286 
 62.99773      69.66453 
 63            69.66558 
 63            69.66886 
 63            69.67717 
 62.99745      69.676 
 62.98728      69.67636 
 62.98017      69.67973 
 62.9792       69.68281 
 62.99053      69.68795 
 62.99703      69.68906 
 63            69.68875 
 62.9997       69.69742 
 63.01231      69.69478 
 63.05706      69.6877 
 63.10873      69.68151 
 63.11436      69.68083 
 63.2095       69.66915 
 63.2807       69.657 
 63.36586      69.64914 
 63.44967      69.63606 
 63.49525      69.62891 
 63.56303      69.62178 
 63.62461      69.61048 
 63.78189      69.58886 
 63.78878      69.58791 
 63.84581      69.57481 
 63.91206      69.56514 
 63.95853      69.55845 
 63.99567      69.55064 
 64.05         69.54403 
 64.22989      69.50816 
 64.23361      69.50743 
 64.31258      69.49316 
 64.38481      69.47656 
 64.47531      69.4447 
 64.502        69.43353 
 64.50592      69.43108 
 64.50906      69.42911 
 64.50623      69.42592 
 64.4848       69.42167 
 64.48131      69.41492 
 64.48878      69.41333 
 64.49395      69.4195 
 64.52703      69.42408 
 64.54636      69.41891 
 64.5837       69.40381 
 64.65964      69.38298 
 64.75211      69.35356 
 64.76853      69.34831 
 64.81828      69.33517 
 64.8465       69.32611 
 64.85711      69.3227 
 64.87635      69.31378 
 64.89897      69.29092 
 64.93142      69.26803 
 64.93278      69.26303 
 1             53 
1
 -9999.0   ,   9990.0 
 12 
 71.03415      66.5374 
 71.03753      66.53378 
 71.06517      66.53061 
 71.0832       66.53215 
 71.08821      66.5435 
 71.10592      66.55189 
 71.10395      66.55297 
 71.09523      66.55366 
 71.0736       66.55536 
 71.03558      66.54536 
 71.03153      66.5402 
 71.03415      66.5374 
 1             54 
1
 -9999.0   ,   9990.0 
 18 
 71.0886       66.56914 
 71.10133      66.56775 
 71.10678      66.57183 
 71.12798      66.57208 
 71.13561      66.57395 
 71.12442      66.58066 
 71.11916      66.58217 
 71.11156      66.58435 
 71.08072      66.58605 
 71.07461      66.58767 
 71.0522       66.5876 
 71.0262       66.58303 
 71.01822      66.58 
 71.0177       66.57725 
 71.02795      66.57233 
 71.03872      66.57042 
 71.0678       66.57142 
 71.0886       66.56914 
 1             55 
1
 -9999.0   ,   9990.0 
 119 
 70.83695      66.51253 
 70.85267      66.51148 
 70.89083      66.51764 
 70.944        66.52089 
 70.98805      66.52656 
 70.99292      66.53061 
 70.98811      66.53411 
 70.99361      66.53523 
 70.99323      66.53703 
 70.98008      66.53933 
 70.95875      66.53972 
 70.93561      66.538 
 70.90911      66.53339 
 70.9137       66.53858 
 70.92911      66.53892 
 70.94815      66.5437 
 70.95095      66.54653 
 70.97467      66.54303 
 70.9927       66.54206 
 71.01025      66.54311 
 71.0172       66.54542 
 71.0214       66.54992 
 71.01628      66.55226 
 70.9978       66.55528 
 70.96578      66.55736 
 70.95883      66.56008 
 70.96167      66.56295 
 70.97486      66.56295 
 70.97861      66.56423 
 70.97445      66.5675 
 70.958        66.56695 
 70.95792      66.56886 
 70.95792      66.56945 
 70.97128      66.56875 
 70.98095      66.57183 
 70.99323      66.5709 
 71.01891      66.56378 
 71.02433      66.56786 
 71.01236      66.5727 
 71.00678      66.57983 
 71.0017       66.58195 
 70.97431      66.58625 
 70.9719       66.58711 
 70.95247      66.59397 
 70.93428      66.59561 
 70.86567      66.62431 
 70.8444       66.62425 
 70.82486      66.63156 
 70.80445      66.63517 
 70.76061      66.65283 
 70.73836      66.65431 
 70.72322      66.65239 
 70.68916      66.66489 
 70.66141      66.66753 
 70.63156      66.6742 
 70.62517      66.67441 
 70.6062       66.67648 
 70.59153      66.675 
 70.54053      66.66141 
 70.49603      66.65928 
 70.49541      66.65958 
 70.4895       66.66248 
 70.48817      66.66258 
 70.46533      66.66453 
 70.45056      66.66123 
 70.43828      66.65708 
 70.43317      66.65125 
 70.43061      66.64833 
 70.43936      66.64345 
 70.44061      66.64276 
 70.43967      66.64225 
 70.43586      66.64022 
 70.43645      66.63951 
 70.43858      66.63695 
 70.4288       66.63633 
 70.42775      66.63628 
 70.42633      66.63572 
 70.422        66.63403 
 70.42136      66.63453 
 70.41483      66.6397 
 70.39841      66.64321 
 70.38381      66.644 
 70.34392      66.642 
 70.31042      66.63292 
 70.30378      66.61686 
 70.30214      66.6129 
 70.30345      66.6054 
 70.3185       66.5842 
 70.33683      66.56592 
 70.34575      66.56372 
 70.35215      66.56216 
 70.38008      66.56073 
 70.38095      66.5642 
 70.38825      66.56495 
 70.3984       66.5587 
 70.48635      66.53481 
 70.52295      66.5282 
 70.53375      66.52506 
 70.54885      66.5207 
 70.572        66.51011 
 70.59098      66.50511 
 70.61715      66.50105 
 70.63389      66.50303 
 70.63853      66.50325 
 70.65373      66.504 
 70.69095      66.4913 
 70.69731      66.48915 
 70.70372      66.48842 
 70.71906      66.48673 
 70.73386      66.48703 
 70.73805      66.48881 
 70.72305      66.4942 
 70.77025      66.50325 
 70.77216      66.50745 
 70.77866      66.50903 
 70.79348      66.50958 
 70.8144       66.50892 
 70.82695      66.5085 
 70.83695      66.51253 
 1             56 
1
 -9999.0   ,   9990.0 
 14 
 70.62817      66.72547 
 70.62148      66.7242 
 70.61367      66.72048 
 70.602        66.72097 
 70.59403      66.71792 
 70.59636      66.71298 
 70.5989       66.71322 
 70.599        66.71322 
 70.61843      66.71516 
 70.64803      66.72197 
 70.65083      66.72483 
 70.64861      66.72681 
 70.63641      66.72706 
 70.62817      66.72547 
 1             57 
1
 -9999.0   ,   9990.0 
 23 
 69.45253      66.70275 
 69.45797      66.71075 
 69.45472      66.71406 
 69.47061      66.71728 
 69.46195      66.723 
 69.45478      66.72773 
 69.45275      66.73311 
 69.45225      66.73445 
 69.44691      66.73735 
 69.44653      66.73736 
 69.44422      66.73761 
 69.43196      66.73895 
 69.40239      66.73486 
 69.40203      66.73211 
 69.40911      66.72761 
 69.41828      66.72595 
 69.4317       66.7277 
 69.43645      66.72125 
 69.44158      66.71941 
 69.43378      66.71631 
 69.43183      66.71303 
 69.45186      66.70175 
 69.45253      66.70275 
 1             58 
1
 -9999.0   ,   9990.0 
 100 
 70.0039       66.6935 
 70.00159      66.68906 
 70            66.6894 
 69.9765       66.6942 
 69.97097      66.69328 
 69.96625      66.6892 
 69.92958      66.70328 
 69.85361      66.71889 
 69.84323      66.71664 
 69.83186      66.71797 
 69.83228      66.72281 
 69.82611      66.72853 
 69.80548      66.73842 
 69.78345      66.74485 
 69.76165      66.74825 
 69.75325      66.75135 
 69.72906      66.75078 
 69.70458      66.74697 
 69.68955      66.74886 
 69.6495       66.74689 
 69.6285       66.74942 
 69.60485      66.75733 
 69.60256      66.75456 
 69.58628      66.73453 
 69.58239      66.72975 
 69.58906      66.71631 
 69.61136      66.70489 
 69.66016      66.68955 
 69.68753      66.68066 
 69.70478      66.67681 
 69.7304       66.67401 
 69.7437       66.66978 
 69.75781      66.65823 
 69.7679       66.64031 
 69.77673      66.63748 
 69.81008      66.63797 
 69.83967      66.6202 
 69.84586      66.61861 
 69.85423      66.61967 
 69.86545      66.62517 
 69.87158      66.62528 
 69.90278      66.62583 
 69.93166      66.62131 
 69.96781      66.6088 
 70            66.60215 
 70.0111       66.59983 
 70.02458      66.59878 
 70.03598      66.60011 
 70.03971      66.60053 
 70.04214      66.60225 
 70.03111      66.60478 
 70.01531      66.60572 
 70.00259      66.61025 
 70            66.61197 
 69.96347      66.63628 
 69.95298      66.64328 
 69.95503      66.64633 
 69.97505      66.63822 
 69.98856      66.62642 
 70            66.61915 
 70.00792      66.61415 
 70.01611      66.61211 
 70.019        66.61139 
 70.04108      66.61066 
 70.05735      66.61478 
 70.06145      66.6122 
 70.08339      66.61425 
 70.0961       66.60973 
 70.09573      66.61567 
 70.08192      66.63115 
 70.09158      66.63611 
 70.10178      66.6347 
 70.10056      66.62596 
 70.10546      66.62271 
 70.1228       66.6202 
 70.13289      66.62128 
 70.13756      66.62331 
 70.13758      66.62767 
 70.13481      66.62989 
 70.12528      66.63748 
 70.13614      66.63561 
 70.14178      66.6361 
 70.14486      66.63986 
 70.14061      66.6452 
 70.14183      66.64936 
 70.14595      66.65136 
 70.15739      66.64953 
 70.17031      66.65097 
 70.1724       66.65403 
 70.16905      66.66031 
 70.15923      66.66495 
 70.13423      66.66783 
 70.12973      66.66514 
 70.11122      66.67861 
 70.09423      66.68181 
 70.06485      66.68589 
 70.06167      66.68672 
 70.04872      66.69006 
 70.0112       66.69425 
 70.0039       66.6935 
 1             59 
1
 -9999.0   ,   9990.0 
 15 
 69.66456      66.76595 
 69.66697      66.76553 
 69.6774       66.7614 
 69.65339      66.7622 
 69.64892      66.75948 
 69.64881      66.75667 
 69.64872      66.75398 
 69.64356      66.7517 
 69.63911      66.75516 
 69.63996      66.75841 
 69.62781      66.76659 
 69.62086      66.7686 
 69.62265      66.7705 
 69.64628      66.769 
 69.66456      66.76595 
 1             60 
1
 -9999.0   ,   9990.0 
 10 
 71.52658      66.815 
 71.52883      66.80947 
 71.53195      66.80681 
 71.5435       66.79689 
 71.5467       66.79836 
 71.54158      66.80371 
 71.54211      66.80967 
 71.53486      66.81697 
 71.52541      66.81783 
 71.52658      66.815 
 1             61 
1
 -9999.0   ,   9990.0 
 285 
 70.66123      66.70261 
 70.64781      66.69839 
 70.63561      66.68647 
 70.62833      66.68303 
 70.63572      66.68095 
 70.64628      66.67795 
 70.67564      66.67331 
 70.69234      66.66866 
 70.73947      66.66441 
 70.76106      66.66086 
 70.78728      66.64968 
 70.88986      66.62425 
 70.89828      66.62023 
 70.92531      66.60741 
 70.97006      66.59503 
 70.99628      66.59092 
 71.02597      66.5892 
 71.04248      66.59 
 71.06308      66.5934 
 71.06525      66.59375 
 71.10011      66.59472 
 71.08026      66.60136 
 71.07941      66.60523 
 71.0867       66.61142 
 71.09314      66.61095 
 71.09873      66.61433 
 71.07631      66.62478 
 71.08483      66.62531 
 71.10025      66.62331 
 71.1287       66.61422 
 71.15886      66.6157 
 71.14325      66.60533 
 71.14408      66.60147 
 71.16731      66.60316 
 71.1819       66.59678 
 71.18764      66.5995 
 71.18445      66.60375 
 71.19505      66.60523 
 71.19753      66.60039 
 71.19856      66.59836 
 71.19898      66.59758 
 71.21608      66.59903 
 71.21706      66.59911 
 71.23192      66.59686 
 71.23722      66.60436 
 71.23336      66.60628 
 71.21971      66.60561 
 71.21965      66.60564 
 71.21961      66.60567 
 71.21589      66.60731 
 71.23086      66.61536 
 71.23558      66.62581 
 71.24753      66.63192 
 71.26172      66.63558 
 71.27111      66.6375 
 71.28142      66.6351 
 71.30195      66.63325 
 71.29906      66.63064 
 71.30123      66.62842 
 71.30675      66.62675 
 71.31828      66.6267 
 71.3236       66.62891 
 71.32353      66.63465 
 71.33278      66.63448 
 71.34566      66.62781 
 71.37628      66.63016 
 71.38378      66.63292 
 71.40942      66.6342 
 71.414        66.6324 
 71.3933       66.62566 
 71.38098      66.62414 
 71.36911      66.62581 
 71.35445      66.62442 
 71.3407       66.62125 
 71.33998      66.61916 
 71.35042      66.61606 
 71.40342      66.61845 
 71.40405      66.61528 
 71.39083      66.60685 
 71.3987       66.60503 
 71.42585      66.61003 
 71.4437       66.60992 
 71.4375       66.61498 
 71.43772      66.61539 
 71.44         66.61961 
 71.45386      66.62508 
 71.46336      66.62653 
 71.47898      66.62611 
 71.51314      66.62217 
 71.53381      66.62236 
 71.53447      66.62241 
 71.54283      66.62331 
 71.5613       66.63167 
 71.59016      66.63416 
 71.59842      66.63626 
 71.60789      66.64064 
 71.61042      66.64553 
 71.60948      66.65625 
 71.60125      66.65986 
 71.59614      66.66248 
 71.60267      66.67316 
 71.60961      66.67316 
 71.61522      66.67461 
 71.61528      66.67461 
 71.6239       66.67681 
 71.61428      66.6788 
 71.60736      66.6875 
 71.6095       66.6942 
 71.60692      66.6987 
 71.60095      66.69967 
 71.60592      66.70666 
 71.61197      66.70526 
 71.62289      66.70835 
 71.62698      66.7112 
 71.6252       66.71433 
 71.59775      66.72767 
 71.58731      66.72781 
 71.58342      66.72998 
 71.58261      66.73025 
 71.55739      66.73878 
 71.53833      66.759 
 71.5482       66.76183 
 71.54723      66.76956 
 71.53298      66.77714 
 71.51756      66.79335 
 71.5232       66.7942 
 71.53176      66.79195 
 71.53495      66.79342 
 71.50411      66.81123 
 71.49623      66.8302 
 71.50303      66.82811 
 71.5269       66.82723 
 71.53122      66.8262 
 71.54106      66.82325 
 71.54422      66.82231 
 71.54691      66.81758 
 71.55248      66.81592 
 71.5662       66.8168 
 71.58978      66.82073 
 71.59683      66.82322 
 71.5802       66.82523 
 71.56958      66.82903 
 71.56123      66.83014 
 71.54825      66.82836 
 71.53714      66.83166 
 71.53347      66.83545 
 71.5344       66.83961 
 71.545        66.8445 
 71.55528      66.8455 
 71.56164      66.84845 
 71.55371      66.8505 
 71.52995      66.85022 
 71.5132       66.85541 
 71.52423      66.857 
 71.5247       66.85897 
 71.53328      66.85992 
 71.53906      66.86261 
 71.5502       66.85931 
 71.55248      66.8653 
 71.54503      66.86761 
 71.52803      66.86845 
 71.50298      66.87728 
 71.48075      66.87795 
 71.4797       66.8777 
 71.47245      66.87586 
 71.4712       66.87356 
 71.4698       66.87072 
 71.46048      66.87245 
 71.45628      66.87114 
 71.45964      66.86753 
 71.45483      66.86823 
 71.44642      66.86955 
 71.43885      66.86681 
 71.43191      66.8666 
 71.42741      66.86303 
 71.41158      66.86367 
 71.3962       66.86225 
 71.3564       66.85528 
 71.27597      66.85358 
 71.25965      66.85122 
 71.26605      66.85648 
 71.26092      66.8588 
 71.24736      66.85975 
 71.23256      66.85833 
 71.2127       66.85336 
 71.20131      66.8468 
 71.19642      66.83978 
 71.17983      66.83328 
 71.17658      66.83036 
 71.16523      66.8202 
 71.15881      66.81771 
 71.12545      66.81636 
 71.11275      66.81067 
 71.10081      66.80155 
 71.08117      66.79586 
 70.92711      66.79767 
 70.91693      66.79915 
 70.90006      66.8045 
 70.8752       66.8041 
 70.84147      66.78664 
 70.84842      66.78415 
 70.83134      66.78035 
 70.8087       66.75528 
 70.8041       66.75511 
 70.80348      66.76286 
 70.79903      66.76453 
 70.78961      66.76258 
 70.78035      66.7577 
 70.75723      66.75 
 70.75658      66.74516 
 70.74878      66.74145 
 70.74278      66.7348 
 70.7509       66.73236 
 70.77111      66.72989 
 70.7909       66.73197 
 70.80883      66.72943 
 70.8369       66.73389 
 70.84008      66.73441 
 70.86981      66.75125 
 70.9112       66.75775 
 70.93795      66.75983 
 70.991        66.76075 
 71.00506      66.76261 
 71.03005      66.75958 
 71.04173      66.7618 
 71.08916      66.75931 
 71.12258      66.76378 
 71.1235       66.7639 
 71.13914      66.75847 
 71.1559       66.75858 
 71.16898      66.75695 
 71.18467      66.75131 
 71.205        66.73735 
 71.22235      66.72923 
 71.23761      66.72536 
 71.26839      66.72348 
 71.26023      66.72222 
 71.22961      66.72214 
 71.21403      66.72483 
 71.19936      66.7312 
 71.18828      66.7425 
 71.1566       66.75264 
 71.1211       66.75625 
 71.09495      66.75675 
 71.08431      66.75503 
 71.06223      66.75542 
 71.04556      66.75758 
 70.9825       66.75475 
 70.96375      66.7557 
 70.926        66.7537 
 70.90898      66.7547 
 70.88061      66.74455 
 70.86498      66.74195 
 70.86003      66.73835 
 70.87065      66.7348 
 70.86711      66.73261 
 70.85609      66.7327 
 70.8239       66.72422 
 70.80735      66.72342 
 70.78797      66.72453 
 70.75036      66.72961 
 70.74611      66.72303 
 70.7362       66.71833 
 70.74925      66.70797 
 70.761        66.69861 
 70.7744       66.69317 
 70.8405       66.67423 
 70.85945      66.67216 
 70.8925       66.6715 
 70.95261      66.66583 
 70.99295      66.65028 
 71.00833      66.64631 
 70.99084      66.64678 
 70.96133      66.65767 
 70.90975      66.66661 
 70.88935      66.66497 
 70.86681      66.66673 
 70.82667      66.67167 
 70.76503      66.6912 
 70.74053      66.70223 
 70.7325       66.70423 
 70.7117       66.70942 
 70.69783      66.70936 
 70.66341      66.70331 
 70.66123      66.70261 
