 81 
 1             1 
1
 -9999.0   ,   9990.0 
 13 
-37.62364      66.22565 
-37.61398      66.22619 
-37.60236      66.22967 
-37.59324      66.23046 
-37.59042      66.23656 
-37.5762       66.24365 
-37.57242      66.24793 
-37.57556      66.25071 
-37.58569      66.25132 
-37.61087      66.24827 
-37.62321      66.24321 
-37.63006      66.22985 
-37.62364      66.22565 
 1             2 
1
 -9999.0   ,   9990.0 
 7 
-37.99452      65.92144 
-37.98494      65.9227 
-37.97833      65.929 
-37.98247      65.93338 
-37.99286      65.92895 
-37.99713      65.92398 
-37.99452      65.92144 
 1             3 
1
 -9999.0   ,   9990.0 
 10 
-36.01817      65.90422 
-36.00533      65.90778 
-36.00153      65.91065 
-36.00634      65.9158 
-36.0117       65.91731 
-36.04314      65.91651 
-36.04361      65.90967 
-36.04678      65.90723 
-36.04207      65.90506 
-36.01817      65.90422 
 1             4 
1
 -9999.0   ,   9990.0 
 6 
-38.12541      65.90227 
-38.11397      65.91445 
-38.11537      65.91835 
-38.11989      65.9177 
-38.12521      65.91321 
-38.12541      65.90227 
 1             5 
1
 -9999.0   ,   9990.0 
 14 
-38.41519      65.8992 
-38.40284      65.90044 
-38.39996      65.902 
-38.40357      65.90728 
-38.4002       65.91728 
-38.40381      65.92256 
-38.41259      65.92538 
-38.41716      65.9334 
-38.42665      65.9335 
-38.43431      65.9363 
-38.4416       65.93591 
-38.448        65.93142 
-38.44033      65.90855 
-38.41519      65.8992 
 1             6 
1
 -9999.0   ,   9990.0 
 8 
-38.09717      65.891 
-38.091        65.89138 
-38.08798      65.91072 
-38.09477      65.90943 
-38.11068      65.89731 
-38.10915      65.89523 
-38.10301      65.89516 
-38.09717      65.891 
 1             7 
1
 -9999.0   ,   9990.0 
 8 
-37.85307      65.86671 
-37.84616      65.86958 
-37.85155      65.87901 
-37.87098      65.87288 
-37.87285      65.8704 
-37.87073      65.86901 
-37.85956      65.86931 
-37.85307      65.86671 
 1             8 
1
 -9999.0   ,   9990.0 
 10 
-36.16137      65.8537 
-36.15606      65.85563 
-36.15386      65.85923 
-36.16226      65.86674 
-36.17004      65.86693 
-36.17888      65.86373 
-36.18561      65.86343 
-36.17957      65.85506 
-36.1695       65.85527 
-36.16137      65.8537 
 1             9 
1
 -9999.0   ,   9990.0 
 27 
-38.07195      65.83711 
-38.06165      65.84109 
-38.05864      65.84426 
-38.06126      65.84656 
-38.07612      65.84901 
-38.07375      65.85105 
-38.05536      65.85128 
-38.05209      65.85808 
-38.05442      65.86449 
-38.06971      65.86901 
-38.0857       65.87946 
-38.09772      65.88302 
-38.10685      65.88814 
-38.11952      65.89035 
-38.14236      65.89083 
-38.15256      65.88845 
-38.17792      65.87596 
-38.19298      65.8619 
-38.19336      65.86155 
-38.18602      65.85463 
-38.16494      65.8448 
-38.15178      65.84192 
-38.14289      65.8416 
-38.12934      65.8444 
-38.11494      65.84331 
-38.08361      65.83748 
-38.07195      65.83711 
 1             10 
1
 -9999.0   ,   9990.0 
 37 
-36.86085      65.91945 
-36.87906      65.91942 
-36.88899      65.91573 
-36.89175      65.91123 
-36.88202      65.90373 
-36.89396      65.89713 
-36.90229      65.87835 
-36.91581      65.87725 
-36.94829      65.86647 
-36.99993      65.85857 
-37.03088      65.85596 
-37.04817      65.85081 
-37.04726      65.84897 
-37.03969      65.84883 
-37.03558      65.84875 
-37.03245      65.84686 
-37.04956      65.84331 
-37.04374      65.84046 
-37.04265      65.83017 
-37.02649      65.83033 
-37.00703      65.83999 
-36.99798      65.84119 
-36.99342      65.83722 
-36.99615      65.83271 
-36.99381      65.82879 
-36.98934      65.82893 
-36.97973      65.83514 
-36.94497      65.84679 
-36.86977      65.86502 
-36.86926      65.86515 
-36.85157      65.87323 
-36.84644      65.87884 
-36.84224      65.89541 
-36.83082      65.90681 
-36.83148      65.91071 
-36.84577      65.91738 
-36.86085      65.91945 
 1             11 
1
 -9999.0   ,   9990.0 
 13 
-36.20477      65.81185 
-36.18234      65.81678 
-36.20371      65.83465 
-36.20636      65.83951 
-36.21792      65.84048 
-36.23524      65.83245 
-36.2482       65.83139 
-36.25414      65.8288 
-36.25673      65.81448 
-36.24387      65.81485 
-36.23078      65.81295 
-36.22389      65.81436 
-36.20477      65.81185 
 1             12 
1
 -9999.0   ,   9990.0 
 60 
-36.33849      65.81116 
-36.33289      65.81537 
-36.33025      65.82239 
-36.30823      65.82848 
-36.30324      65.83225 
-36.323        65.83843 
-36.3274       65.84286 
-36.3243       65.84508 
-36.30878      65.84448 
-36.29638      65.84146 
-36.28024      65.85316 
-36.26903      65.85746 
-36.26521      65.85691 
-36.26428      65.85164 
-36.2692       65.84445 
-36.26429      65.83977 
-36.25717      65.83891 
-36.24965      65.84078 
-36.22783      65.85305 
-36.21998      65.85968 
-36.21259      65.86591 
-36.21357      65.87075 
-36.23174      65.8803 
-36.23387      65.88493 
-36.24576      65.88772 
-36.26473      65.88385 
-36.27678      65.8855 
-36.27057      65.88991 
-36.26138      65.89175 
-36.25029      65.89902 
-36.25544      65.90599 
-36.26082      65.9075 
-36.26962      65.9045 
-36.27098      65.9107 
-36.27636      65.9122 
-36.28645      65.91198 
-36.30801      65.90176 
-36.32365      65.8898 
-36.32326      65.88508 
-36.31514      65.87476 
-36.31821      65.87278 
-36.334        65.88365 
-36.33996      65.88493 
-36.35602      65.88189 
-36.37392      65.88161 
-36.37983      65.87925 
-36.38225      65.87383 
-36.39353      65.87294 
-36.39782      65.87007 
-36.39101      65.85873 
-36.395        65.84993 
-36.38729      65.84106 
-36.38804      65.83561 
-36.39755      65.82305 
-36.38481      65.82252 
-36.38714      65.81368 
-36.38145      65.81316 
-36.37668      65.81275 
-36.35485      65.81361 
-36.33849      65.81116 
 1             13 
1
 -9999.0   ,   9990.0 
 7 
-37.89681      65.8055 
-37.8929       65.80568 
-37.88044      65.81578 
-37.8831       65.81741 
-37.89204      65.81685 
-37.90267      65.80877 
-37.89681      65.8055 
 1             14 
1
 -9999.0   ,   9990.0 
 9 
-36.22555      65.79111 
-36.21616      65.79454 
-36.20947      65.79461 
-36.20533      65.79245 
-36.20422      65.7963 
-36.21208      65.7997 
-36.2189       65.79872 
-36.22914      65.79326 
-36.22555      65.79111 
 1             15 
1
 -9999.0   ,   9990.0 
 11 
-36.54799      65.78833 
-36.54128      65.78865 
-36.51793      65.80548 
-36.50958      65.81395 
-36.50915      65.82148 
-36.51824      65.82008 
-36.54624      65.80176 
-36.56328      65.79483 
-36.56523      65.79259 
-36.55242      65.79276 
-36.54799      65.78833 
 1             16 
1
 -9999.0   ,   9990.0 
 65 
-36.53418      65.91949 
-36.52921      65.91481 
-36.52711      65.90951 
-36.53524      65.8944 
-36.58054      65.87235 
-36.59413      65.87082 
-36.61322      65.8742 
-36.62612      65.88247 
-36.63371      65.88423 
-36.63637      65.88086 
-36.63278      65.8696 
-36.60337      65.84661 
-36.60235      65.84156 
-36.62356      65.82376 
-36.63089      65.81433 
-36.6291       65.81087 
-36.6258       65.81057 
-36.61455      65.81581 
-36.60669      65.81633 
-36.60444      65.81216 
-36.62972      65.79286 
-36.63914      65.78872 
-36.64568      65.78903 
-36.64798      65.78914 
-36.65321      65.79176 
-36.65531      65.80162 
-36.66153      65.80085 
-36.67503      65.7952 
-36.69534      65.7929 
-36.69956      65.79024 
-36.69866      65.78406 
-36.71482      65.78828 
-36.72994      65.78289 
-36.73812      65.7842 
-36.74682      65.79031 
-36.75029      65.79838 
-36.73238      65.81285 
-36.69093      65.82383 
-36.68122      65.83024 
-36.6856       65.8333 
-36.69506      65.83989 
-36.69335      65.84465 
-36.69637      65.84722 
-36.71085      65.85186 
-36.71403      65.85765 
-36.7102       65.87056 
-36.73278      65.87743 
-36.73906      65.88531 
-36.74925      65.88872 
-36.76537      65.88928 
-36.77337      65.89241 
-36.77348      65.89606 
-36.74375      65.91075 
-36.72859      65.9159 
-36.66702      65.9299 
-36.64119      65.93962 
-36.60535      65.94345 
-36.60034      65.944 
-36.5528       65.95665 
-36.53882      65.95658 
-36.52323      65.95166 
-36.51934      65.94725 
-36.52339      65.9293 
-36.53512      65.92088 
-36.53418      65.91949 
 1             17 
1
 -9999.0   ,   9990.0 
 21 
-36.32606      65.77641 
-36.31864      65.77783 
-36.31015      65.78288 
-36.30343      65.78318 
-36.29505      65.77955 
-36.26639      65.77773 
-36.26167      65.77966 
-36.26161      65.784 
-36.26919      65.79331 
-36.26917      65.81317 
-36.27506      65.8188 
-36.28809      65.82116 
-36.29732      65.81887 
-36.3219       65.80233 
-36.33363      65.79805 
-36.3347       65.79031 
-36.35013      65.79135 
-36.35156      65.7891 
-36.3507       65.78851 
-36.33428      65.77728 
-36.32606      65.77641 
 1             18 
1
 -9999.0   ,   9990.0 
 8 
-36.65456      65.76783 
-36.64288      65.77237 
-36.63915      65.77548 
-36.64216      65.77806 
-36.65053      65.77779 
-36.65851      65.77179 
-36.65935      65.76953 
-36.65456      65.76783 
 1             19 
1
 -9999.0   ,   9990.0 
 8 
-36.19993      65.76424 
-36.19407      65.76638 
-36.20746      65.76991 
-36.22167      65.77162 
-36.22909      65.7702 
-36.2228       65.76754 
-36.2085       65.7665 
-36.19993      65.76424 
 1             20 
1
 -9999.0   ,   9990.0 
 447 
-38.10864      66.38093 
-38.0973       66.38034 
-38.08785      66.37728 
-38.05509      66.37416 
-38.03799      66.37463 
-37.99473      66.3675 
-37.98966      66.37451 
-37.99407      66.39166 
-37.99141      66.39665 
-37.98523      66.39565 
-37.97876      66.3908 
-37.97249      66.3759 
-37.96145      66.36412 
-37.95809      66.36249 
-37.94939      66.35827 
-37.93693      66.35765 
-37.9328       66.35965 
-37.92393      66.3714 
-37.89862      66.36059 
-37.88327      66.36062 
-37.87233      66.3623 
-37.87021      66.36751 
-37.8759       66.37466 
-37.88421      66.39895 
-37.87454      66.42026 
-37.8756       66.43556 
-37.85475      66.43255 
-37.85018      66.42565 
-37.85415      66.41886 
-37.84042      66.39131 
-37.82192      66.36004 
-37.79054      66.3546 
-37.73422      66.34196 
-37.72486      66.33841 
-37.67293      66.32833 
-37.66816      66.32438 
-37.6283       66.31308 
-37.60114      66.31223 
-37.58528      66.31816 
-37.5748       66.3148 
-37.56183      66.32008 
-37.54783      66.31804 
-37.53723      66.32221 
-37.5322       66.33355 
-37.48         66.34483 
-37.47383      66.33812 
-37.45934      66.33515 
-37.45285      66.33186 
-37.45109      66.32658 
-37.43908      66.3216 
-37.42848      66.31961 
-37.409        66.30995 
-37.37267      66.31005 
-37.3484       66.31443 
-37.31505      66.31868 
-37.30511      66.32148 
-37.24899      66.33148 
-37.2021       66.33979 
-37.19458      66.32506 
-37.18255      66.3155 
-37.17649      66.31379 
-37.16915      66.30818 
-37.15472      66.3052 
-37.19558      66.29975 
-37.21152      66.29387 
-37.24748      66.28627 
-37.25121      66.28315 
-37.26314      66.28289 
-37.28033      66.28661 
-37.30926      66.28641 
-37.32145      66.28366 
-37.35058      66.27021 
-37.37241      66.25574 
-37.41477      66.23361 
-37.4236       66.2301 
-37.44978      66.22253 
-37.46452      66.21616 
-37.48019      66.20591 
-37.50914      66.19245 
-37.52541      66.17536 
-37.55391      66.16006 
-37.57193      66.16033 
-37.57622      66.15652 
-37.56909      66.1482 
-37.57215      66.13935 
-37.5546       66.10327 
-37.57898      66.10751 
-37.59646      66.1071 
-37.61662      66.10192 
-37.63921      66.10088 
-37.6457       66.09756 
-37.64999      66.08715 
-37.66878      66.07145 
-37.66471      66.06659 
-37.64967      66.05862 
-37.66973      66.06051 
-37.6956       66.06021 
-37.70556      66.05532 
-37.72235      66.05601 
-37.7407       66.06495 
-37.74917      66.06438 
-37.8066       66.04898 
-37.81215      66.03582 
-37.82204      66.02455 
-37.81728      66.014 
-37.80826      66.00772 
-37.79175      66.00925 
-37.7868       66.00971 
-37.78124      66.00917 
-37.77807      66.00685 
-37.79678      65.9973 
-37.80058      65.99188 
-37.79508      65.97698 
-37.78947      65.9703 
-37.75779      65.96757 
-37.72835      65.97172 
-37.67194      65.98323 
-37.66748      65.98293 
-37.68036      65.9765 
-37.73041      65.9672 
-37.76681      65.94649 
-37.76589      65.93786 
-37.81886      65.91801 
-37.82902      65.90971 
-37.84279      65.89098 
-37.84445      65.88416 
-37.83926      65.87223 
-37.83333      65.86964 
-37.81948      65.87561 
-37.79691      65.89263 
-37.76643      65.90361 
-37.76566      65.90362 
-37.75861      65.90373 
-37.74273      65.9001 
-37.73152      65.90061 
-37.71881      65.90568 
-37.71499      65.91133 
-37.7156       65.92388 
-37.70917      65.93381 
-37.70211      65.93805 
-37.69239      65.93403 
-37.67933      65.92996 
-37.64606      65.9142 
-37.61638      65.90874 
-37.59719      65.9048 
-37.58511      65.90256 
-37.53768      65.88405 
-37.51376      65.88938 
-37.5087       65.88976 
-37.50671      65.88721 
-37.50904      65.88613 
-37.52611      65.8825 
-37.53142      65.8794 
-37.49254      65.85963 
-37.45725      65.84972 
-37.44925      65.84593 
-37.38838      65.81894 
-37.35874      65.8091 
-37.29866      65.79258 
-37.24483      65.76998 
-37.23004      65.76006 
-37.22561      65.75709 
-37.21599      65.7535 
-37.20383      65.75305 
-37.19203      65.75968 
-37.1789       65.7631 
-37.1758       65.76625 
-37.17965      65.77178 
-37.19075      65.77722 
-37.22463      65.7881 
-37.23409      65.79875 
-37.24309      65.80324 
-37.26122      65.81086 
-37.28642      65.81471 
-37.29718      65.81832 
-37.31787      65.82848 
-37.31968      65.83262 
-37.31872      65.83353 
-37.31661      65.83553 
-37.31149      65.8366 
-37.29743      65.83248 
-37.28535      65.81971 
-37.26915      65.82035 
-37.25299      65.826 
-37.24304      65.82536 
-37.2147       65.81415 
-37.19879      65.80131 
-37.1976       65.79674 
-37.19423      65.79715 
-37.1785       65.80918 
-37.16788      65.80966 
-37.16703      65.80714 
-37.18264      65.79625 
-37.16345      65.789 
-37.15538      65.78595 
-37.13009      65.7937 
-37.12516      65.80341 
-37.10944      65.80472 
-37.10301      65.80757 
-37.09804      65.81751 
-37.10003      65.83512 
-37.09291      65.84936 
-37.09522      65.85374 
-37.10104      65.85658 
-37.12343      65.86087 
-37.14958      65.86135 
-37.16168      65.86293 
-37.16918      65.86581 
-37.18521      65.86731 
-37.19016      65.86778 
-37.20362      65.87235 
-37.21573      65.87918 
-37.24565      65.88655 
-37.25238      65.89168 
-37.29187      65.89852 
-37.32979      65.91011 
-37.35545      65.91603 
-37.42106      65.93671 
-37.43921      65.94567 
-37.44521      65.95307 
-37.46095      65.97591 
-37.46034      65.98228 
-37.46006      65.98524 
-37.47891      65.99922 
-37.46703      66.00041 
-37.4519       66.0004 
-37.44779      65.99645 
-37.44966      65.97686 
-37.44373      65.96856 
-37.42542      65.95526 
-37.41787      65.9524 
-37.39434      65.947 
-37.38522      65.94297 
-37.35859      65.92953 
-37.35344      65.92511 
-37.3121       65.91392 
-37.30175      65.90576 
-37.26512      65.90353 
-37.25029      65.89575 
-37.20738      65.88976 
-37.16359      65.87643 
-37.15797      65.87678 
-37.16252      65.8812 
-37.16087      65.88144 
-37.12795      65.88628 
-37.12256      65.8896 
-37.14052      65.9043 
-37.13659      65.91495 
-37.14104      65.92552 
-37.14511      65.92925 
-37.16352      65.93483 
-37.17398      65.94112 
-37.15891      65.94136 
-37.14922      65.94301 
-37.14381      65.94656 
-37.13875      65.9572 
-37.12769      65.96635 
-37.13228      65.97055 
-37.16797      65.9876 
-37.16863      65.9972 
-37.17681      66.00465 
-37.18242      66.0205 
-37.2055       66.04645 
-37.21097      66.06388 
-37.22808      66.07217 
-37.25696      66.09731 
-37.25504      66.09955 
-37.24524      66.09641 
-37.23605      66.09285 
-37.21602      66.07995 
-37.19431      66.06199 
-37.1563       66.01295 
-37.11789      65.98967 
-37.11668      65.98531 
-37.11735      65.98428 
-37.12072      65.979 
-37.11694      65.97778 
-37.09398      65.98285 
-37.08774      65.98866 
-37.09258      65.99559 
-37.11014      66.00938 
-37.11072      66.01441 
-37.10025      66.03315 
-37.10267      66.04186 
-37.09694      66.05317 
-37.08799      66.06305 
-37.07759      66.06559 
-37.06915      66.06567 
-37.05977      66.06412 
-37.05556      66.06153 
-37.0461       66.05566 
-37.05203      66.03271 
-37.05922      66.0235 
-37.0716       66.00798 
-37.07551      65.99802 
-37.07988      65.98373 
-37.09683      65.97217 
-37.09099      65.96408 
-37.08534      65.9544 
-37.09923      65.9348 
-37.09585      65.92995 
-37.07042      65.91716 
-37.04221      65.8945 
-37.03462      65.8825 
-37.04995      65.87503 
-37.04021      65.87233 
-37.04347      65.86806 
-37.03866      65.86615 
-36.99306      65.86505 
-36.97781      65.86681 
-36.93339      65.87964 
-36.92898      65.87943 
-36.92562      65.87926 
-36.91952      65.87891 
-36.90423      65.89527 
-36.91461      65.91648 
-36.91177      65.92166 
-36.88165      65.93065 
-36.87902      65.92923 
-36.86537      65.92885 
-36.84757      65.92831 
-36.84648      65.93018 
-36.83442      65.93746 
-36.82547      65.93751 
-36.8097       65.93377 
-36.77489      65.92121 
-36.76262      65.92095 
-36.74048      65.92826 
-36.71356      65.93339 
-36.70136      65.94158 
-36.6848       65.9442 
-36.66886      65.94638 
-36.6402       65.94736 
-36.62646      65.9498 
-36.57272      65.96713 
-36.55701      65.97158 
-36.52884      65.97278 
-36.52346      65.9754 
-36.50789      66.00405 
-36.4815       66.0336 
-36.48425      66.03823 
-36.49296      66.04024 
-36.52333      66.04 
-36.53329      66.04113 
-36.54775      66.04647 
-36.56823      66.04809 
-36.57166      66.04836 
-36.58582      66.05186 
-36.58204      66.05498 
-36.58371      66.06803 
-36.57527      66.0724 
-36.56169      66.07302 
-36.48324      66.07083 
-36.43069      66.0644 
-36.39415      66.07658 
-36.36183      66.08246 
-36.34864      66.07211 
-36.33503      66.06883 
-36.36265      66.06033 
-36.37612      66.05242 
-36.38244      66.04732 
-36.39929      66.03515 
-36.40595      66.02343 
-36.40533      66.01566 
-36.39421      66.01083 
-36.39424      66.0065 
-36.40431      65.9944 
-36.40286      65.98455 
-36.40761      65.97439 
-36.40371      65.9544 
-36.40201      65.94573 
-36.40847      65.91894 
-36.40457      65.91063 
-36.39248      65.90511 
-36.37373      65.9033 
-36.3522       65.89733 
-36.34228      65.8964 
-36.33927      65.89793 
-36.33546      65.90926 
-36.34339      65.90853 
-36.35241      65.91193 
-36.33787      65.92005 
-36.3306       65.9281 
-36.33029      65.93836 
-36.33059      65.93888 
-36.33435      65.9453 
-36.34635      65.95563 
-36.34423      65.95877 
-36.32617      65.96383 
-36.33133      65.96692 
-36.34792      65.96845 
-36.37357      65.97338 
-36.38598      65.97686 
-36.38406      65.97865 
-36.3543       65.97498 
-36.33751      65.97483 
-36.31742      65.97823 
-36.30676      65.97433 
-36.30121      65.97397 
-36.29383      65.9786 
-36.28799      65.99215 
-36.27994      66.00053 
-36.27812      66.00242 
-36.27228      66.00411 
-36.25701      66.00488 
-36.25477      66.00096 
-36.2708       65.97896 
-36.27097      65.96595 
-36.28509      65.95327 
-36.28754      65.94785 
-36.26884      65.93758 
-36.26038      65.93808 
-36.23828      65.94781 
-36.23258      65.968 
-36.22802      65.97245 
-36.22217      65.97414 
-36.20421      65.97439 
-36.2005       65.96905 
-36.20658      65.95025 
-36.2379       65.93091 
-36.24859      65.93048 
-36.24747      65.92658 
-36.20957      65.92566 
-36.19486      65.91915 
-36.19027      65.91994 
-36.16054      65.94731 
-36.15224      65.94663 
-36.14642      65.94055 
-36.1373       65.93782 
-36.12681      65.93688 
-36.13465      65.92543 
-36.12141      65.91665 
-36.10703      65.91561 
-36.08716      65.91762 
-36.05377      65.93505 
-36.04376      65.94575 
-36.03289      65.94731 
-36.03883      65.95248 
-36.06986      65.95463 
-36.0794       65.9583 
-36.08063      65.96131 
-36.07628      65.96416 
-36.0631       65.9661 
-36.02782      65.96795 
-36.02187      65.96826 
-36.01176      65.97577 
-36            65.97823 
 1             21 
1
 -9999.0   ,   9990.0 
 11 
-36.97685      65.75249 
-36.97073      65.7526 
-36.96686      65.75732 
-36.9716       65.76448 
-36.97993      65.76943 
-36.99711      65.77478 
-37.00374      65.77514 
-37.00515      65.77243 
-36.99748      65.76658 
-36.99695      65.76131 
-36.97685      65.75249 
 1             22 
1
 -9999.0   ,   9990.0 
 17 
-36.35497      65.75221 
-36.34902      65.75914 
-36.35373      65.7693 
-36.36491      65.78097 
-36.36831      65.79269 
-36.37227      65.79621 
-36.38407      65.79946 
-36.39513      65.79995 
-36.40096      65.79801 
-36.4058       65.79106 
-36.40534      65.78215 
-36.40236      65.77956 
-36.38065      65.77563 
-36.37475      65.77001 
-36.36899      65.75528 
-36.36324      65.75263 
-36.35497      65.75221 
 1             23 
1
 -9999.0   ,   9990.0 
 7 
-36.18845      65.74364 
-36.18294      65.75104 
-36.19903      65.75509 
-36.20472      65.75408 
-36.19434      65.74904 
-36.1949       65.74517 
-36.18845      65.74364 
 1             24 
1
 -9999.0   ,   9990.0 
 22 
-36.23555      65.74046 
-36.22309      65.7422 
-36.21632      65.74683 
-36.21983      65.75331 
-36.23769      65.76059 
-36.24144      65.76548 
-36.25385      65.76806 
-36.26868      65.76545 
-36.29242      65.77447 
-36.30214      65.77652 
-36.3083       65.77621 
-36.32209      65.76901 
-36.32195      65.76604 
-36.30554      65.76017 
-36.30423      65.75762 
-36.30984      65.7532 
-36.30462      65.7508 
-36.28609      65.7483 
-36.28091      65.74565 
-36.25317      65.74545 
-36.2431       65.7426 
-36.23555      65.74046 
 1             25 
1
 -9999.0   ,   9990.0 
 10 
-36.75421      65.73434 
-36.74294      65.74026 
-36.73643      65.75268 
-36.73875      65.75638 
-36.74883      65.75568 
-36.76066      65.7452 
-36.77051      65.74175 
-36.77134      65.73949 
-36.76672      65.73642 
-36.75421      65.73434 
 1             26 
1
 -9999.0   ,   9990.0 
 8 
-37.25182      65.73428 
-37.24881      65.73651 
-37.25589      65.74325 
-37.26194      65.74381 
-37.27105      65.74146 
-37.26875      65.73686 
-37.26339      65.73494 
-37.25182      65.73428 
 1             27 
1
 -9999.0   ,   9990.0 
 9 
-36.19299      65.73143 
-36.18964      65.73157 
-36.18648      65.73423 
-36.19201      65.73825 
-36.2047       65.74267 
-36.21417      65.74244 
-36.21912      65.73891 
-36.21193      65.73486 
-36.19299      65.73143 
 1             28 
1
 -9999.0   ,   9990.0 
 9 
-36.3156       65.72776 
-36.31222      65.72815 
-36.31122      65.73131 
-36.31401      65.73526 
-36.32594      65.74125 
-36.33443      65.74008 
-36.34034      65.73748 
-36.32754      65.73375 
-36.3156       65.72776 
 1             29 
1
 -9999.0   ,   9990.0 
 45 
-36.92532      65.7613 
-36.95042      65.76521 
-36.95947      65.76858 
-36.96339      65.77322 
-36.96016      65.77726 
-36.95031      65.78073 
-36.92122      65.78723 
-36.90706      65.79425 
-36.90783      65.79723 
-36.9466       65.78886 
-37.00737      65.79231 
-37.01068      65.7964 
-37.0147       65.80136 
-37.01255      65.80565 
-37.00216      65.80408 
-36.99468      65.81125 
-36.93629      65.8206 
-36.92354      65.82492 
-36.8687       65.85098 
-36.8484       65.85765 
-36.81304      65.86425 
-36.80419      65.8636 
-36.79648      65.8582 
-36.78517      65.85958 
-36.78102      65.85697 
-36.77903      65.84119 
-36.78557      65.81941 
-36.79228      65.81453 
-36.81888      65.81553 
-36.82467      65.8136 
-36.82916      65.80866 
-36.82825      65.80226 
-36.81719      65.79245 
-36.82244      65.78571 
-36.82038      65.78326 
-36.81174      65.77295 
-36.81486      65.7422 
-36.82152      65.73755 
-36.84934      65.73218 
-36.8616       65.72695 
-36.8702       65.71982 
-36.90086      65.74233 
-36.89569      65.74862 
-36.89864      65.75187 
-36.92532      65.7613 
 1             30 
1
 -9999.0   ,   9990.0 
 13 
-37.32187      65.71588 
-37.31075      65.71615 
-37.28983      65.72581 
-37.28783      65.73468 
-37.29043      65.73632 
-37.30144      65.73719 
-37.30736      65.73341 
-37.31465      65.73263 
-37.3101       65.72822 
-37.33207      65.72471 
-37.33728      65.72252 
-37.33333      65.71766 
-37.32187      65.71588 
 1             31 
1
 -9999.0   ,   9990.0 
 9 
-36.15958      65.71302 
-36.15255      65.71558 
-36.15502      65.7177 
-36.15169      65.7215 
-36.18103      65.722 
-36.18988      65.71833 
-36.18969      65.71582 
-36.18332      65.71384 
-36.15958      65.71302 
 1             32 
1
 -9999.0   ,   9990.0 
 14 
-36.75472      65.69373 
-36.74819      65.69725 
-36.74634      65.70337 
-36.74943      65.7144 
-36.74207      65.72473 
-36.75028      65.73015 
-36.75537      65.72934 
-36.76035      65.72488 
-36.76735      65.72663 
-36.77103      65.72373 
-36.76522      65.71221 
-36.76665      65.70037 
-36.76121      65.69501 
-36.75472      65.69373 
 1             33 
1
 -9999.0   ,   9990.0 
 22 
-36.98589      65.69198 
-36.97039      65.69191 
-36.96611      65.69548 
-36.97105      65.70082 
-36.96891      65.7099 
-36.97635      65.74221 
-36.98311      65.74623 
-36.99567      65.74806 
-37.02874      65.7601 
-37.04255      65.76082 
-37.05504      65.76333 
-37.0663       65.76195 
-37.07906      65.75695 
-37.08286      65.75267 
-37.08176      65.74161 
-37.08127      65.73667 
-37.0681       65.73027 
-37.03097      65.72 
-37.02414      65.71667 
-37.02334      65.7089 
-36.99511      65.69376 
-36.98589      65.69198 
 1             34 
1
 -9999.0   ,   9990.0 
 10 
-36.72416      65.68991 
-36.70756      65.68978 
-36.70065      65.69191 
-36.69689      65.69548 
-36.71497      65.71505 
-36.72089      65.71653 
-36.72723      65.71004 
-36.71932      65.6978 
-36.72711      65.69293 
-36.72416      65.68991 
 1             35 
1
 -9999.0   ,   9990.0 
 18 
-36.90682      65.6861 
-36.90124      65.69603 
-36.88655      65.70326 
-36.8827       65.70775 
-36.88909      65.71472 
-36.90584      65.72327 
-36.92323      65.75053 
-36.94377      65.75048 
-36.95458      65.74818 
-36.96109      65.74466 
-36.96208      65.7408 
-36.9467       65.71996 
-36.95094      65.70933 
-36.95446      65.7005 
-36.95177      65.69497 
-36.93739      65.68991 
-36.91895      65.68657 
-36.90682      65.6861 
 1             36 
1
 -9999.0   ,   9990.0 
 14 
-36.87373      65.6802 
-36.85408      65.68253 
-36.82851      65.68339 
-36.80481      65.69636 
-36.80161      65.69995 
-36.804        65.70776 
-36.81086      65.71063 
-36.83078      65.70625 
-36.85595      65.70425 
-36.87012      65.70157 
-36.87916      65.69536 
-36.88285      65.68745 
-36.88017      65.68191 
-36.87373      65.6802 
 1             37 
1
 -9999.0   ,   9990.0 
 9 
-39.23493      65.65806 
-39.2432       65.65878 
-39.25345      65.6693 
-39.26599      65.6771 
-39.25713      65.67775 
-39.24666      65.67634 
-39.2368       65.6722 
-39.23094      65.66328 
-39.23493      65.65806 
 1             38 
1
 -9999.0   ,   9990.0 
 11 
-36.74231      65.61384 
-36.72682      65.61853 
-36.70873      65.61746 
-36.70509      65.62013 
-36.70929      65.62638 
-36.71824      65.62999 
-36.72989      65.62955 
-36.73844      65.62745 
-36.74412      65.62165 
-36.74525      65.61687 
-36.74231      65.61384 
 1             39 
1
 -9999.0   ,   9990.0 
 9 
-38.55435      65.61098 
-38.54019      65.61837 
-38.54439      65.62251 
-38.5504       65.6237 
-38.55764      65.6224 
-38.56235      65.61653 
-38.56965      65.61386 
-38.56428      65.61106 
-38.55435      65.61098 
 1             40 
1
 -9999.0   ,   9990.0 
 12 
-37.98753      65.6147 
-37.99409      65.60793 
-38.00031      65.61349 
-37.99129      65.6314 
-37.98419      65.6379 
-37.97634      65.63941 
-37.96853      65.63292 
-37.96737      65.61877 
-37.97502      65.60473 
-37.98165      65.60458 
-37.98372      65.61396 
-37.98753      65.6147 
 1             41 
1
 -9999.0   ,   9990.0 
 27 
-36.84841      65.64135 
-36.83909      65.64071 
-36.83114      65.63781 
-36.82078      65.61798 
-36.82507      65.61441 
-36.82272      65.61094 
-36.81175      65.6057 
-36.81257      65.60343 
-36.82594      65.59777 
-36.83597      65.60163 
-36.8451       65.60843 
-36.86361      65.61063 
-36.86681      65.6164 
-36.88624      65.625 
-36.89188      65.63355 
-36.88641      65.64736 
-36.89779      65.65628 
-36.89428      65.66053 
-36.88682      65.66289 
-36.87362      65.66216 
-36.8587       65.6573 
-36.82113      65.657 
-36.81239      65.64678 
-36.81533      65.64525 
-36.83971      65.64483 
-36.84767      65.64294 
-36.84841      65.64135 
 1             42 
1
 -9999.0   ,   9990.0 
 19 
-37.26509      65.61454 
-37.25563      65.62076 
-37.24079      65.62005 
-37.23851      65.62616 
-37.23514      65.6268 
-37.22705      65.62482 
-37.22088      65.62037 
-37.23408      65.61011 
-37.23264      65.60803 
-37.22497      65.60745 
-37.21686      65.61118 
-37.20601      65.60939 
-37.19934      65.60448 
-37.23052      65.58565 
-37.23494      65.5855 
-37.24057      65.59518 
-37.25316      65.60156 
-37.25569      65.60935 
-37.26509      65.61454 
 1             43 
1
 -9999.0   ,   9990.0 
 99 
-37.11754      65.67279 
-37.12282      65.66993 
-37.15805      65.66121 
-37.17016      65.65117 
-37.18444      65.65211 
-37.18792      65.65058 
-37.18408      65.64505 
-37.18724      65.64121 
-37.18639      65.63869 
-37.14312      65.62468 
-37.12824      65.6244 
-37.1124       65.63301 
-37.09869      65.63206 
-37.08721      65.63095 
-37.08876      65.62686 
-37.09291      65.6242 
-37.08128      65.61943 
-37.07829      65.6164 
-37.08012      65.61484 
-37.09933      65.61588 
-37.13662      65.6079 
-37.14179      65.60595 
-37.14098      65.6032 
-37.13076      65.60073 
-37.11985      65.59436 
-37.07504      65.58532 
-37.07251      65.5782 
-37.05028      65.57481 
-37.03162      65.57401 
-37.0268       65.56775 
-37.02043      65.56558 
-37.01017      65.5736 
-37.01129      65.57575 
-37.02018      65.59272 
-37.01601      65.61545 
-37.00381      65.6159 
-36.97225      65.60685 
-36.96874      65.60861 
-36.97432      65.61785 
-36.97239      65.62031 
-36.94899      65.62214 
-36.9387       65.62513 
-36.93322      65.6296 
-36.93337      65.64283 
-36.93726      65.64746 
-36.95147      65.64888 
-36.95936      65.65245 
-36.96119      65.65243 
-36.96601      65.65235 
-36.97916      65.64851 
-36.99062      65.64986 
-36.99581      65.65293 
-36.97403      65.6548 
-36.96167      65.6614 
-36.94577      65.66496 
-36.96406      65.67446 
-36.98239      65.67389 
-36.99813      65.67168 
-37.01234      65.67333 
-37.0229       65.67786 
-37.02121      65.68308 
-37.00283      65.68409 
-36.99698      65.68695 
-36.99943      65.68973 
-37.03389      65.70362 
-37.03966      65.70761 
-37.05089      65.71535 
-37.06369      65.71491 
-37.07165      65.713 
-37.08317      65.69885 
-37.09258      65.69377 
-37.10619      65.69083 
-37.10791      65.69543 
-37.09929      65.70348 
-37.08487      65.70869 
-37.08274      65.71298 
-37.09123      65.72158 
-37.10154      65.7236 
-37.10401      65.71109 
-37.11089      65.70894 
-37.13856      65.70921 
-37.1484       65.7053 
-37.15423      65.69902 
-37.1559       65.69721 
-37.16167      65.69504 
-37.17294      65.6932 
-37.18176      65.69358 
-37.19528      65.68608 
-37.22081      65.68013 
-37.23129      65.67507 
-37.23376      65.66713 
-37.22824      65.65631 
-37.21817      65.65203 
-37.21102      65.65168 
-37.18399      65.65643 
-37.15058      65.66906 
-37.14345      65.67372 
-37.12289      65.67448 
-37.11754      65.67279 
 1             44 
1
 -9999.0   ,   9990.0 
 25 
-36.93516      65.55936 
-36.92407      65.56005 
-36.88979      65.57055 
-36.88541      65.57981 
-36.88807      65.59493 
-36.89256      65.59433 
-36.89746      65.59011 
-36.90752      65.59371 
-36.90068      65.60043 
-36.92665      65.61463 
-36.94053      65.61398 
-36.9469       65.61138 
-36.95012      65.60733 
-36.96246      65.60553 
-36.96671      65.60218 
-36.96449      65.59735 
-36.9766       65.58778 
-36.98055      65.58586 
-36.98885      65.58185 
-36.98008      65.57643 
-36.96664      65.57343 
-36.95355      65.57706 
-36.95117      65.56401 
-36.94435      65.56091 
-36.93516      65.55936 
 1             45 
1
 -9999.0   ,   9990.0 
 243 
-37.48234      65.69458 
-37.48902      65.69422 
-37.50408      65.69902 
-37.51017      65.70505 
-37.50992      65.70778 
-37.50284      65.71246 
-37.44933      65.71001 
-37.44405      65.71311 
-37.43818      65.72237 
-37.42818      65.72266 
-37.41511      65.72017 
-37.41004      65.721 
-37.42795      65.73086 
-37.46835      65.73768 
-37.48744      65.75304 
-37.48282      65.75501 
-37.47448      65.75511 
-37.47475      65.75628 
-37.47805      65.77045 
-37.50998      65.78555 
-37.51246      65.78878 
-37.51395      65.79063 
-37.50547      65.79825 
-37.51086      65.8061 
-37.50787      65.80832 
-37.49321      65.79851 
-37.468        65.78876 
-37.4438       65.76261 
-37.42626      65.74863 
-37.40797      65.74168 
-37.40056      65.73886 
-37.39057      65.73893 
-37.36359      65.74258 
-37.35242      65.749 
-37.35376      65.75792 
-37.3317       65.75094 
-37.33018      65.74385 
-37.30528      65.74866 
-37.28238      65.74462 
-37.27514      65.74495 
-37.27398      65.75086 
-37.29175      65.76189 
-37.3001       65.76158 
-37.30857      65.75465 
-37.31354      65.75496 
-37.30877      65.76377 
-37.31233      65.76703 
-37.31328      65.76698 
-37.34861      65.76514 
-37.36458      65.77225 
-37.37329      65.7797 
-37.37433      65.7918 
-37.38288      65.79536 
-37.3957       65.80652 
-37.41113      65.81385 
-37.46312      65.8229 
-37.48617      65.83238 
-37.50946      65.83936 
-37.51778      65.84336 
-37.54094      65.85446 
-37.55446      65.86515 
-37.60251      65.88893 
-37.66387      65.90192 
-37.68096      65.90445 
-37.70111      65.90383 
-37.71345      65.89648 
-37.70913      65.8816 
-37.71326      65.87891 
-37.72507      65.87773 
-37.73331      65.87921 
-37.743        65.88344 
-37.77659      65.88186 
-37.82483      65.86451 
-37.84659      65.85705 
-37.86065      65.84835 
-37.86048      65.84333 
-37.85781      65.84192 
-37.83287      65.84751 
-37.82282      65.84783 
-37.82892      65.84108 
-37.84509      65.84085 
-37.86075      65.83284 
-37.85957      65.82667 
-37.84852      65.81147 
-37.85311      65.80971 
-37.86146      65.81666 
-37.86826      65.81516 
-37.88894      65.79947 
-37.88747      65.78965 
-37.88999      65.7858 
-37.93094      65.78793 
-37.94341      65.79197 
-37.95723      65.79306 
-37.96842      65.79206 
-37.97242      65.79051 
-37.97995      65.77876 
-37.97746      65.77485 
-37.97968      65.76735 
-37.98837      65.76245 
-37.988        65.75993 
-37.97886      65.75595 
-37.98149      65.75028 
-38.00679      65.71502 
-38.0049       65.71043 
-38.0086       65.69773 
-38.00517      65.68377 
-37.99943      65.67914 
-37.99291      65.67746 
-37.97618      65.6793 
-37.97325      65.67402 
-37.97477      65.66835 
-37.97537      65.66013 
-37.97136      65.65461 
-37.96007      65.64285 
-37.96083      65.6326 
-37.95113      65.61446 
-37.9474       65.59047 
-37.94156      65.58743 
-37.92418      65.58401 
-37.89752      65.57228 
-37.86307      65.56177 
-37.85156      65.56116 
-37.84811      65.56295 
-37.85429      65.56948 
-37.86185      65.57748 
-37.87246      65.58287 
-37.8729       65.58425 
-37.86459      65.58483 
-37.82976      65.5791 
-37.78751      65.56324 
-37.77119      65.5539 
-37.75994      65.55008 
-37.74786      65.54968 
-37.73055      65.55263 
-37.72614      65.5594 
-37.70308      65.55862 
-37.69333      65.55665 
-37.6876       65.55931 
-37.68592      65.56612 
-37.69014      65.56965 
-37.69312      65.57215 
-37.67266      65.5796 
-37.65776      65.57983 
-37.6436       65.58418 
-37.63532      65.59068 
-37.64022      65.59782 
-37.65409      65.60326 
-37.71618      65.61946 
-37.72191      65.62365 
-37.72704      65.63489 
-37.73357      65.64274 
-37.72947      65.64564 
-37.72059      65.64596 
-37.70157      65.63566 
-37.68233      65.62808 
-37.67841      65.62871 
-37.67392      65.62956 
-37.67494      65.6371 
-37.66495      65.63763 
-37.63086      65.62937 
-37.61495      65.62822 
-37.60594      65.62398 
-37.6058       65.61919 
-37.61894      65.61415 
-37.62256      65.61055 
-37.61592      65.60453 
-37.5974       65.59558 
-37.60433      65.59203 
-37.61841      65.5886 
-37.62374      65.58435 
-37.62294      65.58091 
-37.61702      65.57923 
-37.58861      65.58268 
-37.56508      65.58687 
-37.56017      65.5925 
-37.56582      65.6033 
-37.57413      65.60913 
-37.57409      65.61574 
-37.57056      65.6182 
-37.55938      65.61985 
-37.5536       65.62272 
-37.57061      65.63005 
-37.57411      65.63421 
-37.57102      65.63781 
-37.56491      65.63818 
-37.54752      65.63495 
-37.53196      65.62991 
-37.52997      65.6276 
-37.53518      65.61878 
-37.53533      65.61103 
-37.53163      65.59831 
-37.52986      65.59225 
-37.52524      65.58853 
-37.51755      65.58818 
-37.50845      65.59123 
-37.48963      65.60392 
-37.4989       65.61114 
-37.49634      65.61498 
-37.46096      65.61555 
-37.45235      65.61906 
-37.45237      65.62476 
-37.46201      65.63381 
-37.46362      65.64022 
-37.45768      65.65062 
-37.44836      65.64978 
-37.44325      65.63945 
-37.42936      65.63443 
-37.42648      65.62981 
-37.42686      65.62911 
-37.43119      65.621 
-37.42993      65.61094 
-37.42268      65.61173 
-37.4055       65.6183 
-37.39723      65.62386 
-37.39036      65.63218 
-37.39052      65.6363 
-37.40178      65.6456 
-37.39829      65.64736 
-37.38498      65.64783 
-37.38898      65.65793 
-37.38379      65.66583 
-37.37708      65.66663 
-37.36758      65.66191 
-37.36708      65.65574 
-37.37843      65.64703 
-37.37637      65.6454 
-37.36287      65.64791 
-37.36005      65.65287 
-37.35953      65.6538 
-37.3337       65.65221 
-37.32853      65.66535 
-37.32871      65.67471 
-37.33783      65.6776 
-37.33133      65.68183 
-37.33717      65.68991 
-37.34736      65.69327 
-37.35835      65.69984 
-37.36947      65.69935 
-37.37987      65.70636 
-37.38746      65.70808 
-37.41841      65.70882 
-37.45497      65.70303 
-37.48234      65.69458 
 1             46 
1
 -9999.0   ,   9990.0 
 7 
-37.8233       65.54937 
-37.82248      65.55278 
-37.83127      65.55997 
-37.84112      65.5608 
-37.84194      65.55738 
-37.83834      65.55414 
-37.8233       65.54937 
 1             47 
1
 -9999.0   ,   9990.0 
 5 
-38.94146      65.53573 
-38.93876      65.54985 
-38.95279      65.55768 
-38.96296      65.54999 
-38.94146      65.53573 
 1             48 
1
 -9999.0   ,   9990.0 
 16 
-39.63932      65.5273 
-39.63106      65.5298 
-39.62663      65.53321 
-39.61728      65.53387 
-39.60629      65.53226 
-39.60242      65.53498 
-39.62043      65.55006 
-39.63032      65.55258 
-39.6496       65.54896 
-39.66335      65.54875 
-39.66833      65.54511 
-39.66506      65.54055 
-39.66729      65.53668 
-39.66293      65.53143 
-39.65471      65.52801 
-39.63932      65.5273 
 1             49 
1
 -9999.0   ,   9990.0 
 14 
-39.12496      65.52195 
-39.09802      65.5225 
-39.09414      65.52361 
-39.09296      65.52635 
-39.09888      65.53048 
-39.08891      65.53293 
-39.08555      65.5352 
-39.08767      65.53771 
-39.10306      65.53826 
-39.11245      65.53647 
-39.11974      65.53173 
-39.12748      65.52994 
-39.13035      65.52608 
-39.12496      65.52195 
 1             50 
1
 -9999.0   ,   9990.0 
 486 
-38.96184      65.58258 
-38.97123      65.58172 
-38.97755      65.57401 
-38.99199      65.57045 
-38.99764      65.56615 
-39.00765      65.56302 
-39.01181      65.55371 
-39.01026      65.55073 
-38.99941      65.54588 
-38.99884      65.52993 
-38.98573      65.52735 
-38.9717       65.51973 
-38.96515      65.51833 
-38.95743      65.51919 
-38.95451      65.5242 
-38.96251      65.53131 
-38.953        65.53603 
-38.97412      65.5455 
-38.97779      65.55078 
-38.97661      65.55224 
-38.97377      65.55576 
-38.98394      65.56425 
-38.9811       65.56696 
-38.96966      65.56325 
-38.96116      65.57026 
-38.9497       65.56723 
-38.94082      65.56922 
-38.92505      65.56365 
-38.91923      65.55725 
-38.91375      65.55652 
-38.90308      65.56237 
-38.89261      65.56276 
-38.87255      65.5836 
-38.87569      65.58795 
-38.8888       65.59101 
-38.90397      65.59793 
-38.89838      65.60018 
-38.88572      65.59941 
-38.87663      65.59625 
-38.86234      65.59127 
-38.85665      65.5958 
-38.85864      65.60128 
-38.84271      65.61393 
-38.82417      65.60833 
-38.80476      65.59771 
-38.74847      65.57336 
-38.74405      65.57378 
-38.7394       65.57945 
-38.73006      65.5787 
-38.72329      65.5823 
-38.6917       65.5743 
-38.68397      65.57468 
-38.67166      65.57892 
-38.66551      65.58092 
-38.65838      65.58018 
-38.65085      65.57624 
-38.64372      65.57573 
-38.63837      65.57228 
-38.64244      65.56775 
-38.63268      65.56447 
-38.62417      65.55825 
-38.61815      65.55751 
-38.60402      65.56514 
-38.60687      65.58591 
-38.61009      65.58776 
-38.61949      65.58692 
-38.62419      65.59243 
-38.61617      65.61014 
-38.6196       65.61906 
-38.62931      65.6237 
-38.64743      65.62567 
-38.65083      65.62388 
-38.6512       65.62248 
-38.65283      65.61637 
-38.65677      65.61481 
-38.68229      65.62368 
-38.69711      65.62562 
-38.70868      65.62594 
-38.73477      65.62249 
-38.74266      65.63144 
-38.74619      65.63921 
-38.75043      65.64335 
-38.76243      65.64686 
-38.77269      65.65241 
-38.77088      65.65604 
-38.78967      65.66917 
-38.78233      65.67299 
-38.76848      65.67357 
-38.74994      65.6805 
-38.76105      65.6922 
-38.75655      65.694 
-38.74276      65.69275 
-38.73747      65.68724 
-38.73461      65.67675 
-38.71659      65.65927 
-38.71182      65.65468 
-38.70128      65.65551 
-38.68932      65.65131 
-38.67944      65.64986 
-38.6734       65.64913 
-38.6648       65.6559 
-38.66146      65.65633 
-38.65395      65.65148 
-38.63361      65.64926 
-38.62608      65.64511 
-38.61805      65.65141 
-38.61621      65.65505 
-38.61878      65.65916 
-38.64463      65.67351 
-38.63562      65.67686 
-38.6037       65.67363 
-38.60006      65.66904 
-38.58422      65.66503 
-38.58326      65.66206 
-38.58848      65.65732 
-38.5872       65.64955 
-38.6031       65.6408 
-38.60154      65.63873 
-38.57811      65.63238 
-38.5866       65.62812 
-38.5862       65.62516 
-38.57411      65.62414 
-38.5547       65.62603 
-38.54791      65.62915 
-38.55098      65.63396 
-38.54153      65.63526 
-38.5374       65.64046 
-38.53867      65.6587 
-38.53193      65.67141 
-38.54032      65.68373 
-38.54582      65.69182 
-38.5454       65.70002 
-38.55219      65.70806 
-38.55347      65.7156 
-38.53361      65.71405 
-38.52829      65.7099 
-38.53442      65.69833 
-38.52225      65.6875 
-38.52145      65.67108 
-38.51122      65.66575 
-38.51047      65.65891 
-38.49838      65.65766 
-38.45609      65.67322 
-38.44282      65.67309 
-38.44187      65.67035 
-38.45225      65.66247 
-38.44748      65.65878 
-38.47801      65.65633 
-38.49095      65.65216 
-38.50555      65.64746 
-38.51075      65.64318 
-38.51875      65.6273 
-38.51755      65.61862 
-38.5061       65.59504 
-38.49654      65.58812 
-38.48776      65.58735 
-38.47447      65.5886 
-38.4326       65.60826 
-38.42886      65.61597 
-38.42148      65.61978 
-38.42937      65.6267 
-38.43042      65.62761 
-38.42677      65.63373 
-38.43484      65.64748 
-38.43814      65.64775 
-38.4444       65.64438 
-38.46885      65.64165 
-38.47043      65.64326 
-38.46304      65.64706 
-38.43951      65.653 
-38.43086      65.65953 
-38.42052      65.6567 
-38.40778      65.64746 
-38.41604      65.63796 
-38.41304      65.63246 
-38.39692      65.63436 
-38.39376      65.64138 
-38.38773      65.64064 
-38.35646      65.64648 
-38.34983      65.64641 
-38.33151      65.6387 
-38.32307      65.64135 
-38.30845      65.65488 
-38.29381      65.65928 
-38.31437      65.63898 
-38.31412      65.63396 
-38.29284      65.62075 
-38.2621       65.61813 
-38.24188      65.63251 
-38.22337      65.6371 
-38.21062      65.63786 
-38.214        65.64543 
-38.2109       65.65063 
-38.19711      65.65891 
-38.2019       65.6617 
-38.21833      65.66416 
-38.21317      65.66707 
-38.19464      65.67142 
-38.18557      65.67475 
-38.19746      65.6937 
-38.20012      65.69793 
-38.19752      65.70383 
-38.18041      65.71138 
-38.17492      65.71064 
-38.16632      65.71511 
-38.16384      65.71918 
-38.15595      65.72114 
-38.16406      65.72419 
-38.17127      65.72405 
-38.18538      65.7201 
-38.18803      65.72196 
-38.18099      65.72805 
-38.18193      65.73055 
-38.19277      65.73432 
-38.18527      65.7388 
-38.17885      65.73531 
-38.17114      65.73455 
-38.1616       65.73625 
-38.15357      65.74026 
-38.15671      65.74303 
-38.17374      65.74551 
-38.18186      65.74856 
-38.18967      65.7564 
-38.20078      65.75606 
-38.20821      65.7614 
-38.1821       65.76179 
-38.18299      65.77365 
-38.17141      65.76395 
-38.15996      65.76085 
-38.1532       65.76237 
-38.14379      65.76203 
-38.12959      65.75868 
-38.11247      65.75757 
-38.09763      65.79155 
-38.09731      65.79227 
-38.10515      65.79943 
-38.11817      65.80414 
-38.14962      65.8077 
-38.15193      65.81479 
-38.15668      65.8185 
-38.19667      65.8194 
-38.19394      65.81002 
-38.19879      65.80392 
-38.2044       65.80307 
-38.20936      65.80381 
-38.21342      65.81845 
-38.22863      65.82408 
-38.23697      65.82418 
-38.24267      65.83085 
-38.24991      65.83071 
-38.26516      65.82699 
-38.27519      65.82688 
-38.29003      65.82976 
-38.27865      65.83374 
-38.27278      65.8387 
-38.27363      65.84303 
-38.28162      65.84883 
-38.29895      65.85675 
-38.33296      65.86554 
-38.34556      65.86909 
-38.35413      65.8751 
-38.37483      65.8833 
-38.38411      65.8868 
-38.41276      65.89278 
-38.43533      65.89824 
-38.4588       65.90758 
-38.46898      65.91543 
-38.47353      65.92413 
-38.4722       65.928 
-38.46608      65.948 
-38.45914      65.95386 
-38.4585       65.96578 
-38.46318      65.98071 
-38.47286      65.98788 
-38.48719      65.9936 
-38.48322      66.01666 
-38.47311      66.01732 
-38.4633       66.0159 
-38.45588      66.01418 
-38.44026      66.01516 
-38.4284       66.01171 
-38.42015      66.00889 
-38.41558      66.00065 
-38.40409      65.99575 
-38.39773      65.98953 
-38.38562      65.986 
-38.39224      65.97808 
-38.39028      65.97327 
-38.38081      65.97249 
-38.36929      65.9685 
-38.36244      65.96136 
-38.35001      65.95395 
-38.34865      65.9487 
-38.35632      65.93235 
-38.35066      65.92431 
-38.33578      65.91162 
-38.30321      65.89647 
-38.28711      65.89516 
-38.26985      65.91253 
-38.26479      65.91316 
-38.25705      65.91195 
-38.25726      65.90853 
-38.262        65.90553 
-38.27005      65.90045 
-38.27097      65.89453 
-38.26723      65.89198 
-38.26064      65.89032 
-38.25469      65.89618 
-38.23695      65.8944 
-38.23241      65.89571 
-38.22632      65.89498 
-38.21941      65.88965 
-38.21007      65.88749 
-38.18713      65.88861 
-38.16395      65.89336 
-38.15734      65.90035 
-38.15241      65.91558 
-38.15584      65.93111 
-38.15961      65.93321 
-38.17409      65.93383 
-38.17778      65.93729 
-38.19465      65.93965 
-38.1955       65.93978 
-38.20058      65.94758 
-38.20432      65.98455 
-38.19991      65.99203 
-38.18593      65.98321 
-38.18305      65.97588 
-38.192        65.96755 
-38.19231      65.96276 
-38.16798      65.94175 
-38.16019      65.9412 
-38.15776      65.94413 
-38.15777      65.95234 
-38.15083      65.96412 
-38.1428       65.96699 
-38.13802      65.96329 
-38.1303       65.9534 
-38.13519      65.94731 
-38.14549      65.94376 
-38.14745      65.93946 
-38.12881      65.94243 
-38.11657      65.9334 
-38.1126       65.93426 
-38.10546      65.94057 
-38.10094      65.9494 
-38.09586      65.95003 
-38.08689      65.95836 
-38.07939      65.9617 
-38.07304      65.9566 
-38.06561      65.93508 
-38.07657      65.92221 
-38.07547      65.91673 
-38.07326      65.90576 
-38.07007      65.90345 
-38.06434      65.90565 
-38.05362      65.9151 
-38.03764      65.91993 
-38.02761      65.91957 
-38.01576      65.929 
-37.99548      65.93878 
-37.9872       65.94507 
-37.97542      65.96065 
-37.98018      65.96436 
-37.99515      65.96615 
-37.99831      65.96892 
-37.98254      65.98537 
-37.98507      65.98905 
-38.00204      65.98675 
-38.00104      65.99267 
-38.01021      65.99757 
-38.0089       65.99883 
-37.9921       66.01513 
-37.99401      66.01971 
-38.01066      66.02973 
-38.01262      66.03363 
-38.01137      66.03543 
-38.0063       66.0356 
-37.9998       66.03256 
-37.99412      66.0334 
-37.96001      66.04688 
-37.95551      66.04705 
-37.95622      66.05255 
-37.96372      66.07225 
-37.97098      66.08031 
-37.98099      66.0818 
-38.02136      66.07732 
-38.07333      66.07153 
-38.08376      66.07506 
-38.0961       66.07544 
-38.11191      66.08248 
-38.12296      66.0851 
-38.13584      66.08593 
-38.13517      66.09573 
-38.12666      66.09677 
-38.11137      66.11461 
-38.09937      66.11721 
-38.09813      66.11081 
-38.10237      66.09832 
-38.09723      66.09141 
-38.08562      66.08855 
-38.07914      66.08483 
-38.02221      66.09463 
-37.99029      66.09286 
-37.98721      66.09648 
-37.97698      66.09796 
-37.96913      66.10515 
-37.96269      66.12331 
-37.94146      66.1373 
-37.92771      66.14636 
-37.91274      66.1505 
-37.90658      66.14996 
-37.90007      66.14668 
-37.89137      66.15706 
-37.86178      66.16762 
-37.85631      66.17256 
-37.88939      66.17505 
-37.8937       66.17761 
-37.88249      66.18386 
-37.86176      66.18906 
-37.87308      66.19583 
-37.88994      66.19695 
-37.89739      66.19545 
-37.9082       66.18715 
-37.91661      66.18795 
-37.91855      66.19053 
-37.9289       66.2043 
-37.93989      66.20831 
-37.95283      66.21646 
-37.98447      66.22415 
-37.98655      66.22646 
-37.9881       66.22853 
-38.00602      66.2308 
-38.00692      66.234 
-37.9936       66.23818 
-37.98907      66.24588 
-37.98337      66.24648 
-37.97511      66.24343 
-37.97033      66.23925 
-37.95983      66.23593 
-37.94566      66.23645 
-37.92786      66.23256 
-37.91031      66.23279 
-37.86809      66.24456 
-37.86021      66.24401 
-37.85726      66.23849 
-37.84831      66.23723 
-37.81912      66.2414 
-37.81292      66.24109 
-37.82325      66.23233 
-37.82287      66.2294 
-37.81943      66.20286 
-37.81503      66.20143 
-37.80655      66.20156 
-37.79316      66.20638 
-37.74049      66.23463 
-37.71947      66.24231 
-37.71167      66.24745 
-37.70875      66.25516 
-37.71226      66.26046 
-37.73522      66.27013 
-37.74913      66.27306 
-37.75696      66.27431 
-37.76402      66.28467 
-37.79604      66.2939 
-37.80388      66.29616 
-37.8332       66.29815 
-37.85884      66.30373 
-37.91523      66.30788 
-37.92265      66.3073 
-37.94885      66.31333 
-37.99308      66.31365 
-38.04509      66.32386 
-38.09108      66.32371 
-38.09369      66.32695 
-38.12657      66.32755 
-38.139        66.32837 
-38.14005      66.32952 
-38.14216      66.33183 
-38.15405      66.33241 
-38.15229      66.34151 
-38.14668      66.34875 
-38.14673      66.35628 
-38.13912      66.36782 
-38.12552      66.37542 
-38.10864      66.38093 
 1             51 
1
 -9999.0   ,   9990.0 
 38 
-37.17623      65.5142 
-37.16432      65.51763 
-37.14345      65.52774 
-37.1242       65.53286 
-37.11643      65.53865 
-37.10745      65.54031 
-37.09818      65.53945 
-37.08723      65.53377 
-37.07854      65.5327 
-37.07629      65.5281 
-37.04741      65.52047 
-37.03396      65.53276 
-37.04567      65.55146 
-37.05389      65.55686 
-37.07751      65.56256 
-37.07905      65.56382 
-37.08965      65.5726 
-37.12017      65.5759 
-37.12693      65.57968 
-37.13564      65.58075 
-37.15263      65.5765 
-37.1689       65.57906 
-37.17667      65.57852 
-37.22191      65.56748 
-37.22374      65.56568 
-37.20948      65.55973 
-37.20715      65.55558 
-37.21184      65.55293 
-37.22469      65.5511 
-37.23173      65.5469 
-37.23446      65.5417 
-37.23021      65.53478 
-37.21331      65.52786 
-37.20728      65.52706 
-37.19758      65.52576 
-37.19831      65.5187 
-37.19264      65.51496 
-37.17623      65.5142 
 1             52 
1
 -9999.0   ,   9990.0 
 10 
-39.00737      65.50445 
-38.99732      65.5094 
-38.99612      65.51259 
-39.01137      65.51655 
-39.01363      65.51451 
-39.01149      65.51268 
-39.01875      65.5093 
-39.01938      65.5068 
-39.01615      65.50496 
-39.00737      65.50445 
 1             53 
1
 -9999.0   ,   9990.0 
 53 
-38.90618      65.52033 
-38.9051       65.50746 
-38.91132      65.50273 
-38.94483      65.50248 
-38.96039      65.49733 
-38.9664       65.49806 
-38.97066      65.50196 
-38.96839      65.50422 
-38.93236      65.51335 
-38.92562      65.5174 
-38.92264      65.52399 
-38.91197      65.53007 
-38.91612      65.53693 
-38.91207      65.54238 
-38.88244      65.55518 
-38.87361      65.5558 
-38.86642      65.55339 
-38.86111      65.55161 
-38.85226      65.55269 
-38.84593      65.55994 
-38.85099      65.57136 
-38.84409      65.57861 
-38.82968      65.58102 
-38.80818      65.58132 
-38.80219      65.57969 
-38.79628      65.56256 
-38.78597      65.55883 
-38.78339      65.55471 
-38.78592      65.54675 
-38.77784      65.54283 
-38.78286      65.54103 
-38.77578      65.53938 
-38.76992      65.53478 
-38.76978      65.52498 
-38.76411      65.51355 
-38.76219      65.50965 
-38.76558      65.5074 
-38.77046      65.50881 
-38.7815       65.52096 
-38.7886       65.52193 
-38.80462      65.52 
-38.81115      65.52141 
-38.82331      65.53357 
-38.83162      65.53205 
-38.84757      65.5178 
-38.85476      65.5167 
-38.86717      65.52248 
-38.87211      65.52298 
-38.87334      65.50498 
-38.87617      65.50273 
-38.88278      65.50231 
-38.89633      65.50718 
-38.90618      65.52033 
 1             54 
1
 -9999.0   ,   9990.0 
 6 
-38.95421      65.48545 
-38.94964      65.49066 
-38.95667      65.49343 
-38.9704       65.4933 
-38.96952      65.48713 
-38.95421      65.48545 
 1             55 
1
 -9999.0   ,   9990.0 
 11 
-39.2073       65.48178 
-39.1995       65.48653 
-39.18967      65.48466 
-39.18794      65.48808 
-39.19335      65.49106 
-39.18496      65.49718 
-39.18765      65.49924 
-39.19866      65.49838 
-39.20595      65.49226 
-39.20996      65.48545 
-39.2073       65.48178 
 1             56 
1
 -9999.0   ,   9990.0 
 8 
-39.22565      65.47206 
-39.21889      65.4791 
-39.22972      65.4853 
-39.23236      65.48941 
-39.23897      65.48876 
-39.23873      65.47577 
-39.23333      65.4721 
-39.22565      65.47206 
 1             57 
1
 -9999.0   ,   9990.0 
 10 
-39.25173      65.45896 
-39.24569      65.45962 
-39.239        65.46415 
-39.24059      65.46666 
-39.24605      65.46737 
-39.25107      65.46397 
-39.26037      65.46492 
-39.2698       65.46018 
-39.25882      65.46081 
-39.25173      65.45896 
 1             58 
1
 -9999.0   ,   9990.0 
 9 
-39.34388      65.45635 
-39.3318       65.45791 
-39.32846      65.46018 
-39.3388       65.46386 
-39.35084      65.46526 
-39.36127      65.46463 
-39.36296      65.46212 
-39.35092      65.46094 
-39.34388      65.45635 
 1             59 
1
 -9999.0   ,   9990.0 
 42 
-39.28932      65.44453 
-39.28544      65.44656 
-39.29136      65.45183 
-39.29393      65.45983 
-39.29056      65.46322 
-39.28348      65.46115 
-39.26954      65.4683 
-39.26851      65.46883 
-39.26844      65.47179 
-39.27653      65.47775 
-39.27484      65.47979 
-39.25232      65.48106 
-39.24899      65.48241 
-39.25655      65.4877 
-39.25466      65.49862 
-39.25949      65.50343 
-39.2666       65.50482 
-39.27539      65.50463 
-39.28092      65.5026 
-39.29904      65.50313 
-39.30118      65.50542 
-39.2972       65.51201 
-39.30481      65.5157 
-39.31196      65.51548 
-39.32246      65.51256 
-39.32483      65.50415 
-39.32928      65.50096 
-39.34413      65.49988 
-39.35288      65.50196 
-39.35992      65.50701 
-39.38573      65.50731 
-39.37975      65.50365 
-39.39747      65.4955 
-39.39976      65.49026 
-39.37858      65.47789 
-39.3533       65.47986 
-39.34454      65.47891 
-39.32766      65.47248 
-39.33266      65.4693 
-39.31589      65.45808 
-39.31379      65.45351 
-39.28932      65.44453 
 1             60 
1
 -9999.0   ,   9990.0 
 13 
-39.71956      65.41918 
-39.70857      65.42645 
-39.69268      65.42848 
-39.68993      65.43076 
-39.69265      65.43304 
-39.70415      65.43351 
-39.72767      65.44196 
-39.73369      65.4422 
-39.75124      65.43834 
-39.75563      65.43425 
-39.75018      65.42878 
-39.72886      65.41986 
-39.71956      65.41918 
 1             61 
1
 -9999.0   ,   9990.0 
 20 
-39.61215      65.37276 
-39.62854      65.3728 
-39.65527      65.37876 
-39.6738       65.38608 
-39.68088      65.39065 
-39.6737       65.4018 
-39.6873       65.41368 
-39.68563      65.41868 
-39.69436      65.4237 
-39.67465      65.42345 
-39.65388      65.41886 
-39.64951      65.41703 
-39.64251      65.4029 
-39.62234      65.39466 
-39.6133       65.38876 
-39.61147      65.38758 
-39.59401      65.38367 
-39.59295      65.38116 
-39.60881      65.37937 
-39.61215      65.37276 
 1             62 
1
 -9999.0   ,   9990.0 
 15 
-39.84764      65.32971 
-39.84055      65.33016 
-39.83564      65.33518 
-39.82581      65.33815 
-39.82362      65.34634 
-39.8116       65.35591 
-39.81488      65.35841 
-39.82962      65.35613 
-39.85201      65.34953 
-39.86728      65.34043 
-39.86346      65.33836 
-39.84709      65.34043 
-39.84437      65.33746 
-39.84982      65.33221 
-39.84764      65.32971 
 1             63 
1
 -9999.0   ,   9990.0 
 16 
-39.73499      65.26767 
-39.73117      65.2704 
-39.74036      65.28727 
-39.74851      65.2907 
-39.75995      65.28958 
-39.779        65.29619 
-39.8095       65.30304 
-39.8242       65.30806 
-39.82856      65.30738 
-39.8302       65.30236 
-39.82367      65.29075 
-39.81496      65.28733 
-39.79318      65.28571 
-39.77305      65.28115 
-39.73749      65.26856 
-39.73499      65.26767 
 1             64 
1
 -9999.0   ,   9990.0 
 91 
-39.69184      65.29611 
-39.68152      65.28994 
-39.66842      65.29539 
-39.66461      65.29493 
-39.6619       65.29219 
-39.64067      65.29125 
-39.6396       65.28806 
-39.65866      65.28855 
-39.66249      65.28627 
-39.67338      65.2872 
-39.67447      65.28583 
-39.66797      65.2815 
-39.64894      65.27782 
-39.63051      65.26868 
-39.61747      65.2657 
-39.57899      65.25127 
-39.5616       65.24963 
-39.55073      65.25007 
-39.53599      65.25482 
-39.52924      65.25506 
-39.52401      65.25525 
-39.5131       65.25819 
-39.51686      65.26206 
-39.52879      65.2646 
-39.49983      65.27455 
-39.49922      65.2789 
-39.52151      65.28167 
-39.53245      65.27761 
-39.54552      65.27717 
-39.55365      65.2797 
-39.55977      65.26832 
-39.5593       65.26126 
-39.56259      65.25898 
-39.57237      65.26037 
-39.57773      65.2679 
-39.5727       65.28088 
-39.57592      65.28521 
-39.59062      65.2943 
-39.60624      65.30395 
-39.60459      65.30531 
-39.56428      65.3041 
-39.52678      65.29558 
-39.51958      65.30513 
-39.50762      65.30306 
-39.50052      65.30372 
-39.49775      65.30736 
-39.50202      65.31375 
-39.53074      65.32817 
-39.55538      65.31956 
-39.57283      65.31983 
-39.59177      65.32401 
-39.59786      65.32535 
-39.61575      65.33723 
-39.63159      65.33543 
-39.64089      65.33158 
-39.64853      65.33136 
-39.6861       65.34258 
-39.69538      65.34282 
-39.70084      65.34168 
-39.70525      65.3344 
-39.7178       65.33373 
-39.72982      65.3301 
-39.73963      65.33033 
-39.75162      65.33467 
-39.75324      65.33763 
-39.74722      65.34355 
-39.73027      65.35128 
-39.73025      65.35402 
-39.73515      65.35813 
-39.74824      65.36225 
-39.7557       65.36121 
-39.75808      65.36088 
-39.77447      65.35679 
-39.7854       65.35201 
-39.7876       65.34769 
-39.77725      65.33811 
-39.77617      65.33286 
-39.77891      65.33082 
-39.786        65.33173 
-39.78927      65.33083 
-39.79636      65.3347 
-39.81764      65.32925 
-39.80893      65.319 
-39.79151      65.30553 
-39.78388      65.30485 
-39.76752      65.30735 
-39.74627      65.30573 
-39.72559      65.30047 
-39.69926      65.29844 
-39.69564      65.29816 
-39.69184      65.29611 
 1             65 
1
 -9999.0   ,   9990.0 
 8 
-39.48349      65.23624 
-39.45141      65.23706 
-39.44864      65.24025 
-39.45292      65.24458 
-39.47945      65.25263 
-39.4894       65.24126 
-39.48835      65.23807 
-39.48349      65.23624 
 1             66 
1
 -9999.0   ,   9990.0 
 12 
-39.65714      65.19901 
-39.64139      65.20103 
-39.62077      65.20009 
-39.61858      65.20213 
-39.62452      65.20579 
-39.63265      65.20648 
-39.66034      65.20607 
-39.66905      65.20358 
-39.69076      65.2043 
-39.69077      65.20201 
-39.67342      65.19903 
-39.65714      65.19901 
 1             67 
1
 -9999.0   ,   9990.0 
 10 
-39.83027      65.18868 
-39.80803      65.18936 
-39.80423      65.19255 
-39.80693      65.19619 
-39.81561      65.19915 
-39.83244      65.19597 
-39.85198      65.19621 
-39.85631      65.19303 
-39.85251      65.19075 
-39.83027      65.18868 
 1             68 
1
 -9999.0   ,   9990.0 
 9 
-39.84221      65.1716 
-39.83896      65.17319 
-39.8498       65.18367 
-39.86011      65.18732 
-39.86716      65.18276 
-39.86715      65.17251 
-39.86173      65.1716 
-39.85576      65.1732 
-39.84221      65.1716 
 1             69 
1
 -9999.0   ,   9990.0 
 10 
-39.59316      65.13738 
-39.5692       65.15033 
-39.5659       65.15419 
-39.56912      65.15763 
-39.58315      65.16265 
-39.59454      65.16245 
-39.59946      65.1579 
-39.59197      65.14855 
-39.59964      65.13876 
-39.59316      65.13738 
 1             70 
1
 -9999.0   ,   9990.0 
 24 
-39.69441      65.13686 
-39.68899      65.138 
-39.68679      65.14278 
-39.68947      65.14802 
-39.72571      65.15831 
-39.73273      65.16493 
-39.75169      65.16586 
-39.76253      65.16791 
-39.7712       65.16724 
-39.79452      65.16155 
-39.73819      65.15468 
-39.72574      65.15103 
-39.72089      65.14714 
-39.72469      65.14511 
-39.74635      65.14512 
-39.77331      65.14776 
-39.78859      65.14925 
-39.81512      65.15473 
-39.82         65.15428 
-39.82217      65.15018 
-39.81947      65.14653 
-39.80702      65.14197 
-39.78644      65.13922 
-39.69441      65.13686 
 1             71 
1
 -9999.0   ,   9990.0 
 18 
-40            65.08265 
-40.0027       65.08407 
-40.02489      65.08906 
-40.02761      65.09202 
-40.02331      65.0959 
-40.0136       65.09863 
-40.00657      65.09819 
-40            65.09573 
-39.9914       65.09251 
-39.97897      65.09251 
-39.96224      65.09822 
-39.94169      65.09618 
-39.93086      65.0914 
-39.92652      65.0864 
-39.92975      65.08138 
-39.94216      65.0775 
-39.99403      65.07952 
-40            65.08265 
 1             72 
1
 -9999.0   ,   9990.0 
 41 
-39.82282      65.03628 
-39.82767      65.04083 
-39.84385      65.04403 
-39.85626      65.04836 
-39.86598      65.05496 
-39.88595      65.0568 
-39.89405      65.05976 
-39.8973       65.06362 
-39.89352      65.06635 
-39.87517      65.0659 
-39.83845      65.05952 
-39.83629      65.06295 
-39.84223      65.06886 
-39.83953      65.07091 
-39.82602      65.0725 
-39.79902      65.06976 
-39.792        65.07066 
-39.7893       65.07363 
-39.8052       65.08923 
-39.80601      65.09003 
-39.81196      65.09095 
-39.82277      65.08821 
-39.8352       65.08936 
-39.83898      65.08663 
-39.8352       65.08298 
-39.85681      65.07751 
-39.87842      65.08116 
-39.89787      65.08093 
-39.91245      65.07911 
-39.92325      65.07478 
-39.92539      65.06908 
-39.92267      65.06248 
-39.93237      65.05701 
-39.9329       65.0545 
-39.92479      65.04767 
-39.91452      65.04357 
-39.89673      65.04699 
-39.87568      65.0454 
-39.86057      65.04038 
-39.85661      65.03996 
-39.82282      65.03628 
 1             73 
1
 -9999.0   ,   9990.0 
 15 
-40            65.02008 
-40.01582      65.02346 
-40.0261       65.02915 
-40.02181      65.0328 
-40.01103      65.03486 
-40            65.03375 
-39.98406      65.03215 
-39.97221      65.03648 
-39.96143      65.03626 
-39.92418      65.02443 
-39.94516      65.01281 
-39.95323      65.01166 
-39.96834      65.01553 
-39.98398      65.01666 
-40            65.02008 
 1             74 
1
 -9999.0   ,   9990.0 
 38 
-40.5075       65.00394 
-40.51883      65.00457 
-40.54814      65.01241 
-40.55998      65.01213 
-40.58606      65.01975 
-40.59146      65.01995 
-40.60216      65.01718 
-40.61351      65.01825 
-40.62496      65.02251 
-40.63328      65.03022 
-40.63302      65.03956 
-40.62769      65.04186 
-40.62618      65.04552 
-40.62027      65.04646 
-40.61102      65.04355 
-40.60616      65.04357 
-40.59763      65.06593 
-40.59062      65.0662 
-40.58595      65.07283 
-40.5833       65.07186 
-40.5483       65.05888 
-40.51689      65.05493 
-40.50162      65.04861 
-40.49554      65.04294 
-40.49655      65.0402 
-40.50738      65.04153 
-40.51719      65.04558 
-40.52962      65.04621 
-40.5373       65.0512 
-40.54814      65.05275 
-40.55244      65.05203 
-40.53428      65.03868 
-40.53024      65.0289 
-40.5173       65.02896 
-40.50641      65.02468 
-40.50298      65.01694 
-40.50433      65.00623 
-40.5075       65.00394 
 1             75 
1
 -9999.0   ,   9990.0 
 11 
-40.05715      65.00201 
-40.04696      65.00771 
-40.03242      65.00841 
-40.03027      65.01001 
-40.03568      65.01228 
-40.04431      65.01318 
-40.05729      65.01955 
-40.06321      65.0184 
-40.0734       65.01223 
-40.06524      65.00291 
-40.05715      65.00201 
 1             76 
1
 -9999.0   ,   9990.0 
 87 
-41.00746      65 
-41.00893      65.00113 
-40.99874      65.00212 
-40.99451      65.00398 
-41.00606      65.00913 
-41.02385      65.00945 
-41.05332      65.02903 
-41.05746      65.03698 
-41.05657      65.04108 
-41.06556      65.04875 
-41.10088      65.06486 
-41.10877      65.07163 
-41.11506      65.07888 
-41.12449      65.0838 
-41.14087      65.09801 
-41.13629      65.10375 
-41.12732      65.10838 
-41.13291      65.11198 
-41.13086      65.11428 
-41.12271      65.11366 
-41.09274      65.12052 
-41.0764       65.11838 
-41.07305      65.11613 
-41.07771      65.11176 
-41.05998      65.09117 
-41.05556      65.08916 
-41.03976      65.08633 
-41.0067       65.07223 
-40.99303      65.06846 
-40.96338      65.0696 
-40.93143      65.06778 
-40.91997      65.06468 
-40.90299      65.05887 
-40.88623      65.05831 
-40.8741       65.05178 
-40.85387      65.04508 
-40.84465      65.04401 
-40.83838      65.0493 
-40.85281      65.05967 
-40.85071      65.06128 
-40.84313      65.06066 
-40.84218      65.06407 
-40.86892      65.08485 
-40.87276      65.08642 
-40.86586      65.08965 
-40.8555       65.08722 
-40.84824      65.08135 
-40.83201      65.08076 
-40.80633      65.07296 
-40.80042      65.07368 
-40.79786      65.0778 
-40.80348      65.08369 
-40.80147      65.08757 
-40.79229      65.08785 
-40.78574      65.08631 
-40.78064      65.0795 
-40.76757      65.07661 
-40.76079      65.06823 
-40.76174      65.06458 
-40.76968      65.05998 
-40.77007      65.05587 
-40.75309      65.04868 
-40.74365      65.041 
-40.72891      65.03561 
-40.71931      65.02291 
-40.69917      65.01711 
-40.69652      65.03489 
-40.70119      65.0458 
-40.69653      65.05175 
-40.70053      65.05856 
-40.69586      65.06451 
-40.69566      65.07499 
-40.69092      65.07843 
-40.67537      65.08216 
-40.66964      65.08903 
-40.65947      65.09227 
-40.65972      65.10025 
-40.66755      65.10841 
-40.66338      65.11345 
-40.65339      65.12283 
-40.64699      65.12583 
-40.63681      65.1293 
-40.62221      65.12983 
-40.60985      65.13262 
-40.60394      65.13425 
-40.59952      65.13131 
-40.59818      65.12243 
 1             77 
1
 -9999.0   ,   9990.0 
 11 
-40.43515      65 
-40.44229      65.00261 
-40.44409      65.01081 
-40.45343      65.01828 
-40.44595      65.02105 
-40.42762      65.02112 
-40.41887      65.0157 
-40.40532      65.01165 
-40.40148      65.00868 
-40.40994      65.00138 
-40.4087       65 
 1             78 
1
 -9999.0   ,   9990.0 
 45 
-40.59818      65.12243 
-40.6084       65.12033 
-40.60006      65.1124 
-40.59585      65.09784 
-40.58279      65.09494 
-40.57345      65.08929 
-40.55396      65.08847 
-40.51799      65.07656 
-40.47791      65.05008 
-40.44955      65.03698 
-40.43527      65.03287 
-40.42458      65.0298 
-40.39045      65.0224 
-40.38816      65.0158 
-40.38225      65.0165 
-40.38298      65.02583 
-40.37927      65.02904 
-40.38218      65.03973 
-40.38876      65.0445 
-40.3867       65.04951 
-40.40641      65.06265 
-40.41094      65.07243 
-40.42186      65.07786 
-40.43044      65.07487 
-40.42335      65.07171 
-40.43628      65.07029 
-40.4471       65.07116 
-40.45366      65.07455 
-40.44731      65.08027 
-40.43538      65.0785 
-40.4317       65.08306 
-40.42579      65.08423 
-40.41766      65.08311 
-40.40297      65.07885 
-40.38871      65.06841 
-40.38329      65.0673 
-40.38542      65.06569 
-40.36849      65.05641 
-40.36419      65.05711 
-40.36361      65.05529 
-40.3457       65.04988 
-40.33856      65.0433 
-40.33504      65.02828 
-40.31163      65.01559 
-40.31997      65 
 1             79 
1
 -9999.0   ,   9990.0 
 429 
-40.27312      65 
-40.27157      65.00431 
-40.26301      65.00867 
-40.26524      65.01276 
-40.27339      65.01684 
-40.26001      65.02325 
-40.26111      65.02416 
-40.25847      65.02804 
-40.25365      65.02987 
-40.22616      65.03086 
-40.21275      65.03613 
-40.20683      65.03659 
-40.19162      65.02843 
-40.198        65.02158 
-40.18928      65.01476 
-40.15472      65.00868 
-40.15313      65.0112 
-40.15864      65.02075 
-40.16838      65.02392 
-40.1652       65.02848 
-40.16901      65.03121 
-40.18469      65.0346 
-40.19286      65.04073 
-40.1946       65.04985 
-40.1855       65.05532 
-40.17473      65.05762 
-40.17045      65.06081 
-40.17377      65.06673 
-40.17006      65.07221 
-40.16361      65.07495 
-40.13419      65.07415 
-40.12258      65.07663 
-40.06043      65.07398 
-40.06913      65.0808 
-40.06753      65.08263 
-40.05673      65.08333 
-40.0351       65.08085 
-40.02863      65.08313 
-40.03082      65.08678 
-40.04707      65.09223 
-40.05305      65.0961 
-40.059        65.09655 
-40.06712      65.09812 
-40.05795      65.10087 
-40.05473      65.10429 
-40.05209      65.11158 
-40.05537      65.11591 
-40.06401      65.11386 
-40.07486      65.11747 
-40.10735      65.12038 
-40.11347      65.13746 
-40.12338      65.15248 
-40.13049      65.1584 
-40.1278       65.16046 
-40.08609      65.16256 
-40.07686      65.16053 
-40.06054      65.15349 
-40.04319      65.15055 
-40.02578      65.13963 
-40.00355      65.13486 
-40            65.1342 
-39.98892      65.13215 
-39.96942      65.13102 
-39.95213      65.13878 
-39.93318      65.1381 
-39.93428      65.14311 
-39.94241      65.14561 
-39.96083      65.14675 
-39.96498      65.14886 
-39.95435      65.15085 
-39.924        65.14676 
-39.91533      65.14746 
-39.91209      65.14973 
-39.92295      65.15838 
-39.92945      65.1577 
-39.93757      65.15382 
-39.97878      65.16268 
-39.99396      65.16335 
-40            65.1651 
-40.00808      65.16745 
-40.01298      65.17063 
-40.01952      65.17563 
-40.02933      65.18246 
-40.02447      65.18611 
-40.01254      65.18726 
-40            65.18453 
-39.99896      65.18431 
-39.98704      65.185 
-39.97564      65.18501 
-39.94796      65.18093 
-39.92465      65.18116 
-39.91868      65.18276 
-39.91706      65.18526 
-39.92359      65.19186 
-39.91601      65.19871 
-39.92145      65.20281 
-39.9372       65.20416 
-39.93777      65.21191 
-39.93236      65.21806 
-39.93455      65.22308 
-39.92589      65.23196 
-39.92916      65.23743 
-39.92592      65.24426 
-39.91287      65.24085 
-39.89818      65.23334 
-39.89111      65.23243 
-39.88294      65.22423 
-39.87317      65.22241 
-39.86447      65.22218 
-39.82753      65.22809 
-39.76071      65.22646 
-39.75743      65.23033 
-39.76285      65.23511 
-39.79219      65.24038 
-39.79653      65.24608 
-39.79434      65.24949 
-39.7662       65.2472 
-39.76336      65.24696 
-39.76389      65.24948 
-39.78617      65.2586 
-39.79104      65.26749 
-39.80954      65.27137 
-39.81497      65.27845 
-39.8215       65.28073 
-39.83185      65.27867 
-39.83675      65.27185 
-39.81827      65.25201 
-39.82317      65.24768 
-39.83513      65.24723 
-39.84165      65.24906 
-39.84437      65.25361 
-39.85199      65.25612 
-39.86395      65.25658 
-39.88028      65.26296 
-39.89116      65.2641 
-39.89388      65.26591 
-39.89825      65.27185 
-39.89391      65.27755 
-39.88357      65.28164 
-39.87541      65.28255 
-39.8705       65.28346 
-39.86234      65.29121 
-39.90434      65.31968 
-39.91254      65.32651 
-39.92182      65.32811 
-39.92672      65.32583 
-39.93108      65.32606 
-39.94858      65.33721 
-39.95951      65.34131 
-39.96171      65.34495 
-39.95684      65.3543 
-39.93827      65.35271 
-39.91097      65.35477 
-39.89951      65.3582 
-39.88424      65.36776 
-39.88588      65.37255 
-39.893        65.37733 
-39.90174      65.3778 
-39.90284      65.37915 
-39.89029      65.38895 
-39.89358      65.39533 
-39.89742      65.40239 
-39.88868      65.40832 
-39.87992      65.4074 
-39.86624      65.40308 
-39.82851      65.38711 
-39.81375      65.38347 
-39.80227      65.38301 
-39.78368      65.38755 
-39.77056      65.38549 
-39.76891      65.38868 
-39.77764      65.39621 
-39.79348      65.40601 
-39.80059      65.4083 
-39.81865      65.40716 
-39.85257      65.41151 
-39.85497      65.41251 
-39.85968      65.41447 
-39.86297      65.4213 
-39.8805       65.42951 
-39.89364      65.42996 
-39.94727      65.42015 
-39.98503      65.41967 
-39.99107      65.42171 
-39.99822      65.42763 
-40            65.428 
-40.01028      65.43013 
-40.03766      65.4308 
-40.05634      65.4376 
-40.08265      65.44007 
-40.09968      65.44415 
-40.13431      65.45481 
-40.15134      65.45796 
-40.16787      65.4643 
-40.18876      65.46836 
-40.20192      65.46879 
-40.21462      65.4747 
-40.21693      65.48266 
-40.21605      65.48527 
-40.2143       65.49041 
-40.20345      65.49955 
-40.17984      65.49938 
-40.1645       65.50214 
-40.15077      65.50262 
-40.14031      65.50036 
-40.13744      65.50051 
-40.1255       65.50107 
-40.11669      65.49903 
-40.10785      65.49403 
-40.09083      65.49383 
-40.07376      65.48725 
-40.06443      65.48749 
-40.04738      65.4825 
-40.03695      65.48183 
-40.03422      65.48433 
-40.06288      65.49934 
-40.06966      65.52098 
-40.07575      65.52621 
-40.09839      65.53666 
-40.11712      65.54005 
-40.1243       65.543 
-40.09308      65.55649 
-40.086        65.56402 
-40.07556      65.56586 
-40.07064      65.57042 
-40.05687      65.57021 
-40.04698      65.5725 
-40.02055      65.57186 
-40.01007      65.56958 
-40.00841      65.5673 
-40.01989      65.55681 
-40.01491      65.55158 
-40.00277      65.54657 
-40            65.54505 
-39.98622      65.53747 
-39.97686      65.53474 
-39.96968      65.52838 
-39.95646      65.52201 
-39.91083      65.51313 
-39.87345      65.49969 
-39.86851      65.50173 
-39.87016      65.50561 
-39.86467      65.50606 
-39.85369      65.50333 
-39.84655      65.5006 
-39.84655      65.49765 
-39.85643      65.49263 
-39.85204      65.49057 
-39.83502      65.48852 
-39.82075      65.49125 
-39.80758      65.49056 
-39.80444      65.49233 
-39.80153      65.49398 
-39.81961      65.52907 
-39.81905      65.53773 
-39.8174       65.54023 
-39.81025      65.54274 
-39.80804      65.54957 
-39.79044      65.54591 
-39.77011      65.53771 
-39.73221      65.52901 
-39.72176      65.52877 
-39.71185      65.53241 
-39.71232      65.54722 
-39.71655      65.54943 
-39.73593      65.55955 
-39.75297      65.56481 
-39.78158      65.56825 
-39.82783      65.56849 
-39.83333      65.56963 
-39.82507      65.57647 
-39.82066      65.57715 
-39.80303      65.5833 
-39.79421      65.58443 
-39.76337      65.58304 
-39.74408      65.58348 
-39.74132      65.58485 
-39.75176      65.59488 
-39.77322      65.60401 
-39.77487      65.60606 
-39.76933      65.61563 
-39.75551      65.62451 
-39.74115      65.62701 
-39.72232      65.64066 
-39.71352      65.63405 
-39.69921      65.62787 
-39.68818      65.62649 
-39.66066      65.61666 
-39.65134      65.60913 
-39.64583      65.60843 
-39.63314      65.60978 
-39.63147      65.61115 
-39.63143      65.61593 
-39.65008      65.62963 
-39.65616      65.62918 
-39.71785      65.65137 
-39.70233      65.66138 
-39.68461      65.66796 
-39.66852      65.67105 
-39.64758      65.66631 
-39.62059      65.65716 
-39.6052       65.6487 
-39.57438      65.63861 
-39.56503      65.63518 
-39.55455      65.6347 
-39.5412       65.64333 
-39.53126      65.64308 
-39.52733      65.64854 
-39.52837      65.65333 
-39.51509      65.65511 
-39.50738      65.65351 
-39.51035      65.63779 
-39.5154       65.63096 
-39.52154      65.62619 
-39.52595      65.62643 
-39.53747      65.63215 
-39.54303      65.62852 
-39.5376       65.62145 
-39.54644      65.61986 
-39.5515       65.61145 
-39.54443      65.60323 
-39.52358      65.59566 
-39.51037      65.59403 
-39.49665      65.59013 
-39.49558      65.58716 
-39.50398      65.5774 
-39.48111      65.55932 
-39.48282      65.555 
-39.47631      65.54837 
-39.46974      65.54676 
-39.47103      65.53332 
-39.46832      65.53103 
-39.4398       65.52662 
-39.43327      65.52227 
-39.41128      65.52289 
-39.40624      65.52811 
-39.40837      65.53245 
-39.39782      65.53812 
-39.3977       65.54495 
-39.39382      65.54699 
-39.38665      65.54766 
-39.3833       65.55037 
-39.38395      65.55155 
-39.38467      65.55287 
-39.36695      65.55241 
-39.36574      65.54805 
-39.36765      65.53415 
-39.36386      65.53118 
-39.3551       65.52931 
-39.33631      65.53403 
-39.33249      65.53266 
-39.32916      65.53446 
-39.3263       65.54455 
-39.32009      65.54742 
-39.31498      65.55515 
-39.31976      65.5636 
-39.33166      65.57412 
-39.32422      65.58799 
-39.3268       65.59621 
-39.32343      65.59916 
-39.30252      65.59771 
-39.28622      65.58694 
-39.27852      65.58622 
-39.2513       65.57221 
-39.24032      65.57103 
-39.23088      65.57418 
-39.21987      65.57413 
-39.21481      65.57821 
-39.2163       65.5846 
-39.2228       65.58918 
-39.21494      65.59507 
-39.22843      65.60721 
-39.23611      65.60883 
-39.25432      65.60823 
-39.2609       65.60985 
-39.24741      65.62051 
-39.24566      65.62483 
-39.27593      65.65321 
-39.2978       65.66378 
-39.29819      65.66751 
-39.29825      65.66811 
-39.29202      65.67493 
-39.34678      65.70179 
-39.35399      65.70136 
-39.36998      65.70461 
-39.3826       65.71035 
-39.38254      65.71399 
-39.37301      65.71989 
-39.36049      65.73762 
-39.35147      65.74557 
-39.34652      65.74372 
-39.32964      65.72863 
-39.32774      65.72175 
-39.32706      65.71927 
-39.31947      65.7115 
-39.29974      65.70185 
-39.2856       65.6904 
-39.27466      65.68511 
-39.26072      65.68961 
-39.25351      65.6905 
-39.24303      65.68931 
-39.23314      65.68631 
-39.19599      65.6686 
-39.19053      65.66583 
-39.17205      65.6539 
-39.16439      65.65136 
-39.15857      65.66205 
-39.15794      65.66523 
-39.148        65.66473 
-39.13185      65.64938 
-39.11701      65.62765 
-39.10884      65.62396 
-39.10383      65.6181 
-39.10084      65.61458 
-39.0962       65.6034 
-39.07079      65.56861 
-39.07259      65.56361 
-39.08491      65.55661 
-39.07897      65.55271 
-39.0603       65.55169 
-39.05296      65.55758 
-39.04082      65.55865 
-39.02242      65.56583 
-39.01566      65.57081 
-39.00732      65.57328 
-38.99526      65.58801 
-38.98143      65.58975 
-38.96499      65.58692 
-38.96184      65.58258 
 1             80 
1
 -9999.0   ,   9990.0 
 4 
-39.89456      65 
-39.89772      65.00143 
-39.90418      65.00211 
-39.91118      65 
 1             81 
1
 -9999.0   ,   9990.0 
 9 
-39.9645       65 
-39.96289      65.00278 
-39.88912      65.01693 
-39.87888      65.01601 
-39.86217      65.00965 
-39.85517      65.00895 
-39.83685      65.01191 
-39.81207      65.00895 
-39.79603      65 
