 4 
 1             1 
 2 
 -9998.0  ,   -9997.0
  1999.0  ,    9990.0
 3 
-98.5006       60 
-98.4173       59.99975 
-98.334        60 
 1             2 
 2 
 -9998.0  ,   -9997.0
  1999.0  ,    9990.0
 4 
-100.5435      60 
-100.5018      59.9999 
-100.4185      59.99968 
-100.3352      60 
 1             3 
 2 
 -9998.0  ,   -9997.0
  1999.0  ,    9990.0
 10 
-101.5202      60 
-101.5014      59.99995 
-101.4181      59.9997 
-101.2859      59.99933 
-101.1682      59.9995 
-101.0849      59.99963 
-101.0016      59.99975 
-100.9183      59.99987 
-100.835       60 
-100.8324      60 
 1             4 
 2 
 -9998.0  ,   -9997.0
  1999.0  ,    9990.0
 21 
-101.875       55 
-101.8739      55.07403 
-101.8736      55.09924 
-101.9092      55.1025 
-101.9099      55.18199 
-101.9109      55.30735 
-101.912       55.4327 
-101.9121      55.45022 
-101.9523      55.4513 
-101.9513      55.53627 
-101.9497      55.66158 
-101.9482      55.78687 
-101.9481      55.79182 
-102.0005      55.79548 
-101.9965      55.88601 
-102.0022      56 
-101.9986      56.33599 
-101.9957      56.6086 
-101.9938      56.82782 
-102.0012      59.1339 
-102.0004      60 
