 2 
 1             1 
 2 
 -9998.0  ,   -9997.0
  1999.0  ,    9990.0
 124 
 140.9609     -35 
 140.9611     -35.0035 
 140.9611     -35.0135 
 140.961      -35.02225 
 140.9606     -35.09053 
 140.9606     -35.09542 
 140.9602     -35.15467 
 140.9612     -35.18744 
 140.9621     -35.21656 
 140.9625     -35.23084 
 140.962      -35.23544 
 140.9612     -35.24203 
 140.9611     -35.24309 
 140.9611     -35.24392 
 140.9609     -35.28208 
 140.9609     -35.29539 
 140.9629     -35.32817 
 140.9611     -35.34245 
 140.9607     -35.34609 
 140.9603     -35.37364 
 140.9612     -35.39136 
 140.9615     -35.39622 
 140.9633     -35.42731 
 140.9634     -35.42956 
 140.9631     -35.46842 
 140.9629     -35.49497 
 140.9625     -35.54064 
 140.9624     -35.54864 
 140.9621     -35.57889 
 140.962      -35.59445 
 140.9617     -35.6215 
 140.9643     -35.66242 
 140.965      -35.67303 
 140.9647     -35.68 
 140.964      -35.69684 
 140.9631     -35.72042 
 140.9627     -35.73392 
 140.9625     -35.73683 
 140.9626     -35.7427 
 140.9629     -35.76072 
 140.9632     -35.77997 
 140.9637     -35.8097 
 140.964      -35.82511 
 140.9643     -35.84647 
 140.9654     -35.91514 
 140.9656     -35.92422 
 140.9658     -35.93978 
 140.9634     -35.96042 
 140.9637     -35.97242 
 140.9657     -36.05411 
 140.9638     -36.07792 
 140.9637     -36.09839 
 140.9636     -36.11956 
 140.9653     -36.22442 
 140.9653     -36.22522 
 140.9642     -36.289 
 140.9664     -36.34611 
 140.9665     -36.34825 
 140.9663     -36.35042 
 140.9646     -36.37672 
 140.9651     -36.4285 
 140.9654     -36.45519 
 140.9656     -36.47642 
 140.9659     -36.50808 
 140.9628     -36.51125 
 140.9621     -36.5182 
 140.9655     -36.53317 
 140.9657     -36.60131 
 140.966      -36.7253 
 140.966      -36.72733 
 140.9664     -36.85336 
 140.9664     -36.87459 
 140.9661     -36.88369 
 140.9656     -36.89728 
 140.9653     -36.90661 
 140.967      -36.93547 
 140.965      -36.97081 
 140.9654     -36.97314 
 140.9663     -36.97922 
 140.9681     -36.99036 
 140.9662     -37.00081 
 140.9663     -37.00219 
 140.9679     -37.06167 
 140.9679     -37.06878 
 140.9678     -37.09269 
 140.9678     -37.10503 
 140.9676     -37.15803 
 140.9674     -37.23103 
 140.9673     -37.2682 
 140.9673     -37.28561 
 140.9643     -37.28742 
 140.9664     -37.29711 
 140.9681     -37.34281 
 140.9681     -37.34439 
 140.968      -37.35567 
 140.9677     -37.42775 
 140.9677     -37.43225 
 140.9691     -37.44436 
 140.9681     -37.46786 
 140.9679     -37.4727 
 140.9661     -37.47511 
 140.9667     -37.48117 
 140.9669     -37.48336 
 140.9685     -37.50208 
 140.9688     -37.53953 
 140.9687     -37.60708 
 140.9687     -37.61439 
 140.9686     -37.65361 
 140.9686     -37.66319 
 140.9669     -37.681 
 140.9685     -37.69056 
 140.9679     -37.73292 
 140.9675     -37.76531 
 140.9675     -37.76647 
 140.9692     -37.79431 
 140.969      -37.82206 
 140.9689     -37.84559 
 140.9688     -37.85883 
 140.9679     -37.98478 
 140.9679     -37.99347 
 140.9679     -37.99731 
 140.9684     -38.02542 
 140.9687     -38.0405 
 140.9691     -38.06164 
 1             2 
 2 
 -9998.0  ,   -9997.0
  1999.0  ,    9990.0
 317 
 143.3275     -35 
 143.3337     -35.00842 
 143.3353     -35.014 
 143.3336     -35.03161 
 143.3331     -35.03317 
 143.3309     -35.03931 
 143.3289     -35.04575 
 143.3288     -35.04611 
 143.3292     -35.0465 
 143.3372     -35.05383 
 143.3373     -35.05444 
 143.3403     -35.07119 
 143.3414     -35.07667 
 143.3424     -35.08222 
 143.3471     -35.10409 
 143.3562     -35.10678 
 143.3577     -35.10961 
 143.3561     -35.11825 
 143.3556     -35.121 
 143.3757     -35.14617 
 143.3835     -35.16078 
 143.3861     -35.17309 
 143.3906     -35.18108 
 143.3906     -35.19095 
 143.3958     -35.19645 
 143.4035     -35.1945 
 143.4151     -35.19684 
 143.4164     -35.19673 
 143.4227     -35.19622 
 143.4278     -35.19417 
 143.4359     -35.19495 
 143.4413     -35.19267 
 143.4493     -35.19439 
 143.4552     -35.19853 
 143.4672     -35.21281 
 143.4702     -35.21892 
 143.4745     -35.22094 
 143.4786     -35.2212 
 143.4858     -35.22164 
 143.4858     -35.22164 
 143.492      -35.22103 
 143.4987     -35.22036 
 143.5037     -35.21986 
 143.5128     -35.21703 
 143.5214     -35.21786 
 143.5235     -35.22047 
 143.5295     -35.22617 
 143.5364     -35.23272 
 143.5414     -35.23431 
 143.551      -35.23333 
 143.5621     -35.23906 
 143.5752     -35.26356 
 143.5779     -35.26867 
 143.5788     -35.2695 
 143.5891     -35.27853 
 143.5883     -35.28631 
 143.5882     -35.28661 
 143.585      -35.29492 
 143.5814     -35.30125 
 143.5762     -35.31061 
 143.5754     -35.31136 
 143.5685     -35.31811 
 143.5648     -35.32761 
 143.5652     -35.33561 
 143.5653     -35.33772 
 143.5668     -35.34017 
 143.5699     -35.34528 
 143.5789     -35.34425 
 143.5882     -35.34808 
 143.5968     -35.35394 
 143.6187     -35.38033 
 143.6234     -35.39042 
 143.6338     -35.39014 
 143.6361     -35.3985 
 143.6421     -35.40242 
 143.6457     -35.40256 
 143.6513     -35.39889 
 143.6582     -35.39 
 143.665      -35.38958 
 143.6678     -35.37958 
 143.672      -35.37608 
 143.6874     -35.37533 
 143.6959     -35.38303 
 143.7009     -35.38367 
 143.7041     -35.38633 
 143.7069     -35.3915 
 143.7136     -35.392 
 143.7186     -35.39747 
 143.7266     -35.39481 
 143.7477     -35.39289 
 143.7498     -35.39297 
 143.7525     -35.39308 
 143.7527     -35.39322 
 143.7671     -35.40261 
 143.7676     -35.40695 
 143.7676     -35.407 
 143.7646     -35.41653 
 143.7652     -35.42 
 143.766      -35.42089 
 143.7713     -35.42689 
 143.7883     -35.42803 
 143.7954     -35.43014 
 143.8032     -35.43689 
 143.8112     -35.43833 
 143.8163     -35.44245 
 143.8182     -35.4492 
 143.8214     -35.45161 
 143.8268     -35.45572 
 143.8422     -35.46481 
 143.8494     -35.46761 
 143.8547     -35.46806 
 143.8575     -35.47633 
 143.8578     -35.47714 
 143.8641     -35.48247 
 143.8669     -35.48483 
 143.8765     -35.48911 
 143.8879     -35.49092 
 143.8972     -35.49497 
 143.9125     -35.50197 
 143.9283     -35.50603 
 143.9468     -35.50514 
 143.9616     -35.50639 
 143.962      -35.50653 
 143.9663     -35.50817 
 143.9695     -35.51236 
 143.9697     -35.51267 
 143.9693     -35.51506 
 143.9685     -35.5195 
 143.9685     -35.52014 
 143.9683     -35.52317 
 143.9724     -35.52836 
 143.9825     -35.53956 
 143.9912     -35.544 
 143.9947     -35.5485 
 143.9938     -35.55397 
 143.995      -35.55592 
 143.9976     -35.55986 
 144.0058     -35.56408 
 144.012      -35.56453 
 144.0191     -35.55745 
 144.0317     -35.55908 
 144.0471     -35.55828 
 144.0508     -35.5685 
 144.0625     -35.57492 
 144.0653     -35.58006 
 144.0694     -35.5832 
 144.0695     -35.58325 
 144.0829     -35.58917 
 144.084      -35.58964 
 144.1012     -35.59722 
 144.1016     -35.59761 
 144.1113     -35.60725 
 144.1131     -35.61558 
 144.1207     -35.63078 
 144.123      -35.63342 
 144.1244     -35.63497 
 144.1249     -35.63553 
 144.1366     -35.6488 
 144.1542     -35.65128 
 144.1542     -35.65133 
 144.1611     -35.66897 
 144.1659     -35.67467 
 144.1684     -35.67756 
 144.1688     -35.678 
 144.1803     -35.67917 
 144.1864     -35.67978 
 144.1864     -35.67978 
 144.1932     -35.68797 
 144.1948     -35.68995 
 144.1996     -35.69075 
 144.2082     -35.69225 
 144.2189     -35.69747 
 144.2168     -35.70461 
 144.2169     -35.70469 
 144.2242     -35.71514 
 144.2419     -35.72595 
 144.2597     -35.74806 
 144.2697     -35.75414 
 144.2899     -35.74592 
 144.2982     -35.75006 
 144.3018     -35.75728 
 144.3076     -35.76086 
 144.3089     -35.76164 
 144.3201     -35.76409 
 144.3211     -35.76481 
 144.3274     -35.77272 
 144.3436     -35.77559 
 144.351      -35.78023 
 144.3567     -35.78822 
 144.3756     -35.80717 
 144.3751     -35.81175 
 144.3708     -35.8185 
 144.3691     -35.8235 
 144.3779     -35.82984 
 144.3756     -35.84072 
 144.38       -35.84764 
 144.3834     -35.85336 
 144.3849     -35.85686 
 144.3941     -35.86497 
 144.3997     -35.87 
 144.4022     -35.87353 
 144.4049     -35.87964 
 144.4059     -35.88192 
 144.4097     -35.88872 
 144.4129     -35.89431 
 144.4157     -35.89934 
 144.4204     -35.90689 
 144.4356     -35.93106 
 144.4445     -35.93831 
 144.4566     -35.94178 
 144.4692     -35.94006 
 144.4779     -35.95319 
 144.4816     -35.95883 
 144.4863     -35.96589 
 144.4983     -35.96858 
 144.5099     -35.97286 
 144.5161     -35.97881 
 144.5181     -35.98375 
 144.5186     -35.98486 
 144.5181     -35.99608 
 144.5172     -35.99653 
 144.516      -35.99717 
 144.5208     -36.00261 
 144.5366     -36.00267 
 144.5502     -36.00886 
 144.5837     -36.03336 
 144.5854     -36.03936 
 144.5866     -36.04378 
 144.5904     -36.04553 
 144.6151     -36.04334 
 144.6171     -36.04914 
 144.6119     -36.06411 
 144.6118     -36.071 
 144.614      -36.07795 
 144.6228     -36.07778 
 144.6215     -36.06464 
 144.6254     -36.05881 
 144.6294     -36.05756 
 144.6393     -36.05697 
 144.6438     -36.05939 
 144.6505     -36.05939 
 144.6502     -36.07314 
 144.6521     -36.07942 
 144.6564     -36.07817 
 144.6654     -36.07828 
 144.6688     -36.07834 
 144.6742     -36.07253 
 144.6825     -36.07119 
 144.688      -36.07297 
 144.6891     -36.07897 
 144.6822     -36.08886 
 144.6823     -36.09231 
 144.6871     -36.09706 
 144.6916     -36.09786 
 144.7191     -36.09117 
 144.723      -36.09336 
 144.7244     -36.09822 
 144.7241     -36.10061 
 144.7219     -36.11467 
 144.7256     -36.11984 
 144.7363     -36.11814 
 144.7402     -36.11753 
 144.741      -36.11847 
 144.745      -36.1232 
 144.75       -36.12256 
 144.7504     -36.1225 
 144.7565     -36.12175 
 144.7581     -36.12156 
 144.7584     -36.12153 
 144.7671     -36.12203 
 144.7778     -36.12834 
 144.7846     -36.12831 
 144.8124     -36.12181 
 144.8116     -36.11308 
 144.8143     -36.11042 
 144.821      -36.10647 
 144.831      -36.10447 
 144.8336     -36.10203 
 144.8494     -36.07842 
 144.8521     -36.07628 
 144.8655     -36.06558 
 144.8845     -36.065 
 144.8894     -36.06722 
 144.9161     -36.07033 
 144.9275     -36.07411 
 144.9334     -36.07633 
 144.9433     -36.08211 
 144.9433     -36.08214 
 144.9519     -36.08653 
 144.9723     -36.07886 
 144.9724     -36.07875 
 144.9806     -36.07406 
 144.9862     -36.06939 
 144.9889     -36.05847 
 144.9864     -36.05311 
 144.9692     -36.04525 
 144.9638     -36.02675 
 144.9583     -36.02406 
 144.9413     -36.00567 
 144.9396     -36.00375 
 144.9313     -35.99411 
 144.9321     -35.98064 
 144.9505     -35.97194 
 144.9551     -35.96734 
 144.9497     -35.94367 
 144.9504     -35.93703 
 144.9511     -35.93203 
 144.9568     -35.92064 
 144.9615     -35.91842 
 144.9695     -35.90731 
 144.9695     -35.90306 
 144.9716     -35.88748 
 144.9705     -35.87309 
 144.9685     -35.87034 
 144.995      -35.85922 
 144.995      -35.85922 
 145          -35.859 
