 6 
 1             1 
 2 
 -9998.0  ,   -9997.0
  1999.0  ,    9990.0
 142 
 145          -35.859 
 145.0049     -35.85972 
 145.0171     -35.8615 
 145.0496     -35.8452 
 145.0663     -35.84059 
 145.0744     -35.83531 
 145.0814     -35.83528 
 145.0961     -35.83525 
 145.1017     -35.83678 
 145.1067     -35.83025 
 145.125      -35.83122 
 145.131      -35.83531 
 145.1539     -35.84009 
 145.169      -35.84417 
 145.1975     -35.84219 
 145.2079     -35.84295 
 145.2186     -35.84275 
 145.2289     -35.83847 
 145.24       -35.83678 
 145.2534     -35.83892 
 145.2596     -35.84664 
 145.2785     -35.85742 
 145.3053     -35.86317 
 145.3218     -35.85967 
 145.3363     -35.86136 
 145.3431     -35.86478 
 145.3456     -35.86639 
 145.3466     -35.86709 
 145.3632     -35.87003 
 145.3701     -35.86469 
 145.3794     -35.86403 
 145.3941     -35.85731 
 145.4094     -35.85517 
 145.4167     -35.85467 
 145.4295     -35.85911 
 145.4461     -35.85978 
 145.4524     -35.85673 
 145.4598     -35.84842 
 145.4688     -35.84725 
 145.4817     -35.84806 
 145.4874     -35.84544 
 145.4962     -35.84497 
 145.4987     -35.84664 
 145.5149     -35.83556 
 145.523      -35.83575 
 145.5253     -35.83542 
 145.5394     -35.83322 
 145.5409     -35.833 
 145.5467     -35.83492 
 145.5527     -35.83689 
 145.5559     -35.83795 
 145.5633     -35.83853 
 145.5683     -35.83894 
 145.5794     -35.84953 
 145.5933     -35.85584 
 145.5957     -35.85981 
 145.5924     -35.86339 
 145.5929     -35.86469 
 145.5935     -35.86639 
 145.5937     -35.86709 
 145.5982     -35.86881 
 145.6005     -35.87414 
 145.6052     -35.87586 
 145.6102     -35.87208 
 145.6291     -35.87139 
 145.6254     -35.87817 
 145.6342     -35.89217 
 145.6435     -35.89995 
 145.6523     -35.90061 
 145.6599     -35.90745 
 145.6606     -35.90867 
 145.6658     -35.91767 
 145.672      -35.92403 
 145.6762     -35.92492 
 145.6768     -35.92506 
 145.6794     -35.93131 
 145.691      -35.93778 
 145.705      -35.93345 
 145.7126     -35.9415 
 145.7215     -35.94581 
 145.722      -35.94606 
 145.725      -35.95647 
 145.7298     -35.95659 
 145.7322     -35.96047 
 145.7349     -35.96494 
 145.7475     -35.968 
 145.7633     -35.96675 
 145.7717     -35.97014 
 145.7804     -35.97081 
 145.7841     -35.97753 
 145.7949     -35.98511 
 145.8074     -35.99022 
 145.8174     -35.99595 
 145.8195     -35.99389 
 145.8241     -35.98967 
 145.8309     -35.98845 
 145.8347     -35.98347 
 145.8406     -35.98544 
 145.8426     -35.99003 
 145.8534     -35.9825 
 145.8593     -35.98195 
 145.86       -35.9767 
 145.8589     -35.975 
 145.8544     -35.9683 
 145.8587     -35.96509 
 145.8628     -35.96206 
 145.8718     -35.96067 
 145.8896     -35.95945 
 145.9069     -35.96 
 145.9098     -35.96008 
 145.9076     -35.968 
 145.9074     -35.96878 
 145.911      -35.97136 
 145.924      -35.97317 
 145.9343     -35.97461 
 145.9492     -35.97447 
 145.9541     -35.97939 
 145.9501     -35.98139 
 145.9491     -35.98686 
 145.9518     -35.98967 
 145.9561     -35.98978 
 145.9568     -35.99567 
 145.9676     -35.99356 
 145.9694     -35.99083 
 145.9645     -35.98339 
 145.963      -35.97581 
 145.9652     -35.96506 
 145.9646     -35.96272 
 145.9691     -35.96439 
 145.9754     -35.96467 
 145.9784     -35.96914 
 146.0059     -35.9842 
 146.0053     -35.98617 
 146.0001     -36.002 
 145.999      -36.01061 
 145.9979     -36.01228 
 145.997      -36.01375 
 145.9969     -36.01403 
 145.9969     -36.01406 
 145.9988     -36.01397 
 145.9999     -36.01394 
 146.001      -36.01386 
 1             2 
 2 
 -9998.0  ,   -9997.0
  1999.0  ,    9990.0
 297 
 149.978      -37.50533 
 149.9636     -37.49944 
 149.9619     -37.49947 
 149.9385     -37.48786 
 149.9315     -37.48711 
 149.9167     -37.48195 
 149.9011     -37.4722 
 149.896      -37.47278 
 149.8959     -37.47186 
 149.892      -37.47053 
 149.8878     -37.46908 
 149.8712     -37.46439 
 149.8674     -37.46172 
 149.8589     -37.45847 
 149.8502     -37.4557 
 149.78       -37.42881 
 149.7315     -37.40914 
 149.6978     -37.39547 
 149.6778     -37.38833 
 149.6639     -37.38334 
 149.6186     -37.36561 
 149.5203     -37.32717 
 149.5159     -37.32511 
 149.48       -37.31175 
 149.4692     -37.30773 
 149.441      -37.2972 
 149.4306     -37.29395 
 149.3968     -37.27717 
 149.3562     -37.2627 
 149.3479     -37.25972 
 149.2711     -37.22975 
 149.1984     -37.20139 
 149.1878     -37.19725 
 149.1775     -37.19322 
 149.1688     -37.18969 
 149.1237     -37.17231 
 149.1055     -37.16531 
 149.0916     -37.15981 
 149.0818     -37.15592 
 149.041      -37.13972 
 149.025      -37.13436 
 149.0214     -37.13314 
 149.0176     -37.13206 
 149.0139     -37.13172 
 149.011      -37.13147 
 149.0026     -37.12589 
 148.9995     -37.12403 
 148.9965     -37.12208 
 148.9806     -37.11597 
 148.9786     -37.11525 
 148.9722     -37.11281 
 148.9646     -37.10992 
 148.9566     -37.10686 
 148.926      -37.0947 
 148.9205     -37.09225 
 148.8908     -37.08008 
 148.8893     -37.0793 
 148.8792     -37.07406 
 148.8709     -37.07167 
 148.8524     -37.06528 
 148.8368     -37.05792 
 148.8302     -37.05572 
 148.8168     -37.05042 
 148.8157     -37.05 
 148.7619     -37.0287 
 148.7437     -37.02089 
 148.7253     -37.01381 
 148.7212     -37.00997 
 148.7191     -37.00911 
 148.6858     -36.9992 
 148.6708     -36.99111 
 148.6696     -36.99072 
 148.6483     -36.98339 
 148.5994     -36.96311 
 148.5963     -36.96292 
 148.5922     -36.96 
 148.5804     -36.95525 
 148.4967     -36.92167 
 148.464      -36.90848 
 148.4267     -36.89342 
 148.4226     -36.89175 
 148.4148     -36.8885 
 148.3327     -36.85417 
 148.3278     -36.85214 
 148.325      -36.85117 
 148.3115     -36.84656 
 148.2607     -36.8255 
 148.2439     -36.81861 
 148.2091     -36.80442 
 148.1998     -36.79506 
 148.194      -36.80192 
 148.1855     -36.80578 
 148.1778     -36.80556 
 148.1644     -36.79748 
 148.1587     -36.79633 
 148.1408     -36.79881 
 148.1245     -36.80403 
 148.1165     -36.80308 
 148.1127     -36.80053 
 148.1049     -36.79525 
 148.1038     -36.79272 
 148.1034     -36.79136 
 148.1026     -36.78883 
 148.1089     -36.78128 
 148.1121     -36.77439 
 148.1209     -36.76617 
 148.1267     -36.7552 
 148.1338     -36.75245 
 148.1364     -36.74972 
 148.139      -36.74192 
 148.1373     -36.73895 
 148.1336     -36.73756 
 148.1527     -36.72384 
 148.1581     -36.72225 
 148.163      -36.71608 
 148.1701     -36.71447 
 148.1821     -36.69711 
 148.187      -36.69 
 148.1884     -36.68242 
 148.193      -36.67625 
 148.1981     -36.67259 
 148.2062     -36.65473 
 148.2127     -36.64695 
 148.219      -36.62608 
 148.2182     -36.62264 
 148.2136     -36.61895 
 148.2074     -36.61781 
 148.204      -36.61319 
 148.2125     -36.61231 
 148.2187     -36.60278 
 148.2125     -36.59783 
 148.2089     -36.59303 
 148.2035     -36.59189 
 148.1972     -36.58728 
 148.1907     -36.58658 
 148.1851     -36.57875 
 148.1848     -36.57992 
 148.1808     -36.58058 
 148.1598     -36.57939 
 148.159      -36.5725 
 148.1556     -36.56539 
 148.1493     -36.56078 
 148.1419     -36.56534 
 148.1354     -36.56303 
 148.1303     -36.55684 
 148.1286     -36.54995 
 148.1301     -36.54306 
 148.1384     -36.53025 
 148.1398     -36.52431 
 148.1384     -36.51992 
 148.1288     -36.51211 
 148.1291     -36.50017 
 148.1261     -36.49728 
 148.1243     -36.49558 
 148.1226     -36.488 
 148.1255     -36.47081 
 148.1219     -36.46322 
 148.1145     -36.45817 
 148.0986     -36.4572 
 148.0924     -36.45489 
 148.089      -36.45214 
 148.0871     -36.44203 
 148.0842     -36.44019 
 148.0865     -36.43514 
 148.0832     -36.42847 
 148.0744     -36.42478 
 148.069      -36.41995 
 148.0625     -36.41786 
 148.0549     -36.41303 
 148.0526     -36.40592 
 148.0397     -36.38636 
 148.0398     -36.37236 
 148.0415     -36.36589 
 148.0438     -36.35769 
 148.0532     -36.33678 
 148.0465     -36.32103 
 148.0403     -36.31778 
 148.0366     -36.31342 
 148.0398     -36.30289 
 148.0381     -36.29553 
 148.0393     -36.28728 
 148.0354     -36.28292 
 148.0338     -36.27006 
 148.0375     -36.26067 
 148.0348     -36.25578 
 148.033      -36.25239 
 148.0322     -36.24597 
 148.0348     -36.23956 
 148.034      -36.23314 
 148.0303     -36.22786 
 148.0312     -36.22211 
 148.042      -36.20853 
 148.0366     -36.19975 
 148.0364     -36.19953 
 148.0336     -36.19483 
 148.0315     -36.1935 
 148.0279     -36.19114 
 148.0246     -36.18539 
 148.0243     -36.17692 
 148.03       -36.17256 
 148.0304     -36.17222 
 148.0321     -36.17072 
 148.0337     -36.16936 
 148.0331     -36.16708 
 148.0263     -36.164 
 148.0244     -36.16314 
 148.0236     -36.16017 
 148.0247     -36.1572 
 148.0284     -36.15492 
 148.0352     -36.15378 
 148.0352     -36.14897 
 148.0318     -36.14483 
 148.016      -36.14361 
 148.0025     -36.13645 
 147.997      -36.12861 
 147.9962     -36.12756 
 147.9933     -36.12333 
 147.991      -36.11578 
 147.9931     -36.10797 
 147.9914     -36.1027 
 147.983      -36.09211 
 147.9821     -36.0882 
 147.9853     -36.0795 
 147.9956     -36.06508 
 147.9911     -36.0575 
 147.9854     -36.0552 
 147.9801     -36.05081 
 147.9417     -36.04836 
 147.9343     -36.04683 
 147.9313     -36.04625 
 147.9274     -36.04417 
 147.926      -36.03636 
 147.9198     -36.0332 
 147.9128     -36.02964 
 147.9123     -36.02253 
 147.9154     -36.01314 
 147.9146     -36.009 
 147.9085     -36.00325 
 147.9034     -36.00184 
 147.8938     -36.00272 
 147.8786     -36.00125 
 147.8682     -35.99503 
 147.8617     -35.99453 
 147.8527     -35.99356 
 147.8333     -35.98703 
 147.8183     -35.98603 
 147.8149     -35.98372 
 147.8139     -35.97639 
 147.8029     -35.97194 
 147.7939     -35.97167 
 147.7863     -35.97392 
 147.7727     -35.97339 
 147.7694     -35.97061 
 147.7683     -35.96398 
 147.7489     -35.962 
 147.7419     -35.95806 
 147.7362     -35.95711 
 147.7213     -35.95311 
 147.7174     -35.9492 
 147.7138     -35.93953 
 147.7088     -35.93744 
 147.7031     -35.93717 
 147.6944     -35.93895 
 147.6751     -35.95053 
 147.652      -35.95245 
 147.6469     -35.95514 
 147.6392     -35.96472 
 147.6261     -35.97406 
 147.6162     -35.97603 
 147.6063     -35.98125 
 147.5987     -35.98119 
 147.588      -35.97445 
 147.5748     -35.97506 
 147.5609     -35.97395 
 147.5491     -35.97303 
 147.5485     -35.9767 
 147.5513     -35.98175 
 147.5629     -35.97956 
 147.5721     -35.98489 
 147.58       -35.98609 
 147.5814     -35.98956 
 147.5638     -36.00161 
 147.5632     -36.00203 
 147.5516     -36.00322 
 147.5508     -36.00331 
 147.5443     -36.00028 
 147.5364     -35.99653 
 147.5241     -35.98728 
 147.5211     -35.98197 
 147.5196     -35.96842 
 147.5174     -35.96589 
 147.5112     -35.964 
 147.4978     -35.95128 
 147.4908     -35.95053 
 147.4851     -35.9475 
 147.482      -35.94747 
 147.4735     -35.95222 
 1             3 
 2 
 -9998.0  ,   -9997.0
  1999.0  ,    9990.0
 143 
 146.1834     -36.04589 
 146.1899     -36.04242 
 146.2001     -36.04009 
 146.2165     -36.03925 
 146.2205     -36.03634 
 146.2246     -36.03509 
 146.2396     -36.0305 
 146.2524     -36.01811 
 146.2583     -36.01914 
 146.2707     -36.03017 
 146.2842     -36.03156 
 146.2903     -36.03464 
 146.2912     -36.04247 
 146.2941     -36.04917 
 146.2992     -36.04972 
 146.3066     -36.04642 
 146.3196     -36.0462 
 146.3296     -36.03239 
 146.3323     -36.03517 
 146.3355     -36.03547 
 146.3456     -36.03564 
 146.3505     -36.04031 
 146.3561     -36.04522 
 146.3578     -36.04606 
 146.3672     -36.05047 
 146.3726     -36.05081 
 146.3837     -36.03517 
 146.3808     -36.02617 
 146.381      -36.02236 
 146.381      -36.02114 
 146.3915     -36.01036 
 146.392      -36.00984 
 146.3938     -36.00903 
 146.3991     -36.00675 
 146.4017     -36.00239 
 146.4094     -35.98953 
 146.4115     -35.98609 
 146.4141     -35.98303 
 146.4146     -35.98247 
 146.4217     -35.97434 
 146.4263     -35.97075 
 146.4303     -35.97192 
 146.433      -35.9727 
 146.4408     -35.97742 
 146.4411     -35.97731 
 146.4497     -35.97453 
 146.457      -35.9722 
 146.463      -35.97825 
 146.4647     -35.98034 
 146.465      -35.98078 
 146.4701     -35.988 
 146.4854     -35.99139 
 146.4939     -35.99328 
 146.5015     -35.99495 
 146.51       -35.98498 
 146.5101     -35.98492 
 146.5201     -35.97833 
 146.5243     -35.97697 
 146.5243     -35.97697 
 146.5335     -35.97806 
 146.5467     -35.981 
 146.5611     -35.98261 
 146.5712     -35.983 
 146.5749     -35.98261 
 146.5817     -35.98156 
 146.6051     -35.98217 
 146.6085     -35.98267 
 146.6148     -35.9885 
 146.6157     -35.99817 
 146.6182     -36.00095 
 146.6247     -36.00128 
 146.6366     -36.0085 
 146.6386     -36.01045 
 146.647      -36.01034 
 146.6538     -36.02261 
 146.6542     -36.03028 
 146.6543     -36.03356 
 146.6609     -36.03114 
 146.6636     -36.03014 
 146.6692     -36.02981 
 146.6764     -36.03042 
 146.6821     -36.03317 
 146.6883     -36.03617 
 146.6927     -36.036 
 146.6933     -36.03597 
 146.6972     -36.03586 
 146.709      -36.03403 
 146.7303     -36.02781 
 146.7304     -36.02806 
 146.7306     -36.02878 
 146.7339     -36.03895 
 146.7313     -36.04325 
 146.7348     -36.0502 
 146.7486     -36.05017 
 146.7496     -36.05889 
 146.7532     -36.05872 
 146.7592     -36.05672 
 146.7631     -36.05956 
 146.7693     -36.06031 
 146.7771     -36.06525 
 146.7932     -36.06547 
 146.8009     -36.05986 
 146.8049     -36.05989 
 146.8058     -36.06059 
 146.8152     -36.06739 
 146.8189     -36.07236 
 146.8201     -36.07389 
 146.8271     -36.07559 
 146.8302     -36.07953 
 146.8252     -36.08519 
 146.8271     -36.0882 
 146.8331     -36.0892 
 146.8407     -36.08678 
 146.8554     -36.08789 
 146.8651     -36.08228 
 146.8711     -36.0817 
 146.8825     -36.09147 
 146.8892     -36.09247 
 146.893      -36.0917 
 146.9028     -36.08967 
 146.9064     -36.093 
 146.9075     -36.09408 
 146.9075     -36.09417 
 146.9065     -36.10097 
 146.9073     -36.10458 
 146.9078     -36.10695 
 146.9117     -36.11181 
 146.9295     -36.11067 
 146.933      -36.11211 
 146.9335     -36.11234 
 146.9368     -36.11375 
 146.9472     -36.11572 
 146.9472     -36.10425 
 146.9542     -36.08989 
 146.9571     -36.08717 
 146.9732     -36.08828 
 146.9749     -36.08961 
 146.9768     -36.09108 
 146.9823     -36.09528 
 146.9903     -36.09583 
 146.9977     -36.09064 
 147.0029     -36.09208 
 147.0089     -36.09378 
 1             4 
 2 
 -9998.0  ,   -9997.0
  1999.0  ,    9990.0
 63 
 147.0089     -36.09378 
 147.0141     -36.10422 
 147.0284     -36.11345 
 147.0402     -36.11453 
 147.0495     -36.10625 
 147.0547     -36.10081 
 147.0578     -36.09533 
 147.0594     -36.09269 
 147.0596     -36.09225 
 147.064      -36.08083 
 147.0718     -36.06831 
 147.076      -36.06203 
 147.0789     -36.05347 
 147.0859     -36.0472 
 147.093      -36.0375 
 147.0966     -36.03067 
 147.103      -36.02153 
 147.1163     -36.02214 
 147.129      -36.0222 
 147.1367     -36.02736 
 147.1529     -36.03311 
 147.1613     -36.03656 
 147.1775     -36.04003 
 147.1873     -36.0435 
 147.1971     -36.04809 
 147.2058     -36.05409 
 147.2218     -36.05025 
 147.2372     -36.04589 
 147.2584     -36.04472 
 147.2703     -36.04453 
 147.2802     -36.04484 
 147.2886     -36.0477 
 147.2964     -36.0477 
 147.3103     -36.05795 
 147.3172     -36.05989 
 147.3225     -36.06098 
 147.333      -36.05747 
 147.34       -36.05061 
 147.3421     -36.04261 
 147.3464     -36.03064 
 147.3506     -36.01806 
 147.3534     -36.00778 
 147.3605     -35.9947 
 147.3697     -35.98892 
 147.3767     -35.98436 
 147.3858     -35.97695 
 147.3893     -35.97467 
 147.3922     -35.96608 
 147.396      -35.9577 
 147.4015     -35.9535 
 147.4061     -35.95181 
 147.4128     -35.95114 
 147.4176     -35.95284 
 147.4254     -35.95506 
 147.4338     -35.95709 
 147.4398     -35.95844 
 147.4461     -35.96203 
 147.452      -35.96406 
 147.4569     -35.96542 
 147.4597     -35.96289 
 147.4687     -35.95744 
 147.4731     -35.95489 
 147.4735     -35.95222 
 1             5 
 2 
 -9998.0  ,   -9997.0
  1999.0  ,    9990.0
 22 
 146.1834     -36.04589 
 146.1834     -36.04581 
 146.1858     -36.03734 
 146.1822     -36.03264 
 146.18       -36.0275 
 146.1732     -36.02356 
 146.1667     -36.02539 
 146.1518     -36.02572 
 146.1437     -36.02411 
 146.1331     -36.02147 
 146.1188     -36.02081 
 146.1146     -36.02025 
 146.1098     -36.02009 
 146.1001     -36.02109 
 146.0853     -36.01789 
 146.071      -36.01267 
 146.0593     -36.00847 
 146.0469     -36.00378 
 146.0363     -36.00314 
 146.0251     -36.0035 
 146.0139     -36.00539 
 146.001      -36.01386 
 1             6 
 2 
 -9998.0  ,   -9997.0
  1999.0  ,    9990.0
 280 
 149.1445     -35.59456 
 149.1359     -35.59411 
 149.1346     -35.59406 
 149.1294     -35.59022 
 149.1139     -35.58658 
 149.1139     -35.5875 
 149.1107     -35.58725 
 149.1016     -35.58656 
 149.0937     -35.58556 
 149.0875     -35.58634 
 149.0826     -35.591 
 149.0809     -35.60181 
 149.0836     -35.61142 
 149.088      -35.62578 
 149.0935     -35.63892 
 149.0973     -35.65347 
 149.1003     -35.66664 
 149.1001     -35.67286 
 149.0978     -35.68389 
 149.0988     -35.68664 
 149.1059     -35.69364 
 149.1089     -35.69931 
 149.1101     -35.70542 
 149.1085     -35.70961 
 149.1046     -35.71633 
 149.1027     -35.73725 
 149.0972     -35.75392 
 149.0945     -35.76536 
 149.0923     -35.773 
 149.0948     -35.77864 
 149.0973     -35.78669 
 149.0986     -35.79428 
 149.1        -35.80292 
 149.1001     -35.8167 
 149.086      -35.84858 
 149.0816     -35.85575 
 149.0803     -35.85944 
 149.07       -35.87634 
 149.0604     -35.89647 
 149.055      -35.91792 
 149.0481     -35.92122 
 149.0399     -35.92114 
 149.0399     -35.91997 
 149.0196     -35.907 
 149.0021     -35.90597 
 148.9978     -35.90572 
 148.9823     -35.89858 
 148.9819     -35.89842 
 148.9734     -35.89831 
 148.9636     -35.9 
 148.9583     -35.89769 
 148.9523     -35.8897 
 148.9423     -35.88458 
 148.9351     -35.87567 
 148.9292     -35.86861 
 148.9203     -35.86256 
 148.9081     -35.85181 
 148.9064     -35.84886 
 148.9062     -35.84014 
 148.9108     -35.83228 
 148.904      -35.83147 
 148.8884     -35.81678 
 148.8931     -35.80961 
 148.8964     -35.8075 
 148.8994     -35.80417 
 148.9        -35.79942 
 148.8981     -35.79278 
 148.8964     -35.78117 
 148.8994     -35.77786 
 148.9018     -35.77517 
 148.9049     -35.77086 
 148.9057     -35.76514 
 148.9036     -35.75972 
 148.8944     -35.75175 
 148.8932     -35.74631 
 148.893      -35.73919 
 148.8923     -35.73042 
 148.8875     -35.72358 
 148.8819     -35.722 
 148.8776     -35.723 
 148.8688     -35.7352 
 148.8652     -35.74569 
 148.863      -35.75544 
 148.8625     -35.76067 
 148.8593     -35.76047 
 148.847      -35.75372 
 148.8402     -35.74717 
 148.8351     -35.73892 
 148.8253     -35.73 
 148.8124     -35.72153 
 148.7998     -35.71208 
 148.7937     -35.70322 
 148.7928     -35.69842 
 148.8011     -35.67903 
 148.798      -35.66692 
 148.7914     -35.66128 
 148.7818     -35.66139 
 148.773      -35.65625 
 148.7721     -35.65328 
 148.7786     -35.64034 
 148.7791     -35.63828 
 148.7851     -35.63458 
 148.7825     -35.62492 
 148.772      -35.60947 
 148.7764     -35.60253 
 148.7853     -35.59803 
 148.7882     -35.58928 
 148.7855     -35.58428 
 148.7829     -35.5795 
 148.7806     -35.57525 
 148.7766     -35.57081 
 148.7759     -35.5665 
 148.777      -35.55297 
 148.7744     -35.54772 
 148.7759     -35.54289 
 148.7698     -35.53011 
 148.7699     -35.52003 
 148.7658     -35.5015 
 148.7736     -35.48303 
 148.7711     -35.47322 
 148.7737     -35.46561 
 148.7748     -35.44861 
 148.7792     -35.44214 
 148.7863     -35.43539 
 148.7894     -35.43059 
 148.7908     -35.4235 
 148.7892     -35.41431 
 148.7936     -35.40933 
 148.7969     -35.40439 
 148.7987     -35.39761 
 148.8023     -35.3945 
 148.8064     -35.38861 
 148.8084     -35.37753 
 148.8057     -35.37111 
 148.803      -35.36422 
 148.803      -35.36408 
 148.8019     -35.36003 
 148.8002     -35.35367 
 148.8        -35.34414 
 148.8027     -35.33833 
 148.8026     -35.33514 
 148.8062     -35.32156 
 148.8161     -35.31336 
 148.8329     -35.29936 
 148.8405     -35.29603 
 148.8437     -35.29464 
 148.9057     -35.25761 
 148.9106     -35.25467 
 148.9129     -35.25328 
 148.9169     -35.25089 
 148.9277     -35.24447 
 148.9346     -35.24036 
 148.9493     -35.23158 
 148.9541     -35.229 
 148.9586     -35.22661 
 148.9638     -35.22322 
 148.9732     -35.21697 
 148.9741     -35.2165 
 148.9951     -35.20467 
 148.9958     -35.20425 
 149.0008     -35.20233 
 149.0054     -35.19936 
 149.0061     -35.19892 
 149.0308     -35.18281 
 149.0344     -35.18022 
 149.0567     -35.16811 
 149.061      -35.16575 
 149.0613     -35.16559 
 149.0627     -35.16486 
 149.065      -35.16345 
 149.09       -35.14797 
 149.0935     -35.14578 
 149.1022     -35.13931 
 149.1061     -35.13639 
 149.1113     -35.13423 
 149.122      -35.12672 
 149.1346     -35.1302 
 149.1448     -35.13297 
 149.1504     -35.14292 
 149.1535     -35.14514 
 149.1558     -35.14678 
 149.172      -35.15706 
 149.185      -35.1667 
 149.1884     -35.17719 
 149.1927     -35.18147 
 149.1976     -35.18942 
 149.1938     -35.20164 
 149.1988     -35.20478 
 149.2034     -35.20767 
 149.2074     -35.21711 
 149.2082     -35.21906 
 149.2064     -35.22484 
 149.2098     -35.22639 
 149.2253     -35.22289 
 149.2323     -35.22209 
 149.2425     -35.22581 
 149.2462     -35.23078 
 149.2438     -35.23586 
 149.2388     -35.24309 
 149.2394     -35.24531 
 149.246      -35.25009 
 149.2582     -35.25586 
 149.2586     -35.25606 
 149.2625     -35.25786 
 149.2671     -35.25947 
 149.2723     -35.26128 
 149.2736     -35.26839 
 149.278      -35.27367 
 149.2867     -35.27264 
 149.2992     -35.272 
 149.302      -35.27508 
 149.3135     -35.27847 
 149.3171     -35.27989 
 149.3277     -35.28403 
 149.3344     -35.28539 
 149.3381     -35.28945 
 149.3497     -35.29497 
 149.3563     -35.30034 
 149.3644     -35.31053 
 149.3723     -35.31083 
 149.392      -35.30633 
 149.3977     -35.31033 
 149.3989     -35.3165 
 149.4009     -35.32656 
 149.401      -35.32703 
 149.3876     -35.33578 
 149.3696     -35.34345 
 149.3658     -35.34908 
 149.3645     -35.3532 
 149.3579     -35.3547 
 149.3509     -35.35483 
 149.3374     -35.34361 
 149.3211     -35.34092 
 149.3164     -35.34003 
 149.314      -35.33959 
 149.2967     -35.3363 
 149.2842     -35.34092 
 149.2701     -35.33956 
 149.2629     -35.33497 
 149.261      -35.33375 
 149.2586     -35.33383 
 149.2527     -35.33406 
 149.2493     -35.3342 
 149.2367     -35.34192 
 149.2339     -35.34364 
 149.2331     -35.34375 
 149.2266     -35.3447 
 149.2224     -35.34436 
 149.2174     -35.34395 
 149.2159     -35.34475 
 149.2136     -35.346 
 149.2044     -35.35106 
 149.1986     -35.35944 
 149.1931     -35.36753 
 149.187      -35.38003 
 149.1856     -35.38295 
 149.18       -35.38828 
 149.1502     -35.41667 
 149.14       -35.43336 
 149.1426     -35.43561 
 149.1524     -35.43683 
 149.1541     -35.43825 
 149.1564     -35.44019 
 149.1521     -35.44739 
 149.146      -35.44933 
 149.1406     -35.45606 
 149.1373     -35.4582 
 149.1356     -35.46169 
 149.1419     -35.47486 
 149.15       -35.4855 
 149.1506     -35.48761 
 149.1531     -35.49733 
 149.1543     -35.50195 
 149.1501     -35.52153 
 149.1372     -35.54467 
 149.1333     -35.55575 
 149.1375     -35.57494 
 149.1394     -35.58086 
 149.1417     -35.5882 
 149.1445     -35.59456 
