 2 
 1             1 
 2 
 -9998.0  ,   -9997.0
  1999.0  ,    9990.0
 399 
-71.13633     -37.81885 
-71.14025     -37.8076 
-71.14663     -37.79651 
-71.152       -37.79161 
-71.15556     -37.78353 
-71.15618     -37.77344 
-71.15396     -37.76476 
-71.15348     -37.75721 
-71.17229     -37.7356 
-71.17672     -37.72842 
-71.18145     -37.72078 
-71.18304     -37.71526 
-71.18796     -37.70441 
-71.19386     -37.6979 
-71.19436     -37.69491 
-71.19964     -37.6868 
-71.20322     -37.6801 
-71.20246     -37.67232 
-71.1951      -37.64263 
-71.19294     -37.63694 
-71.17708     -37.6122 
-71.17035     -37.60795 
-71.1558      -37.6013 
-71.14529     -37.59527 
-71.1392      -37.59308 
-71.13391     -37.58857 
-71.12941     -37.5813 
-71.12655     -37.56943 
-71.12831     -37.5584 
-71.13686     -37.54337 
-71.14249     -37.53801 
-71.14943     -37.52781 
-71.1493      -37.52208 
-71.1441      -37.50887 
-71.12853     -37.49512 
-71.12204     -37.48811 
-71.11756     -37.48108 
-71.11621     -37.47193 
-71.11756     -37.45586 
-71.12076     -37.44595 
-71.12439     -37.44131 
-71.13263     -37.42537 
-71.13518     -37.42372 
-71.14643     -37.413 
-71.158       -37.40503 
-71.16048     -37.40064 
-71.17056     -37.39016 
-71.17538     -37.38756 
-71.17875     -37.38453 
-71.1857      -37.37502 
-71.18535     -37.37251 
-71.19091     -37.35339 
-71.19696     -37.33082 
-71.20251     -37.32294 
-71.2072      -37.31507 
-71.211       -37.30629 
-71.21278     -37.29756 
-71.21016     -37.28407 
-71.20893     -37.28019 
-71.2007      -37.2723 
-71.18785     -37.26287 
-71.17966     -37.25567 
-71.17496     -37.25092 
-71.14865     -37.21671 
-71.14325     -37.20717 
-71.14215     -37.19641 
-71.13956     -37.18452 
-71.13851     -37.17606 
-71.13998     -37.16572 
-71.14323     -37.14595 
-71.14221     -37.13862 
-71.13865     -37.13341 
-71.13021     -37.12711 
-71.114       -37.11911 
-71.10213     -37.11356 
-71.0963      -37.10883 
-71.09188     -37.10317 
-71.09266     -37.09994 
-71.09603     -37.09668 
-71.10111     -37.09431 
-71.12597     -37.08109 
-71.13216     -37.07641 
-71.13597     -37.06856 
-71.13523     -37.04885 
-71.13952     -37.03709 
-71.1405      -37.03019 
-71.1481      -37.01288 
-71.1558      -37.00014 
-71.16258     -36.99729 
-71.1716      -36.9921 
-71.17983     -36.98967 
-71.19142     -36.98514 
-71.20018     -36.98064 
-71.2026      -36.97487 
-71.20019     -36.96963 
-71.19411     -36.96606 
-71.18806     -36.96409 
-71.17751     -36.96449 
-71.16413     -36.96608 
-71.15245     -36.96695 
-71.14333     -36.96824 
-71.13883     -36.97106 
-71.12918     -36.97327 
-71.12203     -36.97338 
-71.11593     -36.96911 
-71.10391     -36.95554 
-71.10178     -36.94961 
-71.10163     -36.94319 
-71.10381     -36.93857 
-71.10765     -36.93232 
-71.11519     -36.92487 
-71.12591     -36.91943 
-71.13358     -36.91794 
-71.13806     -36.91443 
-71.14057     -36.9121 
-71.14243     -36.9061 
-71.13838     -36.89149 
-71.13358     -36.8817 
-71.12642     -36.86805 
-71.12797     -36.86115 
-71.13417     -36.85808 
-71.14702     -36.85856 
-71.1548      -36.86165 
-71.16565     -36.8624 
-71.17002     -36.85476 
-71.17211     -36.84647 
-71.17023     -36.83939 
-71.16666     -36.83326 
-71.1568      -36.82607 
-71.1496      -36.82321 
-71.14294     -36.81872 
-71.13678     -36.81102 
-71.12893     -36.79257 
-71.13028     -36.78888 
-71.12932     -36.77261 
-71.12552     -36.75615 
-71.12598     -36.75133 
-71.11874     -36.73401 
-71.11892     -36.72942 
-71.11766     -36.72417 
-71.11836     -36.71774 
-71.11801     -36.68999 
-71.11483     -36.66367 
-71.1119      -36.65936 
-71.10672     -36.65714 
-71.10076     -36.65723 
-71.09285     -36.65988 
-71.08702     -36.66662 
-71.08521     -36.67444 
-71.08116     -36.6839 
-71.07368     -36.69296 
-71.06831     -36.69488 
-71.06576     -36.69514 
-71.05745     -36.69228 
-71.05195     -36.68847 
-71.04651     -36.68694 
-71.04158     -36.6822 
-71.03191     -36.66973 
-71.02758     -36.66681 
-71.02438     -36.66365 
-71.02134     -36.65498 
-71.02237     -36.64992 
-71.04518     -36.61426 
-71.0508      -36.59836 
-71.04882     -36.58623 
-71.04946     -36.57613 
-71.04761     -36.55781 
-71.04536     -36.54591 
-71.045       -36.52941 
-71.04441     -36.51565 
-71.04384     -36.50282 
-71.03831     -36.47125 
-71.0345      -36.46488 
-71.02818     -36.46177 
-71.01735     -36.4594 
-71.00943     -36.46089 
-70.99847     -36.46541 
-70.98785     -36.47313 
-70.98306     -36.47481 
-70.96648     -36.48261 
-70.96053     -36.48315 
-70.95572     -36.48368 
-70.93564     -36.47318 
-70.92961     -36.46914 
-70.90062     -36.45371 
-70.89111     -36.44627 
-70.88818     -36.44195 
-70.88798     -36.43163 
-70.88458     -36.41792 
-70.88501     -36.41103 
-70.88711     -36.40252 
-70.89066     -36.39605 
-70.89258     -36.39281 
-70.89017     -36.38573 
-70.88615     -36.38326 
-70.88075     -36.38242 
-70.85215     -36.39771 
-70.83398     -36.39657 
-70.82656     -36.39415 
-70.81493     -36.39407 
-70.80736     -36.39829 
-70.79653     -36.4099 
-70.7889      -36.4116 
-70.77795     -36.40211 
-70.77309     -36.39964 
-70.7705      -36.39716 
-70.75435     -36.39827 
-70.74178     -36.40852 
-70.73448     -36.41205 
-70.72456     -36.4124 
-70.71886     -36.41132 
-70.70526     -36.41103 
-70.70099     -36.41062 
-70.69384     -36.40704 
-70.68235     -36.39777 
-70.67796     -36.39071 
-70.67485     -36.37515 
-70.67636     -36.36344 
-70.68027     -36.36087 
-70.69417     -36.34557 
-70.70496     -36.33145 
-70.70688     -36.32776 
-70.7077      -36.32591 
-70.70765     -36.32339 
-70.70496     -36.31563 
-70.69828     -36.30607 
-70.69191     -36.29789 
-70.69043     -36.29424 
-70.6902      -36.28163 
-70.69121     -36.27427 
-70.69781     -36.26388 
-70.69878     -36.25469 
-70.69645     -36.25036 
-70.68786     -36.24473 
-70.67505     -36.24006 
-70.67105     -36.23759 
-70.66821     -36.23739 
-70.64981     -36.236 
-70.64241     -36.23425 
-70.63557     -36.23135 
-70.6304      -36.22613 
-70.62448     -36.21015 
-70.61927     -36.20378 
-70.61356     -36.20041 
-70.6053      -36.1966 
-70.59929     -36.19254 
-70.59209     -36.18436 
-70.57685     -36.16779 
-70.57534     -36.16276 
-70.57492     -36.15428 
-70.57799     -36.15195 
-70.57952     -36.14161 
-70.57706     -36.12971 
-70.57278     -36.12632 
-70.56765     -36.12385 
-70.55892     -36.12555 
-70.53758     -36.13427 
-70.51541     -36.1439 
-70.49951     -36.15737 
-70.49585     -36.15833 
-70.48241     -36.16695 
-70.47623     -36.16885 
-70.47146     -36.17119 
-70.45565     -36.17249 
-70.44573     -36.17122 
-70.43493     -36.16651 
-70.43319     -36.16354 
-70.42343     -36.15309 
-70.41908     -36.14533 
-70.41471     -36.11487 
-70.4074      -36.07824 
-70.3976      -36.06297 
-70.39246     -36.05889 
-70.38244     -36.04889 
-70.37812     -36.04274 
-70.37297     -36.03729 
-70.37179     -36.03363 
-70.37171     -36.02744 
-70.37386     -36.01939 
-70.3785      -36.00879 
-70.39288     -35.98802 
-70.40056     -35.97212 
-70.40381     -35.96222 
-70.40313     -35.95374 
-70.4008      -35.94918 
-70.39027     -35.94125 
-70.38226     -35.9333 
-70.38022     -35.92759 
-70.38129     -35.92322 
-70.38603     -35.92042 
-70.39533     -35.91964 
-70.39985     -35.92098 
-70.4083      -35.92044 
-70.42008     -35.91665 
-70.42146     -35.91481 
-70.42253     -35.90998 
-70.41931     -35.90222 
-70.40783     -35.88696 
-70.39468     -35.87309 
-70.3852      -35.8585 
-70.37801     -35.84848 
-70.3706      -35.84166 
-70.3567      -35.83354 
-70.33552     -35.82777 
-70.33293     -35.82412 
-70.3281      -35.82049 
-70.32522     -35.81524 
-70.32572     -35.81065 
-70.33263     -35.80119 
-70.33958     -35.7947 
-70.34983     -35.78268 
-70.35306     -35.77141 
-70.35511     -35.75626 
-70.35661     -35.74225 
-70.36492     -35.71236 
-70.37896     -35.69067 
-70.38341     -35.68788 
-70.3881      -35.68072 
-70.39685     -35.66298 
-70.40141     -35.64802 
-70.40239     -35.63815 
-70.40316     -35.63287 
-70.39906     -35.62075 
-70.39273     -35.60957 
-70.38906     -35.60731 
-70.38616     -35.60023 
-70.3883      -35.5931 
-70.39621     -35.57697 
-70.40908     -35.55437 
-70.40821     -35.55231 
-70.40641     -35.54339 
-70.40128     -35.53793 
-70.38875     -35.5236 
-70.38842     -35.51993 
-70.3889      -35.51442 
-70.39412     -35.50612 
-70.40102     -35.49848 
-70.41293     -35.4885 
-70.42457     -35.47899 
-70.43476     -35.46604 
-70.4383      -35.45981 
-70.44208     -35.44968 
-70.44437     -35.43337 
-70.44245     -35.41642 
-70.44001     -35.40314 
-70.43713     -35.3979 
-70.43053     -35.3858 
-70.42878     -35.38032 
-70.42103     -35.36686 
-70.41868     -35.35932 
-70.41838     -35.35725 
-70.42433     -35.34343 
-70.4309      -35.33259 
-70.43641     -35.32703 
-70.45365     -35.32066 
-70.46841     -35.31638 
-70.48572     -35.31415 
-70.51451     -35.31292 
-70.53038     -35.30886 
-70.53928     -35.30647 
-70.54898     -35.29994 
-70.56775     -35.28506 
-70.57325     -35.27972 
-70.57844     -35.27209 
-70.5792      -35.26704 
-70.57765     -35.25788 
-70.56908     -35.24628 
-70.56366     -35.239 
-70.56085     -35.22045 
-70.55626     -35.21247 
-70.54834     -35.20591 
-70.53823     -35.20166 
-70.53149     -35.1999 
-70.52395     -35.19975 
-70.50716     -35.19786 
-70.49771     -35.20048 
-70.48992     -35.20217 
-70.47681     -35.20322 
-70.46119     -35.20453 
-70.45028     -35.2028 
-70.43485     -35.19768 
-70.42561     -35.19571 
-70.4169      -35.19235 
-70.40507     -35.18467 
-70.3949      -35.17605 
-70.38208     -35.15645 
-70.36941     -35.14877 
-70.36263     -35.14241 
-70.35748     -35.1326 
-70.35769     -35.12732 
-70.35945     -35.11239 
-70.3629      -35.09837 
-70.3628      -35.09218 
-70.36595     -35.07678 
-70.36967     -35.06321 
-70.37198     -35.04897 
-70.36951     -35.03088 
-70.36373     -35.01487 
-70.35501     -35 
 1             2 
 2 
 -9998.0  ,   -9997.0
  1999.0  ,    9990.0
 280 
-71.65265     -40 
-71.63176     -39.97267 
-71.61761     -39.9663 
-71.61423     -39.9627 
-71.61261     -39.95838 
-71.60883     -39.9516 
-71.60695     -39.9482 
-71.59953     -39.9385 
-71.59878     -39.93348 
-71.58985     -39.90323 
-71.58906     -39.89707 
-71.59246     -39.89198 
-71.59858     -39.88843 
-71.6192      -39.88324 
-71.62296     -39.88043 
-71.6332      -39.87589 
-71.63545     -39.87173 
-71.63402     -39.86398 
-71.63466     -39.85597 
-71.63786     -39.85407 
-71.64703     -39.85321 
-71.6536      -39.85447 
-71.66169     -39.85729 
-71.66999     -39.85713 
-71.67177     -39.85709 
-71.6779      -39.854 
-71.68512     -39.84815 
-71.68936     -39.8412 
-71.69078     -39.8302 
-71.68795     -39.81538 
-71.68878     -39.80461 
-71.68733     -39.79618 
-71.68757     -39.78519 
-71.68505     -39.77083 
-71.68728     -39.75729 
-71.69518     -39.74524 
-71.7015      -39.73848 
-71.71006     -39.72894 
-71.71251     -39.72226 
-71.70893     -39.71203 
-71.69        -39.69386 
-71.68106     -39.6826 
-71.6818      -39.67801 
-71.68458     -39.67223 
-71.68888     -39.66803 
-71.70307     -39.65838 
-71.70852     -39.65301 
-71.71601     -39.64691 
-71.71855     -39.6432 
-71.71897     -39.6377 
-71.71634     -39.62952 
-71.71333     -39.62774 
-71.70536     -39.61898 
-71.70286     -39.59638 
-71.70111     -39.58725 
-71.69887     -39.58227 
-71.69149     -39.57325 
-71.68819     -39.57148 
-71.68197     -39.57115 
-71.66755     -39.57303 
-71.64688     -39.58234 
-71.63824     -39.59006 
-71.62833     -39.6042 
-71.61413     -39.62301 
-71.60567     -39.6266 
-71.59326     -39.62705 
-71.58101     -39.6227 
-71.56943     -39.62109 
-71.5605      -39.61896 
-71.54776     -39.61805 
-71.53896     -39.62027 
-71.53277     -39.62084 
-71.52019     -39.62542 
-71.51195     -39.6267 
-71.50777     -39.62541 
-71.50096     -39.62507 
-71.49246     -39.61744 
-71.48103     -39.59019 
-71.4815      -39.57576 
-71.48244     -39.56751 
-71.48757     -39.56101 
-71.49391     -39.55541 
-71.4989      -39.55464 
-71.50558     -39.55063 
-71.52396     -39.54297 
-71.53178     -39.5378 
-71.53425     -39.53135 
-71.53309     -39.52199 
-71.53029     -39.51723 
-71.51731     -39.50739 
-71.50621     -39.50142 
-71.49696     -39.49815 
-71.47618     -39.49394 
-71.47138     -39.49128 
-71.46675     -39.48381 
-71.46411     -39.47424 
-71.4648      -39.4676 
-71.46366     -39.45823 
-71.46077     -39.4505 
-71.45051     -39.44222 
-71.44735     -39.43495 
-71.44755     -39.43151 
-71.45006     -39.42666 
-71.45468     -39.42292 
-71.46426     -39.41794 
-71.47207     -39.41254 
-71.47286     -39.40955 
-71.47235     -39.40178 
-71.46865     -39.39613 
-71.458       -39.38395 
-71.4581      -39.37777 
-71.4544      -39.37189 
-71.44185     -39.36547 
-71.42888     -39.35516 
-71.41923     -39.3471 
-71.41046     -39.33854 
-71.40518     -39.32902 
-71.4012      -39.32383 
-71.39121     -39.3034 
-71.38837     -39.29612 
-71.38628     -39.28449 
-71.3872      -39.27531 
-71.39146     -39.26998 
-71.39768     -39.26071 
-71.39778     -39.25316 
-71.39232     -39.237 
-71.38646     -39.2165 
-71.38797     -39.20709 
-71.39382     -39.19554 
-71.39841     -39.19157 
-71.4052      -39.18161 
-71.40621     -39.17565 
-71.41575     -39.15968 
-71.4169      -39.14776 
-71.4199      -39.13992 
-71.42105     -39.12869 
-71.41921     -39.11499 
-71.41645     -39.10038 
-71.4167      -39.08824 
-71.42467     -39.06887 
-71.43391     -39.05314 
-71.43743     -39.04255 
-71.43688     -39.03386 
-71.42901     -39.02484 
-71.42305     -39.02105 
-71.4179      -39.01564 
-71.41175     -39.00567 
-71.41383     -38.99579 
-71.41283     -38.99169 
-71.4142      -38.98823 
-71.41932     -38.98242 
-71.42381     -38.97547 
-71.42309     -38.97044 
-71.41545     -38.95936 
-71.42692     -38.93993 
-71.42879     -38.93325 
-71.42781     -38.92983 
-71.42237     -38.92398 
-71.41881     -38.92221 
-71.40577     -38.91671 
-71.39149     -38.90848 
-71.38081     -38.90339 
-71.3713      -38.89806 
-71.35556     -38.89031 
-71.34312     -38.88503 
-71.33068     -38.87974 
-71.3144      -38.87291 
-71.29488     -38.86498 
-71.28568     -38.86055 
-71.26731     -38.85146 
-71.25446     -38.84113 
-71.2481      -38.83231 
-71.24523     -38.82319 
-71.2437      -38.80947 
-71.24128     -38.80585 
-71.23221     -38.80599 
-71.22407     -38.80795 
-71.20462     -38.81399 
-71.19555     -38.81344 
-71.18664     -38.80808 
-71.17572     -38.80436 
-71.1623      -38.79311 
-71.14983     -38.78552 
-71.14601     -38.78489 
-71.13771     -38.78021 
-71.1019      -38.76173 
-71.08677     -38.75234 
-71.06141     -38.7424 
-71.05435     -38.74045 
-71.03887     -38.7409 
-71.03658     -38.74276 
-71.03109     -38.74559 
-71.01888     -38.74851 
-71.0169      -38.75083 
-71.00701     -38.75303 
-70.99773     -38.75636 
-70.99278     -38.75735 
-70.98518     -38.75745 
-70.97435     -38.75623 
-70.96228     -38.75204 
-70.94752     -38.74537 
-70.9383      -38.73794 
-70.92451     -38.72187 
-70.91681     -38.71647 
-70.89496     -38.69135 
-70.89421     -38.68288 
-70.89612     -38.6769 
-70.9001      -38.67181 
-70.90315     -38.66421 
-70.90211     -38.65667 
-70.89336     -38.64304 
-70.8737      -38.62337 
-70.85508     -38.61125 
-70.847       -38.60104 
-70.8358      -38.58057 
-70.83273     -38.57305 
-70.83173     -38.56734 
-70.83241     -38.55771 
-70.84175     -38.54339 
-70.84942     -38.53367 
-70.86        -38.52392 
-70.86691     -38.51948 
-70.8845      -38.51077 
-70.90723     -38.49787 
-70.92185     -38.48646 
-70.93086     -38.47213 
-70.9411      -38.46031 
-70.94655     -38.45657 
-70.96442     -38.44877 
-70.97621     -38.44196 
-70.99211     -38.42387 
-71.00228     -38.41044 
-71.0045      -38.4056 
-71.00628     -38.39412 
-71.01536     -38.37108 
-71.01694     -38.32433 
-71.01701     -38.31493 
-71.02065     -38.29587 
-71.02614     -38.28135 
-71.03405     -38.25856 
-71.0356      -38.25029 
-71.0336      -38.23863 
-71.03185     -38.22583 
-71.01786     -38.18409 
-71.01576     -38.16763 
-71.01851     -38.16117 
-71.0233      -38.15492 
-71.0273      -38.15234 
-71.03671     -38.1451 
-71.0401      -38.14139 
-71.04253     -38.1331 
-71.04178     -38.12579 
-71.037       -38.11989 
-71.03054     -38.11586 
-71.01774     -38.11353 
-71.01248     -38.11177 
-70.99921     -38.10164 
-70.99741     -38.09847 
-70.99876     -38.09409 
-71.00415     -38.08874 
-71.01245     -38.08381 
-71.03066     -38.06957 
-71.03775     -38.06259 
-71.04553     -38.04828 
-71.05458     -38.02614 
-71.06353     -38.00012 
-71.06718     -37.99503 
-71.07795     -37.98478 
-71.087       -37.97617 
-71.0911      -37.96826 
-71.1071      -37.95278 
-71.11131     -37.9378 
-71.11301     -37.9263 
-71.11474     -37.91572 
-71.11761     -37.90465 
-71.12455     -37.89375 
-71.13593     -37.88689 
-71.19086     -37.86363 
-71.18781     -37.85818 
-71.13633     -37.81885 
