 1 
 1             1 
 2 
 -9998.0  ,   -9997.0
  1999.0  ,    9990.0
 61 
-179.9994     -5 
-179.9994     -4.9167 
-179.9994     -4.8334 
-179.9994     -4.7501 
-179.9994     -4.6668 
-179.9994     -4.5835 
-179.9994     -4.5002 
-179.9994     -4.4169 
-179.9994     -4.3336 
-179.9994     -4.2503 
-179.9994     -4.167 
-179.9994     -4.0837 
-179.9994     -4.0004 
-179.9994     -3.9171 
-179.9994     -3.8338 
-179.9994     -3.7505 
-179.9994     -3.6672 
-179.9994     -3.5839 
-179.9994     -3.5006 
-179.9994     -3.4173 
-179.9994     -3.334 
-179.9994     -3.2507 
-179.9994     -3.1674 
-179.9994     -3.0841 
-179.9994     -3.0008 
-179.9994     -2.9175 
-179.9994     -2.8342 
-179.9994     -2.7509 
-179.9994     -2.6676 
-179.9994     -2.5843 
-179.9994     -2.501 
-179.9994     -2.4177 
-179.9994     -2.3344 
-179.9994     -2.2511 
-179.9994     -2.1678 
-179.9994     -2.0845 
-179.9994     -2.0012 
-179.9994     -1.9179 
-179.9994     -1.8346 
-179.9994     -1.7513 
-179.9994     -1.668 
-179.9994     -1.5847 
-179.9994     -1.5014 
-179.9994     -1.4181 
-179.9994     -1.3348 
-179.9994     -1.2515 
-179.9994     -1.1682 
-179.9994     -1.0849 
-179.9994     -1.0016 
-179.9994     -.9183 
-179.9994     -.835 
-179.9994     -.7517 
-179.9994     -.6684 
-179.9994     -.5851 
-179.9994     -.5018 
-179.9994     -.4185 
-179.9994     -.3352 
-179.9994     -.2519 
-179.9994     -.1686 
-179.9994     -.0853 
-179.9994      0 
