 133 
 1             1 
 1 
 -9999.0  ,   -9998.0
 50 
34.8444 , 40.2532
34.8409 , 40.2717
34.8351 , 40.2896
34.827 , 40.3067
34.817 , 40.3226
34.8049 , 40.3371
34.7912 , 40.35
34.776 , 40.3611
34.7595 , 40.3701
34.742 , 40.3771
34.7237 , 40.3817
34.705 , 40.3841
34.6862 , 40.3841
34.6675 , 40.3817
34.6492 , 40.3771
34.6317 , 40.3701
34.6152 , 40.3611
34.6 , 40.35
34.5863 , 40.3371
34.5742 , 40.3226
34.5642 , 40.3067
34.5561 , 40.2896
34.5503 , 40.2717
34.5468 , 40.2532
34.5456 , 40.2344
34.5468 , 40.2156
34.5503 , 40.1971
34.5561 , 40.1792
34.5642 , 40.1621
34.5742 , 40.1462
34.5863 , 40.1317
34.6 , 40.1188
34.6152 , 40.1078
34.6317 , 40.0987
34.6492 , 40.0917
34.6675 , 40.0871
34.6862 , 40.0847
34.705 , 40.0847
34.7237 , 40.0871
34.742 , 40.0917
34.7595 , 40.0987
34.776 , 40.1078
34.7912 , 40.1188
34.8049 , 40.1317
34.817 , 40.1462
34.827 , 40.1621
34.8351 , 40.1792
34.8409 , 40.1971
34.8444 , 40.2156
34.8456 , 40.2344
 1             2 
 1 
 -9999.0  ,   -9998.0
 50 
33.5711 , 40.3647
33.5676 , 40.3832
33.5618 , 40.4011
33.5537 , 40.4182
33.5437 , 40.4341
33.5316 , 40.4486
33.5179 , 40.4615
33.5027 , 40.4726
33.4862 , 40.4816
33.4687 , 40.4886
33.4504 , 40.4932
33.4317 , 40.4956
33.4129 , 40.4956
33.3942 , 40.4932
33.3759 , 40.4886
33.3584 , 40.4816
33.3419 , 40.4726
33.3267 , 40.4615
33.313 , 40.4486
33.3009 , 40.4341
33.2909 , 40.4182
33.2828 , 40.4011
33.277 , 40.3832
33.2735 , 40.3647
33.2723 , 40.3459
33.2735 , 40.3271
33.277 , 40.3086
33.2828 , 40.2907
33.2909 , 40.2736
33.3009 , 40.2577
33.313 , 40.2432
33.3267 , 40.2303
33.3419 , 40.2193
33.3584 , 40.2102
33.3759 , 40.2032
33.3942 , 40.1986
33.4129 , 40.1962
33.4317 , 40.1962
33.4504 , 40.1986
33.4687 , 40.2032
33.4862 , 40.2102
33.5027 , 40.2193
33.5179 , 40.2303
33.5316 , 40.2432
33.5437 , 40.2577
33.5537 , 40.2736
33.5618 , 40.2907
33.5676 , 40.3086
33.5711 , 40.3271
33.5723 , 40.3459
 1             3 
 1 
 -9999.0  ,   -9998.0
 50 
35.7747 , 40.6089
35.7712 , 40.6274
35.7654 , 40.6453
35.7573 , 40.6624
35.7473 , 40.6783
35.7352 , 40.6928
35.7215 , 40.7057
35.7063 , 40.7168
35.6898 , 40.7258
35.6723 , 40.7328
35.654 , 40.7374
35.6353 , 40.7398
35.6165 , 40.7398
35.5978 , 40.7374
35.5795 , 40.7328
35.562 , 40.7258
35.5455 , 40.7168
35.5303 , 40.7057
35.5166 , 40.6928
35.5045 , 40.6783
35.4945 , 40.6624
35.4864 , 40.6453
35.4806 , 40.6274
35.4771 , 40.6089
35.4759 , 40.5901
35.4771 , 40.5713
35.4806 , 40.5528
35.4864 , 40.5349
35.4945 , 40.5178
35.5045 , 40.5019
35.5166 , 40.4874
35.5303 , 40.4745
35.5455 , 40.4635
35.562 , 40.4544
35.5795 , 40.4474
35.5978 , 40.4428
35.6165 , 40.4404
35.6353 , 40.4404
35.654 , 40.4428
35.6723 , 40.4474
35.6898 , 40.4544
35.7063 , 40.4635
35.7215 , 40.4745
35.7352 , 40.4874
35.7473 , 40.5019
35.7573 , 40.5178
35.7654 , 40.5349
35.7712 , 40.5528
35.7747 , 40.5713
35.7759 , 40.5901
 1             4 
 1 
 -9999.0  ,   -9998.0
 50 
33.5436 , 41.0014
33.5401 , 41.0199
33.5343 , 41.0378
33.5262 , 41.0549
33.5162 , 41.0708
33.5041 , 41.0853
33.4904 , 41.0982
33.4752 , 41.1093
33.4587 , 41.1183
33.4412 , 41.1253
33.4229 , 41.1299
33.4042 , 41.1323
33.3854 , 41.1323
33.3667 , 41.1299
33.3484 , 41.1253
33.3309 , 41.1183
33.3144 , 41.1093
33.2992 , 41.0982
33.2855 , 41.0853
33.2734 , 41.0708
33.2634 , 41.0549
33.2553 , 41.0378
33.2495 , 41.0199
33.246 , 41.0014
33.2448 , 40.9826
33.246 , 40.9638
33.2495 , 40.9453
33.2553 , 40.9274
33.2634 , 40.9103
33.2734 , 40.8944
33.2855 , 40.8799
33.2992 , 40.867
33.3144 , 40.856
33.3309 , 40.8469
33.3484 , 40.8399
33.3667 , 40.8353
33.3854 , 40.8329
33.4042 , 40.8329
33.4229 , 40.8353
33.4412 , 40.8399
33.4587 , 40.8469
33.4752 , 40.856
33.4904 , 40.867
33.5041 , 40.8799
33.5162 , 40.8944
33.5262 , 40.9103
33.5343 , 40.9274
33.5401 , 40.9453
33.5436 , 40.9638
33.5448 , 40.9826
 1             5 
 1 
 -9999.0  ,   -9998.0
 50 
32.4229 , 40.5915
32.4194 , 40.61
32.4136 , 40.6279
32.4055 , 40.645
32.3955 , 40.6609
32.3834 , 40.6754
32.3697 , 40.6883
32.3545 , 40.6994
32.338 , 40.7084
32.3205 , 40.7154
32.3022 , 40.72
32.2835 , 40.7224
32.2647 , 40.7224
32.246 , 40.72
32.2277 , 40.7154
32.2102 , 40.7084
32.1937 , 40.6994
32.1785 , 40.6883
32.1648 , 40.6754
32.1527 , 40.6609
32.1427 , 40.645
32.1346 , 40.6279
32.1288 , 40.61
32.1253 , 40.5915
32.1241 , 40.5727
32.1253 , 40.5539
32.1288 , 40.5354
32.1346 , 40.5175
32.1427 , 40.5004
32.1527 , 40.4845
32.1648 , 40.47
32.1785 , 40.4571
32.1937 , 40.4461
32.2102 , 40.437
32.2277 , 40.43
32.246 , 40.4254
32.2647 , 40.423
32.2835 , 40.423
32.3022 , 40.4254
32.3205 , 40.43
32.338 , 40.437
32.3545 , 40.4461
32.3697 , 40.4571
32.3834 , 40.47
32.3955 , 40.4845
32.4055 , 40.5004
32.4136 , 40.5175
32.4194 , 40.5354
32.4229 , 40.5539
32.4241 , 40.5727
 1             6 
 1 
 -9999.0  ,   -9998.0
 50 
31.7195 , 40.2688
31.716 , 40.2873
31.7102 , 40.3052
31.7021 , 40.3223
31.6921 , 40.3382
31.68 , 40.3527
31.6663 , 40.3656
31.6511 , 40.3767
31.6346 , 40.3857
31.6171 , 40.3927
31.5988 , 40.3973
31.5801 , 40.3997
31.5613 , 40.3997
31.5426 , 40.3973
31.5243 , 40.3927
31.5068 , 40.3857
31.4903 , 40.3767
31.4751 , 40.3656
31.4614 , 40.3527
31.4493 , 40.3382
31.4393 , 40.3223
31.4312 , 40.3052
31.4254 , 40.2873
31.4219 , 40.2688
31.4207 , 40.25
31.4219 , 40.2312
31.4254 , 40.2127
31.4312 , 40.1948
31.4393 , 40.1777
31.4493 , 40.1618
31.4614 , 40.1473
31.4751 , 40.1344
31.4903 , 40.1234
31.5068 , 40.1143
31.5243 , 40.1073
31.5426 , 40.1027
31.5613 , 40.1003
31.5801 , 40.1003
31.5988 , 40.1027
31.6171 , 40.1073
31.6346 , 40.1143
31.6511 , 40.1234
31.6663 , 40.1344
31.68 , 40.1473
31.6921 , 40.1618
31.7021 , 40.1777
31.7102 , 40.1948
31.716 , 40.2127
31.7195 , 40.2312
31.7207 , 40.25
 1             7 
 1 
 -9999.0  ,   -9998.0
 50 
30.776 , 40.5418
30.7725 , 40.5603
30.7667 , 40.5782
30.7586 , 40.5953
30.7486 , 40.6112
30.7365 , 40.6257
30.7228 , 40.6386
30.7076 , 40.6497
30.6911 , 40.6587
30.6736 , 40.6657
30.6553 , 40.6703
30.6366 , 40.6727
30.6178 , 40.6727
30.5991 , 40.6703
30.5808 , 40.6657
30.5633 , 40.6587
30.5468 , 40.6497
30.5316 , 40.6386
30.5179 , 40.6257
30.5058 , 40.6112
30.4958 , 40.5953
30.4877 , 40.5782
30.4819 , 40.5603
30.4784 , 40.5418
30.4772 , 40.523
30.4784 , 40.5042
30.4819 , 40.4857
30.4877 , 40.4678
30.4958 , 40.4507
30.5058 , 40.4348
30.5179 , 40.4203
30.5316 , 40.4074
30.5468 , 40.3964
30.5633 , 40.3873
30.5808 , 40.3803
30.5991 , 40.3757
30.6178 , 40.3733
30.6366 , 40.3733
30.6553 , 40.3757
30.6736 , 40.3803
30.6911 , 40.3873
30.7076 , 40.3964
30.7228 , 40.4074
30.7365 , 40.4203
30.7486 , 40.4348
30.7586 , 40.4507
30.7667 , 40.4678
30.7725 , 40.4857
30.776 , 40.5042
30.7772 , 40.523
 1             8 
 1 
 -9999.0  ,   -9998.0
 50 
30.414 , 41.0127
30.4105 , 41.0312
30.4047 , 41.0491
30.3966 , 41.0662
30.3866 , 41.0821
30.3745 , 41.0966
30.3608 , 41.1095
30.3456 , 41.1206
30.3291 , 41.1296
30.3116 , 41.1366
30.2933 , 41.1412
30.2746 , 41.1436
30.2558 , 41.1436
30.2371 , 41.1412
30.2188 , 41.1366
30.2013 , 41.1296
30.1848 , 41.1206
30.1696 , 41.1095
30.1559 , 41.0966
30.1438 , 41.0821
30.1338 , 41.0662
30.1257 , 41.0491
30.1199 , 41.0312
30.1164 , 41.0127
30.1152 , 40.9939
30.1164 , 40.9751
30.1199 , 40.9566
30.1257 , 40.9387
30.1338 , 40.9216
30.1438 , 40.9057
30.1559 , 40.8912
30.1696 , 40.8783
30.1848 , 40.8673
30.2013 , 40.8582
30.2188 , 40.8512
30.2371 , 40.8466
30.2558 , 40.8442
30.2746 , 40.8442
30.2933 , 40.8466
30.3116 , 40.8512
30.3291 , 40.8582
30.3456 , 40.8673
30.3608 , 40.8783
30.3745 , 40.8912
30.3866 , 40.9057
30.3966 , 40.9216
30.4047 , 40.9387
30.4105 , 40.9566
30.414 , 40.9751
30.4152 , 40.9939
 1             9 
 1 
 -9999.0  ,   -9998.0
 50 
31.5829 , 40.9516
31.5794 , 40.9701
31.5736 , 40.988
31.5655 , 41.0051
31.5555 , 41.021
31.5434 , 41.0355
31.5297 , 41.0484
31.5145 , 41.0595
31.498 , 41.0685
31.4805 , 41.0755
31.4622 , 41.0801
31.4435 , 41.0825
31.4247 , 41.0825
31.406 , 41.0801
31.3877 , 41.0755
31.3702 , 41.0685
31.3537 , 41.0595
31.3385 , 41.0484
31.3248 , 41.0355
31.3127 , 41.021
31.3027 , 41.0051
31.2946 , 40.988
31.2888 , 40.9701
31.2853 , 40.9516
31.2841 , 40.9328
31.2853 , 40.914
31.2888 , 40.8955
31.2946 , 40.8776
31.3027 , 40.8605
31.3127 , 40.8446
31.3248 , 40.8301
31.3385 , 40.8172
31.3537 , 40.8062
31.3702 , 40.7971
31.3877 , 40.7901
31.406 , 40.7855
31.4247 , 40.7831
31.4435 , 40.7831
31.4622 , 40.7855
31.4805 , 40.7901
31.498 , 40.7971
31.5145 , 40.8062
31.5297 , 40.8172
31.5434 , 40.8301
31.5555 , 40.8446
31.5655 , 40.8605
31.5736 , 40.8776
31.5794 , 40.8955
31.5829 , 40.914
31.5841 , 40.9328
 1             10 
 1 
 -9999.0  ,   -9998.0
 50 
34.2591 , 44.7557
34.2556 , 44.7742
34.2498 , 44.7921
34.2417 , 44.8092
34.2317 , 44.8251
34.2196 , 44.8396
34.2059 , 44.8525
34.1907 , 44.8636
34.1742 , 44.8726
34.1567 , 44.8796
34.1384 , 44.8842
34.1197 , 44.8866
34.1009 , 44.8866
34.0822 , 44.8842
34.0639 , 44.8796
34.0464 , 44.8726
34.0299 , 44.8636
34.0147 , 44.8525
34.001 , 44.8396
33.9889 , 44.8251
33.9789 , 44.8092
33.9708 , 44.7921
33.965 , 44.7742
33.9615 , 44.7557
33.9603 , 44.7369
33.9615 , 44.7181
33.965 , 44.6996
33.9708 , 44.6817
33.9789 , 44.6646
33.9889 , 44.6487
34.001 , 44.6342
34.0147 , 44.6213
34.0299 , 44.6103
34.0464 , 44.6012
34.0639 , 44.5942
34.0822 , 44.5896
34.1009 , 44.5872
34.1197 , 44.5872
34.1384 , 44.5896
34.1567 , 44.5942
34.1742 , 44.6012
34.1907 , 44.6103
34.2059 , 44.6213
34.2196 , 44.6342
34.2317 , 44.6487
34.2417 , 44.6646
34.2498 , 44.6817
34.2556 , 44.6996
34.2591 , 44.7181
34.2603 , 44.7369
 1             11 
 1 
 -9999.0  ,   -9998.0
 50 
32.6298 , 41.433
32.6263 , 41.4515
32.6205 , 41.4694
32.6124 , 41.4865
32.6024 , 41.5024
32.5903 , 41.5169
32.5766 , 41.5298
32.5614 , 41.5409
32.5449 , 41.5499
32.5274 , 41.5569
32.5091 , 41.5615
32.4904 , 41.5639
32.4716 , 41.5639
32.4529 , 41.5615
32.4346 , 41.5569
32.4171 , 41.5499
32.4006 , 41.5409
32.3854 , 41.5298
32.3717 , 41.5169
32.3596 , 41.5024
32.3496 , 41.4865
32.3415 , 41.4694
32.3357 , 41.4515
32.3322 , 41.433
32.331 , 41.4142
32.3322 , 41.3954
32.3357 , 41.3769
32.3415 , 41.359
32.3496 , 41.3419
32.3596 , 41.326
32.3717 , 41.3115
32.3854 , 41.2986
32.4006 , 41.2876
32.4171 , 41.2785
32.4346 , 41.2715
32.4529 , 41.2669
32.4716 , 41.2645
32.4904 , 41.2645
32.5091 , 41.2669
32.5274 , 41.2715
32.5449 , 41.2785
32.5614 , 41.2876
32.5766 , 41.2986
32.5903 , 41.3115
32.6024 , 41.326
32.6124 , 41.3419
32.6205 , 41.359
32.6263 , 41.3769
32.6298 , 41.3954
32.631 , 41.4142
 1             12 
 1 
 -9999.0  ,   -9998.0
 50 
33.6022 , 41.747
33.5987 , 41.7655
33.5929 , 41.7834
33.5848 , 41.8005
33.5748 , 41.8164
33.5627 , 41.8309
33.549 , 41.8438
33.5338 , 41.8549
33.5173 , 41.8639
33.4998 , 41.8709
33.4815 , 41.8755
33.4628 , 41.8779
33.444 , 41.8779
33.4253 , 41.8755
33.407 , 41.8709
33.3895 , 41.8639
33.373 , 41.8549
33.3578 , 41.8438
33.3441 , 41.8309
33.332 , 41.8164
33.322 , 41.8005
33.3139 , 41.7834
33.3081 , 41.7655
33.3046 , 41.747
33.3034 , 41.7282
33.3046 , 41.7094
33.3081 , 41.6909
33.3139 , 41.673
33.322 , 41.6559
33.332 , 41.64
33.3441 , 41.6255
33.3578 , 41.6126
33.373 , 41.6016
33.3895 , 41.5925
33.407 , 41.5855
33.4253 , 41.5809
33.444 , 41.5785
33.4628 , 41.5785
33.4815 , 41.5809
33.4998 , 41.5855
33.5173 , 41.5925
33.5338 , 41.6016
33.549 , 41.6126
33.5627 , 41.6255
33.5748 , 41.64
33.5848 , 41.6559
33.5929 , 41.673
33.5987 , 41.6909
33.6022 , 41.7094
33.6034 , 41.7282
 1             13 
 1 
 -9999.0  ,   -9998.0
 4 
34.6545 , 40.0415
34.6345 , 40.0215
34.6545 , 40.0015
34.6745 , 40.0215
 1             14 
 1 
 -9999.0  ,   -9998.0
 50 
30.9362	40
31.0036 , 40.0675
31.0586 , 40.1344
31.083 , 40.1859
31.0586 , 40.2579
31.0586 , 40.3248
31.0281 , 40.3917
31.0708 , 40.4483
31.1807 , 40.4638
31.3333 , 40.4947
31.4737 , 40.5564
31.5897 , 40.613
31.7179 , 40.6748
31.8706 , 40.6954
31.9683 , 40.7314
32.0476 , 40.7571
32.1819 , 40.7829
32.2552 , 40.8035
32.3956 , 40.8446
32.5482 , 40.8858
32.6642 , 40.927
32.7741 , 40.9476
32.9146 , 40.963
33.0306 , 40.9785
33.1649 , 40.999
33.2992 , 41.0042
33.4396 , 40.9939
33.5434 , 41.0093
33.7387 , 41.0402
33.8425 , 41.0402
33.983 , 41.0402
34.0867 , 41.0505
34.2211 , 41.0814
34.3248 , 41.1226
34.4653 , 41.138
34.5874 , 41.1174
34.6912 , 41.102
34.8194 , 41.1123
34.917 , 41.0711
35.0514 , 41.0608
35.1918 , 41.0608
35.2162 , 40.9939
35.2589 , 40.9682
35.381 , 40.9733
35.4604 , 40.9682
35.5825 , 40.9785
35.5825 , 40.9785
35.6863 , 41.0196
35.845 , 41.0145
36. , 40.9682
 1             15 
 3 
 -9998.0  ,   -9997.0
 -1950.5  ,   -1200.4
  -637.5  ,    -1.0
  59 
 33.45328      40
 33.4495       40.00514
 33.4445       40.0067
 33.44142      40.00847
 33.44008      40.01314 
 33.44758      40.02853 
 33.44359      40.04506 
 33.44444      40.05153 
 33.44603      40.06347 
 33.45245      40.0735 
 33.45311      40.07453 
 33.44933      40.08139 
 33.45875      40.09803 
 33.50706      40.11995 
 33.50783      40.12031 
 33.52878      40.13258 
 33.53945      40.13492 
 33.54136      40.14764 
 33.55217      40.15708 
 33.55356      40.157 
 33.55631      40.15683 
 33.55953      40.15894 
 33.55814      40.16292 
 33.56042      40.16761 
 33.56831      40.1747 
 33.57211      40.18472 
 33.57647      40.19622 
 33.58045      40.20036 
 33.5825       40.2025 
 33.58267      40.20686 
 33.57961      40.20933 
 33.57056      40.21125 
 33.5687       40.21345 
 33.57033      40.21792 
 33.57856      40.22225 
 33.60039      40.22825 
 33.60911      40.24331 
 33.61628      40.24853 
 33.624        40.25411 
 33.6237       40.25711 
 33.621        40.25981 
 33.61419      40.26067 
 33.61275      40.26397 
 33.62075      40.27175 
 33.62264      40.2785 
 33.62464      40.27989 
 33.62781      40.28208 
 33.62881      40.28892 
 33.63228      40.29375 
 33.63528      40.29381 
 33.63783      40.2895 
 33.64123      40.28769 
 33.64456      40.28795 
 33.65217      40.30378 
 33.65831      40.30522 
 33.66156      40.31903 
 33.65822      40.33 
 33.65842      40.33031 
  33.66103	40.3342 
 1             16 
 3 
 -9998.0  ,   -9997.0
 -1775.5  ,   -1200.4
   -735.5  ,   -696.5
 11 
 35.80778      41.37348 
35.8321 , 41.367
35.8528 , 41.3566
35.8797 , 41.3426
35.9025 , 41.3182
35.919 , 41.299
35.9356 , 41.2728
35.9418 , 41.2484
35.9563 , 41.231
35.9811 , 41.217
36. , 41.1996
 1             17 
 3 
 -9998.0  ,   -9997.0
 -1775.5  ,   -1200.4
   -637.5  ,   -1.0
 105 
 34.41739      41.11072 	
 34.42978      41.11539 
 34.44769      41.12592 
 34.45389      41.12433 
 34.49159      41.12245 
 34.49836      41.12084 
 34.50781      41.11858 
 34.52853      41.11692 
 34.53953      41.11742 
 34.562        41.11847 
 34.56453      41.11858 
 34.57286      41.12023 
 34.58783      41.12317 
 34.59175      41.12036 
 34.60906      41.118 
 34.61656      41.11978 
 34.62011      41.12392 
 34.62739      41.12409 
 34.63736      41.11856 
 34.64678      41.12114 
 34.65159      41.12081 
 34.65928      41.11428 
 34.66683      41.11397 
 34.68031      41.12245 
 34.68489      41.12283 
 34.69097      41.12034 
 34.70067      41.12034 
 34.70583      41.11536 
 34.71286      41.11581 
 34.718        41.11314 
 34.72256      41.11306 
 34.73483      41.12161 
 34.7407       41.12233 
 34.74681      41.13017 
 34.74967      41.13114 
 34.75514      41.12889 
 34.76283      41.13456 
 34.77353      41.13517 
 34.76992      41.14281 
 34.77195      41.14931 
 34.77639      41.15336 
 34.78375      41.154 
 34.7957       41.16464 
 34.80867      41.17131 
 34.80903      41.17656 
 34.81683      41.17831 
 34.82153      41.18186 
 34.82745      41.18306 
 34.83181      41.18642 	
 34.84303      41.20334 	
 34.85153      41.21053 	
 34.85503      41.2165 	
 34.86698      41.22206 	
 34.8685       41.22473 	
 34.86711      41.23056 	
 34.87311      41.23472 	
 34.87561      41.24006 	
 34.8747       41.24725 	
 34.87808      41.25253 	
 34.87747      41.25742 	
 34.8845       41.26242 	
 34.88653      41.27122 	
 34.89117      41.27667 	
 34.89711      41.28036 	
 34.90778      41.28236 	
 34.90956      41.28267 	
 34.91884      41.2887 	
 34.92731      41.28578 	
 34.93292      41.28697 	
 34.93744      41.29147 	
 34.936        41.29203 
 34.93434      41.30045 
 34.9367       41.30906 
 34.93772      41.31283 
 34.93467      41.31995 
 34.93725      41.32345 
 34.94006      41.32395 
 34.94681      41.32206 
 34.94686      41.32964 
 34.94925      41.33408 
 34.95978      41.33056 
 34.96828      41.33039 
 34.98231      41.33536 
 34.99214      41.34147 
 35            41.33795 
 35.01656      41.34511 
 35.01895      41.34781 
 35.01861      41.35286 
 35.02678      41.36311 
 35.03172      41.36484 
 35.03814      41.36 
 35.05345      41.36434 
 35.0667       41.37289 
 35.0715       41.37348 
 35.07225      41.373 
 35.07514      41.37119 
 35.07811      41.37186 
 35.07995      41.37658 
 35.08353      41.37961 
 35.08942      41.37889 
 35.09397      41.3815 
 35.10847      41.39475 
 35.10953      41.3985 
 35.107        41.40153 
 35.11425      41.40711 
 1             18 
 3 
 -9998.0  ,   -9997.0
 -1950.5  ,   -1648.5
 -1645.5  ,   -1632.5
 45 
34.41739 , 41.11072
34.381 , 41.1331
34.35 , 41.1331
34.3034 , 41.1288
34.2414 , 41.1157
34.1845 , 41.1113
34.1069 , 41.1026
34.0293 , 41.107
33.9517 , 41.1113
33.8845 , 41.1331
33.8172 , 41.1331
33.7655 , 41.1549
33.719 , 41.1985
33.6828 , 41.2465
33.6414 , 41.277
33.5741 , 41.2945
33.4759 , 41.3119
33.4138 , 41.3119
33.3517 , 41.3381
33.3052 , 41.3817
33.2741 , 41.4166
33.2741 , 41.4427
33.269 , 41.4733
33.2897 , 41.5125
33.3362 , 41.5256
33.3828 , 41.5299
33.4241 , 41.543
33.4914 , 41.5605
33.5741 , 41.5561
33.6466 , 41.5692
33.6931 , 41.5692
33.7759 , 41.5735
33.8431 , 41.591
33.9207 , 41.591
33.9672 , 41.6128
33.9931 , 41.6477
34.0138 , 41.6869
34.0138 , 41.7218
34.0293 , 41.7654
34.05 , 41.8047
34.0655 , 41.8483
34.0707 , 41.8875
34.0707 , 41.8875
34.081 , 41.9398
 34.09986      41.98533	
 1             19 
 1 
 -9999.0  ,   -9998.0
 6 
34.5603 , 40.
34.5655 , 40.0451
34.6121 , 40.0799
34.6638 , 40.0799
34.6948 , 40.0538
34.7052 , 40.
 1             20 
 1 
 -9999.0  ,   -9998.0
 14 
35.8 , 41.3561
35.8155 , 41.4128
35.8259 , 41.4782
35.8517 , 41.5392
35.8931 , 41.6134
35.8931 , 41.6526
35.8724 , 41.6788
35.8362 , 41.6875
35.7948 , 41.6744
35.769 , 41.6265
35.7483 , 41.5654
35.7172 , 41.5087
35.6966 , 41.4477
35.6759 , 41.3299
 1             21 
 1 
 -9999.0  ,   -9998.0
 15 
34.8621 , 40.
34.9034 , 40.0683
34.9345 , 40.1337
34.9655 , 40.1948
34.9759 , 40.2602
34.9655 , 40.3823
34.9086 , 40.4259
34.8259 , 40.4433
34.7379 , 40.4433
34.6552 , 40.4172
34.5414 , 40.2994
34.4948 , 40.2384
34.4534 , 40.1686
34.4121 , 40.0945
34.3552 , 40.
 1             22 
 1 
 -9999.0  ,   -9998.0
 13 
34.531 , 40.
34.5466 , 40.0814
34.5983 , 40.1512
34.6241 , 40.2035
34.6397 , 40.2602
34.6759 , 40.2907
34.7172 , 40.2907
34.7483 , 40.2733
34.7534 , 40.2297
34.7328 , 40.1773
34.7069 , 40.1337
34.6862 , 40.0814
34.6655 , 40.
 1             23 
 1 
 -9999.0  ,   -9998.0
 50 
35.9988 , 41.558
35.9953 , 41.5765
35.9895 , 41.5944
35.9814 , 41.6115
35.9714 , 41.6274
35.9593 , 41.6419
35.9456 , 41.6548
35.9304 , 41.6659
35.9139 , 41.6749
35.8964 , 41.6819
35.8781 , 41.6865
35.8594 , 41.6889
35.8406 , 41.6889
35.8219 , 41.6865
35.8036 , 41.6819
35.7861 , 41.6749
35.7696 , 41.6659
35.7544 , 41.6548
35.7407 , 41.6419
35.7286 , 41.6274
35.7186 , 41.6115
35.7105 , 41.5944
35.7047 , 41.5765
35.7012 , 41.558
35.7 , 41.5392
35.7012 , 41.5204
35.7047 , 41.5019
35.7105 , 41.484
35.7186 , 41.4669
35.7286 , 41.451
35.7407 , 41.4365
35.7544 , 41.4236
35.7696 , 41.4126
35.7861 , 41.4035
35.8036 , 41.3965
35.8219 , 41.3919
35.8406 , 41.3895
35.8594 , 41.3895
35.8781 , 41.3919
35.8964 , 41.3965
35.9139 , 41.4035
35.9304 , 41.4126
35.9456 , 41.4236
35.9593 , 41.4365
35.9714 , 41.451
35.9814 , 41.4669
35.9895 , 41.484
35.9953 , 41.5019
35.9988 , 41.5204
36. , 41.5392
 1             24 
 1 
 -9999.0  ,   -9998.0
 50 
35.1574 , 41.6583
35.1539 , 41.6768
35.1481 , 41.6947
35.14 , 41.7118
35.13 , 41.7277
35.1179 , 41.7422
35.1042 , 41.7551
35.089 , 41.7662
35.0725 , 41.7752
35.055 , 41.7822
35.0367 , 41.7868
35.018 , 41.7892
34.9992 , 41.7892
34.9805 , 41.7868
34.9622 , 41.7822
34.9447 , 41.7752
34.9282 , 41.7662
34.913 , 41.7551
34.8993 , 41.7422
34.8872 , 41.7277
34.8772 , 41.7118
34.8691 , 41.6947
34.8633 , 41.6768
34.8598 , 41.6583
34.8586 , 41.6395
34.8598 , 41.6207
34.8633 , 41.6022
34.8691 , 41.5843
34.8772 , 41.5672
34.8872 , 41.5513
34.8993 , 41.5368
34.913 , 41.5239
34.9282 , 41.5129
34.9447 , 41.5038
34.9622 , 41.4968
34.9805 , 41.4922
34.9992 , 41.4898
35.018 , 41.4898
35.0367 , 41.4922
35.055 , 41.4968
35.0725 , 41.5038
35.089 , 41.5129
35.1042 , 41.5239
35.1179 , 41.5368
35.13 , 41.5513
35.14 , 41.5672
35.1481 , 41.5843
35.1539 , 41.6022
35.1574 , 41.6207
35.1586 , 41.6395
 1             25 
 1 
 -9999.0  ,   -9998.0
 27 
34.8569 , 41.6163
34.8724 , 41.5378
34.8879 , 41.4549
34.8879 , 41.3808
34.8931 , 41.3023
34.9086 , 41.2326
34.9138 , 41.1497
34.9552 , 41.0538
35.0276 , 40.9797
35.1103 , 40.9535
35.2034 , 40.9753
35.1621 , 40.9622
35.2293 , 40.9666
35.3121 , 40.9797
35.3793 , 40.9971
35.4776 , 41.0581
35.5345 , 41.1279
35.5603 , 41.2108
35.5241 , 41.2762
35.4259 , 41.3198
35.3276 , 41.3372
35.219 , 41.3634
35.2345 , 41.3329
35.1983 , 41.4331
35.1724 , 41.5204
35.1621 , 41.6206
35.1414 , 41.686
 1             26 
 2 
 -9998.0  ,   -9997.0
 -1535.5  ,   -1201.3
 121 
 30            40.38192 
 30.00417      40.37356 
 30.00825      40.37161 
 30.02081      40.37195 
 30.0247       40.37681 
 30.02495      40.37711 
 30.03097      40.37853 
 30.03558      40.37453 
 30.04228      40.36425 
 30.05581      40.35336 
 30.06256      40.35089 
 30.07106      40.34125 
 30.07789      40.33975 
 30.0805       40.33917 
 30.0912       40.33131 
 30.0917       40.32328 
 30.08289      40.3137 
 30.05744      40.30617 
 30.05639      40.30275 
 30.05767      40.29897 
 30.0585       40.29653 
 30.06189      40.29253 
 30.07259      40.28536 
 30.07686      40.2745 
 30.07239      40.26822 
 30.08089      40.25928 
 30.07739      40.24795 
 30.07106      40.24342 
 30.06997      40.24264 
 30.06892      40.23903 
 30.06995      40.23533 
 30.07336      40.23203 
 30.08014      40.23047 
 30.08328      40.21528 
 30.08903      40.21075 
 30.10247      40.20403 
 30.10358      40.20347 
 30.11514      40.20225 
 30.12061      40.19772 
 30.12592      40.19667 
 30.13083      40.19356 
 30.1377       40.19381 
 30.14356      40.198 
 30.14683      40.19811 
 30.15117      40.19547 
 30.15814      40.18567 
 30.1642       40.18114 
 30.17172      40.17703 
 30.17506      40.17167 
 30.17547      40.168 
 30.17278      40.16167 
 30.17792      40.14528 
 30.18225      40.14217 
 30.19084      40.14147 
 30.20786      40.13067 
 30.21408      40.11814 
 30.21881      40.11709 
 30.21903      40.10975 
 30.23089      40.1087 
 30.23495      40.10653 
 30.23614      40.10053 
 30.24014      40.09744 
 30.24986      40.09556 
 30.25164      40.0945 
 30.26142      40.08859 
 30.2672       40.09114 
 30.27053      40.09814 
 30.27522      40.09686 
 30.28011      40.08756 
 30.28617      40.08372 
 30.29297      40.08306 
 30.29981      40.08306 
 30.32053      40.0925 
 30.33492      40.09503 
 30.3367       40.095 
 30.33611      40.08928 
 30.33936      40.08872 
 30.35681      40.09231 
 30.35928      40.09406 
 30.3612       40.09372 
 30.36695      40.09269 
 30.37756      40.07978 
 30.38231      40.07917 
 30.38717      40.08131 
 30.40497      40.07478 
 30.40625      40.07086 
 30.40431      40.06794 
 30.39797      40.06608 
 30.39636      40.06361 
 30.40189      40.05589 
 30.41372      40.05461 
 30.41953      40.05214 
 30.445        40.0502 
 30.45134      40.05181 
 30.458        40.05147 
 30.462        40.05125 
 30.47239      40.04542 
 30.4845       40.04389 
 30.48909      40.04078 
 30.4955       40.03278 
 30.51414      40.02556 
 30.52236      40.02392 
 30.53392      40.02331 
 30.54714      40.02561 
 30.5617       40.03131 
 30.57358      40.03092 
 30.57883      40.02917 
 30.57864      40.02833 
 30.578        40.02725 
 30.57597      40.02503 
 30.57289      40.02111 
 30.57286      40.02031 
 30.57281      40.01933 
 30.57303      40.01822 
 30.57339      40.01739 
 30.57447      40.01597 
 30.57531      40.01372 
 30.57581      40.012 
 30.5765       40.01045 
 30.5772       40.00895 
 30.5785       40 
 1             27 
 2 
 -9998.0  ,   -9997.0
 -1535.5  ,   -1201.3
 17 
30   ,   40.38192
30.016 , 40.4092
30.1091 , 40.4223
30.2229 , 40.4397
30.347 , 40.4441
30.466 , 40.4615
30.5695 , 40.4964
30.6884 , 40.527
30.7764 , 40.527
30.8384 , 40.5226
30.8643 , 40.4703
30.8901 , 40.4441
30.9729 , 40.4397
31.0505 , 40.4528
31.1643 , 40.4877
31.2626 , 40.5095
31.3298 , 40.5662
 1             28 
 3 
 -9998.0  ,   -9997.0
 -1775.5  ,   -1200.4
   -637.5  ,    -1.0
 64 
 35.11425      41.40711 
 35.11897      41.40584 
 35.12356      41.39858 
 35.12158      41.38508 
 35.12634      41.37647 
 35.13117      41.35978 
 35.14603      41.33395 
 35.15083      41.3175 
 35.15736      41.32119 
 35.16292      41.32067 
 35.16811      41.3132 
 35.18661      41.31406 
 35.19092      41.31114 
 35.19414      41.30494 
 35.1885       41.29142 
 35.18973      41.2857 
 35.18997      41.28464 
 35.20592      41.26161 
 35.23253      41.2582 
 35.23967      41.25458 
 35.24684      41.25095 
 35.26298      41.2507 
 35.28383      41.24203 
 35.29636      41.24153 
 35.30575      41.23714 
 35.31094      41.23197 
 35.31778      41.22831 
 35.32736      41.22944 
 35.32842      41.23186 
 35.33236      41.24083 
 35.33519      41.24264 
 35.34195      41.23964 
 35.34611      41.24039 
 35.35136      41.23731 
 35.35617      41.23789 
 35.36286      41.24272 
 35.36825      41.24356 
 35.37178      41.24447 
 35.38178      41.25483 
 35.39953      41.26917 
 35.40464      41.26467 
 35.40864      41.26425 
 35.41106      41.27456 
 35.42656      41.28228 
 35.43067      41.28364 
 35.43711      41.28575 
 35.443        41.28478 
 35.4435       41.27814 
 35.44525      41.2762 
 35.4505       41.27564 
 35.45942      41.27992 
 35.46886      41.27989 
 35.47978      41.27258 
 35.48697      41.271 
 35.49722      41.27195 
 35.50589      41.27447 
 35.50958      41.27553 
 35.5112       41.27725 
 35.51603      41.28264 
 35.51948      41.29458 
 35.52228      41.29661 
 35.52659      41.29622 
 35.53281      41.29306 
  35.53339	41.29278 
 1             29 
 3 
 -9998.0  ,   -9997.0
 -1535.5  ,   -1201.3
  -323.4  ,   -1.0
 14 
35.11425	41.40711
35.1143 , 41.4272
35.106 , 41.4377
35.0812 , 41.4586
35.0088 , 41.4953
34.9736 , 41.5075
34.9281 , 41.5232
34.895 , 41.5441
34.8598 , 41.5563
34.8246 , 41.5738
34.7832 , 41.5947
34.7543 , 41.6051
34.7232 , 41.6191
34.715 , 41.654
 1             30 
 3 
 -9998.0  ,   -9997.0
 -1340.5  ,   -1205.8
  -323.4  ,   -1.0
 11 
34.71678	41.94686
34.7212 , 41.9278
34.7232 , 41.9017
34.7232 , 41.8755
34.7232 , 41.8493
34.7212 , 41.8162
34.7253 , 41.7848
34.7336 , 41.7586
34.7336 , 41.7238
34.7253 , 41.6854
34.715	41.654
 1             31 
 4 
 -9998.0  ,   -9997.0
 -1535.5  ,   -1201.3
 -1120.5  ,     -735.5
   -696.5  ,     -653.5
 30 
31.3298 , 40.5662
31.4229 , 40.5924
31.5212 , 40.6229
31.6298 , 40.6534
31.7229 , 40.6665
31.8315 , 40.6883
31.8626 , 40.6578
31.8522 , 40.6185
31.8574 , 40.5793
31.8574 , 40.5444
31.8729 , 40.5226
31.9195 , 40.5139
32.0177 , 40.5182
32.1057 , 40.5488
32.2195 , 40.5793
32.3126 , 40.6011
32.3953 , 40.6054
32.4781 , 40.6142
32.5091 , 40.6665
32.4988 , 40.7232
32.5091 , 40.7711
32.5298 , 40.7711
32.5608 , 40.7581
32.5815 , 40.7319
32.6281 , 40.7406
32.6746 , 40.7755
32.7264 , 40.7668
32.7522 , 40.7232
32.7781 , 40.6927
32.8401 , 40.6665
 1             32 
 4 
 -9998.0  ,   -9997.0
 -1535.5  ,   -1201.3
  -735.5  ,    -732.5
  -653.5  ,    -552.5
 4 
31.3298	40.5662
31.3015 , 40.5746
31.2653 , 40.6008
31.2395 , 40.6357
 1             33 
 1 
 -9999.0  ,   -9998.0
 28 
34.7626 , 40.0479
34.7591 , 40.0664
34.7533 , 40.0843
34.7452 , 40.1014
34.7352 , 40.1173
34.7231 , 40.1318
34.7094 , 40.1447
34.6942 , 40.1558
34.6777 , 40.1648
34.6602 , 40.1718
34.6419 , 40.1764
34.6232 , 40.1788
34.6044 , 40.1788
34.5857 , 40.1764
34.5674 , 40.1718
34.5499 , 40.1648
34.5334 , 40.1558
34.5182 , 40.1447
34.5045 , 40.1318
34.4924 , 40.1173
34.4824 , 40.1014
34.4743 , 40.0843
34.4685 , 40.0664
34.465 , 40.0479
34.4638 , 40.0291
34.465 , 40
34.7626 , 40
34.7638 , 40.0291
 1             34 
 1 
 -9999.0  ,   -9998.0
 42 
35.2566 , 41.314
35.2379 , 41.3419
35.1945 , 41.3802
35.1593 , 41.4238
35.1138 , 41.4605
35.0683 , 41.4849
35.0269 , 41.5023
35.0497 , 41.6331
35.1097 , 41.7361
35.1552 , 41.7116
35.2069 , 41.6924
35.2917 , 41.6645
35.3021 , 41.6558
35.3766 , 41.6384
35.4634 , 41.6105
35.5524 , 41.6105
35.6372 , 41.6244
35.7159 , 41.6297
35.7779 , 41.6541
35.8731 , 41.4081
35.7986 , 41.3907
35.749 , 41.3907
35.6952 , 41.3942
35.6248 , 41.3872
35.5669 , 41.3872
35.5276 , 41.3767
35.5028 , 41.3611
35.4979 , 41.3422
35.529 , 41.2331
35.5703 , 41.0936
35.6428 , 40.9977
35.7048 , 40.8843
35.7152 , 40.7884
35.7307 , 40.6794
35.7203 , 40.5834
35.6428 , 40.5616
35.5445 , 40.5791
35.4462 , 40.7709
35.41 , 40.8887
35.3945 , 40.9933
35.3221 , 41.1241
35.2652 , 41.2942
 1             35 
 1 
 -9999.0  ,   -9998.0
 29 
35.7307 , 40.6837
35.7462 , 40.6009
35.7617 , 40.5267
35.7617 , 40.4439
35.7772 , 40.361
35.8134 , 40.2956
35.8341 , 40.2128
35.8393 , 40.1343
35.7979 , 40.0863
35.7152 , 40.0863
35.6634 , 40.1299
35.6428 , 40.2084
35.6065 , 40.2651
35.5031 , 40.239
35.3428 , 40.1779
35.1824 , 40.1648
35.0117 , 40.1474
34.8669 , 40.1474
34.7221 , 40.1343
34.6238 , 40.1561
34.5876 , 40.239
34.5979 , 40.3131
34.6859 , 40.3392
34.8152 , 40.3392
34.96 , 40.3349
35.0893 , 40.3523
35.2186 , 40.3916
35.5341 , 40.5965
35.4979 , 40.6794
 1             36 
 1 
 -9999.0  ,   -9998.0
 38 
34.5876 , 40.2826
34.6548 , 40.2826
34.7376 , 40.2826
34.7997 , 40.2869
34.8772 , 40.2869
34.9703 , 40.2782
35.0841 , 40.3
35.1928 , 40.3174
35.2962 , 40.3436
35.3893 , 40.3523
35.4824 , 40.3785
35.56 , 40.3872
35.591 , 40.4395
35.591 , 40.5093
35.591 , 40.566
35.591 , 40.6183
35.5703 , 40.6576
35.6014 , 40.6924
35.6531 , 40.6968
35.6945 , 40.675
35.7048 , 40.6314
35.7048 , 40.5791
35.7048 , 40.4919
35.7048 , 40.4395
35.7048 , 40.3959
35.6997 , 40.348
35.6583 , 40.3262
35.5652 , 40.3087
35.4979 , 40.2869
35.3893 , 40.2782
35.3272 , 40.252
35.229 , 40.2346
35.1359 , 40.2346
35.0272 , 40.2302
34.8979 , 40.2084
34.7997 , 40.2041
34.6962 , 40.1997
34.5876 , 40.1866
 1             37 
 1 
 -9999.0  ,   -9998.0
 21 
35.5652 , 40.6663
35.5393 , 40.736
35.5186 , 40.8145
35.4772 , 40.893
35.4566 , 40.9802
35.4307 , 41.0544
35.3945 , 41.1416
35.3841 , 41.2026
35.3583 , 41.2724
35.3583 , 41.3291
35.3841 , 41.3552
35.4152 , 41.3552
35.4462 , 41.3291
35.4669 , 41.2767
35.4979 , 41.1547
35.529 , 41.0892
35.5652 , 40.9802
35.6117 , 40.9192
35.6324 , 40.8494
35.6531 , 40.7709
35.6945 , 40.675
 1             38 
 1 
 -9999.0  ,   -9998.0
 24 
35.4514 , 41.3465
35.441 , 41.4076
35.4359 , 41.486
35.4048 , 41.5602
35.3583 , 41.6256
35.291 , 41.6735
35.2186 , 41.7215
35.1565 , 41.7826
35.11 , 41.8349
35.0686 , 41.8741
35.0531 , 41.9221
34.9962 , 41.9265
34.9548 , 41.8959
34.9548 , 41.861
35.0272 , 41.7913
35.079 , 41.7433
35.1255 , 41.6954
35.1876 , 41.6343
35.2445 , 41.582
35.2859 , 41.5471
35.3066 , 41.4948
35.3221 , 41.4381
35.3376 , 41.3901
35.3531 , 41.3073
 1             39 
 1 
 -9999.0  ,   -9998.0
 14 
36. , 40.9491
35.8966 , 40.9012
35.7879 , 40.8706
35.6897 , 40.827
35.6069 , 40.7747
35.5086 , 40.7137
35.4672 , 40.6439
35.4621 , 40.5829
35.5241 , 40.548
35.6172 , 40.5392
35.7 , 40.5523
35.8345 , 40.5829
35.9379 , 40.6265
36. , 40.6526
 1             40 
 1 
 -9999.0  ,   -9998.0
 14 
35.4103 , 40.6221
35.4828 , 40.6613
35.5759 , 40.7049
35.6638 , 40.7355
35.7414 , 40.7747
35.8345 , 40.814
35.9276 , 40.8445
36. , 40.8706
36. , 40.7573
35.9172 , 40.7311
35.8138 , 40.6701
35.7 , 40.6134
35.6069 , 40.5654
35.5034 , 40.5044
 1             41 
 1 
 -9999.0  ,   -9998.0
 10 
34.5983 , 40.3125
34.4948 , 40.2602
34.4328 , 40.1773
34.4328 , 40.1119
34.4638 , 40.0509
34.5052 , 40.
34.7431 , 40.
34.7224 , 40.077
34.7741 , 40.125
34.8724 , 40.1512
 1             42 
 1 
 -9999.0  ,   -9998.0
 17 
34.0741 , 40.4898
34.0741 , 40.4288
34.0534 , 40.359
34.0431 , 40.2849
34.0121 , 40.2238
33.981 , 40.1584
34.0017 , 40.1017
34.0224 , 40.0581
34.0224 , 40.
34.1414 , 40.
34.1414 , 40.0799
34.1155 , 40.1454
34.1155 , 40.2064
34.1517 , 40.2805
34.1724 , 40.359
34.1983 , 40.4331
34.2086 , 40.5291
 1             43 
 1 
 -9999.0  ,   -9998.0
 9 
33.9358 , 40.0022
33.972 , 40.12
34.0237 , 40.2028
34.0755 , 40.2246
34.1272 , 40.2159
34.1479 , 40.1723
34.1582 , 40.1069
34.1479 , 40.0589
34.1375 , 40.0022
 1             44 
 1 
 -9999.0  ,   -9998.0
 7 
34.5532 , 40.
34.5428 , 40.0555
34.5583 , 40.1078
34.5894 , 40.1253
34.6359 , 40.1122
34.667 , 40.0729
34.698 , 40.
 1             45 
 1 
 -9999.0  ,   -9998.0
 17 
35.711 , 41.589 
35.6741 , 41.4506
35.6224 , 41.3808
35.5397 , 41.2762
35.4672 , 41.1802
35.3845 , 41.0843
35.3121 , 41.0145
35.2914 , 40.936
35.3483 , 40.9012
35.4621 , 40.8881
35.5603 , 40.9404
35.6638 , 41.0276
35.7517 , 41.093
35.8707 , 41.1846
35.9283 , 41.2942
35.9638 , 41.3983
35.9862 , 41.507
 1             46 
 1 
 -9999.0  ,   -9998.0
 16 
35.3224 , 41.0233
35.2448 , 40.9579
35.1517 , 40.8837
35.0741 , 40.7616
34.9293 , 40.6875
34.8207 , 40.5829
34.7328 , 40.5044
34.7017 , 40.4564
34.7224 , 40.4128
34.7948 , 40.3866
34.919 , 40.4128
35.0224 , 40.4826
35.1362 , 40.5785
35.2707 , 40.7224
35.3845 , 40.7965
35.519 , 40.923
 1             47 
 1 
 -9999.0  ,   -9998.0
 27 
34.6655 , 40.4215
34.7276 , 40.4738
34.7845 , 40.5349
34.8621 , 40.5829
34.9345 , 40.6483
35.0121 , 40.7049
35.1052 , 40.7573
35.1414 , 40.8227
35.1983 , 40.8706
35.2448 , 40.9099
35.3121 , 40.9579
35.369 , 41.0058
35.4103 , 41.0233
35.4621 , 41.0233
35.4983 , 41.0015
35.4879 , 40.9535
35.4465 , 40.9055
35.3793 , 40.8488
35.3121 , 40.8096
35.2552 , 40.7529
35.1879 , 40.7006
35.1362 , 40.6483
35.0534 , 40.5785
34.9707 , 40.5
34.8828 , 40.4477
34.8052 , 40.3866
34.7741 , 40.3517
 1             48 
 1 
 -9999.0  ,   -9998.0
 17 
35.3948 , 41.0276
35.4465 , 41.0799
35.4983 , 41.1366
35.5397 , 41.1977
35.5914 , 41.2456
35.6586 , 41.298
35.7103 , 41.3285
35.7621 , 41.3547
35.7983 , 41.3503
35.8293 , 41.3241
35.8293 , 41.2892
35.7931 , 41.2413
35.7259 , 41.1846
35.6586 , 41.1279
35.5914 , 41.0669
35.5397 , 41.0058
35.4776 , 40.9535
 1             49 
 1 
 -9999.0  ,   -9998.0
 31 
33.569 , 40.1076
33.4707 , 40.125
33.3362 , 40.1512
33.2121 , 40.1642
33.0828 , 40.1642
32.9224 , 40.173
32.7776 , 40.1817
32.5914 , 40.1817
32.4362 , 40.1599
32.2965 , 40.1555
32.1466 , 40.2035
32.0017 , 40.2122
31.8879 , 40.2035
31.7483 , 40.173
31.681 , 40.1555
31.6603 , 40.1206
31.6603 , 40.0945
31.6914 , 40.0727
31.769 , 40.0727
31.8672 , 40.1032
32.0069 , 40.125
32.0948 , 40.1076
32.2397 , 40.064
32.3948 , 40.0727
32.5448 , 40.077
32.7362 , 40.0858
32.9224 , 40.077
33.0672 , 40.0552
33.2276 , 40.0552
33.3621 , 40.0465
33.5121 , 40.0291
 1             50 
 1 
 -9999.0  ,   -9998.0
 28 
34.9362 , 41.5349
35.0552 , 41.4869
35.1224 , 41.4433
35.1328 , 41.391
35.0655 , 41.343
34.9621 , 41.282
34.9 , 41.2253
34.8276 , 41.1468
34.7707 , 41.1076
34.7293 , 41.0509
34.7603 , 41.0204
34.8172 , 40.9898
34.8897 , 40.9898
34.9776 , 41.0204
35.1172 , 41.0727
35.2828 , 41.125
35.4276 , 41.1686
35.5207 , 41.2427
35.6448 , 41.3169
35.7897 , 41.3779
35.9345 , 41.4346
35.7793 , 41.657
35.6448 , 41.6265
35.4741 , 41.6134
35.3293 , 41.657
35.2259 , 41.7049
35.1172 , 41.7616
35.0034 , 41.7791
 1             51 
 1 
 -9999.0  ,   -9998.0
 23 
34.8552 , 40.9695
34.881 , 41.0218
34.9586 , 41.0567
35.0414 , 41.109
35.1241 , 41.1352
35.1914 , 41.1744
35.2793 , 41.2267
35.3414 , 41.266
35.4138 , 41.327
35.4603 , 41.3881
35.4966 , 41.4579
35.5069 , 41.5102
35.4603 , 41.532
35.3828 , 41.5189
35.3362 , 41.4797
35.3103 , 41.423
35.2586 , 41.3576
35.1914 , 41.3009
35.0931 , 41.2573
34.9793 , 41.1962
34.8759 , 41.1308
34.7776 , 41.0741
34.7052 , 41.0131
 1             52 
 1 
 -9999.0  ,   -9998.0
 30 
35.8966 , 41.3023
35.9224 , 41.3503
35.9586 , 41.407
35.9845 , 41.4724
35.9948 , 41.5334
35.969 , 41.6032
35.9069 , 41.6337
35.7879 , 41.6337
35.6483 , 41.5858
35.5448 , 41.5858
35.4621 , 41.5988
35.3379 , 41.6206
35.2345 , 41.673
35.131 , 41.7035
35.0328 , 41.7253
34.9241 , 41.7253
34.8414 , 41.7253
34.8207 , 41.6948
34.831 , 41.6512
34.919 , 41.6337
35.0224 , 41.6119
35.1621 , 41.5858
35.2759 , 41.5509
35.3793 , 41.516
35.5034 , 41.5073
35.6224 , 41.4855
35.7621 , 41.5029
35.819 , 41.4462
35.7828 , 41.3939
35.7362 , 41.3329
 1             53 
 4 
 -9998.0  ,   -9997.0
 -1340.5  ,   -1329.5
   -735.5  ,     -696.5
   -637.5  ,    -1.0
 24 
35.97545	41.73825
35.9779 , 41.7329
35.9821 , 41.7154
35.9821 , 41.698
35.9852 , 41.6753
35.9852 , 41.6544
35.9862 , 41.6299
35.9893 , 41.6108
35.9934 , 41.5924
35.9976 , 41.575
35.9986 , 41.5602
35.9997 , 41.541
35.9997 , 41.5183
35.9966 , 41.4991
35.9924 , 41.4721
35.981 , 41.4512
35.9686 , 41.4206
35.9469 , 41.4067
35.9241 , 41.3954
35.889 , 41.3866
35.8631 , 41.384
35.8424 , 41.3805
35.8238 , 41.3805
35.80778	41.37348
 1             54 
 1 
 -9999.0  ,   -9998.0
 14 
32.8121 , 40.6424
32.8172 , 40.7122
32.8431 , 40.7951
32.8741 , 40.891
32.8948 , 40.9651
32.9259 , 41.0174
32.9828 , 41.0349
33.0397 , 41.0349
33.0603 , 40.9913
33.0603 , 40.9346
33.05 , 40.8692
33.0293 , 40.7951
33.019 , 40.7427
33.0241 , 40.6512
 1             55 
 1 
 -9999.0  ,   -9998.0
 35 
32.9259 , 41.0567
32.9207 , 40.9956
32.9 , 40.939
32.8793 , 40.8648
32.8483 , 40.7994
32.8328 , 40.734
32.8224 , 40.6817
32.7914 , 40.6468
32.7138 , 40.5945
32.6362 , 40.5509
32.5379 , 40.4898
32.4293 , 40.4462
32.3207 , 40.4113
32.1965 , 40.3765
32.0672 , 40.3328
31.9948 , 40.3154
31.9017 , 40.2544
31.8397 , 40.2195
31.819 , 40.1672
31.8448 , 40.1323
31.9069 , 40.1235
31.9741 , 40.1235
32.0724 , 40.2108
32.181 , 40.2544
32.2741 , 40.298
32.3983 , 40.3154
32.5017 , 40.3459
32.5948 , 40.3852
32.7086 , 40.4506
32.8379 , 40.5334
32.9465 , 40.5945
33.0086 , 40.7558
33.019 , 40.8735
33.0397 , 40.9608
33.081 , 41.0436
 1             56 
 1 
 -9999.0  ,   -9998.0
 21 
35.1569 , 41.3416
35.1569 , 41.2805
35.1621 , 41.2369
35.1879 , 41.1977
35.2241 , 41.141
35.2552 , 41.093
35.2966 , 41.0538
35.3534 , 40.984
35.4103 , 40.9186
35.5552 , 40.8924
35.6638 , 40.8663
35.7776 , 40.8401
35.8914 , 40.8009
36. , 40.7791
36. , 41.298
35.9483 , 41.3852
35.85 , 41.4288
35.6897 , 41.4244
35.4931 , 41.3852
35.3328 , 41.3677
35.1776 , 41.3503
 1             57 
 1 
 -9999.0  ,   -9998.0
 11 
36. , 41.125
35.9448 , 41.1642
35.8724 , 41.2384
35.7897 , 41.2558
35.6965 , 41.2471
35.6448 , 41.2122
35.6759 , 41.1773
35.7483 , 41.1599
35.8207 , 41.1337
35.9293 , 41.0727
36. , 40.9855
 1             58 
 1 
 -9999.0  ,   -9998.0
 29 
35.6914 , 41.1686
35.6397 , 41.1555
35.6241 , 41.125
35.6241 , 41.0814
35.6241 , 41.0291
35.6345 , 40.9767
35.6448 , 40.9244
35.6603 , 40.8634
35.6655 , 40.8154
35.6759 , 40.7587
35.681 , 40.6802
35.6965 , 40.6105
35.6965 , 40.5581
35.6655 , 40.5102
35.6241 , 40.5058
35.5776 , 40.5233
35.5517 , 40.5625
35.5414 , 40.6192
35.5517 , 40.6977
35.5414 , 40.7718
35.5362 , 40.8285
35.5362 , 40.8983
35.5207 , 40.9855
35.5052 , 41.064
35.5 , 41.1294
35.5207 , 41.1948
35.5569 , 41.2384
35.6241 , 41.2645
35.7431 , 41.2558
 1             59 
 1 
 -9999.0  ,   -9998.0
 19 
34.5155 , 40.
34.5621 , 40.0858
34.6138 , 40.1904
34.6397 , 40.2776
34.7121 , 40.3125
34.8155 , 40.3125
34.9448 , 40.3212
35.0276 , 40.3212
35.1052 , 40.3387
35.2034 , 40.3256
35.2448 , 40.282
35.2448 , 40.234
35.1828 , 40.2079
35.1103 , 40.2166
34.9914 , 40.2166
34.8724 , 40.2122
34.7793 , 40.2079
34.7276 , 40.1424
34.681 , 40.
 1             60 
 1 
 -9999.0  ,   -9998.0
 12 
35.169 , 40.2224
35.2414 , 40.1875
35.2931 , 40.1395
35.319 , 40.0741
35.3034 , 40.
35.4328 , 40.
35.4431 , 40.0829
35.4328 , 40.1701
35.3914 , 40.2442
35.3241 , 40.3052
35.2621 , 40.327
35.1793 , 40.3358
 1             61 
 1 
 -9999.0  ,   -9998.0
 50 
34.7333 , 41.0173
34.7298 , 41.0358
34.724 , 41.0537
34.7159 , 41.0708
34.7059 , 41.0867
34.6938 , 41.1012
34.6801 , 41.1141
34.6649 , 41.1252
34.6484 , 41.1342
34.6309 , 41.1412
34.6126 , 41.1458
34.5939 , 41.1482
34.5751 , 41.1482
34.5564 , 41.1458
34.5381 , 41.1412
34.5206 , 41.1342
34.5041 , 41.1252
34.4889 , 41.1141
34.4752 , 41.1012
34.4631 , 41.0867
34.4531 , 41.0708
34.445 , 41.0537
34.4392 , 41.0358
34.4357 , 41.0173
34.4345 , 40.9985
34.4357 , 40.9797
34.4392 , 40.9612
34.445 , 40.9433
34.4531 , 40.9262
34.4631 , 40.9103
34.4752 , 40.8958
34.4889 , 40.8829
34.5041 , 40.8719
34.5206 , 40.8628
34.5381 , 40.8558
34.5564 , 40.8512
34.5751 , 40.8488
34.5939 , 40.8488
34.6126 , 40.8512
34.6309 , 40.8558
34.6484 , 40.8628
34.6649 , 40.8719
34.6801 , 40.8829
34.6938 , 40.8958
34.7059 , 40.9103
34.7159 , 40.9262
34.724 , 40.9433
34.7298 , 40.9612
34.7333 , 40.9797
34.7345 , 40.9985
 1             62 
 1 
 -9999.0  ,   -9998.0
 10 
34.4431 , 40.
34.4845 , 40.0858
34.5259 , 40.1773
34.5672 , 40.2907
34.7741 , 40.3474
34.8517 , 40.282
34.9603 , 40.1948
35.0431 , 40.1294
35.1621 , 40.0596
35.2914 , 40.
 1             63 
 2 
 -9998.0  ,   -9997.0
 -1120.5  ,     -735.5
 13 
34.41739	41.11072
34.4741 , 41.1148
34.5672 , 41.1017
34.7017 , 41.1017
34.8052 , 41.1017
34.8879 , 41.0887
35.0017 , 41.0712
35.0948 , 41.0712
35.1879 , 41.0538
35.2086 , 41.0058
35.2293 , 40.9709
35.281 , 40.9491
35.3224 , 40.923
 1             64 
 3 
 -9998.0  ,   -9997.0
 -1120.5  ,    -732.5
  -696.5  ,    -552.5
 13 
30.9776	40
30.9931 , 40.0334
31.019 , 40.0988
31.0759 , 40.1555
31.0862 , 40.1904
31.05 , 40.2384
31.0603 , 40.3081
31.0293 , 40.3474
31.0138 , 40.3997
31.0603 , 40.4433
31.1638 , 40.4608
31.2672 , 40.5218
31.3298	40.5662
 1             65 
 4 
 -9998.0  ,   -9997.0
  -764.5  ,    -696.5
  -631.5  ,    -513.8
  -476.5  ,    -404.7
 74 
35.0035 , 42.081	
34.9977 , 42.0631	
34.9942 , 42.0446	
34.993 , 42.0258	
34.9942 , 42.007	
34.9977 , 41.9885	
35.0035 , 41.9706	
35.0116 , 41.9535	
35.0216 , 41.9376	
35.0337 , 41.9231	
35.0474 , 41.9102	
35.0626 , 41.8991	
35.0791 , 41.8901	
35.0966 , 41.8831	
35.1149 , 41.8784	
 35.1305       41.87681 
 35.11939      41.882 
 35.1097       41.88798 
 35.10186      41.89892 
 35.09206      41.91778 
 35.09303      41.92959 
 35.09739      41.94117 
 35.09945      41.96617 
 35.10322      41.97034 
 35.10875      41.97281 
 35.11275      41.98253 
 35.11303      41.99014 
 35.11889      41.99597 
 35.12095      41.99806 
 35.1215       42.00592 
 35.12972      42.01156 
 35.14195      42.01675 
 35.142        42.01678 
 35.14753      42.01731 
 35.15236      42.01775 
 35.16367      42.01461 
 35.17022      42.01281 
 35.17928      42.01206 
 35.18611      42.00909 
 35.19786      42.00875 
 35.21795      42.01084 
 35.22106      42.01289 
 35.22164      42.0157 
 35.20384      42.0225 
 35.19497      42.03409 
 35.19081      42.0362 
 35.18575      42.03873 
 35.17675      42.03925 
 35.164        42.03767 
 35.1457       42.02825 
 35.14564      42.02822 
 35.1425       42.02661 
 35.14184      42.02628 
 35.14011      42.02539 
 35.13392      42.0222 
 35.12847      42.02136 
 35.11411      42.02517 
 35.10595      42.02392 
 35.09258      42.02711 
 35.07839      42.02725 
 35.07531      42.02781 
 35.06197      42.03023 
 35.05784      42.03306 
 35.05286      42.03647 
 35.04519      42.04811 
 35.04661      42.05145 
 35.05217      42.05392 
 35.05236      42.05714 
 35.04144      42.06534 
 35.0387       42.07228 
 35.02508      42.08211 
 35.01833      42.09614 
 35.00806      42.08964 
35.0035 , 42.081	
 1             66 
 1 
 -9999.0  ,   -9998.0
 46
30. , 41.4665
30.1252 , 41.4665
30.2994 , 41.4785
30.4856 , 41.4785
30.7139 , 41.4665
31.1583 , 41.4905
31.3806 , 41.5506
31.6028 , 41.7068
31.8551 , 41.8209
32.1014 , 41.899
32.4498 , 42.0071
32.7321 , 42.1332
33.0565 , 42.1873
33.3748 , 42.2413
33.7112 , 42.2534
34.1076 , 42.2473
34.468 , 42.2714
34.8044 , 42.3074
35.0447 , 42.3014
35.1107 , 42.2173
35.1288 , 42.1032
35.1468 , 42.0071
35.0867 , 41.971
35.0567 , 42.0191
35.0266 , 42.1152
34.9486 , 42.1753
34.7323 , 42.1873
34.486 , 42.1512
34.1497 , 42.1212
33.7412 , 42.1392
33.4229 , 42.1272
33.1165 , 42.0792
32.8042 , 41.9831
32.5159 , 41.899
32.5159 , 41.899
32.1855 , 41.7968
31.9332 , 41.6947
31.6629 , 41.5806
31.4467 , 41.4304
31.2304 , 41.3343
31.0142 , 41.3283
30.7619 , 41.3163
30.5036 , 41.3343
30.3114 , 41.3644
30.1012 , 41.3463
30. , 41.3463
 1             67 
 1 
 -9999.0  ,   -9998.0
 17
35.0793 , 42.0104
35.0948 , 42.0879
35.1828 , 42.1086
35.3483 , 42.0983
35.4621 , 42.0569
35.5862 , 42.0052
35.731 , 41.969
35.8552 , 41.9276
36. , 41.9172
36. , 41.8138
35.8655 , 41.8138
35.7103 , 41.8345
35.5603 , 41.8966
35.431 , 41.9535
35.3121 , 41.9897
35.1983 , 41.969
35.1155 , 41.9793
 1             68 
 2 
 -9998.0  ,   -9997.0
 -1120.5  ,     -696.5
 19 
35.3224 , 40.923
35.3121 , 40.875
35.2345 , 40.8052
35.1672 , 40.7398
35.1155 , 40.6657
35.1103 , 40.6003
35.1466 , 40.5828
35.1724 , 40.5567
35.1052 , 40.5131
35.0845 , 40.4695
35.0845 , 40.4172
35.1 , 40.3561
35.0897 , 40.2951
35.0483 , 40.2253
35.0069 , 40.173
34.9862 , 40.125
34.9862 , 40.077
34.9862 , 40.0422
34.9293 , 40.
 1             69 
 2 
 -9998.0  ,   -9997.0
 -735.5  ,      -696.5
 14 
35.3224	40.923
35.3562 , 40.9279
35.4183 , 40.9321
35.4803 , 40.9445
35.5424 , 40.9569
35.6148 , 40.9879
35.6707 , 41.019
35.7203 , 41.0355
35.7969 , 41.0562
35.8652 , 41.0852
35.919 , 41.0997
35.981 , 41.1328
35.9893 , 41.17
36	41.1996
 1             70 
 5 
 -9998.0  ,   -9997.0
 -1535.5  ,   -1201.3
  -653.5  ,    -552.5
  -323.4  ,    -289.5
  -281.6  ,    -1.0
 16 
31.2395 , 40.6357
31.2705 , 40.6793
31.3429 , 40.6967
31.4101 , 40.7316
31.4826 , 40.7708
31.5705 , 40.8057
31.6377 , 40.8406
31.6481 , 40.8842
31.6067 , 40.9104
31.586 , 40.9409
31.6274 , 40.9932
31.6791 , 41.0368
31.7257 , 41.0979
31.7774 , 41.1502
31.8343 , 41.22
31.8912 , 41.281
 1             71 
 2 
 -9998.0  ,   -9997.0
   -735.5  ,   -732.5
 37 
 30.8605	41.08159
30.8597 , 41.0679
30.8597 , 41.0679
30.8534 , 41.0472
30.8452 , 41.0245
30.8328 , 41.0038
30.8245 , 40.9821
30.8193 , 40.9624
30.8162 , 40.9428
30.8121 , 40.921
30.8203 , 40.9045
30.8462 , 40.9024
30.8669 , 40.8921
30.8897 , 40.8838
30.9145 , 40.8693
30.9362 , 40.8528
30.9507 , 40.8321
30.959 , 40.8155
30.961 , 40.7979
30.9517 , 40.7886
30.9134 , 40.7804
30.8741 , 40.7731
30.8452 , 40.7597
30.839 , 40.7369
30.8452 , 40.7152
30.8638 , 40.6966
30.8917 , 40.6852
30.9238 , 40.6697
30.9548 , 40.6562
30.9952 , 40.6459
31.0407 , 40.6459
31.079 , 40.6562
31.1183 , 40.6635
31.1493 , 40.6676
31.1824 , 40.6604
31.2114 , 40.6459
31.2395	40.6357
 1             72 
 1 
 -9999.0  ,   -9998.0
 78 
30.028 , 40.7271
30.0257 , 40.7395
30.0218 , 40.7514
30.0164 , 40.7628
30.0097 , 40.7734
30.0017 , 40.7831
29.9925 , 40.7917
29.9824 , 40.799
29.9714 , 40.8051
29.9597 , 40.8097
29.9475 , 40.8128
29.9351 , 40.8144
29.9225 , 40.8144
29.9101 , 40.8128
29.8979 , 40.8097
29.8862 , 40.8051
29.8752 , 40.799
29.8651 , 40.7917
29.8559 , 40.7831
29.8479 , 40.7734
 29.84334      40.761 
 29.85528      40.75934 
 29.85981      40.75989 
 29.87056      40.76534 
 29.89153      40.76778 
 29.90745      40.76964 
 29.93661      40.76956 
 29.94086      40.76439 
 29.93983      40.7625 
 29.93792      40.75897 
 29.93703      40.75745 
 29.93661      40.75672 
 29.94456      40.75286 
 29.94561      40.74961 
 29.94145      40.74378 
 29.94364      40.73914 
 29.93861      40.72981 
 29.93806      40.72875 
 29.92797      40.72536 
 29.91047      40.72331 
 29.90886      40.72406 
 29.90164      40.72744 
 29.894        40.72489 
 29.88322      40.72564 
 29.87675      40.72831 
 29.87081      40.73672 
 29.86753      40.73725 
 29.85342      40.73739 
 29.84281      40.73492 
 29.83397      40.73286 
29.8296 , 40.7271
29.8288 , 40.7146
29.8296 , 40.7021
29.8319 , 40.6897
29.8358 , 40.6778
29.8412 , 40.6664
29.8479 , 40.6558
29.8559 , 40.6461
29.8651 , 40.6376
29.8752 , 40.6302
29.8862 , 40.6241
29.8979 , 40.6195
29.9101 , 40.6164
29.9225 , 40.6148
29.9351 , 40.6148
29.9475 , 40.6164
29.9597 , 40.6195
29.9714 , 40.6241
29.9824 , 40.6302
29.9925 , 40.6376
30.0017 , 40.6461
30.0097 , 40.6558
30.0164 , 40.6664
30.0218 , 40.6778
30.0257 , 40.6897
30.028 , 40.7021
30.0288 , 40.7146
30.028 , 40.7271
 1             73 
 1 
 -9999.0  ,   -9998.0
 12
36. , 40.7172
35.7828 , 40.7379
35.5655 , 40.7483
35.2966 , 40.7069
34.9862 , 40.6345
34.6552 , 40.5517
34.231 , 40.4172
33.931 , 40.3138
33.6 , 40.2414
33.2276 , 40.1793
32.8862 , 40.1276
32.6586 , 40.
 1             74 
 2 
 -9998.0  ,   -9997.0
   -696.5  ,    -653.5
 17 
32.8401 , 40.6665
32.831 , 40.6466
32.7845 , 40.6052
32.8207 , 40.5638
32.8879 , 40.5121
32.9707 , 40.4914
33.0534 , 40.481
33.0948 , 40.4604
33.1103 , 40.4086
33.1052 , 40.3517
33.0897 , 40.269
33.1 , 40.2121
33.1621 , 40.1604
33.2034 , 40.119
33.2552 , 40.0776
33.2448 , 40.031
33.2138 , 40.
 1             75 
 3 
 -9998.0  ,   -9997.0
 -1535.5  ,   -1201.3
 -1120.5  ,     -735.5
 24 
32.8401 , 40.6665
32.9126 , 40.6621
32.9746 , 40.6534
33.016 , 40.6796
33.0315 , 40.7319
33.0781 , 40.7842
33.1557 , 40.7886
33.2229 , 40.8191
33.2539 , 40.854
33.285 , 40.915
33.3264 , 40.9543
33.3988 , 40.963
33.4815 , 40.9848
33.5488 , 41.011
33.616 , 41.0284
33.6884 , 41.0546
33.766 , 41.0851
33.8436 , 41.1113
33.9315 , 41.1069
34.0091 , 41.1069
34.097 , 41.1113
34.1953 , 41.1156
34.3039 , 41.12
34.41739	41.11072
 1             76 
 2 
 -9998.0  ,   -9997.0
 -1535.5  ,   -1201.3
 38 
31.8912 , 41.281
31.9946 , 41.3203
32.0826 , 41.3377
32.155 , 41.3551
32.2429 , 41.3551
32.3257 , 41.3377
32.4343 , 41.3159
32.5222 , 41.3508
32.5946 , 41.3682
32.6619 , 41.3944
32.7136 , 41.4424
32.8015 , 41.4642
32.8739 , 41.4772
32.9412 , 41.5034
33.0343 , 41.547
33.1067 , 41.5732
33.1998 , 41.5557
33.3136 , 41.5601
33.4377 , 41.5688
33.6343 , 41.5819
33.7481 , 41.5993
33.8774 , 41.6037
33.9757 , 41.6386
34.0067 , 41.6953
34.017 , 41.7301
34.0429 , 41.7563
34.0895 , 41.7432
34.1515 , 41.765
34.1515 , 41.765
34.2395 , 41.7694
34.2912 , 41.7301
34.3429 , 41.704
34.4308 , 41.704
34.5032 , 41.6953
34.5808 , 41.6865
34.6326 , 41.6778
34.6791 , 41.6691
34.715	41.654
 1             77 
 3 
 -9998.0  ,   -9997.0
  -653.5  ,    -552.5
  -323.4  ,    -301.4
 13 
31.85597	41.50548
31.8655 , 41.4904
31.8779 , 41.4676
31.881 , 41.4428
31.88 , 41.4159
31.8821 , 41.3931
31.909 , 41.3859
31.9214 , 41.3724
31.9141 , 41.36
31.8924 , 41.3455
31.881 , 41.3248
31.879 , 41.3021
31.8912	41.281
 1             78 
 1 
 -9999.0  ,   -9998.0
 30 
30. , 42.1337
30.0414 , 42.1647
30.1469 , 42.2206
30.2959 , 42.3633
30.4076 , 42.5061
30.5007 , 42.7171
30.6062 , 42.9157
30.7366 , 43.1516
30.8297 , 43.4371
30.898 , 43.7102
30.9787 , 43.9461
31.0531 , 44.1944
31.1276 , 44.4551
31.1897 , 44.7095
31.2766 , 45.
31.3635 , 45.
31.2766 , 44.6909
31.2145 , 44.4302
31.14 , 44.182
31.0655 , 43.9213
30.9911 , 43.6916
30.9166 , 43.4123
30.8297 , 43.1268
30.6931 , 42.8909
30.5814 , 42.6923
30.4821 , 42.4689
30.3518 , 42.3137
30.1718 , 42.1709
30.0662 , 42.1151
30. , 42.0964
 1             79 
 1 
 -9999.0  ,   -9998.0
 31 
30. , 42.0964
30.0458 , 42.1208
30.1708 , 42.1458
30.4208 , 42.2
30.6875 , 42.2542
30.9417 , 42.3208
31.275 , 42.3958
31.575 , 42.4458
31.9208 , 42.5583
32.1667 , 42.6667
32.4833 , 42.7833
32.7333 , 42.9125
32.95 , 43.0375
33.1917 , 43.1708
33.4375 , 43.3333
33.45 , 43.3667
33.4125 , 43.3875
33.1708 , 43.2167
32.9292 , 43.0917
32.7083 , 42.9458
32.4542 , 42.8458
32.15 , 42.7375
31.9083 , 42.6208
31.5583 , 42.5083
31.2667 , 42.45
30.9375 , 42.3792
30.6875 , 42.3125
30.3958 , 42.2417
30.1583 , 42.1917
30.05 , 42.1583
30. , 42.1337
 1             80 
 1 
 -9999.0  ,   -9998.0
 27
33.4917 , 43.4458
33.6958 , 43.5542
33.9625 , 43.6958
34.1542 , 43.8417
34.3667 , 43.9708
34.6167 , 44.0792
34.8958 , 44.2042
35.1583 , 44.3208
35.4292 , 44.4458
35.675 , 44.5708
35.8417 , 44.65
36. , 44.7333
36. , 44.6583
35.8875 , 44.5958
35.7042 , 44.5167
35.4667 , 44.3833
35.1917 , 44.25
34.925 , 44.1458
34.65 , 44.0208
34.3917 , 43.9083
34.1833 , 43.7833
33.975 , 43.6458
33.7333 , 43.5125
33.525 , 43.3875
33.4333 , 43.3333
33.3917 , 43.35
33.4042 , 43.4
 1             81 
 1 
 -9999.0  ,   -9998.0
 29
36. , 40.4458
35.8167 , 40.425
35.6125 , 40.3875
35.4042 , 40.375
35.1833 , 40.3583
34.9083 , 40.3292
34.7333 , 40.3
34.5792 , 40.3083
34.3708 , 40.3083
34.1792 , 40.3208
33.9458 , 40.3167
33.775 , 40.3208
33.7042 , 40.3333
33.6625 , 40.3042
33.65 , 40.2833
33.6875 , 40.2375
33.8042 , 40.2333
33.9542 , 40.2208
34.1708 , 40.225
34.3667 , 40.2
34.5875 , 40.1917
34.6958 , 40.1792
34.8083 , 40.2042
34.9583 , 40.2333
35.1792 , 40.2542
35.4083 , 40.275
35.6292 , 40.2833
35.8542 , 40.3167
36. , 40.3333
 1             82 
 1 
 -9999.0  ,   -9998.0
 15 
33.54 , 40.1592
33.5617 , 40.155
33.5867 , 40.155
33.6067 , 40.1625
33.6308 , 40.1792
33.66 , 40.2033
33.6858 , 40.2375
33.65 , 40.2825
33.635 , 40.2742
33.6 , 40.2633
33.5558 , 40.2392
33.5158 , 40.2117
33.495 , 40.1917
33.4967 , 40.1675
33.5142 , 40.1567
 1             83 
 1 
 -9999.0  ,   -9998.0
 63
30. , 41.4665
30.1252 , 41.4665
30.2994 , 41.4785
30.4856 , 41.4785
30.7139 , 41.4665
31.1583 , 41.4905
31.3806 , 41.5506
31.6028 , 41.7068
31.8551 , 41.8209
32.1014 , 41.899
32.4498 , 42.0071
32.7321 , 42.1332
33.0565 , 42.1873
33.3748 , 42.2413
33.7112 , 42.2534
34.1076 , 42.2473
34.468 , 42.2714
34.8044 , 42.3074
34.8473 , 42.3145
34.9453 , 42.3105
35.0433 , 42.3105
35.1493 , 42.2945
35.2453 , 42.2645
35.3593 , 42.2145
35.4713 , 42.1665
35.5893 , 42.1105
35.6973 , 42.0665
35.8013 , 42.0265
35.8933 , 41.9765
36. , 41.9385
36. , 41.8605
35.9333 , 41.8785
35.8613 , 41.9105
35.7593 , 41.9725
35.6553 , 42.0145
35.5573 , 42.0565
35.4373 , 42.1125
35.3373 , 42.1525
35.2213 , 42.2025
35.1233 , 42.2325
35.0133 , 42.2425
34.8973 , 42.2385
34.8013 , 42.2105
34.7323 , 42.1873
34.486 , 42.1512
34.1497 , 42.1212
33.7412 , 42.1392
33.4229 , 42.1272
33.1165 , 42.0792
32.8042 , 41.9831
32.5159 , 41.899
32.5159 , 41.899
32.1855 , 41.7968
31.9332 , 41.6947
31.6629 , 41.5806
31.4467 , 41.4304
31.2304 , 41.3343
31.0142 , 41.3283
30.7619 , 41.3163
30.5036 , 41.3343
30.3114 , 41.3644
30.1012 , 41.3463
30. , 41.3463
 1             84 
 3 
 -9998.0  ,   -9997.0
  -560.5  ,    -513.8
  -366.8  ,    -301.4
 51 
31.396 , 41.1865
31.4084 , 41.1849
31.421 , 41.1849
31.4335 , 41.1865
31.4456 , 41.1896
31.4573 , 41.1942
31.4683 , 41.2003
31.4785 , 41.2077
31.4876 , 41.2163
31.4956 , 41.2259
31.5024 , 41.2366
31.5077 , 41.2479
31.5116 , 41.2599
31.5139 , 41.2722
31.5147 , 41.2847
31.5139 , 41.2973
31.5116 , 41.3096
31.5077 , 41.3215
31.5024 , 41.3329
31.4956 , 41.3435
31.4876 , 41.3532
 31.48164      41.34934 
 31.4697       41.33495 
 31.4677       41.33503 
 31.45606      41.33547 
 31.44767      41.33261 
 31.43911      41.33181 
 31.41928      41.32184 
 31.40792      41.32436 
 31.40486      41.32378 
 31.39861      41.31717 
 31.39525      41.30811 
 31.39534      41.30056 
 31.39808      41.29633 
 31.4132       41.29092 
 31.41978      41.28561 
 31.42297      41.27883 
 31.42011      41.26839 
 31.42078      41.26495 
 31.42428      41.26298 
 31.41017      41.25184 
 31.40609      41.24536 
 31.40469      41.23875 
 31.40639      41.2325 
 31.41214      41.22792 
 31.41359      41.22259 
 31.41122      41.21489 
 31.40328      41.20489 
 31.388        41.1945 
 31.38422      41.18778 
31.396 , 41.1865
 1             85 
 1 
 -9999.0  ,   -9998.0
 32 
30. , 41.4665
30.0757 , 41.4743
30.1657 , 41.481
30.2607 , 41.476
30.354 , 41.466
30.4507 , 41.4543
30.5724 , 41.441
30.6774 , 41.4293
30.8307 , 41.4143
30.994 , 41.3977
31.104 , 41.3927
31.204 , 41.3843
31.3007 , 41.376
31.3757 , 41.3493
31.4374 , 41.326
31.4574 , 41.2843
31.4374 , 41.2593
31.3707 , 41.2593
31.3407 , 41.276
31.2924 , 41.3127
31.2007 , 41.3243
31.0974 , 41.3427
30.9824 , 41.3543
30.8074 , 41.3693
30.6674 , 41.3777
30.5624 , 41.386
30.4457 , 41.401
30.349 , 41.4177
30.2474 , 41.4227
30.1607 , 41.396
30.064 , 41.3727
30. , 41.3463
 1             86 
 1 
 -9999.0  ,   -9998.0
 19 
31.25 , 40.4708
31.175 , 40.5375
31.0083 , 40.5917
30.8292 , 40.6208
30.6958 , 40.6208
30.55 , 40.6208
30.3958 , 40.6042
30.1792 , 40.575
30. , 40.5875
30. , 40.4292
30.1708 , 40.4125
30.3958 , 40.4292
30.55 , 40.4375
30.7167 , 40.4375
30.8625 , 40.4333
30.9958 , 40.3958
31.1083 , 40.3583
31.1917 , 40.3625
31.2417 , 40.4375
 1             87 
 2 
 -9998.0  ,   -9997.0
  -547.1  ,    -330.5
 299
 32.04811      41.5847 
 32.04861      41.58331 
 32.06011      41.57842 
 32.06064      41.57828 
 32.06964      41.5757 
 32.07517      41.57042 
 32.08353      41.56244 
 32.08561      41.558 
 32.08281      41.55459 
 32.0785       41.54936 
 32.07881      41.54547 
 32.08236      41.54439 
 32.0863       41.54009 
 32.08406      41.52 
 32.07839      41.51383 
 32.07711      41.50931 
 32.08248      41.50011 
 32.07528      41.49425 
 32.07594      41.491 
 32.08481      41.48395 
 32.08797      41.47809 
 32.08825      41.47283 
 32.08833      41.47117 
 32.08514      41.45803 
 32.08786      41.45011 
 32.08464      41.44405 
 32.08836      41.42931 
 32.08856      41.4285 
 32.08303      41.41639 
 32.08214      41.408 
 32.0805       41.39289 
 32.08045      41.38439 
 32.08661      41.37036 
 32.08525      41.34978 
 32.08944      41.32275 
 32.09347      41.31614 
 32.0995       41.31175 
 32.10339      41.31111 
 32.10211      41.31008 
 32.09431      41.30372 
 32.088        41.29347 
 32.08164      41.28986 
 32.07475      41.29086 
 32.0677       41.29006 
 32.05347      41.28314 
 32.0492       41.27875 
 32.0205       41.26147 
 32.00181      41.255 
 31.99661      41.25845 
 31.99275      41.25197 
 31.97381      41.24617 
 31.97056      41.23578 
 31.96075      41.23072 
 31.9595       41.22856 
 31.95936      41.22831 
 31.95917      41.22798 
 31.94392      41.20144 
 31.92645      41.18342 
 31.91281      41.17556 
 31.90011      41.172 
 31.89439      41.16445 
 31.88945      41.15528 
 31.88867      41.14911 
 31.89058      41.14261 
 31.89658      41.13798 
 31.89808      41.13381 
 31.88653      41.12928 
 31.88333      41.11931 
 31.87664      41.11892 
 31.87572      41.12653 
 31.8727       41.13033 
 31.86333      41.13075 
 31.8612       41.12672 
 31.86189      41.1237 
 31.86745      41.12117 
 31.86608      41.11759 
 31.86478      41.11419 
 31.86633      41.11067 
 31.87428      41.10758 
 31.87517      41.10364 
 31.86789      41.09136 
 31.86972      41.08783 
 31.87539      41.08667 
 31.88036      41.08047 
 31.88306      41.08014 
 31.892        41.08639 
 31.89433      41.08147 
 31.89403      41.07733 
 31.89931      41.07528 
 31.89939      41.07231 
 31.89383      41.07095 
 31.89358      41.06775 
 31.89889      41.06589 
 31.89925      41.06267 
 31.88211      41.04442 
 31.87645      41.04144 
 31.86883      41.04064 
 31.86678      41.03931 
 31.86553      41.03847 
 31.85672      41.0327 
 31.84447      41.03025 
 31.83217      41.02347 
 31.82567      41.01758 
 31.83178      41.01453 
 31.84695      41.01525 
 31.85269      41.01936 
 31.85542      41.01948 
 31.85656      41.0185 
 31.85503      41.01422 
 31.86347      41.01017 
 31.86867      41.00694 
 31.87528      41.00644 
 31.8912       41.00917 
 31.9042       41.00536 
 31.9075       41.00134 
 31.90936      40.99392 
 31.91111      40.99314 
 31.91581      40.99545 
 31.91742      40.99264 
 31.91522      40.98792 
 31.91595      40.98559 
 31.92272      40.98711 
 31.92639      40.98375 
 31.92558      40.97322 
 31.92945      40.96872 
 31.95875      40.96878 
 31.97164      40.96383 
 31.97631      40.95972 
 31.98181      40.95489 
 31.97614      40.95195 
 31.95372      40.92361 
 31.95572      40.91459 
 31.95186      40.91153 
 31.95756      40.90717 
 31.95945      40.90164 
 31.96025      40.89925 
 31.95322      40.89908 
 31.94697      40.89892 
 31.92445      40.88872 
 31.88092      40.8792 
 31.87561      40.87692 
 31.86861      40.87061 
 31.862        40.86467 
 31.84334      40.86092 
 31.83814      40.85611 
 31.83536      40.84728 
 31.82584      40.84083 
 31.825        40.83992 
 31.81567      40.82984 
 31.80303      40.82581 
 31.79745      40.81597 
 31.78509      40.80781 
 31.77708      40.80517 
 31.76967      40.79861 
 31.76081      40.78914 
 31.75367      40.78625 
 31.7297       40.76711 
 31.71445      40.76456 
 31.70547      40.76106 
 31.7007       40.75803 
 31.696        40.75506 
 31.68675      40.75223 
 31.67533      40.74372 
 31.66989      40.73967 
 31.66597      40.73114 
 31.65959      40.73025 
 31.65189      40.7237 
 31.64681      40.72164 
 31.64478      40.72081 
 31.63817      40.71261 
 31.63211      40.71217 
 31.62608      40.70761 
 31.61834      40.7075 
 31.61403      40.70744 
 31.58284      40.69981 
 31.57144      40.70028 
 31.56442      40.70311 
 31.55803      40.702 
 31.54608      40.69447 
 31.50145      40.67442 
 31.49984      40.6737 
 31.48158      40.66208 
 31.47239      40.65947 
 31.46553      40.65128 
 31.45358      40.62634 
 31.44786      40.62178 
31.44 , 40.6058
31.4283 , 40.5825
31.42 , 40.5592
31.4283 , 40.5408
31.445 , 40.5158
 31.46492      40.48753 
 31.47031      40.47906 
 31.47472      40.47794 
 31.47686      40.47636 
 31.48783      40.46825 
 31.49781      40.46531 
 31.502        40.46103 
 31.50034      40.45009 
 31.50731      40.4427 
 31.51686      40.44253 
 31.52292      40.43908 
 31.53245      40.43845 
 31.535        40.43653 
 31.53864      40.42859 
 31.54764      40.425 
 31.5662       40.42078 
 31.57092      40.41731 
 31.57645      40.41325 
 31.5787       40.41292 
 31.58503      40.41197 
 31.5965       40.41234 
 31.60361      40.41256 
 31.60784      40.41056 
 31.61317      40.40803 
 31.6135       40.40733 
 31.61708      40.40008 
 31.61456      40.38575 
 31.61786      40.37761 
 31.61595      40.37172 
 31.62022      40.36055 
 31.63995      40.33978 
 31.65464      40.33639 
 31.66395      40.33669 
 31.66933      40.33278 
 31.67942      40.33189 
 31.6815       40.3277 
 31.69553      40.32319 
 31.69881      40.31917 
 31.69642      40.31514 
 31.69708      40.31189 
 31.69225      40.31047 
 31.69097      40.31008 
 31.70417      40.29419 
 31.69775      40.28828 
 31.69511      40.27672 
 31.68989      40.25403 
 31.68395      40.2545 
 31.68036      40.24642 
 31.676        40.24364 
 31.67364      40.24397 
 31.674        40.23661 
 31.66984      40.23267 
 31.66956      40.22909 
 31.66908      40.22239 
 31.66703      40.21881 
 31.67133      40.20811 
 31.66736      40.19864 
 31.66189      40.19317 
 31.65611      40.1792 
 31.65064      40.17372 
 31.65467      40.16758 
 31.65397      40.158 
 31.65097      40.15356 
 31.64184      40.14639 
 31.63911      40.12933 
 31.62347      40.12725 
 31.61992      40.1235 
 31.61572      40.11911 
 31.60403      40.118 
 31.60125      40.1165 
 31.59914      40.11189 
 31.59878      40.11111 
 31.59886      40.11092 
 31.59978      40.10833 
 31.60681      40.10253 
 31.6087       40.10186 
 31.62075      40.09759 
 31.63131      40.09942 
 31.63178      40.09931 
 31.63714      40.09803 
 31.63861      40.09689 
 31.64561      40.09147 
 31.65147      40.09031 
 31.662        40.08344 
 31.66761      40.07472 
31.66689      40.06881
31.66236      40.06375
31.66311      40.06186
31.66631      40.06083
31.67334      40.06303
 31.67636      40.06406 
 31.67975      40.06139 
 31.68036      40.05747 
 31.66992      40.03639 
 31.6715       40.02969 
 31.66406      40.01719 
 31.67222      40.015 
 31.67897      40.01378 
 31.68511      40.01522 
 31.68895      40.01611 
 31.70711      40.02836 
 31.71703      40.02978 
 31.73414      40.04003 
 31.73822      40.03892 
 31.72658      40.02247 
 31.7142       40.01547 
 31.70847      40.00655 
31.7075 , 40
 1             88 
 2 
 -9998.0  ,   -9997.0
  -575.1  ,    -1.0
 32 
33.60975	45
33.6317 , 44.9917
33.665 , 44.98
33.725 , 44.98
33.785 , 44.9817
33.83 , 44.97
33.9 , 44.95
33.9567 , 44.9433
34.0233 , 44.9567
34.08 , 44.97
34.1483 , 44.9733
34.205 , 44.955
34.2617 , 44.9317
34.3 , 44.8983
34.365 , 44.9067
34.4017 , 44.92
34.4583 , 44.9233
34.5167 , 44.9233
34.575 , 44.925
34.625 , 44.9233
34.6733 , 44.9183
34.7517 , 44.9317
34.8017 , 44.9467
34.8617 , 44.9633
34.9383 , 44.9683
35.005 , 44.9633
35.0617 , 44.9583
35.1133 , 44.955
35.1783 , 44.96
35.225 , 44.97
35.28 , 44.9833
35.32095	44.96881 
 1             89 
 2 
 -9998.0  ,   -9997.0
  -546.5  ,    -1.0
 5
35.2911 , 45.
35.2979 , 44.9873
35.3059 , 44.9776
35.315 , 44.969
 35.32095      44.96881 
 1             90 
 1 
 -9999.0  ,   -9998.0
 41
33.4917 , 43.4458
33.6958 , 43.5542
33.9625 , 43.6958
34.1542 , 43.8417
34.3667 , 43.9708
34.6167 , 44.0792
34.8958 , 44.2042
35.1583 , 44.3208
35.4292 , 44.4458
35.4467 , 44.4717
35.4767 , 44.51
35.5017 , 44.5817
35.505 , 44.6717
35.505 , 44.7517
35.4983 , 44.8383
35.4867 , 44.9267
35.465 , 44.9667
35.405 , 45.
35.53 , 45.
35.5517 , 44.9633
35.57 , 44.9167
35.585 , 44.84
35.5867 , 44.7467
35.58 , 44.6667
35.5783 , 44.5767
35.5717 , 44.52
35.5567 , 44.4667
35.53 , 44.4333
35.5017 , 44.4017
35.4667 , 44.3833
35.1917 , 44.25
34.925 , 44.1458
34.65 , 44.0208
34.3917 , 43.9083
34.1833 , 43.7833
33.975 , 43.6458
33.7333 , 43.5125
33.525 , 43.3875
33.4333 , 43.3333
33.3917 , 43.35
33.4042 , 43.4
 1             91 
 1 
 -9999.0  ,   -9998.0
 32 
30. , 41.4665
30.0757 , 41.4743
30.1657 , 41.481
30.2607 , 41.476
30.354 , 41.466
30.4507 , 41.4543
30.5724 , 41.441
30.6774 , 41.4293
30.8307 , 41.4143
30.994 , 41.3977
31.0696 , 41.3858
31.1596 , 41.3475
31.243 , 41.3025
31.308 , 41.2642
31.3646 , 41.2292
31.3946 , 41.1942
31.3813 , 41.1692
31.3396 , 41.1725
31.2813 , 41.2158
31.1996 , 41.2658
31.133 , 41.3192
31.0546 , 41.3458
30.9824 , 41.3543
30.8074 , 41.3693
30.6674 , 41.3777
30.5624 , 41.386
30.4457 , 41.401
30.349 , 41.3995
30.2474 , 41.4008
30.1607 , 41.396
30.064 , 41.3727
30. , 41.3463
 1             92
 1 
 -9999.0  ,   -9998.0
 43
35.0867 , 41.971
35.0567 , 42.0191
35.0266 , 42.1152
34.9486 , 42.1753
34.7323 , 42.1873
34.486 , 42.1512
34.1497 , 42.1212
33.7412 , 42.1392
33.4229 , 42.1272
33.1165 , 42.0792
32.8042 , 41.9831
32.5159 , 41.899
32.5159 , 41.899
32.1855 , 41.7968
31.9332 , 41.6947
31.6629 , 41.5806
31.4467 , 41.4304
31.446 , 41.4045
31.4293 , 41.3645
31.4293 , 41.3295
31.4443 , 41.2961
31.4427 , 41.2661
31.371 , 41.2545
31.3343 , 41.2828
31.2927 , 41.3545
31.2827 , 41.4278
31.311 , 41.4961
31.3806 , 41.5506
31.6028 , 41.7068
31.8551 , 41.8209
32.1014 , 41.899
32.4498 , 42.0071
32.7321 , 42.1332
33.0565 , 42.1873
33.3748 , 42.2413
33.7112 , 42.2534
34.1076 , 42.2473
34.468 , 42.2714
34.8044 , 42.3074
35.0447 , 42.3014
35.1107 , 42.2173
35.1288 , 42.1032
35.1468 , 42.0071
 1             93
 1 
 -9999.0  ,   -9998.0
 21 
31.4027 , 41.2745
31.3502 , 41.2145
31.2427 , 41.1795
31.1252 , 41.1645
30.9727 , 41.1495
30.7952 , 41.1445
30.6852 , 41.177
30.5302 , 41.197
30.3877 , 41.212
30.3427 , 41.1645
30.2852 , 41.177
30.2702 , 41.247
30.3377 , 41.287
30.5177 , 41.277
30.6852 , 41.2595
30.9602 , 41.2195
31.1127 , 41.2245
31.2277 , 41.2495
31.3077 , 41.287
31.3552 , 41.3095
31.4177 , 41.317
 1             94
 1 
 -9999.0  ,   -9998.0
 41
31.4177 , 41.272
31.4327 , 41.2445
31.4327 , 41.197
31.3727 , 41.1445
31.2702 , 41.102
31.1552 , 41.0795
31.0277 , 41.067
30.9177 , 41.067
30.7877 , 41.067
30.7052 , 41.0945
30.6152 , 41.1195
30.5177 , 41.1395
30.4102 , 41.1545
30.3602 , 41.1895
30.2927 , 41.192
30.2527 , 41.1645
30.1827 , 41.132
30.1052 , 41.1295
30.0427 , 41.1245
30. , 41.1295
30. , 41.0495
30.0827 , 41.042
30.1452 , 41.052
30.2502 , 41.077
30.3027 , 41.1145
30.3502 , 41.1295
30.4077 , 41.102
30.5127 , 41.0895
30.6277 , 41.0595
30.7077 , 41.047
30.8077 , 41.0295
30.9202 , 41.0145
31.0452 , 41.012
31.1677 , 41.0295
31.3052 , 41.0445
31.4027 , 41.0795
31.4527 , 41.1245
31.4902 , 41.1895
31.4802 , 41.257
31.4602 , 41.3045
31.4252 , 41.322
 1             95
 1 
 -9999.0  ,   -9998.0
 4
30. , 40.8458
30.0542 , 40.7875
30.0417 , 40.7
30. , 40.6542
 1             96
 1 
 -9999.0  ,   -9998.0
 39 
33.725 , 40.25
33.6708 , 40.3917
33.6208 , 40.5458
33.5542 , 40.7292
33.5083 , 40.8917
33.5208 , 41.
33.575 , 41.1458
33.6667 , 41.2542
33.8333 , 41.4
34.0042 , 41.4875
34.2208 , 41.6292
34.375 , 41.6917
34.5417 , 41.7667
34.6917 , 41.8542
34.8167 , 41.9333
34.925 , 41.9792
35.0167 , 42.0417
35.0583 , 42.0333
35.125 , 42.025
35.075 , 41.9583
34.9917 , 41.8292
34.775 , 41.7292
34.6125 , 41.625
34.4125 , 41.55
34.275 , 41.4917
34.1208 , 41.4
34.0125 , 41.3333
33.8333 , 41.1917
33.7542 , 41.1042
33.7 , 41.0167
33.6958 , 40.8833
33.6958 , 40.8833
33.6958 , 40.8833
33.7083 , 40.7667
33.8167 , 40.6
33.8333 , 40.4167
33.8917 , 40.3208
33.8792 , 40.225
33.8167 , 40.2
 1             97
 1 
 -9999.0  ,   -9998.0
 27 
31.5767 , 40.1708
31.7308 , 40.2167
31.885 , 40.2292
32.0558 , 40.2708
32.1767 , 40.3125
32.335 , 40.3958
32.4933 , 40.5
32.61 , 40.6417
32.7267 , 40.7792
32.86 , 40.85
33.035 , 40.95
33.1892 , 40.9958
33.335 , 40.9792
33.3517 , 40.8958
33.2767 , 40.8458
33.1267 , 40.7917
32.9392 , 40.6958
32.7933 , 40.6417
32.6892 , 40.5208
32.5558 , 40.4083
32.36 , 40.2667
32.2183 , 40.1708
32.0808 , 40.1208
31.8892 , 40.075
31.7517 , 40.0625
31.5808 , 40.0542
31.5392 , 40.1292
 1             98
 1 
 -9999.0  ,   -9998.0
 38 
31.4536 , 41.3004
31.4286 , 41.3504
31.4286 , 41.4463
31.4536 , 41.5421
31.5203 , 41.6963
31.6286 , 41.8379
31.7703 , 41.9921
31.9203 , 42.1213
32.0953 , 42.2421
32.2619 , 42.3754
32.4786 , 42.5088
32.6828 , 42.6629
32.8869 , 42.8462
33.0536 , 42.9796
33.2203 , 43.1254
33.3286 , 43.2296
33.4078 , 43.3171
33.4453 , 43.3421
33.4453 , 43.3838
33.4078 , 43.3921
33.3494 , 43.3504
33.2786 , 43.2754
33.1578 , 43.1713
33.0119 , 43.0254
32.8328 , 42.8796
32.6494 , 42.7004
32.4453 , 42.5588
32.2203 , 42.4213
32.0578 , 42.3171
31.8869 , 42.1838
31.7369 , 42.0671
31.5869 , 41.8962
31.4578 , 41.7421
31.3619 , 41.5588
31.3453 , 41.4338
31.3619 , 41.3254
31.4161 , 41.2712
31.4578 , 41.2879
 1             99
 3 
 -9998.0  ,   -9997.0
  -323.4  ,    -289.5
  -281.6  ,    -1.0
 5 
31.2395	40.6357
31.2038 , 40.6238
31.121 , 40.6217
31.0052 , 40.6135
 30.9266	40.6238
 1             100
 2 
 -9998.0  ,   -9997.0
  -323.4  ,    -301.4
 22 
31.8912	41.281
31.9372 , 41.2455
32.0459 , 41.1835
32.139 , 41.1731
32.3303 , 41.0904
32.5269 , 41.0179
32.7234 , 40.9145
32.7493 , 40.8007
32.5941 , 40.6559
32.5114 , 40.6041
32.4441 , 40.511
32.4545 , 40.4231
32.501 , 40.3559
32.62 , 40.2938
32.8217 , 40.2214
32.9666 , 40.2369
33.1166 , 40.211
33.1683 , 40.1748
33.22 , 40.1231
33.2459 , 40.0766
33.2459 , 40.0248
33.2138	40
 1             101
 1 
 -9999.0  ,   -9998.0
 28
32.9759 , 40.
32.7897 , 40.081
32.5569 , 40.1535
32.3552 , 40.1948
32.2 , 40.2259
31.9776 , 40.2569
31.8121 , 40.2724
31.6 , 40.2207
31.3724 , 40.2362
31.0776 , 40.2362
30.8552 , 40.2724
30.5965 , 40.2672
30.3948 , 40.3086
30.2448 , 40.3138
30.1879 , 40.2828
30.1828 , 40.2207
30.2552 , 40.1741
30.4155 , 40.169
30.6121 , 40.1431
30.85 , 40.1431
31.0621 , 40.1379
31.3465 , 40.1431
31.6052 , 40.1069
31.8379 , 40.1535
31.9724 , 40.1535
32.1845 , 40.1069
32.3293 , 40.0603
32.5052 , 40.
 1             102
 1 
 -9999.0  ,   -9998.0
 9
30.2638 , 40.3121
30.1552 , 40.3121
30. , 40.3172
30. , 40.2138
30.1448 , 40.1931
30.2741 , 40.1828
30.2741 , 40.1828
30.3052 , 40.2448
30.2948 , 40.2707
 1             103
 1 
 -9999.0  ,   -9998.0
 7
30.1046 , 40.7599
30. , 40.7868
30. , 40.853
30.088 , 40.8571
30.1708 , 40.8447
30.1956 , 40.8034
30.1811 , 40.7599
 1             104
 1 
 -9999.0  ,   -9998.0
 43
32.9759 , 40.
32.8576 , 40.0759
32.7334 , 40.1121
32.5731 , 40.1793
32.4076 , 40.2569
32.2472 , 40.381
32.1334 , 40.5155
32.0041 , 40.681
31.8955 , 40.8621
31.8076 , 40.981
31.7197 , 41.1104
31.6265 , 41.1828
31.5179 , 41.2397
31.4352 , 41.1931
31.3731 , 41.1259
31.2024 , 41.0741
30.8817 , 41.0586
30.6645 , 41.0741
30.5352 , 41.1104
30.3645 , 41.0948
30.1938 , 41.0948
30.0955 , 41.0948
30. , 41.0948
30. , 40.9345
30.1731 , 40.9241
30.3593 , 40.9397
30.5197 , 40.9552
30.6748 , 40.9138
30.83 , 40.8879
31.0162 , 40.8879
31.1766 , 40.8983
31.3214 , 40.9448
31.4403 , 41.0017
31.5386 , 41.0483
31.6265 , 40.9862
31.6938 , 40.8621
31.7817 , 40.6966
31.8334 , 40.5517
31.9679 , 40.4379
32.0869 , 40.2983
32.2472 , 40.1535
32.4179 , 40.0707
32.5052 , 40.
 1             105
 1 
 -9999.0  ,   -9998.0
 16
30. , 40.3172
30.0472 , 40.3126
30.1196 , 40.2981
30.2024 , 40.2381
30.2665 , 40.1843
30.3368 , 40.1388
30.43 , 40.0891
30.4982 , 40.0457
30.5334 , 40.
30.432 , 40.
30.3513 , 40.0436
30.2913 , 40.0829
30.1982 , 40.1326
30.1382 , 40.1822
30.0596 , 40.2174
30. , 40.2138
 1             106
 1 
 -9999.0  ,   -9998.0
 33 
30.4438 , 40.12
30.5028 , 40.2224
30.6641 , 40.3683
30.8224 , 40.4738
31.0428 , 40.5855
31.1731 , 40.66
31.3159 , 40.7283
31.4214 , 40.8152
31.4586 , 40.9238
31.4617 , 41.0293
31.4555 , 41.1255
31.4307 , 41.2093
31.4183 , 41.2559
31.4214 , 41.3024
31.4462 , 41.321
31.499 , 41.3272
31.5362 , 41.2435
31.5486 , 41.1659
31.5703 , 41.0883
31.5921 , 40.9859
31.5703 , 40.8772
31.5145 , 40.7252
31.4245 , 40.6166
31.2103 , 40.5514
31.0831 , 40.5048
30.9621 , 40.4583
30.8659 , 40.3745
30.7852 , 40.3217
30.7262 , 40.2472
30.6207 , 40.1697
30.5586 , 40.0797
30.5183 , 40.0362
30.45 , 40.0579
 1             107
 1 
 -9999.0  ,   -9998.0
 20 
31.3972 , 41.3093
31.4148 , 41.3186
31.4407 , 41.3259
31.4707 , 41.3331
31.4934 , 41.3435
31.5214 , 41.3538
31.5628 , 41.3507
31.5897 , 41.3228
31.5938 , 41.2814
31.5876 , 41.2328
31.5648 , 41.1955
31.5152 , 41.1759
31.4666 , 41.1697
31.4334 , 41.1728
31.4138 , 41.1976
31.4159 , 41.2245
31.4107 , 41.2431
31.4221 , 41.2576
31.4324 , 41.271
31.4159 , 41.2866
 1             108
 1 
 -9999.0  ,   -9998.0
 23
30. , 40.4504
30.1059 , 40.5228
30.3024 , 40.5952
30.4731 , 40.6624
30.6903 , 40.7607
30.9386 , 40.8693
31.0834 , 40.9624
31.2697 , 41.071
31.3834 , 41.1745
31.4093 , 41.2624
31.4817 , 41.2779
31.5334 , 41.2107
31.5231 , 41.1745
31.4197 , 41.0659
31.3162 , 40.9624
31.1765 , 40.8952
31.0162 , 40.8331
30.8352 , 40.7452
30.6903 , 40.6728
30.5403 , 40.5797
30.3541 , 40.4917
30.1317 , 40.4193
30. , 40.3159
 1             109
 1 
 -9999.0  ,   -9998.0
 20
31.5662 , 41.3545
31.6159 , 41.2366
31.709 , 41.0441
31.7897 , 40.8766
31.8579 , 40.7028
31.9014 , 40.5104
31.951 , 40.349
31.9883 , 40.1876
32.0193 , 40.
31.8331 , 40.
31.7834 , 40.1628
31.7648 , 40.349
31.7276 , 40.4979
31.709 , 40.6655
31.6097 , 40.889
31.5352 , 41.0317
31.4855 , 41.1248
31.411 , 41.2055
31.4483 , 41.2862
31.5041 , 41.3359
 1             110
 2 
 -9998.0  ,   -9997.0
  -301.4  ,    -1.0
 18 
33.66103, 40.3342
33.7155 , 40.2948
33.7672 , 40.2586
33.8552 , 40.2276
33.9586 , 40.2069
34.0155 , 40.1862
34.0931 , 40.1862
34.2017 , 40.181
34.3414 , 40.2172
34.481 , 40.2328
34.5379 , 40.2483
34.6155 , 40.2948
34.7138 , 40.2948
34.8172 , 40.3155
34.9517 , 40.3052
35.0759 , 40.2793
35.1483 , 40.2638
 35.2466	40.2224
 1             111 
 3 
 -9998.0  ,   -9997.0
 -1950.5  ,   -1200.4
  -637.5  ,    -1.0
 149 
  33.66103	40.3342	
 33.66509      40.33556 	
 33.67589      40.33878 
 33.70447      40.34 
 33.74064      40.33684 
 33.75322      40.33125 
 33.78428      40.33045 
 33.7878       40.33253 
 33.79381      40.34108 
 33.79817      40.34289 
 33.80756      40.34092 
 33.81283      40.34264 
 33.81625      40.34483 
 33.82536      40.35058 
 33.83372      40.3505 
 33.85439      40.35608 
 33.85936      40.35486 
 33.86995      40.36153 
 33.87747      40.35897 
 33.88367      40.35814 
 33.8892       40.35939 
 33.90484      40.36828 
 33.91228      40.37053 
 33.91611      40.37006 
 33.92103      40.36561 
 33.93872      40.36311 
 33.94325      40.358 
 33.95178      40.35653 
 33.95492      40.3522 
 33.96756      40.35828 
 33.97675      40.3547 
 33.97681      40.35472 
 33.98292      40.35669 
 33.98389      40.357 
 33.99939      40.36725 
 34.00517      40.37628 
 34.01775      40.39245 	
 34.02659      40.39922 	
 34.03186      40.40622 	
 34.03753      40.40883 	
 34.03878      40.4105 	
 34.03967      40.41169 	
 34.0395       40.41336 	
 34.03925      40.41606 	
 34.03239      40.42181 	
 34.03403      40.42584 	
 34.042        40.42814 	
 34.043        40.42845 	
 34.04881      40.43197 	
 34.06586      40.44786 
 34.07095      40.4505 
 34.08039      40.45172 
 34.08825      40.45764 
 34.10747      40.48211 
 34.11186      40.48364 
 34.12336      40.48197 
 34.13414      40.48425 
 34.14444      40.47714 
 34.15453      40.48681 
 34.15894      40.48858 
 34.16761      40.491 	
 34.19078      40.49131 	
 34.20517      40.49378 	
 34.21386      40.49367 	
 34.22136      40.49089 	
 34.23161      40.48331 	
 34.23919      40.48142 	
 34.2475       40.48317 	
 34.25317      40.48806 	
 34.25544      40.49756 	
 34.25914      40.50372 	
 34.274        40.50481 	
 34.27958      40.5065 	
 34.287        40.51359 	
 34.312        40.51672 	
 34.32578      40.52428 	
 34.33164      40.5255 	
 34.33864      40.52617 
 34.34767      40.5212 
 34.35339      40.52378 
 34.36861      40.54642 
 34.37367      40.55111 
 34.39339      40.55781 
 34.41923      40.57306 
 34.42728      40.57503 
 34.44019      40.57231 
 34.46075      40.58353 
 34.46486      40.5847 
 34.48161      40.58944 
 34.48428      40.59683 
 34.49303      40.6022 
 34.49731      40.60789 
34.49831      40.61125
34.51383      40.62028
34.51961      40.62081
 34.52319      40.62056 	
 34.5335       40.60606 	
 34.53831      40.60595 	
 34.54967      40.61275 	
 34.56419      40.62367
 34.57478      40.62409 
 34.57919      40.62561 
 34.58542      40.63736 	
 34.58836      40.63945 	
 34.59403      40.63906 	
 34.60095      40.64386 	
 34.60456      40.64383 	
 34.613        40.63911 	
 34.62398      40.63764 	
 34.62897      40.63914 	
 34.63331      40.6425 	
 34.63886      40.65161 	
 34.64003      40.65353 	
 34.6535       40.65534 	
 34.66095      40.65964 	
  34.66517      40.66461 	
 34.66753      40.67408 	
 34.67186      40.67747 	
 34.68995      40.68492 	
 34.69653      40.68217 	
 34.69981      40.69181 	
 34.70733      40.69656 	
 34.7142       40.69858 	
 34.72206      40.69872 	
 34.72375      40.70022 	
 34.72125      40.71947 	
 34.72434      40.72728 	
 34.73231      40.73592 	
 34.734        40.73725 	
 34.74936      40.74942 	
 34.76347      40.74886 	
 34.76639      40.7505 	
 34.77109      40.75681 	
 34.77089      40.76259 	
 34.77284      40.76611 	
 34.78394      40.76808 	
 34.78994      40.77522 	
 34.7967       40.77614 	
 34.80125      40.78614 	
 34.82173      40.80767 	
 34.82533      40.80992 	
 34.82995      40.8095 	
 34.83531      40.80903 	
 34.83786      40.80881 	
 34.84295      40.81325 	
 34.84747      40.81856 	
 34.861        40.83447 	
 34.86089      40.83608 	
  34.86467	40.84456 
 1             112
 2 
 -9998.0  ,   -9997.0
  -301.4  ,    -1.0
 17 
 31.8912	41.281
31.9316 , 41.3076
31.9937 , 41.3335
32.092 , 41.3593
32.2161 , 41.3955
32.273 , 41.4369
32.3816 , 41.5093
32.4851 , 41.5145
32.6247 , 41.5714
32.7489 , 41.6024
32.8264 , 41.649
32.9299 , 41.6852
33.0333 , 41.7059
33.1575 , 41.8145
33.204 , 41.8869
33.3023 , 41.9748
33.33942	42.02536 
 1             113 
 2 
 -9998.0  ,   -9997.0
  -301.4  ,    -1.0
 29 
 30.8605	41.08159
30.8597 , 41.0679
30.8597 , 41.0679
30.8534 , 41.0472
30.8452 , 41.0245
30.8328 , 41.0038
30.8245 , 40.9821
30.8193 , 40.9624
30.8162 , 40.9428
30.8121 , 40.921
30.8203 , 40.9045
30.8462 , 40.9024
30.8669 , 40.8921
30.8897 , 40.8838
30.9145 , 40.8693
30.9362 , 40.8528
30.9507 , 40.8321
30.959 , 40.8155
30.961 , 40.7979
30.9517 , 40.7886
30.9134 , 40.7804
30.8741 , 40.7731
30.8452 , 40.7597
30.839 , 40.7369
30.8452 , 40.7152
30.8601 , 40.6909
30.887 , 40.6723
30.9119 , 40.6454
 30.9266	40.6238
 1             114
 2 
 -9998.0  ,   -9997.0
  -323.4  ,    -323.4
 17 
 30.9266	40.6238
30.8541 , 40.6197
30.7548 , 40.6135
30.699 , 40.6383
30.641 , 40.6879
30.6059 , 40.7707
30.6038 , 40.8286
30.5914 , 40.9031
30.579 , 40.9486
30.5355 , 40.9631
30.4776 , 40.9486
30.3948 , 40.9052
30.31 , 40.8845
30.219 , 40.8514
30.13 , 40.8183
30.0597 , 40.81
30	40.7941
 1             115 
 2 
 -9998.0  ,   -9997.0
  -301.4  ,    -301.4
 15 
 30.9266	40.6238
30.8814 , 40.62
30.8234 , 40.6179
30.751 , 40.6159
30.6766 , 40.6138
30.5731 , 40.62
30.4655 , 40.651
30.3724 , 40.6676
30.2834 , 40.6862
30.2028 , 40.7069
30.1303 , 40.7193
30.089 , 40.7545
30.0517 , 40.7814
30.0166 , 40.7917
30	40.7941
 1             116 
 2 
 -9998.0  ,   -9997.0
  -301.4  ,    -1.0
 34 
33.45328	40
33.401 , 40.0197
33.3421 , 40.0321
33.2583 , 40.1438
33.2024 , 40.2214
33.1217 , 40.2648
33.1031 , 40.3207
33.1093 , 40.4169
33.1 , 40.4635
33.0659 , 40.4821
33.0069 , 40.4945
32.8952 , 40.5441
32.8269 , 40.6031
32.7959 , 40.6248
32.8207 , 40.6466
32.8331 , 40.6776
32.6903 , 40.7521
32.6407 , 40.7583
32.5941 , 40.7397
32.56 , 40.7459
32.5228 , 40.7645
32.4824 , 40.7893
32.411 , 40.8172
32.3583 , 40.8421
32.2931 , 40.8421
32.2124 , 40.8483
32.1907 , 40.8979
32.1503 , 40.9414
32.1193 , 41.0159
32.0728 , 41.1214
32.0231 , 41.171
31.9579 , 41.2331
31.9207 , 41.261
 31.8912	41.281
 1             117 
 2 
 -9998.0  ,   -9997.0
  -286.5  ,    -281.3
 5 
35.53339	41.29278
35.5582 , 41.2537
35.5944 , 41.1968
35.6409 , 41.1451
 35.6616	41.0675
 1             118
 3 
 -9998.0  ,   -9997.0
 -1775.5  ,   -1200.4
  -637.5  ,    -1.0
 33 
  35.53339	41.29278 
 35.54742      41.29511 
 35.55192      41.30092 
 35.55234      41.30509 
 35.56275      41.31222 
 35.56447      41.31556 
 35.55664      41.32261 
 35.55675      41.32425 
 35.5665       41.3242 
 35.583        41.329 
 35.58767      41.32564 
 35.59031      41.3265 
 35.59372      41.33109 
 35.59131      41.33597 
 35.5945       41.34264 
 35.59856      41.34428 
 35.60822      41.34242 
 35.6245       41.349 
 35.63553      41.34947 
 35.64331      41.34981 
 35.65203      41.35614 
 35.66572      41.35359 
 35.721        41.35769 
 35.73014      41.36314 
 35.73961      41.36536 
 35.75125      41.37281 
 35.76264      41.37192 
 35.77508      41.37781 
 35.78103      41.37889 
 35.78936      41.37806 
 35.79725      41.37306 
 35.80253      41.37225 
 35.80778      41.37348 
 1             119 
 3 
 -9998.0  ,   -9997.0
 -1950.5  ,   -1200.4
  -637.5  ,    -1.0
 62 
  34.86467	40.84456 
 34.8655       40.8537 
 34.86036      40.86347 
 34.86031      40.86786 
 34.86334      40.8727 
 34.86195      40.876 
 34.8452       40.87997 
 34.83803      40.87819 
 34.83667      40.88197 
 34.84572      40.89647 
 34.85564      40.89831 
 34.86086      40.90389 
 34.85914      40.907 
 34.85122      40.90897 
 34.84986      40.91756 
 34.853        40.92561 
 34.8445       40.93264 
 34.84386      40.93731 
 34.84694      40.94259 
 34.84075      40.95131 	
 34.83534      40.96367 	
 34.83795      40.96761 	
 34.83614      40.97025 	
 34.82906      40.9717 	
 34.80464      40.97253 	
 34.8027       40.97322 	
 34.80111      40.97381 	
 34.80042      40.97406 	
 34.78842      40.97839 	
 34.78175      40.98084 	
 34.76425      40.99378 	
 34.76011      40.99453 	
 34.74833      40.98986 	
 34.73764      40.99156 	
 34.7237       40.98886 	
 34.70258      40.98231 	
 34.69656      40.9825 	
 34.68628      40.98528 	
 34.66461      40.99117 	
 34.65922      40.99408 	
 34.6532       41.00186 	
 34.64597      41.00706 	
 34.62589      41.01642 	
 34.61917      41.02861 	
 34.61094      41.03078 	
 34.6017       41.03695 	
 34.594        41.03839 	
 34.58914      41.04586 	
 34.56856      41.05625 	
 34.55134      41.06159 	
 34.54936      41.06361 	
 34.54495      41.06822 	
 34.54         41.07339 	
 34.51522      41.08175 	
 34.50075      41.07978 	
 34.48981      41.07178 	
 34.47033      41.07381 	
 34.46453      41.08109 	
 34.43858      41.09253 	
 34.43345      41.09872 	
 34.43195      41.10056 	
 34.41739      41.11072 	
 1             120 
 2 
 -9998.0  ,   -9997.0
  -285.5  ,    -281.3
 5 
 35.6616	41.0675
35.6821 , 41.0032
35.7027 , 40.9204
35.7183 , 40.786
 35.7183	40.6463
 1             121 
 2 
 -9998.0  ,   -9997.0
  -286.5  ,    -285.5
 8 
 35.6616	41.0675
35.6254 , 41.0158
35.5323 , 40.9227
35.3616 , 40.8503
35.1858 , 40.8296
35.0202 , 40.8192
34.9116 , 40.8348
34.86467	40.84456
 1             122
 2 
 -9998.0  ,   -9997.0
  -301.4  ,    -1.0
 4 
 35.2466	40.2224
35.2672 , 40.1604
35.2931 , 40.0879
 35.3262	40
 1             123
 2 
 -9998.0  ,   -9997.0
  -323.4  ,    -1.0
 17
30.	40.6335
30.0495 , 40.617
30.093 , 40.5963
30.1488 , 40.5839
30.2047 , 40.5777
30.2564 , 40.5777
30.3288 , 40.5797
30.3888 , 40.5714
30.4426 , 40.5756
30.513 , 40.588
30.5771 , 40.6004
30.6475 , 40.6087
30.7116 , 40.6108
30.7716 , 40.6149
30.8378 , 40.6211
30.8875 , 40.6211
30.9266	40.6238
 1             124
 2 
 -9998.0  ,   -9997.0
  -284.5  ,    -281.3
 14
 35.7183	40.6463
35.7983 , 40.6083
35.9069 , 40.5359
35.9638 , 40.4531
35.9897 , 40.4117
35.9638 , 40.3962
35.9224 , 40.3652
35.9069 , 40.3083
35.8552 , 40.2359
35.8241 , 40.1686
35.7776 , 40.1272
35.7 , 40.0807
35.6172 , 40.0393
 35.55	40.
 1             125 
 2 
 -9998.0  ,   -9997.0
  -285.5  ,    -284.5
 6 
 35.7183	40.6463
35.6355 , 40.517
35.5269 , 40.3825
35.3976 , 40.3256
35.2993 , 40.248
 35.2466	40.2224
 1             126 
 1 
 -9999.0  ,   -9998.0
 28 
32.9359 , 40.2193
33.1428 , 40.2814
33.3134 , 40.3072
33.5462 , 40.359
33.7376 , 40.3952
33.8721 , 40.3952
34.0117 , 40.3538
34.1772 , 40.3228
34.3841 , 40.3228
34.5497 , 40.3641
34.7824 , 40.4624
34.9221 , 40.5348
34.9686 , 40.6021
34.9428 , 40.6486
34.8497 , 40.659
34.7566 , 40.6383
34.5341 , 40.5814
34.3428 , 40.4831
34.1566 , 40.4935
33.9548 , 40.5452
33.7583 , 40.5555
33.5876 , 40.5348
33.3652 , 40.4831
33.2203 , 40.4159
33.0755 , 40.4055
32.9255 , 40.3848
32.8428 , 40.3176
32.8531 , 40.2504
 1             127
 1 
 -9999.0  ,   -9998.0
 20 
30.6255 , 40.3441
30.579 , 40.4424
30.5169 , 40.5821
30.429 , 40.6855
30.3669 , 40.7786
30.3669 , 40.7786
30.2738 , 40.8614
30.191 , 40.8976
30.1445 , 40.9286
30.1652 , 41.0062
30.2428 , 41.0321
30.3514 , 41.0062
30.4497 , 40.939
30.5479 , 40.8148
30.5738 , 40.6959
30.641 , 40.6286
30.7238 , 40.5459
30.8014 , 40.3803
30.8066 , 40.3079
30.6617 , 40.2821
 1             128
 1 
 -9999.0  ,   -9998.0
 11 
30.2014 , 41.1148
30.2893 , 41.1148
30.3721 , 41.0631
30.4134 , 40.9907
30.429 , 40.9079
30.4083 , 40.8562
30.3566 , 40.8304
30.2997 , 40.8304
30.1031 , 40.8562
30.0359 , 41.001
30.1134 , 41.0786
 1             129
 1 
 -9999.0  ,   -9998.0
 20
30. , 40.2138
30.1448 , 40.1931
30.2741 , 40.1828
30.2552 , 40.1741
30.4155 , 40.169
30.6121 , 40.1431
30.85 , 40.1431
31.0621 , 40.1379
31.3465 , 40.1431
31.3887 , 40.1715
31.3908 , 40.2025
31.3724 , 40.2362
31.0776 , 40.2362
30.8552 , 40.2724
30.5965 , 40.2672
30.3948 , 40.3086
30.2448 , 40.3138
30.2638 , 40.3121
30.1552 , 40.3121
30. , 40.3172
 1             130
 1 
 -9999.0  ,   -9998.0
 29 
31.3611 , 40.2484
31.4542 , 40.2608
31.6187 , 40.2794
31.7522 , 40.3043
31.9043 , 40.3167
32.0718 , 40.3198
32.258 , 40.3167
32.3698 , 40.2888
32.5063 , 40.2608
32.6087 , 40.2391
32.7267 , 40.2143
32.8198 , 40.1988
32.8632 , 40.1615
32.8508 , 40.1088
32.7918 , 40.0839
32.6956 , 40.0808
32.5839 , 40.115
32.4784 , 40.1522
32.3511 , 40.1739
32.2394 , 40.2112
32.1122 , 40.2267
31.9074 , 40.2174
31.7677 , 40.2019
31.628 , 40.177
31.4822 , 40.1584
31.386 , 40.1522
31.3332 , 40.1491
31.3022 , 40.1832
31.3115 , 40.2267
 1             131
 1 
 -9999.0  ,   -9998.0
 18
32.828 , 40.2008
32.9025 , 40.1915
33.0205 , 40.1605
33.1849 , 40.1357
33.3525 , 40.1419
33.4984 , 40.1326
33.6008 , 40.0953
33.7343 , 40.0612
33.8708 , 40.
33.5263 , 40.
33.4487 , 40.0146
33.3494 , 40.0488
33.1756 , 40.0363
33.0111 , 40.0488
32.887 , 40.0767
32.7411 , 40.086
32.7101 , 40.1326
32.7411 , 40.2039
 1             132
 1 
 -9999.0  ,   -9998.0
 6
33.2711 , 40.
33.1574 , 40.0943
32.9556 , 40.1201
32.7798 , 40.1253
32.6453 , 40.0787
32.5729 , 40.
 1             133
 1 
 -9999.0  ,   -9998.0
 8
34.5901 , 40.
34.497 , 40.0891
34.3574 , 40.1305
34.1711 , 40.1512
34.0108 , 40.1356
33.8608 , 40.1098
33.7832 , 40.0425
33.7574 , 40.
