 92
 1             1 
 2 
 -9998.0  ,   -9997.0
  1999.0  ,    9990.0
 283 
 40.01025      43.38325 
 40.01022      43.39537 
 40.01019      43.40306 
 40.01019      43.40564 
 40.01014      43.42406 
 40.02706      43.44023 
 40.02775      43.44089 
 40.02892      43.44247 
 40.03034      43.44481 
 40.03281      43.44886 
 40.03456      43.45106 
 40.04222      43.47578 
 40.04522      43.47898 
 40.04525      43.479 
 40.05231      43.48653 
 40.05603      43.4905 
 40.0595       43.49967 
 40.06244      43.50722 
 40.08867      43.52397 
 40.09042      43.52508 
 40.09281      43.53023 
 40.09133      43.54011 
 40.09053      43.54553 
 40.0907       43.54636 
 40.09231      43.5545 
 40.09347      43.55642 
 40.09372      43.55684 
 40.09756      43.56311 
 40.10309      43.56647 
 40.11642      43.56403 
 40.12745      43.56409 
 40.13472      43.56636 
 40.14531      43.5697 
 40.14706      43.57025 
 40.14953      43.57103 
 40.16173      43.57486 
 40.1635       43.57542 
 40.16358      43.57545 
 40.16617      43.57589 
 40.17         43.57703 
 40.17297      43.57703 
 40.17305      43.57703 
 40.18453      43.57695 
 40.18456      43.57695 
 40.19259      43.57492 
 40.19333      43.57472 
 40.19531      43.57423 
 40.20261      43.57461 
 40.20314      43.57464 
 40.23764      43.58575 
 40.25225      43.58625 
 40.25967      43.5865 
 40.26789      43.58578 
 40.27208      43.58337 
 40.2782       43.57622 
 40.27822      43.5762 
 40.2827       43.571 
 40.28917      43.56747 
 40.29061      43.56761 
 40.2992       43.56717 
 40.30492      43.56931 
 40.30556      43.56939 
 40.3132       43.56703 
 40.32583      43.55886 
 40.33522      43.55264 
 40.34461      43.554 
 40.35558      43.55542 
 40.36384      43.55353 
 40.37475      43.54898 
 40.38172      43.54798 
 40.39211      43.54798 
 40.39842      43.54745 
 40.41456      43.5455 
 40.424        43.54573 
 40.43111      43.54909 
 40.44186      43.5555 
 40.44375      43.55531 
 40.46239      43.54634 
 40.47564      43.54547 
 40.48261      43.54447 
 40.49222      43.54009 
 40.50075      43.53136 
 40.51095      43.52814 
 40.52175      43.52539 
 40.53253      43.524 
 40.53947      43.523 
 40.55123      43.52006 
 40.56395      43.51664 
 40.57184      43.51611 
 40.57742      43.51853 
 40.58703      43.52217 
 40.60656      43.53923 
 40.612        43.54397 
 40.62006      43.54781 
 40.62881      43.54914 
 40.63536      43.55086 
 40.64217      43.55375 
 40.65236      43.55947 
 40.66275      43.5592 
 40.66878      43.5582 
 40.67747      43.55264 
 40.68208      43.54722 
 40.68806      43.53864 
 40.69261      43.53528 
 40.70278      43.5325 
 40.711        43.53108 
 40.72833      43.5305 
 40.74014      43.52636 
 40.75514      43.52048 
 40.76508      43.51517 
 40.77411      43.5087 
 40.78622      43.50389 
 40.80658      43.49717 
 40.81872      43.49237 
 40.83183      43.4855 
 40.85478      43.48592 
 40.86706      43.48592 
 40.87903      43.485 
 40.89211      43.47928 
 40.89728      43.47547 
 40.89839      43.47045 
 40.89492      43.461 
 40.89567      43.45736 
 40.89986      43.45423 
 40.90875      43.45186 
 40.918        43.44767 
 40.92506      43.44275 
 40.93         43.4355 
 40.93083      43.43403 
 40.93567      43.42553 
 40.94897      43.42211 
 40.96467      43.42306 
 40.9737       43.42528 
 40.9792       43.43064 
 40.9835       43.433 
 40.98978      43.43381 
 40.99706      43.43164 
 41.00795      43.42517 
 41.01911      43.41986 
 41.03053      43.41595 
 41.037        43.40964 
 41.04225      43.40287 
 41.04322      43.39072 
 41.04547      43.38917 
 41.05217      43.38608 
 41.06139      43.38233 
 41.06267      43.38211 
 41.09011      43.37731 
 41.10139      43.37773 
 41.10634      43.38078 
 41.10961      43.38678 
 41.11478      43.39192 
 41.11972      43.39498 
 41.126        43.39528 
 41.1392       43.39459 
 41.15183      43.39158 
 41.16422      43.38695 
 41.17906      43.38375 
 41.20122      43.37745 
 41.21922      43.37314 
 41.23572      43.36698 
 41.25292      43.35784 
 41.27181      43.35514 
 41.28409      43.3535 
 41.292        43.35086 
 41.29839      43.34661 
 41.30189      43.34414 
 41.30544      43.34028 
 41.31189      43.33398 
 41.32347      43.33436 
 41.33317      43.33542 
 41.34217      43.33945 
 41.34831      43.34375 
 41.3505       43.34528 
 41.35539      43.35108 
 41.35909      43.35548 
 41.36144      43.35825 
 41.36858      43.36156 
 41.37222      43.36083 
 41.373        43.3607 
 41.37684      43.35922 
 41.37872      43.3585 
 41.38247      43.35856 
 41.39275      43.36189 
 41.4015       43.3627 
 41.40781      43.36142 
 41.4145       43.35714 
 41.42025      43.35311 
 41.4227       43.31764 
 41.42289      43.30939 
 41.42547      43.30578 
 41.43056      43.30378 
 41.43683      43.30273 
 41.44825      43.30139 
 41.46136      43.29984 
 41.46795      43.30014 
 41.46914      43.29984 
 41.47331      43.29883 
 41.47725      43.29736 
 41.47867      43.29684 
 41.48378      43.29278 
 41.48734      43.2887 
 41.49434      43.28331 
 41.50253      43.27889 
 41.50386      43.27817 
 41.5127       43.27489 
 41.51461      43.27417 
 41.51972      43.27234 
 41.52567      43.2702 
 41.5277       43.26928 
 41.538        43.26461 
 41.54531      43.26081 
 41.55073      43.25584 
 41.55161      43.25408 
 41.55433      43.24878 
 41.56         43.24703 
 41.56514      43.24567 
 41.57322      43.24353 
 41.5793       43.23831 
 41.58178      43.23606 
 41.5825       43.23539 
 41.58909      43.23431 
 41.59317      43.23389 
 41.59914      43.23328 
 41.61086      43.22889 
 41.62281      43.22442 
 41.63067      43.22289 
 41.64064      43.22392 
 41.64142      43.22439 
 41.64992      43.22953 
 41.65742      43.23006 
 41.66184      43.22898 
 41.68319      43.22061 
 41.68803      43.21873 
 41.68906      43.218 
 41.69089      43.2167 
 41.69967      43.2152 
 41.70428      43.21511 
 41.70781      43.21506 
 41.71559      43.21834 
 41.72236      43.22392 
 41.72722      43.23128 
 41.73095      43.23292 
 41.73597      43.23275 
 41.74797      43.22692 
 41.76289      43.21564 
 41.77231      43.21389 
 41.78175      43.2117 
 41.79364      43.21092 
 41.8072       43.206 
 41.81222      43.20453 
 41.81475      43.20381 
 41.82006      43.20384 
 41.8267       43.20492 
 41.83067      43.20556 
 41.84539      43.20914 
 41.85217      43.21081 
 41.86336      43.21572 
 41.86558      43.2192 
 41.86794      43.22286 
 41.866        43.22673 
 41.86214      43.2322 
 41.86081      43.23698 
 41.86292      43.24203 
 41.86375      43.24295 
 41.86631      43.24573 
 41.87192      43.24695 
 41.87333      43.24675 
 41.87819      43.24608 
 41.88295      43.2427 
 41.89056      43.23681 
 41.917        43.22834 
 41.92342      43.22784 
 41.92767      43.22753 
 41.93705      43.22692 
 41.94272      43.22536 
 41.94653      43.22195 
 41.9542       43.21242 
 41.95922      43.2097 
 41.96706      43.21022 
 41.97709      43.21392 
 41.97981      43.21492 
 42            43.21575 
 1             2 
 2 
 -9998.0  ,   -9997.0
  1999.0  ,    9990.0
 66 
 42            41.50625 
 41.99686      41.50625 
 41.99259      41.50667 
 41.98947      41.51075 
 41.98908      41.51625 
 41.97883      41.52397 
 41.97709      41.52531 
 41.9552       41.52464 
 41.94739      41.51656 
 41.93925      41.51236 
 41.92959      41.50747 
 41.92294      41.50375 
 41.91808      41.50234 
 41.90747      41.50042 
 41.90336      41.49167 
 41.89645      41.48703 
 41.89625      41.4842 
 41.89594      41.47925 
 41.88545      41.47 
 41.87861      41.461 
 41.87075      41.45889 
 41.85197      41.45458 
 41.84992      41.44931 
 41.84125      41.44006 
 41.83461      41.4377 
 41.82767      41.43445 
 41.82311      41.43461 
 41.81508      41.44256 
 41.811        41.4487 
 41.80459      41.45067 
 41.8          41.45247 
 41.79025      41.45442 
 41.78767      41.4615 
 41.78125      41.46417 
 41.77545      41.46595 
 41.76778      41.46861 
 41.76225      41.47128 
 41.754        41.47372 
 41.74519      41.47339 
 41.72847      41.473 
 41.72778      41.47311 
 41.72114      41.47428 
 41.71564      41.47514 
 41.71439      41.47697 
 41.71347      41.47831 
 41.71581      41.48314 
 41.71653      41.48356 
 41.72061      41.48594 
 41.72144      41.48986 
 41.71928      41.49336 
 41.71864      41.49439 
 41.70883      41.49772 
 41.67589      41.48683 
 41.66375      41.48464 
 41.65495      41.48361 
 41.64609      41.4865 
 41.62086      41.499 
 41.60789      41.508 
 41.58892      41.5135 
 41.58281      41.51503 
 41.57873      41.52 
 41.57108      41.5222 
 41.55853      41.52289 
 41.55767      41.52295 
 41.54939      41.52606 
 41.547        41.5265 
 1             3 
 1 
 -9999.0  ,   -9998.0
 50 
36.7522 , 40.3211
36.7487 , 40.3396
36.7429 , 40.3575
36.7348 , 40.3746
36.7248 , 40.3905
36.7127 , 40.405
36.699 , 40.4179
36.6838 , 40.429
36.6673 , 40.438
36.6498 , 40.445
36.6315 , 40.4496
36.6128 , 40.452
36.594 , 40.452
36.5753 , 40.4496
36.557 , 40.445
36.5395 , 40.438
36.523 , 40.429
36.5078 , 40.4179
36.4941 , 40.405
36.482 , 40.3905
36.472 , 40.3746
36.4639 , 40.3575
36.4581 , 40.3396
36.4546 , 40.3211
36.4534 , 40.3023
36.4546 , 40.2835
36.4581 , 40.265
36.4639 , 40.2471
36.472 , 40.23
36.482 , 40.2141
36.4941 , 40.1996
36.5078 , 40.1867
36.523 , 40.1757
36.5395 , 40.1666
36.557 , 40.1596
36.5753 , 40.155
36.594 , 40.1526
36.6128 , 40.1526
36.6315 , 40.155
36.6498 , 40.1596
36.6673 , 40.1666
36.6838 , 40.1757
36.699 , 40.1867
36.7127 , 40.1996
36.7248 , 40.2141
36.7348 , 40.23
36.7429 , 40.2471
36.7487 , 40.265
36.7522 , 40.2835
36.7534 , 40.3023
 1             4 
 1 
 -9999.0  ,   -9998.0
 50 
36.8308 , 41.1234
36.8273 , 41.1419
36.8215 , 41.1598
36.8134 , 41.1769
36.8034 , 41.1928
36.7913 , 41.2073
36.7776 , 41.2202
36.7624 , 41.2313
36.7459 , 41.2403
36.7284 , 41.2473
36.7101 , 41.2519
36.6914 , 41.2543
36.6726 , 41.2543
36.6539 , 41.2519
36.6356 , 41.2473
36.6181 , 41.2403
36.6016 , 41.2313
36.5864 , 41.2202
36.5727 , 41.2073
36.5606 , 41.1928
36.5506 , 41.1769
36.5425 , 41.1598
36.5367 , 41.1419
36.5332 , 41.1234
36.532 , 41.1046
36.5332 , 41.0858
36.5367 , 41.0673
36.5425 , 41.0494
36.5506 , 41.0323
36.5606 , 41.0164
36.5727 , 41.0019
36.5864 , 40.989
36.6016 , 40.978
36.6181 , 40.9689
36.6356 , 40.9619
36.6539 , 40.9573
36.6726 , 40.9549
36.6914 , 40.9549
36.7101 , 40.9573
36.7284 , 40.9619
36.7459 , 40.9689
36.7624 , 40.978
36.7776 , 40.989
36.7913 , 41.0019
36.8034 , 41.0164
36.8134 , 41.0323
36.8215 , 41.0494
36.8273 , 41.0673
36.8308 , 41.0858
36.832 , 41.1046
 1             5 
 1 
 -9999.0  ,   -9998.0
 50 
37.5798 , 40.6525
37.5763 , 40.671
37.5705 , 40.6889
37.5624 , 40.706
37.5524 , 40.7219
37.5403 , 40.7364
37.5266 , 40.7493
37.5114 , 40.7604
37.4949 , 40.7694
37.4774 , 40.7764
37.4591 , 40.781
37.4404 , 40.7834
37.4216 , 40.7834
37.4029 , 40.781
37.3846 , 40.7764
37.3671 , 40.7694
37.3506 , 40.7604
37.3354 , 40.7493
37.3217 , 40.7364
37.3096 , 40.7219
37.2996 , 40.706
37.2915 , 40.6889
37.2857 , 40.671
37.2822 , 40.6525
37.281 , 40.6337
37.2822 , 40.6149
37.2857 , 40.5964
37.2915 , 40.5785
37.2996 , 40.5614
37.3096 , 40.5455
37.3217 , 40.531
37.3354 , 40.5181
37.3506 , 40.5071
37.3671 , 40.498
37.3846 , 40.491
37.4029 , 40.4864
37.4216 , 40.484
37.4404 , 40.484
37.4591 , 40.4864
37.4774 , 40.491
37.4949 , 40.498
37.5114 , 40.5071
37.5266 , 40.5181
37.5403 , 40.531
37.5524 , 40.5455
37.5624 , 40.5614
37.5705 , 40.5785
37.5763 , 40.5964
37.5798 , 40.6149
37.581 , 40.6337
 1             6 
 1 
 -9999.0  ,   -9998.0
 50 
38.8419 , 40.7484
38.8384 , 40.7669
38.8326 , 40.7848
38.8245 , 40.8019
38.8145 , 40.8178
38.8024 , 40.8323
38.7887 , 40.8452
38.7735 , 40.8563
38.757 , 40.8653
38.7395 , 40.8723
38.7212 , 40.8769
38.7025 , 40.8793
38.6837 , 40.8793
38.665 , 40.8769
38.6467 , 40.8723
38.6292 , 40.8653
38.6127 , 40.8563
38.5975 , 40.8452
38.5838 , 40.8323
38.5717 , 40.8178
38.5617 , 40.8019
38.5536 , 40.7848
38.5478 , 40.7669
38.5443 , 40.7484
38.5431 , 40.7296
38.5443 , 40.7108
38.5478 , 40.6923
38.5536 , 40.6744
38.5617 , 40.6573
38.5717 , 40.6414
38.5838 , 40.6269
38.5975 , 40.614
38.6127 , 40.603
38.6292 , 40.5939
38.6467 , 40.5869
38.665 , 40.5823
38.6837 , 40.5799
38.7025 , 40.5799
38.7212 , 40.5823
38.7395 , 40.5869
38.757 , 40.5939
38.7735 , 40.603
38.7887 , 40.614
38.8024 , 40.6269
38.8145 , 40.6414
38.8245 , 40.6573
38.8326 , 40.6744
38.8384 , 40.6923
38.8419 , 40.7108
38.8431 , 40.7296
 1             7 
 1 
 -9999.0  ,   -9998.0
 50 
40.1971 , 40.6874
40.1936 , 40.7059
40.1878 , 40.7238
40.1797 , 40.7409
40.1697 , 40.7568
40.1576 , 40.7713
40.1439 , 40.7842
40.1287 , 40.7953
40.1122 , 40.8043
40.0947 , 40.8113
40.0764 , 40.8159
40.0577 , 40.8183
40.0389 , 40.8183
40.0202 , 40.8159
40.0019 , 40.8113
39.9844 , 40.8043
39.9679 , 40.7953
39.9527 , 40.7842
39.939 , 40.7713
39.9269 , 40.7568
39.9169 , 40.7409
39.9088 , 40.7238
39.903 , 40.7059
39.8995 , 40.6874
39.8983 , 40.6686
39.8995 , 40.6498
39.903 , 40.6313
39.9088 , 40.6134
39.9169 , 40.5963
39.9269 , 40.5804
39.939 , 40.5659
39.9527 , 40.553
39.9679 , 40.542
39.9844 , 40.5329
40.0019 , 40.5259
40.0202 , 40.5213
40.0389 , 40.5189
40.0577 , 40.5189
40.0764 , 40.5213
40.0947 , 40.5259
40.1122 , 40.5329
40.1287 , 40.542
40.1439 , 40.553
40.1576 , 40.5659
40.1697 , 40.5804
40.1797 , 40.5963
40.1878 , 40.6134
40.1936 , 40.6313
40.1971 , 40.6498
40.1983 , 40.6686
 1             8 
 1 
 -9999.0  ,   -9998.0
 50 
39.5247 , 40.3473
39.5212 , 40.3658
39.5154 , 40.3837
39.5073 , 40.4008
39.4973 , 40.4167
39.4852 , 40.4312
39.4715 , 40.4441
39.4563 , 40.4552
39.4398 , 40.4642
39.4223 , 40.4712
39.404 , 40.4758
39.3853 , 40.4782
39.3665 , 40.4782
39.3478 , 40.4758
39.3295 , 40.4712
39.312 , 40.4642
39.2955 , 40.4552
39.2803 , 40.4441
39.2666 , 40.4312
39.2545 , 40.4167
39.2445 , 40.4008
39.2364 , 40.3837
39.2306 , 40.3658
39.2271 , 40.3473
39.2259 , 40.3285
39.2271 , 40.3097
39.2306 , 40.2912
39.2364 , 40.2733
39.2445 , 40.2562
39.2545 , 40.2403
39.2666 , 40.2258
39.2803 , 40.2129
39.2955 , 40.2019
39.312 , 40.1928
39.3295 , 40.1858
39.3478 , 40.1812
39.3665 , 40.1788
39.3853 , 40.1788
39.404 , 40.1812
39.4223 , 40.1858
39.4398 , 40.1928
39.4563 , 40.2019
39.4715 , 40.2129
39.4852 , 40.2258
39.4973 , 40.2403
39.5073 , 40.2562
39.5154 , 40.2733
39.5212 , 40.2912
39.5247 , 40.3097
39.5259 , 40.3285
 1             9 
 1 
 -9999.0  ,   -9998.0
 50 
41.304 , 40.9839
41.3005 , 41.0024
41.2947 , 41.0203
41.2866 , 41.0374
41.2766 , 41.0533
41.2645 , 41.0678
41.2508 , 41.0807
41.2356 , 41.0918
41.2191 , 41.1008
41.2016 , 41.1078
41.1833 , 41.1124
41.1646 , 41.1148
41.1458 , 41.1148
41.1271 , 41.1124
41.1088 , 41.1078
41.0913 , 41.1008
41.0748 , 41.0918
41.0596 , 41.0807
41.0459 , 41.0678
41.0338 , 41.0533
41.0238 , 41.0374
41.0157 , 41.0203
41.0099 , 41.0024
41.0064 , 40.9839
41.0052 , 40.9651
41.0064 , 40.9463
41.0099 , 40.9278
41.0157 , 40.9099
41.0238 , 40.8928
41.0338 , 40.8769
41.0459 , 40.8624
41.0596 , 40.8495
41.0748 , 40.8385
41.0913 , 40.8294
41.1088 , 40.8224
41.1271 , 40.8178
41.1458 , 40.8154
41.1646 , 40.8154
41.1833 , 40.8178
41.2016 , 40.8224
41.2191 , 40.8294
41.2356 , 40.8385
41.2508 , 40.8495
41.2645 , 40.8624
41.2766 , 40.8769
41.2866 , 40.8928
41.2947 , 40.9099
41.3005 , 40.9278
41.304 , 40.9463
41.3052 , 40.9651
 1             10 
 1 
 -9999.0  ,   -9998.0
 50 
41.0453 , 40.3822
41.0418 , 40.4007
41.036 , 40.4186
41.0279 , 40.4357
41.0179 , 40.4516
41.0058 , 40.4661
40.9921 , 40.479
40.9769 , 40.4901
40.9604 , 40.4991
40.9429 , 40.5061
40.9246 , 40.5107
40.9059 , 40.5131
40.8871 , 40.5131
40.8684 , 40.5107
40.8501 , 40.5061
40.8326 , 40.4991
40.8161 , 40.4901
40.8009 , 40.479
40.7872 , 40.4661
40.7751 , 40.4516
40.7651 , 40.4357
40.757 , 40.4186
40.7512 , 40.4007
40.7477 , 40.3822
40.7465 , 40.3634
40.7477 , 40.3446
40.7512 , 40.3261
40.757 , 40.3082
40.7651 , 40.2911
40.7751 , 40.2752
40.7872 , 40.2607
40.8009 , 40.2478
40.8161 , 40.2368
40.8326 , 40.2277
40.8501 , 40.2207
40.8684 , 40.2161
40.8871 , 40.2137
40.9059 , 40.2137
40.9246 , 40.2161
40.9429 , 40.2207
40.9604 , 40.2277
40.9769 , 40.2368
40.9921 , 40.2478
41.0058 , 40.2607
41.0179 , 40.2752
41.0279 , 40.2911
41.036 , 40.3082
41.0418 , 40.3261
41.0453 , 40.3446
41.0465 , 40.3634
 1             11 
 1 
 -9999.0  ,   -9998.0
 50 
41.8005 , 43.0246
41.797 , 43.0431
41.7912 , 43.061
41.7831 , 43.0781
41.7731 , 43.094
41.761 , 43.1085
41.7473 , 43.1214
41.7321 , 43.1325
41.7156 , 43.1415
41.6981 , 43.1485
41.6798 , 43.1531
41.6611 , 43.1555
41.6423 , 43.1555
41.6236 , 43.1531
41.6053 , 43.1485
41.5878 , 43.1415
41.5713 , 43.1325
41.5561 , 43.1214
41.5424 , 43.1085
41.5303 , 43.094
41.5203 , 43.0781
41.5122 , 43.061
41.5064 , 43.0431
41.5029 , 43.0246
41.5017 , 43.0058
41.5029 , 42.987
41.5064 , 42.9685
41.5122 , 42.9506
41.5203 , 42.9335
41.5303 , 42.9176
41.5424 , 42.9031
41.5561 , 42.8902
41.5713 , 42.8792
41.5878 , 42.8701
41.6053 , 42.8631
41.6236 , 42.8585
41.6423 , 42.8561
41.6611 , 42.8561
41.6798 , 42.8585
41.6981 , 42.8631
41.7156 , 42.8701
41.7321 , 42.8792
41.7473 , 42.8902
41.761 , 42.9031
41.7731 , 42.9176
41.7831 , 42.9335
41.7912 , 42.9506
41.797 , 42.9685
41.8005 , 42.987
41.8017 , 43.0058
 1             12 
 1 
 -9999.0  ,   -9998.0
 50 
40.8902 , 43.4258
40.8867 , 43.4443
40.8809 , 43.4622
40.8728 , 43.4793
40.8628 , 43.4952
40.8507 , 43.5097
40.837 , 43.5226
40.8218 , 43.5337
40.8053 , 43.5427
40.7878 , 43.5497
40.7695 , 43.5543
40.7508 , 43.5567
40.732 , 43.5567
40.7133 , 43.5543
40.695 , 43.5497
40.6775 , 43.5427
40.661 , 43.5337
40.6458 , 43.5226
40.6321 , 43.5097
40.62 , 43.4952
40.61 , 43.4793
40.6019 , 43.4622
40.5961 , 43.4443
40.5926 , 43.4258
40.5914 , 43.407
40.5926 , 43.3882
40.5961 , 43.3697
40.6019 , 43.3518
40.61 , 43.3347
40.62 , 43.3188
40.6321 , 43.3043
40.6458 , 43.2914
40.661 , 43.2804
40.6775 , 43.2713
40.695 , 43.2643
40.7133 , 43.2597
40.732 , 43.2573
40.7508 , 43.2573
40.7695 , 43.2597
40.7878 , 43.2643
40.8053 , 43.2713
40.8218 , 43.2804
40.837 , 43.2914
40.8507 , 43.3043
40.8628 , 43.3188
40.8728 , 43.3347
40.8809 , 43.3518
40.8867 , 43.3697
40.8902 , 43.3882
40.8914 , 43.407
 1             13 
 1 
 -9999.0  ,   -9998.0
 50 
40.0729 , 43.8444
40.0694 , 43.8629
40.0636 , 43.8808
40.0555 , 43.8979
40.0455 , 43.9138
40.0334 , 43.9283
40.0197 , 43.9412
40.0045 , 43.9523
39.988 , 43.9613
39.9705 , 43.9683
39.9522 , 43.9729
39.9335 , 43.9753
39.9147 , 43.9753
39.896 , 43.9729
39.8777 , 43.9683
39.8602 , 43.9613
39.8437 , 43.9523
39.8285 , 43.9412
39.8148 , 43.9283
39.8027 , 43.9138
39.7927 , 43.8979
39.7846 , 43.8808
39.7788 , 43.8629
39.7753 , 43.8444
39.7741 , 43.8256
39.7753 , 43.8068
39.7788 , 43.7883
39.7846 , 43.7704
39.7927 , 43.7533
39.8027 , 43.7374
39.8148 , 43.7229
39.8285 , 43.71
39.8437 , 43.699
39.8602 , 43.6899
39.8777 , 43.6829
39.896 , 43.6783
39.9147 , 43.6759
39.9335 , 43.6759
39.9522 , 43.6783
39.9705 , 43.6829
39.988 , 43.6899
40.0045 , 43.699
40.0197 , 43.71
40.0334 , 43.7229
40.0455 , 43.7374
40.0555 , 43.7533
40.0636 , 43.7704
40.0694 , 43.7883
40.0729 , 43.8068
40.0741 , 43.8256
 1             14 
 1 
 -9999.0  ,   -9998.0
 50 
39.3902 , 44.3502
39.3867 , 44.3687
39.3809 , 44.3866
39.3728 , 44.4037
39.3628 , 44.4196
39.3507 , 44.4341
39.337 , 44.447
39.3218 , 44.4581
39.3053 , 44.4671
39.2878 , 44.4741
39.2695 , 44.4787
39.2508 , 44.4811
39.232 , 44.4811
39.2133 , 44.4787
39.195 , 44.4741
39.1775 , 44.4671
39.161 , 44.4581
39.1458 , 44.447
39.1321 , 44.4341
39.12 , 44.4196
39.11 , 44.4037
39.1019 , 44.3866
39.0961 , 44.3687
39.0926 , 44.3502
39.0914 , 44.3314
39.0926 , 44.3126
39.0961 , 44.2941
39.1019 , 44.2762
39.11 , 44.2591
39.12 , 44.2432
39.1321 , 44.2287
39.1458 , 44.2158
39.161 , 44.2048
39.1775 , 44.1957
39.195 , 44.1887
39.2133 , 44.1841
39.232 , 44.1817
39.2508 , 44.1817
39.2695 , 44.1841
39.2878 , 44.1887
39.3053 , 44.1957
39.3218 , 44.2048
39.337 , 44.2158
39.3507 , 44.2287
39.3628 , 44.2432
39.3728 , 44.2591
39.3809 , 44.2762
39.3867 , 44.2941
39.3902 , 44.3126
39.3914 , 44.3314
 1             15 
 1 
 -9999.0  ,   -9998.0
 50 
41.9246 , 41.5333
41.9211 , 41.5518
41.9153 , 41.5697
41.9072 , 41.5868
41.8972 , 41.6027
41.8851 , 41.6172
41.8714 , 41.6301
41.8562 , 41.6412
41.8397 , 41.6502
41.8222 , 41.6572
41.8039 , 41.6618
41.7852 , 41.6642
41.7664 , 41.6642
41.7477 , 41.6618
41.7294 , 41.6572
41.7119 , 41.6502
41.6954 , 41.6412
41.6802 , 41.6301
41.6665 , 41.6172
41.6544 , 41.6027
41.6444 , 41.5868
41.6363 , 41.5697
41.6305 , 41.5518
41.627 , 41.5333
41.6258 , 41.5145
41.627 , 41.4957
41.6305 , 41.4772
41.6363 , 41.4593
41.6444 , 41.4422
41.6544 , 41.4263
41.6665 , 41.4118
41.6802 , 41.3989
41.6954 , 41.3879
41.7119 , 41.3788
41.7294 , 41.3718
41.7477 , 41.3672
41.7664 , 41.3648
41.7852 , 41.3648
41.8039 , 41.3672
41.8222 , 41.3718
41.8397 , 41.3788
41.8562 , 41.3879
41.8714 , 41.3989
41.8851 , 41.4118
41.8972 , 41.4263
41.9072 , 41.4422
41.9153 , 41.4593
41.9211 , 41.4772
41.9246 , 41.4957
41.9258 , 41.5145
 1             16 
 1 
 -9999.0  ,   -9998.0
 50 
41.9143 , 42.4054
41.9108 , 42.4239
41.905 , 42.4418
41.8969 , 42.4589
41.8869 , 42.4748
41.8748 , 42.4893
41.8611 , 42.5022
41.8459 , 42.5133
41.8294 , 42.5223
41.8119 , 42.5293
41.7936 , 42.5339
41.7749 , 42.5363
41.7561 , 42.5363
41.7374 , 42.5339
41.7191 , 42.5293
41.7016 , 42.5223
41.6851 , 42.5133
41.6699 , 42.5022
41.6562 , 42.4893
41.6441 , 42.4748
41.6341 , 42.4589
41.626 , 42.4418
41.6202 , 42.4239
41.6167 , 42.4054
41.6155 , 42.3866
41.6167 , 42.3678
41.6202 , 42.3493
41.626 , 42.3314
41.6341 , 42.3143
41.6441 , 42.2984
41.6562 , 42.2839
41.6699 , 42.271
41.6851 , 42.26
41.7016 , 42.2509
41.7191 , 42.2439
41.7374 , 42.2393
41.7561 , 42.2369
41.7749 , 42.2369
41.7936 , 42.2393
41.8119 , 42.2439
41.8294 , 42.2509
41.8459 , 42.26
41.8611 , 42.271
41.8748 , 42.2839
41.8869 , 42.2984
41.8969 , 42.3143
41.905 , 42.3314
41.9108 , 42.3493
41.9143 , 42.3678
41.9155 , 42.3866
 1             17 
 1 
 -9999.0  ,   -9998.0
 50 
41.1022 , 44.3894
41.0987 , 44.4079
41.0929 , 44.4258
41.0848 , 44.4429
41.0748 , 44.4588
41.0627 , 44.4733
41.049 , 44.4862
41.0338 , 44.4973
41.0173 , 44.5063
40.9998 , 44.5133
40.9815 , 44.5179
40.9628 , 44.5203
40.944 , 44.5203
40.9253 , 44.5179
40.907 , 44.5133
40.8895 , 44.5063
40.873 , 44.4973
40.8578 , 44.4862
40.8441 , 44.4733
40.832 , 44.4588
40.822 , 44.4429
40.8139 , 44.4258
40.8081 , 44.4079
40.8046 , 44.3894
40.8034 , 44.3706
40.8046 , 44.3518
40.8081 , 44.3333
40.8139 , 44.3154
40.822 , 44.2983
40.832 , 44.2824
40.8441 , 44.2679
40.8578 , 44.255
40.873 , 44.244
40.8895 , 44.2349
40.907 , 44.2279
40.9253 , 44.2233
40.944 , 44.2209
40.9628 , 44.2209
40.9815 , 44.2233
40.9998 , 44.2279
41.0173 , 44.2349
41.0338 , 44.244
41.049 , 44.255
41.0627 , 44.2679
41.0748 , 44.2824
41.0848 , 44.2983
41.0929 , 44.3154
41.0987 , 44.3333
41.1022 , 44.3518
41.1034 , 44.3706
 1             18 
 1 
 -9999.0  ,   -9998.0
 50 
40.1091 , 44.6772
40.1056 , 44.6957
40.0998 , 44.7136
40.0917 , 44.7307
40.0817 , 44.7466
40.0696 , 44.7611
40.0559 , 44.774
40.0407 , 44.7851
40.0242 , 44.7941
40.0067 , 44.8011
39.9884 , 44.8057
39.9697 , 44.8081
39.9509 , 44.8081
39.9322 , 44.8057
39.9139 , 44.8011
39.8964 , 44.7941
39.8799 , 44.7851
39.8647 , 44.774
39.851 , 44.7611
39.8389 , 44.7466
39.8289 , 44.7307
39.8208 , 44.7136
39.815 , 44.6957
39.8115 , 44.6772
39.8103 , 44.6584
39.8115 , 44.6396
39.815 , 44.6211
39.8208 , 44.6032
39.8289 , 44.5861
39.8389 , 44.5702
39.851 , 44.5557
39.8647 , 44.5428
39.8799 , 44.5318
39.8964 , 44.5227
39.9139 , 44.5157
39.9322 , 44.5111
39.9509 , 44.5087
39.9697 , 44.5087
39.9884 , 44.5111
40.0067 , 44.5157
40.0242 , 44.5227
40.0407 , 44.5318
40.0559 , 44.5428
40.0696 , 44.5557
40.0817 , 44.5702
40.0917 , 44.5861
40.0998 , 44.6032
40.1056 , 44.6211
40.1091 , 44.6396
40.1103 , 44.6584
 1             19 
 1 
 -9999.0  ,   -9998.0
 50 
38.4488 , 44.808
38.4453 , 44.8265
38.4395 , 44.8444
38.4314 , 44.8615
38.4214 , 44.8774
38.4093 , 44.8919
38.3956 , 44.9048
38.3804 , 44.9159
38.3639 , 44.9249
38.3464 , 44.9319
38.3281 , 44.9365
38.3094 , 44.9389
38.2906 , 44.9389
38.2719 , 44.9365
38.2536 , 44.9319
38.2361 , 44.9249
38.2196 , 44.9159
38.2044 , 44.9048
38.1907 , 44.8919
38.1786 , 44.8774
38.1686 , 44.8615
38.1605 , 44.8444
38.1547 , 44.8265
38.1512 , 44.808
38.15 , 44.7892
38.1512 , 44.7704
38.1547 , 44.7519
38.1605 , 44.734
38.1686 , 44.7169
38.1786 , 44.701
38.1907 , 44.6865
38.2044 , 44.6736
38.2196 , 44.6626
38.2361 , 44.6535
38.2536 , 44.6465
38.2719 , 44.6419
38.2906 , 44.6395
38.3094 , 44.6395
38.3281 , 44.6419
38.3464 , 44.6465
38.3639 , 44.6535
38.3804 , 44.6626
38.3956 , 44.6736
38.4093 , 44.6865
38.4214 , 44.701
38.4314 , 44.7169
38.4395 , 44.734
38.4453 , 44.7519
38.4488 , 44.7704
38.45 , 44.7892
 1             20 
 1 
 -9999.0  ,   -9998.0
 24 
36	40.9682
36.031 , 40.9535
36.0879 , 40.9186
36.15 , 40.8663
36.2276 , 40.8052
36.2483 , 40.7485
36.3259 , 40.7006
36.419 , 40.657
36.5121 , 40.6265
36.5948 , 40.5872
36.6879 , 40.5436
36.781 , 40.4782
36.8948 , 40.4564
37.05 , 40.391
37.1845 , 40.3648
37.2983 , 40.3474
37.4121 , 40.3256
37.5362 , 40.2907
37.65 , 40.234
37.7638 , 40.1817
37.8517 , 40.125
37.8879 , 40.0727
37.9397 , 40.0291
37.9707 , 40.
 1             21 
 2 
 -9998.0  ,   -9997.0
 -1775.5  ,   -1200.4
 20 
36. , 41.1996
36.0266 , 41.1856
36.0597 , 41.1647
36.0887 , 41.1438
36.1135 , 41.1228
36.1383 , 41.1071
36.1611 , 41.0879
36.188 , 41.067
36.2087 , 41.0443
36.2356 , 41.0217
36.2604 , 41.0007
36.3039 , 40.9833
36.3411 , 40.9781
36.3825 , 40.9711
36.4321 , 40.9659
36.4839 , 40.9641
36.5314 , 40.9641
36.5832 , 40.9624
36.6307 , 40.9624
36.63392      40.9642
 1             22 
 2 
 -9998.0  ,   -9997.0
 -1950.5  ,   -1200.4
 189 
 36.63392      40.9642 
 36.63192      40.94525 
 36.63661      40.94072 
 36.64789      40.94275 
 36.65122      40.93973 
 36.64742      40.93239 
 36.64734      40.92734 
 36.652        40.923 
 36.64606      40.916 
 36.65597      40.90144 
 36.64872      40.90148 
 36.64061      40.90697 
 36.63253      40.90306 
 36.62664      40.90456 
 36.62422      40.89247 
 36.6182       40.88936 
 36.61347      40.89117 
 36.6085       40.90144 
 36.60133      40.90378 
 36.59636      40.90211 
 36.59378      40.89186 
 36.58828      40.88925 
 36.57967      40.89381 
 36.57256      40.89544 
 36.56392      40.89425 
 36.5632       40.894 
 36.53031      40.88286 
 36.50989      40.87295 
 36.49836      40.87042 
 36.49161      40.87139 
 36.4855       40.87494 
 36.47631      40.87325 
 36.46922      40.87467 
 36.46567      40.87972 
 36.46084      40.87967 
 36.45561      40.87753 
 36.45356      40.8742 
 36.45328      40.86797 
 36.44881      40.86747 
 36.44306      40.87058 
 36.43761      40.87047 
 36.431        40.86136 
 36.43253      40.85825 
 36.42006      40.85061 
 36.41986      40.8467 
 36.42322      40.84047 
 36.42183      40.83625 
 36.41789      40.8335 
 36.41706      40.82128 
 36.41425      40.81628 
 36.42634      40.81033 
 36.43625      40.79922 
 36.44631      40.79247 
 36.4613       40.78742 
 36.47631      40.78533 
 36.47992      40.78256 
 36.48247      40.77536 
 36.48614      40.77311 
 36.48761      40.77222 
 36.49292      40.77345 
 36.49861      40.77103 
 36.50745      40.77317 
 36.51019      40.77264 
 36.5135       40.76986 
 36.51492      40.76189 
 36.52364      40.7445 
 36.52811      40.74203 
 36.52973      40.73522 
 36.52722      40.72706 
 36.53503      40.72153 
 36.54322      40.72086 
 36.54711      40.71834 
 36.54653      40.71211 
 36.56047      40.70859 
 36.58289      40.69842 
 36.59422      40.68761 
 36.60189      40.68322 
 36.60761      40.68311 
 36.61375      40.68778 
 36.6177       40.69081 
 36.623        40.69203 
 36.6262       40.69014 
 36.63094      40.68195 
 36.64036      40.67789 
 36.64911      40.67772 
 36.65897      40.66956 
 36.66378      40.66961 
 36.67081      40.67484 
 36.68611      40.67228 
 36.69228      40.67378 
 36.69525      40.6712 
 36.68881      40.66622 
 36.68814      40.66389 
 36.69078      40.66175 
 36.69928      40.66408 
 36.71061      40.656 
 36.71739      40.65434 
 36.72353      40.64711 
 36.72703      40.64625 
 36.72878      40.64581 
 36.73123      40.64847 
 36.72656      40.656 
 36.7435       40.65811 
 36.74653      40.65508 
 36.746        40.65114 
 36.74764      40.64986 
 36.76967      40.65228 
 36.78475      40.646 
 36.78686      40.64269 
 36.78567      40.63964 
 36.78945      40.63778 
 36.80742      40.63558 
 36.80853      40.63358 
 36.80633      40.63139 
 36.79803      40.63025 
 36.79694      40.62881 
 36.80181      40.62542 
 36.81247      40.62692 
 36.81778      40.62517 
 36.81936      40.62411 
 36.82297      40.62172 
 36.82772      40.61861 
 36.83828      40.61531 
 36.84547      40.61558 
 36.85086      40.61578 
 36.86036      40.62145 
 36.86078      40.62095 
 36.8635       40.61878 
 36.86311      40.61817 
 36.86064      40.61425 
 36.86197      40.61297 
 36.86733      40.61317 
 36.87417      40.61755 
 36.88461      40.61217 
 36.89467      40.60147 
 36.90294      40.59667 
 36.91694      40.5947 
 36.92167      40.59267 
 36.92725      40.58225 
 36.92764      40.5815 
 36.92861      40.57972 
 36.92836      40.57284 
 36.93778      40.56556 
 36.94134      40.55658 
 36.94953      40.55267 
 36.95228      40.54892 
 36.94684      40.53669 
 36.94895      40.53039 
 36.96361      40.5055 
 36.97584      40.49378 
 37.01333      40.47794 
 37.01344      40.47792 
 37.033        40.47328 
 37.04478      40.46592 
 37.04997      40.46503 
 37.05778      40.46119 
 37.06003      40.46008 
 37.06636      40.45975 
 37.09347      40.45203 
 37.11175      40.44911 
 37.12011      40.44292 
 37.12822      40.44289 
 37.18845      40.42364 
 37.20472      40.42267 
 37.2062       40.42225 
 37.21089      40.42092 
 37.2337       40.41408 
 37.27664      40.40625 
 37.28336      40.40156 
 37.30289      40.40097 
 37.30583      40.40089 
 37.32003      40.4005 
 37.34206      40.39661 
 37.34317      40.39642 
 37.3537       40.39261 
 37.36189      40.39142 
 37.36247      40.39117 
 37.38025      40.38342 
 37.39522      40.38031 
 37.40481      40.38011 
 37.43439      40.37061 
 37.45864      40.36525 
 37.46311      40.36425 
 37.51653      40.35572 
 37.51903      40.35653 
 37.52586      40.3587 
 37.5287       40.35725 
 37.53167      40.35028 
 37.54094      40.35053 
 1             23 
 3 
 -9998.0  ,   -9997.0
 -1950.5  ,   -1200.4
  -587.5  ,    -585.5
 24 
 37.54094      40.35053
37.5466 , 40.3463
37.5565 , 40.339
37.5677 , 40.3296
37.5813 , 40.3171
37.5986 , 40.3046
37.6122 , 40.2921
37.6246 , 40.2785
37.6345 , 40.2671
37.6456 , 40.2514
37.6543 , 40.2326
37.658 , 40.2264
37.6716 , 40.2066
37.684 , 40.1867
37.6939 , 40.1659
37.7062 , 40.1492
37.7174 , 40.1294
37.726 , 40.1075
37.7384 , 40.0866
37.7483 , 40.0647
37.757 , 40.0438
37.7631 , 40.0251
37.7693 , 40.0126
37.7743 , 40.
 1             24 
 3 
 -9998.0  ,   -9997.0
 -1950.5  ,   -1648.5
 -1645.5  ,   -1632.5
 18 
36.63392	40.9642
36.649 , 40.9608
36.6717 , 40.9642
36.6945 , 40.9712
36.711 , 40.9834
36.7276 , 41.0096
36.7421 , 41.034
36.7503 , 41.0689
36.771 , 41.1038
36.7834 , 41.1352
36.7938 , 41.1613
36.8021 , 41.1927
36.8145 , 41.2294
36.8228 , 41.2538
36.8331 , 41.2852
36.8372 , 41.3096
36.8372 , 41.334
36.83642	41.34781
 1             25 
 3 
 -9998.0  ,   -9997.0
 -1535.5  ,   -1200.4
  -587.5  ,    -585.5
 18 
37.54094	40.35053
37.557 , 40.3653
37.5736 , 40.3845
37.6026 , 40.3897
37.6439 , 40.3863
37.6729 , 40.3775
37.706 , 40.3706
37.7453 , 40.3688
37.7929 , 40.3653
37.8426 , 40.3618
37.9005 , 40.3618
37.9543 , 40.3618
38.0101 , 40.3688
38.0557 , 40.3863
38.0991 , 40.4072
38.1384 , 40.4368
38.1777 , 40.4735
38.1984 , 40.5083
 1             26 
 3 
 -9998.0  ,   -9997.0
 -1324.5  ,    -710.5
  -653.5  ,    -323.4
 10 
38.1984 , 40.5083
38.1984 , 40.5572
38.1839 , 40.6025
38.186 , 40.6479
38.2026 , 40.7037
38.2191 , 40.7525
38.2336 , 40.8083
38.2563 , 40.8572
38.2729 , 40.9095
38.27864	40.94053
 1             27 
 4 
 -9998.0  ,   -9997.0
 -1505.5  ,    -710.5
  -653.5  ,    -643.5
  -612.3  ,    -514.5
 27 
38.1984	40.5083
38.2369 , 40.5099
38.299 , 40.5055
38.3403 , 40.4794
38.3817 , 40.4576
38.4283 , 40.4445
38.4903 , 40.4445
38.5472 , 40.4706
38.5938 , 40.4881
38.6559 , 40.5055
38.7438 , 40.4881
38.8266 , 40.4706
38.9248 , 40.4706
38.9765 , 40.4663
39.0128 , 40.4314
39.0231 , 40.4009
39.0645 , 40.3965
39.1162 , 40.3922
39.1576 , 40.3704
39.1834 , 40.3093
39.2093 , 40.2831
39.3334 , 40.2788
39.411 , 40.2701
39.5093 , 40.2962
39.6024 , 40.3049
39.6955 , 40.3267
39.7834 , 40.3485
 1             28 
 1 
 -9999.0  ,   -9998.0
 13 
36.5648, 41.182
36.4572 , 41.0756
36.269 , 41.0058
36.1552 , 40.9753
36. , 40.9491
36. , 40.6526
36.1241 , 40.6744
36.2328 , 40.6962
36.3517 , 40.718
36.4759 , 40.7442
36.6331 , 40.8296
36.7469 , 40.9221
36.8255 , 41.0669
 1             29 
 1 
 -9999.0  ,   -9998.0
 15 
36. , 40.8706
36.0828 , 40.8968
36.1759 , 40.9142
36.269 , 40.9317
36.3569 , 40.9448
36.4397 , 40.9622
36.4862 , 40.9491
36.5172 , 40.9273
36.5224 , 40.9012
36.5069 , 40.8706
36.4448 , 40.8488
36.3414 , 40.8314
36.2276 , 40.8096
36.1345 , 40.7922
36. , 40.7573
 1             30 
 1 
 -9999.0  ,   -9998.0
 22 
36.4483 , 40.8517
36.5207 , 40.8517
36.5983 , 40.8474
36.6862 , 40.8256
36.7793 , 40.7951
36.8879 , 40.7558
36.9914 , 40.7253
37.0897 , 40.6948
37.1621 , 40.686
37.2241 , 40.6773
37.2655 , 40.7035
37.2862 , 40.7515
37.2862 , 40.7994
37.2293 , 40.8125
37.131 , 40.8299
37.0121 , 40.8605
36.9086 , 40.8779
36.8103 , 40.9084
36.7172 , 40.9477
36.6241 , 40.9651
36.5207 , 40.9782
36.4379 , 40.9651
 1             31 
 2 
 -9998.0  ,   -9997.0
 -1431.4  ,   -1385.8
 30 
36.63392	40.9642
36.6607 , 40.9593
36.6979 , 40.9593
36.7455 , 40.9576
36.7828 , 40.9541
36.8366 , 40.9523
36.8862 , 40.9436
36.9441 , 40.9279
36.9876 , 40.9174
37.0517 , 40.9
37.1097 , 40.8808
37.1841 , 40.8581
37.2338 , 40.8442
37.3 , 40.832
37.3559 , 40.8093
37.4117 , 40.7936
37.4655 , 40.7814
37.5297 , 40.7692
37.5834 , 40.7395
37.6021 , 40.7047
37.6166 , 40.6715
37.6269 , 40.6314
37.6228 , 40.5948
37.6269 , 40.5477
37.6103 , 40.5093
37.6021 , 40.4657
37.5897 , 40.4326
37.5814 , 40.4064
37.557 , 40.3653
37.54094	40.35053
 1             32 
 1 
 -9999.0  ,   -9999.8
 19 
37.6845 , 40.1279
37.7466 , 40.141
37.819 , 40.1584
37.8966 , 40.1584
37.9845 , 40.1584
38.0621 , 40.1584
38.1293 , 40.1584
38.1966 , 40.1584
38.2379 , 40.1454
38.2638 , 40.1235
38.2638 , 40.0974
38.2276 , 40.0756
38.1914 , 40.0581
38.1397 , 40.0581
38.0466 , 40.0581
37.9638 , 40.0451
37.8914 , 40.0581
37.8086 , 40.0581
37.7259 , 40.0581
 1             33 
 1 
 -9999.0  ,   -9999.8
 37 
38.1941 , 40.1633
38.3027 , 40.1633
38.37 , 40.1633
38.4579 , 40.1633
38.5407 , 40.1633
38.6493 , 40.1546
38.7527 , 40.1589
38.8717 , 40.1589
38.9803 , 40.1633
39.1045 , 40.172
39.27 , 40.1895
39.4096 , 40.2026
39.5648 , 40.1982
39.6889 , 40.1982
39.7717 , 40.1982
39.87 , 40.2505
39.932 , 40.2767
40.0045 , 40.3116
40.0769 , 40.329
40.1338 , 40.3116
40.1338 , 40.2767
40.0872 , 40.2374
40.0045 , 40.2156
39.9114 , 40.1633
39.8131 , 40.1241
39.6941 , 40.1153
39.5648 , 40.111
39.4407 , 40.111
39.3217 , 40.1066
39.2027 , 40.1023
39.0527 , 40.0761
38.9389 , 40.0674
38.8045 , 40.0717
38.6648 , 40.0674
38.5252 , 40.063
38.3545 , 40.0587
38.1941 , 40.0587
 1             34 
 1 
 -9999.0  ,   -9999.8
 26 
37.5121 , 40.7413
37.3776 , 40.8285
37.1707 , 40.9375
37.0155 , 41.0116
36.8914 , 41.0901
36.7672 , 41.1948
36.6121 , 41.173
36.5603 , 41.0552
36.5966 , 40.9942
36.6534 , 40.9157
36.7259 , 40.859
36.7879 , 40.7892
36.8086 , 40.7108
36.7879 , 40.6061
36.7052 , 40.5058
36.6534 , 40.423
36.6534 , 40.3227
36.7259 , 40.2616
36.8293 , 40.2442
36.8914 , 40.3052
36.9328 , 40.3881
36.9638 , 40.4971
37.0259 , 40.5756
37.1397 , 40.5756
37.2845 , 40.5581
37.4293 , 40.5145
 1             35 
 1 
 -9999.0  ,   -9999.8
 11 
36.8931 , 40.311
36.8569 , 40.2326
36.8052 , 40.1497
36.7741 , 40.0843
36.7741 , 40.
36.5155 , 40.
36.5052 , 40.0843
36.5207 , 40.1802
36.5776 , 40.2718
36.6034 , 40.3634
36.6448 , 40.4157
 1             36 
 1 
 -9999.0  ,   -9999.8
 43 
37.7259 , 40.0233
37.7983 , 40.0451
37.8862 , 40.0799
37.969 , 40.1105
38.0466 , 40.1541
38.1552 , 40.1497
38.2328 , 40.1279
38.331 , 40.1017
38.4293 , 40.0712
38.5431 , 40.0494
38.6776 , 40.0363
38.8121 , 40.0363
38.9362 , 40.032
39.0552 , 40.0276
39.1741 , 40.032
39.3034 , 40.0363
39.4224 , 40.0494
39.5517 , 40.0581
39.6655 , 40.093
39.7897 , 40.1192
39.8879 , 40.1628
39.9086 , 40.2151
39.8569 , 40.25
39.7948 , 40.25
39.7172 , 40.2064
39.6293 , 40.1846
39.5259 , 40.1541
39.4121 , 40.1497
39.2983 , 40.1235
39.1638 , 40.1279
39.0397 , 40.1192
38.931 , 40.1366
38.8121 , 40.141
38.6879 , 40.141
38.5897 , 40.1541
38.4552 , 40.189
38.3569 , 40.2151
38.2328 , 40.2413
38.1293 , 40.25
38.0207 , 40.2282
37.8914 , 40.2064
37.819 , 40.1628
37.6948 , 40.1279
 1             37 
 1 
 -9999.0  ,   -9999.8
 29 
38.1655 , 40.
38.2948 , 40.0494
38.3879 , 40.0843
38.5276 , 40.1279
38.6569 , 40.1454
38.7914 , 40.1454
38.9362 , 40.1497
39.0707 , 40.1628
39.2052 , 40.1715
39.3397 , 40.1846
39.4948 , 40.1933
39.65 , 40.2064
39.7793 , 40.202
39.8776 , 40.2108
39.95 , 40.202
39.9759 , 40.1802
39.9707 , 40.1454
39.9241 , 40.1148
39.8103 , 40.1105
39.6862 , 40.1105
39.531 , 40.0887
39.381 , 40.0887
39.2207 , 40.0843
39.0862 , 40.0756
38.9517 , 40.0581
38.7914 , 40.0581
38.6621 , 40.0669
38.5483 , 40.0363
38.4086 , 40.
 1             38 
 1 
 -9999.0  ,   -9999.8
 14 
36.6638 , 40.2878
36.6948 , 40.375
36.731 , 40.4404
36.7724 , 40.5145
36.8138 , 40.5669
36.85 , 40.5843
36.8759 , 40.5756
36.9069 , 40.5407
36.8966 , 40.4884
36.8655 , 40.4491
36.8397 , 40.3924
36.8241 , 40.3401
36.7828 , 40.2878
36.7517 , 40.2267
 1             39 
 1 
 -9999.0  ,   -9999.8
 22 
36.6414 , 40.3081
36.6828 , 40.4128
36.7345 , 40.4869
36.8017 , 40.5741
36.8379 , 40.6483
36.869 , 40.7267
36.8586 , 40.814
36.8069 , 40.9055
36.75 , 40.9666
36.7552 , 41.0233
36.8017 , 41.0538
36.8586 , 41.0494
36.9103 , 40.984
36.9569 , 40.9186
36.9931 , 40.8401
37.0086 , 40.7704
37.0138 , 40.6831
36.9828 , 40.6047
36.931 , 40.5131
36.8793 , 40.4041
36.8224 , 40.3212
36.7862 , 40.2122
 1             40 
 2 
 -9998.0  ,   -9997.0
 -1327.5  ,   -1324.5
 23 
36.63392	40.9642
36.6417 , 40.9625
36.6562 , 40.9651
36.6748 , 40.9642
36.7017 , 40.9703
36.7245 , 40.9712
36.7452 , 40.9747
36.7721 , 40.9817
36.7969 , 41.0026
36.8176 , 41.034
36.829 , 41.0567
36.8362 , 41.082
36.8383 , 41.1055
36.8383 , 41.1291
36.8383 , 41.1544
36.8331 , 41.1805
36.8321 , 41.2102
36.8331 , 41.2363
36.8393 , 41.259
36.8445 , 41.2808
36.8486 , 41.3052
36.8445 , 41.3314
36.83642	41.34781
 1             41 
 1 
 -9999.0  ,   -9999.8
 19 
36.8172 , 41.0669
36.7293 , 41.1061
36.6207 , 41.1672
36.5379 , 41.189
36.4345 , 41.1977
36.3414 , 41.2369
36.2534 , 41.2936
36.1707 , 41.3634
36.1086 , 41.3634
36.0776 , 41.3329
36.0828 , 41.2805
36.1603 , 41.2413
36.2379 , 41.1802
36.3207 , 41.1366
36.419 , 41.1061
36.5172 , 41.093
36.6155 , 41.0625
36.6724 , 41.0276
36.7552 , 40.9535
 1             42 
 1 
 -9999.0  ,   -9999.8
 33 
36.7086 , 40.6483
36.7448 , 40.6875
36.8224 , 40.7049
36.9052 , 40.7224
36.9724 , 40.7224
37.0448 , 40.7049
37.1224 , 40.7049
37.2207 , 40.6962
37.3241 , 40.6831
37.4379 , 40.6744
37.531 , 40.6744
37.6241 , 40.6701
37.7069 , 40.6701
37.8 , 40.6962
37.8724 , 40.7355
37.9138 , 40.7747
37.9655 , 40.8052
38.0224 , 40.8052
38.0483 , 40.7704
38.0379 , 40.718
37.9914 , 40.6831
37.9138 , 40.6395
37.8103 , 40.6003
37.7224 , 40.561
37.6293 , 40.5567
37.5362 , 40.5698
37.4276 , 40.5872
37.3345 , 40.5959
37.2414 , 40.5959
37.1069 , 40.6177
36.9879 , 40.6352
36.8948 , 40.6352
36.8069 , 40.5829
 1             43 
 1 
 -9999.0  ,   -9999.8
 14 
36. , 40.7791
36.1138 , 40.7791
36.2328 , 40.7747
36.3569 , 40.766
36.4707 , 40.7922
36.5172 , 40.8052
36.6155 , 40.8488
36.6879 , 40.923
36.6776 , 41.0058
36.5069 , 41.0581
36.3207 , 41.1148
36.2017 , 41.1759
36.0879 , 41.2413
36. , 41.298
 1             44 
 1 
 -9999.0  ,   -9999.8
 12 
36.3741 , 40.7369
36.3483 , 40.811
36.3224 , 40.8983
36.2552 , 40.9724
36.1621 , 41.0203
36.0897 , 41.077
36. , 41.125
36. , 40.9855
36.0793 , 40.9375
36.1466 , 40.8895
36.2034 , 40.8372
36.2034 , 40.7674
 1             45 
 1 
 -9999.0  ,   -9999.8
 32 
36.0595 , 41.1324
36.1009 , 41.1935
36.163 , 41.2283
36.2457 , 41.2458
36.3078 , 41.2283
36.4061 , 41.1935
36.4837 , 41.1716
36.5768 , 41.1586
36.6802 , 41.1324
36.7733 , 41.1324
36.8871 , 41.1106
36.975 , 41.0975
37.0837 , 41.0496
37.1561 , 41.019
37.2595 , 40.9885
37.3423 , 40.958
37.3785 , 40.9362
37.3888 , 40.9057
37.363 , 40.8664
37.3112 , 40.8621
37.2233 , 40.8839
37.1302 , 40.9318
37.0112 , 40.9667
36.9078 , 40.9929
36.8043 , 41.0365
36.6906 , 41.0496
36.5664 , 41.0714
36.4681 , 41.0888
36.2975 , 41.1324
36.2457 , 41.1455
36.1992 , 41.1237
36.1319 , 41.0626
 1             46 
 1 
 -9999.0  ,   -9999.8
 50 
38.2867 , 40.215
38.2832 , 40.2335
38.2774 , 40.2514
38.2693 , 40.2685
38.2593 , 40.2844
38.2472 , 40.2989
38.2335 , 40.3118
38.2183 , 40.3229
38.2018 , 40.3319
38.1843 , 40.3389
38.166 , 40.3435
38.1473 , 40.3459
38.1285 , 40.3459
38.1098 , 40.3435
38.0915 , 40.3389
38.074 , 40.3319
38.0575 , 40.3229
38.0423 , 40.3118
38.0286 , 40.2989
38.0165 , 40.2844
38.0065 , 40.2685
37.9984 , 40.2514
37.9926 , 40.2335
37.9891 , 40.215
37.9879 , 40.1962
37.9891 , 40.1774
37.9926 , 40.1589
37.9984 , 40.141
38.0065 , 40.1239
38.0165 , 40.108
38.0286 , 40.0935
38.0423 , 40.0806
38.0575 , 40.0696
38.074 , 40.0605
38.0915 , 40.0535
38.1098 , 40.0489
38.1285 , 40.0465
38.1473 , 40.0465
38.166 , 40.0489
38.1843 , 40.0535
38.2018 , 40.0605
38.2183 , 40.0696
38.2335 , 40.0806
38.2472 , 40.0935
38.2593 , 40.108
38.2693 , 40.1239
38.2774 , 40.141
38.2832 , 40.1589
38.2867 , 40.1774
38.2879 , 40.1962
 1             47 
 1 
 -9999.0  ,   -9999.8
 50 
41.8436 , 40.5101
41.8401 , 40.5286
41.8343 , 40.5465
41.8262 , 40.5636
41.8162 , 40.5795
41.8041 , 40.594
41.7904 , 40.6069
41.7752 , 40.618
41.7587 , 40.627
41.7412 , 40.634
41.7229 , 40.6386
41.7042 , 40.641
41.6854 , 40.641
41.6667 , 40.6386
41.6484 , 40.634
41.6309 , 40.627
41.6144 , 40.618
41.5992 , 40.6069
41.5855 , 40.594
41.5734 , 40.5795
41.5634 , 40.5636
41.5553 , 40.5465
41.5495 , 40.5286
41.546 , 40.5101
41.5448 , 40.4913
41.546 , 40.4725
41.5495 , 40.454
41.5553 , 40.4361
41.5634 , 40.419
41.5734 , 40.4031
41.5855 , 40.3886
41.5992 , 40.3757
41.6144 , 40.3647
41.6309 , 40.3556
41.6484 , 40.3486
41.6667 , 40.344
41.6854 , 40.3416
41.7042 , 40.3416
41.7229 , 40.344
41.7412 , 40.3486
41.7587 , 40.3556
41.7752 , 40.3647
41.7904 , 40.3757
41.8041 , 40.3886
41.8162 , 40.4031
41.8262 , 40.419
41.8343 , 40.4361
41.8401 , 40.454
41.8436 , 40.4725
41.8448 , 40.4913
 1             48 
 3 
 -9998.0  ,   -9997.0
 -1505.5  ,   -1200.4
   -755.5  ,   -744.5
 25 
41.0921 , 40.8064
41.1541 , 40.8108
41.2265 , 40.8108
41.3403 , 40.8238
41.4334 , 40.8282
41.5007 , 40.8282
41.5472 , 40.8151
41.5886 , 40.8151
41.6403 , 40.8195
41.6714 , 40.802
41.7128 , 40.7846
41.7334 , 40.741
41.7438 , 40.6669
41.7179 , 40.5927
41.661 , 40.523
41.5938 , 40.4532
41.5938 , 40.4052
41.6145 , 40.3398
41.6093 , 40.2701
41.5628 , 40.2177
41.5472 , 40.148
41.5059 , 40.0956
41.4438 , 40.052
41.3765 , 40.0259
41.32442	40
 1             49 
 3 
 -9998.0  ,   -9997.0
 -1250.1  ,    -710.5
  -612.3  ,    -514.5
 17 
41.0921	40.8064
41.119 , 40.8212
41.181 , 40.8474
41.2534 , 40.9041
41.3259 , 40.952
41.3879 , 41.0174
41.4086 , 41.0872
41.419 , 41.1134
41.4707 , 41.1134
41.5224 , 41.0959
41.5845 , 41.0872
41.6931 , 41.1221
41.7603 , 41.1744
41.8328 , 41.2224
41.8897 , 41.2704
41.9414 , 41.3183
42. , 41.3488
 1             50 
 3 
 -9998.0  ,   -9997.0
 -1250.1  ,    -710.5
  -643.5  ,    -612.3
 47 
38.67408	44.30681
38.6914 , 44.3517
38.7224 , 44.4084
38.7638 , 44.4564
38.831 , 44.4913
38.919 , 44.4913
39.0017 , 44.4782
39.0534 , 44.4433
39.0741 , 44.391
39.0638 , 44.3387
39.0845 , 44.3038
39.1466 , 44.3038
39.2448 , 44.3081
39.3017 , 44.2602
39.3483 , 44.2122
39.4155 , 44.173
39.4983 , 44.125
39.5293 , 44.0814
39.581 , 44.0465
39.6897 , 44.0334
39.7983 , 44.0204
39.9276 , 44.0073
40.0259 , 43.9331
40.0517 , 43.8329
40.0983 , 43.7631
40.1603 , 43.7413
40.2534 , 43.7413
40.3362 , 43.7238
40.419 , 43.6759
40.481 , 43.6454
40.5431 , 43.6323
40.6052 , 43.5843
40.6724 , 43.5451
40.7603 , 43.5363
40.8741 , 43.5058
40.9465 , 43.4622
41.05 , 43.4142
41.1431 , 43.3837
41.2465 , 43.375
41.3397 , 43.3488
41.4638 , 43.314
41.5672 , 43.2704
41.7017 , 43.2704
41.8414 , 43.2834
41.8414 , 43.2834
41.95 , 43.2965
42	43.3081
 1             51 
 2 
 -9998.0  ,   -9997.0
  -931.1  ,    -931.2
 23 
41.32442	40
41.3397 , 40.0114
41.3603 , 40.0259
41.3872 , 40.0321
41.4203 , 40.0445
41.4555 , 40.059
41.4886 , 40.0817
41.5176 , 40.1076
41.5362 , 40.1335
41.5507 , 40.1604
41.5662 , 40.1821
41.589 , 40.1914
41.6231 , 40.1893
41.6697 , 40.1831
41.7214 , 40.1831
41.7597 , 40.1821
41.8 , 40.1821
41.8321 , 40.1769
41.8714 , 40.1728
41.9066 , 40.1593
41.9397 , 40.1521
41.9748 , 40.1428
42. , 40.1335
 1             52 
 3 
 -9998.0  ,   -9997.0
  -931.1  ,    -755.5
  -744.5  ,    -587.5
 14 
41.32442	40
41.3131 , 40.0231
41.2924 , 40.0603
41.2676 , 40.11
41.2593 , 40.17
41.2572 , 40.2279
41.2428 , 40.2879
41.2241 , 40.319
41.1952 , 40.3231
41.1703 , 40.3293
41.1559 , 40.3666
41.1559 , 40.4204
41.1683 , 40.4721
41.2241 , 40.5259
 1             53 
 1 
 -9999.0  ,   -9998.0
 12 
41.5776 , 40.
41.6138 , 40.0931
41.6603 , 40.181
41.7328 , 40.269
41.8207 , 40.3362
41.9241 , 40.3776
42. , 40.4086
42. , 40.2483
41.9086 , 40.2017
41.8362 , 40.1448
41.7845 , 40.0776
41.7534 , 40.
 1             54 
 1 
 -9999.0  ,   -9998.0
 43
36. , 41.9172
36.1397 , 41.8914
36.3052 , 41.8345
36.4655 , 41.7621
36.7345 , 41.6741
36.9776 , 41.5862
37.2155 , 41.4724
37.4276 , 41.3845
37.7172 , 41.3224
37.9965 , 41.2552
38.2397 , 41.2035
38.5293 , 41.1828
38.7879 , 41.1879
39.0362 , 41.2345
39.2534 , 41.2397
39.481 , 41.2241
39.6776 , 41.1879
39.781 , 41.1259
39.7914 , 41.0483
39.7707 , 40.9862
39.7241 , 40.9448
39.6672 , 40.9552
39.6259 , 41.0224
39.5638 , 41.069
39.4603 , 41.1207
39.269 , 41.1362
39.0414 , 41.1207
38.819 , 41.0793
38.5448 , 41.0535
38.219 , 41.1
37.981 , 41.1517
37.6914 , 41.2035
37.5259 , 41.219
37.3707 , 41.2759
37.1638 , 41.3379
36.9621 , 41.4414
36.9621 , 41.4414
36.7603 , 41.5241
36.5328 , 41.5759
36.3672 , 41.6741
36.2328 , 41.7621
36.1241 , 41.7931
36. , 41.8138
 1             55 
 3 
 -9998.0   ,   -9997.0
  -756.5   ,    -514.5
  -301.4   ,   -1.0
 49 
39.86872      40.95203 
39.8628 , 40.9491
39.8548 , 40.932
39.8447 , 40.9161
39.8327 , 40.9016
39.8189 , 40.8887
39.8037 , 40.8776
39.7872 , 40.8686
39.7697 , 40.8616
39.7514 , 40.8569
39.7327 , 40.8546
39.7139 , 40.8546
39.6952 , 40.8569
39.677 , 40.8616
39.6594 , 40.8686
39.6429 , 40.8776
39.6277 , 40.8887
39.614 , 40.9016
39.602 , 40.9161
39.5919 , 40.932
39.5838 , 40.9491
39.578 , 40.967
39.5745 , 40.9855
39.5733 , 41.0043
39.5745 , 41.0231
 39.568        41.02659 
 39.58472      41.01909 
 39.60034      41.01567 
 39.62336      41.00834 
 39.65178      40.99684 
 39.66217      40.99439 
 39.6787       40.99603 
 39.70519      41.00503 
 39.70897      41.00631 
 39.73217      41.0077 
 39.73706      41.0067 
 39.74095      41.00436 
 39.74547      41.00167 
 39.74909      41.00175 
 39.75211      41.00139 
 39.75919      41.00481 
 39.76623      41.00342 
 39.79231      40.99545 
 39.81672      40.984 
 39.82644      40.98269 
 39.83111      40.98006 
 39.83789      40.96536 
 39.85247      40.95731 
 39.86872      40.95203 
 1             56 
 4 
 -9998.0  ,   -9997.0
 -1505.5  ,    -755.5
  -744.5  ,    -710.5
  -612.3  ,    -514.5
 20 
39.7834 , 40.3485
39.8714 , 40.3834
39.9438 , 40.4183
40.011 , 40.4619
40.0679 , 40.4837
40.1403 , 40.5055
40.2024 , 40.4968
40.2593 , 40.5012
40.3369 , 40.523
40.43 , 40.523
40.5024 , 40.523
40.5748 , 40.523
40.6628 , 40.5491
40.7197 , 40.5797
40.761 , 40.6145
40.8179 , 40.6363
40.9007 , 40.6712
40.9938 , 40.7061
41.0662 , 40.7672
41.0921 , 40.8064
 1             57 
 2 
 -9998.0  ,   -9997.0
  -931.1  ,    -514.5
 5 
41.7438	40.6669
41.8014 , 40.6645
41.8676 , 40.6666
41.9255 , 40.6686
42. , 40.6666
 1             58 
 2 
 -9998.0  ,   -9997.0
  -755.5  ,      -744.5
 26 
41.32442,  40.
41.2966 , 40.0117
41.2324 , 40.0241
41.1766 , 40.0469
41.1083 , 40.0738
41.0359 , 40.0862
40.9779 , 40.0945
40.92 , 40.1152
40.8662 , 40.1421
40.8062 , 40.1214
40.7297 , 40.0655
40.6407 , 40.0386
40.5683 , 40.0241
40.5041 , 40.0138
40.4359 , 40.0221
40.3697 , 40.0448
40.3241 , 40.0572
40.2703 , 40.0552
40.1876 , 40.0241
40.1028 , 40.02
40.0241 , 40.02
39.9414 , 40.0221
39.8731 , 40.0283
39.8069 , 40.0386
39.7407 , 40.0324
39.6869 , 40.
 1             59 
 1 
 -9999.0  ,   -9998.0
 20
42. , 40.1931
41.8741 , 40.2448
41.75 , 40.2707
41.6155 , 40.2966
41.45 , 40.4
41.3052 , 40.4466
41.181 , 40.4879
41.0517 , 40.5241
41. , 40.581
41.0207 , 40.6586
41.0983 , 40.6948
41.1914 , 40.6638
41.3155 , 40.6276
41.419 , 40.5914
41.5483 , 40.5448
41.6466 , 40.4776
41.7293 , 40.4414
41.8483 , 40.4104
41.9414 , 40.4
42. , 40.3897
 1             60 
 1 
 -9999.0  ,   -9998.0
 26 
41.0983 , 40.6948
41.0414 , 40.731
41.0155 , 40.7879
41.0362 , 40.8604
41.0569 , 40.9328
41.119 , 40.9948
41.181 , 41.0517
41.2328 , 41.1035
41.3103 , 41.1655
41.3259 , 41.2276
41.2638 , 41.2741
41.1914 , 41.2586
41.1034 , 41.2276
40.9948 , 41.1552
40.9379 , 41.0983
40.8862 , 41.0207
40.85 , 40.9276
40.8397 , 40.8345
40.85 , 40.7414
40.881 , 40.6586
40.9276 , 40.5914
40.9948 , 40.5552
41.0466 , 40.5241
41.1138 , 40.5552
41.1552 , 40.6121
41.15 , 40.6586
 1             61 
 1 
 -9999.0  ,   -9998.0
 11
42. , 40.9776
41.9293 , 40.9983
41.8259 , 41.0397
41.7483 , 41.0603
41.6552 , 41.0397
41.6345 , 40.9828
41.6707 , 40.9155
41.7379 , 40.8948
41.831 , 40.8793
41.9293 , 40.8431
42. , 40.8224
 1             62 
 1 
 -9999.0  ,   -9998.0
 6
36.9103 , 40.
36.7759 , 40.2724
36.6828 , 40.4483
36.4241 , 40.5517
36.1345 , 40.6655
36. , 40.7172
 1             63 
 4 
 -9998.0  ,   -9997.0
  -755.5  ,    -744.5
  -653.5  ,    -643.5
  -323.4  ,    -301.4
 8 
39.6869 , 40.
39.6579 , 40.02
39.6579 , 40.0924
39.6993 , 40.1503
39.7779 , 40.1793
39.8131 , 40.231
39.7966 , 40.3097
39.7834	40.3485
 1             64 
 2 
 -9998.0  ,   -9997.0
  -643.5  ,    -612.3
 16 
38.1984	40.5083
38.1975 , 40.4849
38.1872 , 40.4336
38.1564 , 40.3822
38.1333 , 40.3308
38.0819 , 40.2949
38.0306 , 40.2307
37.9946 , 40.1921
37.9509 , 40.1511
37.9124 , 40.1151
37.9073 , 40.0817
37.9201 , 40.0586
37.9458 , 40.0432
37.9355 , 40.0278
37.9176 , 40.0175
37.921	40
 1             65 
 1 
 -9999.0  ,   -9998.0
 43
42. , 41.6307
41.8376 , 41.5748
41.6824 , 41.5066
41.5707 , 41.3886
41.4093 , 41.2707
41.2603 , 41.1466
41.1362 , 41.0348
40.95 , 40.9541
40.7141 , 40.8797
40.4845 , 40.7679
40.2983 , 40.7555
40.1493 , 40.7555
39.9817 , 40.7183
39.8452 , 40.6686
39.6714 , 40.5569
39.4603 , 40.5197
39.3238 , 40.4762
39.0817 , 40.4452
38.8769 , 40.3645
38.6472 , 40.321
38.461 , 40.2714
38.2934 , 40.2093
38.2438 , 40.1659
38.2748 , 40.0852
38.3803 , 40.0479
38.7217 , 40.1597
38.9141 , 40.2093
39.1252 , 40.2714
39.3734 , 40.3148
39.7086 , 40.3831
39.9569 , 40.4638
40.1183 , 40.5197
40.3045 , 40.5693
40.3045 , 40.5693
40.5155 , 40.6128
40.7762 , 40.7307
40.9934 , 40.8176
41.2355 , 40.9045
41.4217 , 40.979
41.6328 , 41.1652
41.7941 , 41.3328
41.9183 , 41.4445
42. , 41.4569
 1             66 
 3 
 -9998.0  ,   -9997.0
  -931.1  ,    -755.5
  -744.5  ,    -514.5
 9 
41.2241 , 40.5259
41.2903 , 40.5507
41.3752 , 40.5776
41.4559 , 40.6024
41.5283 , 40.6397
41.58 , 40.6521
41.6421 , 40.6583
41.6855 , 40.6583
41.7438 , 40.6669
 1             67 
 2 
 -9998.0  ,   -9997.0
  -612.3  ,    -514.5
 9 
41.0921	40.8064
41.12 , 40.7908
41.1533 , 40.7792
41.1933 , 40.7325
41.2033 , 40.6975
41.195 , 40.6425
41.1967 , 40.5975
41.2017 , 40.5592
41.2241	40.5259
 1             68 
 2 
 -9998.0  ,   -9997.0
  -612.3  ,   -1.0
 19 
40.01025	43.38325
40.0042 , 43.4292
40.0625 , 43.5125
40.0917 , 43.5667
40.2167 , 43.5917
40.3292 , 43.5625
40.4208 , 43.5625
40.4958 , 43.5583
40.5542 , 43.5292
40.6375 , 43.5583
40.7042 , 43.55
40.8458 , 43.5417
40.9542 , 43.4875
41.0375 , 43.4292
41.1167 , 43.4083
41.2 , 43.3792
41.3042 , 43.3625
41.3417 , 43.3458
41.3792	43.3625
 1             69 
 3 
 -9998.0  ,   -9997.0
  -612.3  ,    -514.5
  -330.5  ,    -1.0
 11 
40.91889	41.17645
40.9142 , 41.1583
40.9192 , 41.11
40.9042 , 41.0517
40.8958 , 40.9967
40.9058 , 40.9283
40.9025 , 40.8783
40.9392 , 40.85
40.9958 , 40.8317
41.0508 , 40.82
41.0921	40.8064
 1             70 
 1 
 -9999.0  ,   -9998.0
 10
36. , 44.7333
36.1083 , 44.7958
36.2458 , 44.8833
36.3208 , 44.9375
36.4083 , 45.
36.4625 , 45.
36.375 , 44.8958
36.2792 , 44.8292
36.1417 , 44.7292
36. , 44.6583
 1             71 
 1 
 -9999.0  ,   -9998.0
 23
37.6333 , 40.375
37.4583 , 40.4167
37.2167 , 40.4833
37.025 , 40.525
36.8 , 40.5667
36.6333 , 40.5333
36.4375 , 40.4792
36.2208 , 40.4458
36. , 40.4458
36. , 40.3333
36.2125 , 40.3375
36.4708 , 40.3667
36.6625 , 40.425
36.8083 , 40.4583
36.925 , 40.4375
37.1167 , 40.3708
37.3083 , 40.3333
37.4375 , 40.2875
37.5542 , 40.2667
37.6583 , 40.2375
37.6583 , 40.2375
37.7125 , 40.2917
37.6958 , 40.3333
 1             72 
 1 
 -9999.0  ,   -9998.0
 23
36. , 41.9385
36.1013 , 41.9025
36.1973 , 41.8625
36.2813 , 41.8065
36.3533 , 41.7185
36.4033 , 41.6365
36.4373 , 41.5565
36.4473 , 41.4705
36.4433 , 41.3925
36.4133 , 41.3265
36.3793 , 41.2765
36.3333 , 41.2545
36.2793 , 41.2745
36.2773 , 41.3185
36.3133 , 41.3605
36.3573 , 41.4465
36.3573 , 41.5425
36.3233 , 41.6185
36.2733 , 41.6845
36.2333 , 41.7445
36.1753 , 41.7945
36.0913 , 41.8365
36. , 41.8605
 1             73 
 3 
 -9998.0  ,   -9997.0
  -564.5  ,    -513.8
  -476.5  ,    -404.7
 45 
36.2437 , 41.3409
36.2383 , 41.3295
36.2344 , 41.3176
36.2321 , 41.3053
36.2313 , 41.2927
36.2321 , 41.2802
36.2344 , 41.2679
36.2383 , 41.2559
36.2437 , 41.2445
36.2504 , 41.2339
36.2584 , 41.2243
36.2676 , 41.2157
36.2777 , 41.2083
36.2887 , 41.2022
36.3004 , 41.1976
36.3126 , 41.1945
36.325 , 41.1929
36.3376 , 41.1929
36.35 , 41.1945
36.3622 , 41.1976
36.3739 , 41.2022
36.3849 , 41.2083
36.395 , 41.2157
36.4042 , 41.2243
36.4122 , 41.2339
36.4189 , 41.2445
36.4195 , 41.2478
 36.40314      41.25006 
 36.39597      41.25467 
 36.388        41.26684 
 36.3817       41.27195 
 36.35756      41.28153 
 36.34842      41.28742 
 36.34247      41.29464 
 36.34642      41.31211 
 36.34461      41.31475 
 36.32708      41.3192 
 36.32014      41.32453 
 36.31481      41.32606 
 36.30261      41.32897 
 36.28895      41.33436 
 36.27681      41.33684 
 36.26239      41.34628 
 36.2497       41.35125 
36.2437 , 41.3409
 1             74 
 2 
 -9998.0  ,   -9997.0
  -550.5  ,    -323.4
 18 
38.1984	40.5083
38.2042 , 40.47
38.2258 , 40.44
38.2758 , 40.4233
38.3175 , 40.415
38.3558 , 40.4133
38.3708 , 40.3983
38.3775 , 40.3567
38.3675 , 40.3133
38.3592 , 40.265
38.3392 , 40.2233
38.3308 , 40.2033
38.3242 , 40.1683
38.3008 , 40.1333
38.2892 , 40.1017
38.2742 , 40.0667
38.2592 , 40.035
38.24	40
 1             75 
 1 
 -9999.0  ,   -9998.0
 45 
36.2325 , 41.3358
36.3675 , 41.4358
36.5575 , 41.5908
36.6775 , 41.7058
36.8375 , 41.8508
37.0475 , 42.0358
37.1925 , 42.1558
37.3875 , 42.3108
37.5775 , 42.5008
37.7275 , 42.6008
37.9775 , 42.7358
38.1275 , 42.8158
38.3275 , 42.9358
38.4925 , 43.0458
38.6875 , 43.1658
38.9075 , 43.3108
39.0525 , 43.4158
39.2275 , 43.5308
39.3925 , 43.6308
39.5225 , 43.7358
39.5975 , 43.7558
39.6575 , 43.7258
39.6625 , 43.6758
39.5475 , 43.6058
39.3525 , 43.4658
39.1675 , 43.3458
38.9875 , 43.2308
38.7775 , 43.0708
38.5775 , 42.9608
38.4025 , 42.8508
38.1975 , 42.7358
38.0825 , 42.6508
37.8075 , 42.5108
37.6975 , 42.3858
37.5425 , 42.2458
37.2975 , 42.0808
37.1725 , 41.9558
36.9675 , 41.7808
36.7925 , 41.6208
36.6425 , 41.4958
36.5475 , 41.3958
36.4525 , 41.3408
36.3875 , 41.2758
36.2775 , 41.2608
36.2575 , 41.2858
 1             76 
 1 
 -9999.0  ,   -9998.0
 56
42. , 42.2013
41.9272 , 42.1971
41.8605 , 42.1429
41.798 , 42.0596
41.798 , 41.9846
41.798 , 41.8596
41.748 , 41.7179
41.6397 , 41.5846
41.5397 , 41.4721
41.373 , 41.3263
41.2147 , 41.1679
41.0814 , 41.0804
40.8855 , 41.0179
40.7105 , 40.9429
40.4939 , 40.8846
40.3189 , 40.8346
40.1772 , 40.8013
40.0272 , 40.7846
39.8772 , 40.8096
39.7939 , 40.9138
39.6689 , 40.9721
39.5772 , 40.9263
39.5022 , 40.8429
39.3605 , 40.8013
39.148 , 40.7304
38.9689 , 40.7096
38.9439 , 40.6596
38.9814 , 40.5721
39.1022 , 40.5513
39.2939 , 40.6013
39.4189 , 40.6388
39.5772 , 40.6971
39.6689 , 40.7804
39.723 , 40.7804
39.723 , 40.7804
39.7564 , 40.7179
39.8772 , 40.6596
39.9939 , 40.6138
40.1314 , 40.6013
40.2772 , 40.6138
40.448 , 40.6721
40.5897 , 40.7138
40.8147 , 40.7971
40.9897 , 40.8429
41.1439 , 40.9179
41.298 , 41.0179
41.3939 , 41.1221
41.4939 , 41.2179
41.6314 , 41.3596
41.8105 , 41.5638
41.8814 , 41.6763
41.9439 , 41.7971
41.9355 , 41.9971
41.9605 , 42.0346
41.9772 , 42.0638
42. , 42.0929
 1             77 
 2 
 -9998.0  ,   -9997.0
  -514.5  ,    -330.5
 51
41.5772       41.60736
41.58367      41.60353
41.58947      41.60247
41.60623      41.60359
41.61731      41.598
41.63384      41.59497
41.64214      41.59186
41.648        41.58758
41.65553      41.57531
41.65747      41.57211
41.66517      41.56831
 41.67792      41.56983 
 41.68434      41.56922 
 41.6887       41.564 
 41.69128      41.55739 
 41.69589      41.55444 
 41.70539      41.5525 
 41.71281      41.54639 
 41.71983      41.54534 
 41.72267      41.54033 
 41.7222       41.53392 
 41.71719      41.52447 
 41.72986      41.5197 
 41.74203      41.51511 
 41.74753      41.51472 
 41.75631      41.51708 
 41.76572      41.51742 
 41.77306      41.51567 
 41.77945      41.51619 
 41.7897       41.52203 
 41.79611      41.52117 
 41.8197       41.51294 
 41.82609      41.51253 
 41.83214      41.51397 
 41.85611      41.50161 
 41.861        41.50075 
 41.865        41.49781 
 41.86609      41.49536 
 41.86783      41.49142 
 41.87431      41.48758 
 41.89317      41.48639 
 41.89625      41.4842 
 41.9055       41.47759 
 41.91039      41.47647 
 41.93036      41.48284 
 41.93795      41.48314 
 41.95442      41.48031 
 41.97889      41.47828 
 41.98459      41.47781 
 41.99492      41.47881 
 42            41.47839 
 1             78 
 1 
 -9999.0  ,   -9998.0
 23
36. , 41.9172
36.1013 , 41.9025
36.1973 , 41.8625
36.2813 , 41.8065
36.3533 , 41.7185
36.4033 , 41.6365
36.4373 , 41.5565
36.4473 , 41.4705
36.4433 , 41.3925
36.4133 , 41.3265
36.3793 , 41.2765
36.3333 , 41.2545
36.2793 , 41.2745
36.2773 , 41.3185
36.3133 , 41.3605
36.3573 , 41.4465
36.3573 , 41.5425
36.3233 , 41.6185
36.2733 , 41.6845
36.2333 , 41.7445
36.1753 , 41.7945
36.0913 , 41.8185
36. , 41.8138
 1             79 
 2 
 -9998.0  ,   -9997.0
  -531.5  ,    -505.5
 299
41.3792	43.3625
 41.39261      43.37795 
 41.38783      43.38042 
 41.38553      43.38473 
 41.38364      43.39683 
 41.38603      43.4017 
 41.38595      43.40539 
 41.38581      43.41064 
 41.37995      43.44331 
 41.38072      43.47403 
 41.38486      43.48417 
 41.39186      43.49367 
 41.40759      43.50556 
 41.42317      43.51125 
 41.43005      43.51531 
 41.43434      43.51781 
 41.43989      43.52395 
 41.44903      43.53406 
 41.45164      43.54392 
 41.44367      43.58623 
 41.44461      43.59839 
 41.45009      43.6067 
 41.45567      43.61067 
 41.46317      43.61328 
 41.47578      43.61297 
 41.4797       43.61103 
 41.48422      43.60878 
 41.48789      43.60695 
 41.49514      43.60681 
 41.50483      43.60922 
 41.51147      43.61214 
 41.52947      43.62006 
 41.54328      43.62297 
 41.55169      43.62697 
 41.5585       43.63303 
 41.56131      43.64795 
 41.56728      43.66292 
 41.58397      43.6915 
 41.58531      43.69298 
 41.59475      43.70334 
 41.59542      43.7157 
 41.61486      43.73598 
 41.61609      43.73725 
 41.62069      43.73981 
 41.62795      43.74381 
 41.63664      43.75122 
 41.63642      43.76153 
 41.64364      43.76897 
 41.66269      43.78864 
 41.66756      43.79895 
 41.66842      43.80084 
 41.66825      43.80931 
 41.6712       43.82033 
 41.67856      43.83097 
 41.68089      43.84014 
 41.67606      43.85911 
 41.67669      43.86236 
 41.67783      43.868 
 41.6795       43.87634 
 41.68836      43.90645 
 41.69389      43.91545 
 41.6995       43.91939 
 41.70381      43.92586 
 41.71442      43.93353 
 41.71614      43.93848 
 41.721        43.95239 
 41.72561      43.95978 
 41.73564      43.96606 
 41.73873      43.97022 
 41.737        43.97706 
 41.74272      43.99156 
 41.75795      44.00775 
 41.76603      44.02153 
 41.77392      44.03495 
 41.77753      44.04436 
 41.77822      44.04614 
 41.77931      44.04753 
 41.78119      44.04967 
 41.78228      44.05097 
 41.78278      44.05131 
 41.78436      44.052 
 41.78567      44.05459 
 41.79661      44.07617 
 41.81817      44.09473 
 41.82281      44.10256 
 41.83372      44.11272 
 41.83708      44.12056 
 41.83697      44.12628 
 41.8407       44.13159 
 41.84606      44.13539 
 41.86361      44.14784 
 41.86258      44.15172 
 41.86428      44.15772 
 41.86467      44.15906 
 41.87409      44.16625 
 41.88081      44.18167 
 41.87906      44.1915 
 41.88114      44.19931 
 41.89178      44.20881 
 41.89239      44.2117 
 41.8962       44.23014 
 41.90614      44.24353 
 41.90789      44.25362 
 41.91223      44.26053 
 41.91553      44.27425 
 41.91847      44.28647 
 41.92761      44.3122 
 41.92619      44.31953 
 41.93114      44.32873 
 41.93031      44.34178 
 41.93425      44.3535 
 41.93325      44.35795 
 41.93258      44.36103 
 41.93184      44.36447 
 41.93367      44.37336 
 41.93714      44.39039 
 41.93567      44.39553 
 41.93511      44.39747 
 41.93111      44.40217 
 41.93044      44.40295 
 41.93003      44.40345 
 41.926        44.40817 
 41.92597      44.41017 
 41.92589      44.41389 
 41.931        44.43228 
 41.92442      44.44742 
 41.92436      44.44756 
 41.92525      44.45625 
 41.926        44.46384 
 41.92681      44.4657 
 41.92939      44.47167 
 41.92803      44.47484 
 41.92309      44.48628 
 41.92495      44.4895 
 41.92767      44.49075 
 41.93         44.49184 
 41.93089      44.49708 
 41.93656      44.50172 
 41.94328      44.51467 
 41.94864      44.52497 
 41.946        44.52975 
 41.93533      44.53745 
 41.93622      44.54067 
 41.94409      44.54945 
 41.94398      44.55609 
 41.94945      44.57308 
 41.94778      44.57764 
 41.94356      44.5815 
 41.93328      44.58278 
 41.93059      44.58753 
 41.93047      44.58845 
 41.93236      44.59997 
 41.93934      44.60483 
 41.94114      44.61037 
 41.93975      44.61675 
 41.93358      44.6215 
 41.92692      44.62295 
 41.92678      44.62297 
 41.9232       44.62989 
 41.92253      44.63061 
 41.92045      44.63292 
 41.91897      44.63456 
 41.90753      44.64717 
 41.9042       44.65378 
 41.90422      44.65567 
 41.90434      44.66114 
 41.90436      44.66295 
 41.91539      44.6935 
 41.9165       44.70292 
 41.91389      44.70517 
 41.90461      44.70373 
 41.89461      44.70684 
 41.89047      44.70497 
 41.88597      44.70539 
 41.884        44.70837 
 41.88492      44.7117 
 41.8855       44.71386 
 41.88384      44.71728 
 41.88094      44.71842 
 41.87359      44.71697 
 41.86508      44.72514 
 41.86661      44.7302 
 41.84536      44.74711 
 41.84445      44.74786 
 41.82858      44.75789 
 41.82272      44.76159 
 41.81825      44.76442 
 41.81553      44.76614 
 41.80717      44.76673 
 41.80611      44.76789 
 41.80553      44.76856 
 41.808        44.77242 
 41.80834      44.77295 
 41.80572      44.7752 
 41.80189      44.77334 
 41.79925      44.77342 
 41.79675      44.7735 
 41.79706      44.7742 
 41.79953      44.77995 
 41.79653      44.7852 
 41.78872      44.79039 
 41.79592      44.80078 
 41.79583      44.8042 
 41.7887       44.80825 
 41.78259      44.80797 
 41.77836      44.81023 
 41.775        44.81728 
 41.76917      44.81998 
 41.76556      44.82406 
 41.76669      44.83164 
 41.75047      44.83859 
 41.73594      44.84072 
 41.73203      44.84456 
 41.73161      44.84822 
 41.72611      44.85 
 41.71811      44.84856 
 41.71034      44.85167 
 41.70639      44.85575 
 41.68353      44.8562 
 41.67725      44.84903 
 41.67183      44.84622 
 41.64589      44.84161 
 41.61292      44.84903 
 41.60739      44.85147 
 41.56222      44.84342 
 41.55192      44.84284 
 41.55123      44.84017 
 41.54986      44.83503 
 41.53444      44.83345 
 41.52706      44.83428 
 41.52094      44.83331 
 41.50964      44.83592 
 41.4987       44.83623 
 41.49286      44.838 
 41.48272      44.84497 
 41.47936      44.84167 
 41.47519      44.83756 
 41.4562       44.838 
 41.4125       44.83606 
 41.40681      44.8382 
 41.406        44.8385 
 41.4055       44.83886 
 41.40325      44.8405 
 41.39486      44.84661 
 41.39456      44.84545 
 41.39311      44.83972 
 41.38992      44.83831 
 41.38814      44.8387 
 41.38653      44.83906 
 41.38572      44.83922 
 41.38325      44.84045 
 41.37734      44.84622 
 41.37486      44.84864 
 41.36208      44.85695 
 41.361        44.8615 
 41.36253      44.8652 
 41.35828      44.86767 
 41.34828      44.86798 
 41.33989      44.86856 
 41.33236      44.8735 
 41.32267      44.87498 
 41.30992      44.88189 
 41.30625      44.88686 
 41.28897      44.89467 
 41.27878      44.90206 
 41.27817      44.90367 
 41.27739      44.90573 
 41.26695      44.91509 
 41.25956      44.92172 
 41.25903      44.92814 
 41.25539      44.93198 
 41.24861      44.93234 
 41.23642      44.94225 
 41.23158      44.94147 
 41.23017      44.94606 
 41.22786      44.94747 
 41.22656      44.94828 
 41.22406      44.9455 
 41.21986      44.94636 
 41.21656      44.94928 
 41.21547      44.95317 
 41.2195       44.95872 
 41.21778      44.96236 
 41.20892      44.96773 
 41.20978      44.97095 
 41.2055       44.97434 
 41.19025      44.97753 
 41.18648      44.98525 
 41.18158      44.98703 
 41.17         44.98461 
 41.16992      44.98459 
 41.16875      44.98436 
 41.16758      44.98509 
 41.16642      44.98564 
 41.15772      44.98736 
 41.15114      44.99184 
 41.14919      44.99398 
 41.14686      44.99656 
 41.14372      45 
 1             80 
 2 
 -9998.0  ,   -9997.0
  -612.3  ,   -1.0
 7 
41.3792	43.3625
41.425 , 43.3458
41.5292 , 43.2833
41.6417 , 43.2708
41.7875 , 43.2833
41.875 , 43.2917
42	43.3081
 1             81 
 2 
 -9998.0  ,   -9997.0
  -505.5  ,   -380.5
 11
38.9292 , 45.
38.9208 , 44.9333
38.9208 , 44.8583
38.9375 , 44.775
38.9708 , 44.7
38.9875 , 44.625
38.9458 , 44.5208
38.8292 , 44.4875
38.7458 , 44.4333
38.7292 , 44.3667
38.67408	44.30681
 1             82 
 1 
 -9999.0  ,   -9998.0
 28
41.8879 , 40.
41.8835 , 40.0468
41.8885 , 40.1051
41.8885 , 40.1851
41.8851 , 40.2468
41.8685 , 40.3035
41.9018 , 40.3618
41.9285 , 40.4068
41.9351 , 40.4601
41.9351 , 40.5118
41.9518 , 40.5385
42. , 40.5751
42. , 40.6251
41.9485 , 40.6001
41.8951 , 40.5635
41.8718 , 40.5168
41.8651 , 40.4651
41.8618 , 40.4268
41.8451 , 40.3818
41.8218 , 40.3418
41.8101 , 40.2951
41.8151 , 40.2551
41.8218 , 40.2135
41.8218 , 40.1635
41.8185 , 40.1168
41.8085 , 40.0535
41.8135 , 40.0535
41.7946 , 40.
 1             83 
 1 
 -9999.0  ,   -9998.0
 96
42. , 40.7485
41.9551 , 40.7535
41.8685 , 40.7401
41.8035 , 40.7385
41.7401 , 40.7551
41.6685 , 40.7768
41.6235 , 40.8001
41.5151 , 40.7685
41.4918 , 40.7301
41.3985 , 40.7035
41.3268 , 40.6685
41.2585 , 40.6501
41.2118 , 40.6051
41.1768 , 40.5751
41.0851 , 40.5635
41.0618 , 40.5435
41.0351 , 40.5051
41.0018 , 40.4735
40.9618 , 40.4501
40.9101 , 40.4368
40.8551 , 40.4335
40.8117 , 40.4267
40.7467 , 40.4167
40.6733 , 40.3933
40.5867 , 40.3783
40.48 , 40.37
40.3867 , 40.365
40.3133 , 40.3633
40.2683 , 40.3617
40.21 , 40.3383
40.1483 , 40.3283
40.075 , 40.365
40.0617 , 40.4017
40.0383 , 40.4667
39.9917 , 40.5183
39.94 , 40.5583
39.855 , 40.5683
39.78 , 40.5817
39.6967 , 40.59
39.6667 , 40.6283
39.655 , 40.705
39.6517 , 40.7783
39.6733 , 40.8333
39.6883 , 40.8767
39.7117 , 40.9167
39.735 , 40.9617
39.745 , 40.995
39.6917 , 40.9967
39.6717 , 40.9583
39.645 , 40.9117
39.6283 , 40.8583
39.595 , 40.7783
39.5967 , 40.695
39.6133 , 40.6067
39.6567 , 40.5567
39.71 , 40.535
39.78 , 40.5333
39.8467 , 40.5217
39.925 , 40.515
39.9433 , 40.4933
39.9867 , 40.45
40. , 40.3983
40.0267 , 40.3483
40.07 , 40.315
40.15 , 40.29
40.22 , 40.29
40.2867 , 40.3133
40.32 , 40.3133
40.32 , 40.3133
40.3883 , 40.3267
40.4833 , 40.3217
40.5967 , 40.3283
40.68 , 40.3533
40.76 , 40.375
40.8117 , 40.3917
40.8535 , 40.3935
40.9185 , 40.3968
40.9835 , 40.4068
41.0385 , 40.4401
41.0851 , 40.4835
41.1201 , 40.5135
41.2018 , 40.5218
41.2635 , 40.5718
41.3001 , 40.6101
41.3585 , 40.6268
41.4218 , 40.6551
41.5185 , 40.6785
41.5451 , 40.7001
41.5668 , 40.7535
41.5985 , 40.7501
41.6468 , 40.7301
41.7251 , 40.7085
41.7951 , 40.6868
41.8718 , 40.6901
41.9568 , 40.7018
42. , 40.7035
 1             84 
 1 
 -9999.0  ,   -9998.0
 52 
39.7067 , 40.995
39.6533 , 40.9783
39.59 , 40.9933
39.5233 , 41.02
39.4617 , 41.05
39.415 , 41.05
39.3417 , 41.0283
39.2583 , 41.0217
39.1767 , 41.015
39.0967 , 41.0133
39. , 40.9967
38.9133 , 40.9833
38.825 , 40.96
38.745 , 40.9317
38.665 , 40.905
38.5767 , 40.8833
38.4733 , 40.875
38.3917 , 40.865
38.2933 , 40.8867
38.19 , 40.8967
38.0633 , 40.9083
37.9483 , 40.9333
37.8833 , 40.95
37.8817 , 40.9867
37.85 , 41.0083
37.8267 , 40.9817
37.8267 , 40.9333
37.87 , 40.895
37.9333 , 40.8733
38.0533 , 40.8583
38.18 , 40.8417
38.2883 , 40.825
38.39 , 40.8083
38.4833 , 40.82
38.6017 , 40.8333
38.685 , 40.8583
38.77 , 40.8917
38.835 , 40.9133
38.9283 , 40.9417
39. , 40.9483
39.0667 , 40.96
39.1733 , 40.965
39.2633 , 40.9633
39.2633 , 40.9633
39.36 , 40.9767
39.4183 , 41.0017
39.46 , 40.995
39.515 , 40.975
39.5717 , 40.955
39.6417 , 40.9367
39.7033 , 40.9367
39.7267 , 40.97
 1             85 
 1 
 -9999.0  ,   -9998.0
 36
37.8375 , 40.9892
37.8408 , 41.0358
37.8475 , 41.0975
37.8508 , 41.1508
37.8408 , 41.1692
37.7925 , 41.1983
37.7433 , 41.2017
37.6914 , 41.2035
37.5259 , 41.219
37.3707 , 41.2759
37.1638 , 41.3379
36.9621 , 41.4414
36.7603 , 41.5241
36.5328 , 41.5759
36.3672 , 41.6741
36.2328 , 41.7621
36.1241 , 41.7931
36. , 41.8138
36. , 41.9172
36.1397 , 41.8914
36.3052 , 41.8345
36.4655 , 41.7621
36.7345 , 41.6741
36.9776 , 41.5862
37.2155 , 41.4724
37.4276 , 41.3845
37.7172 , 41.3224
37.7717 , 41.31
37.8267 , 41.2967
37.8758 , 41.26
37.9075 , 41.2117
37.9192 , 41.1592
37.9133 , 41.0992
37.9108 , 41.0417
37.9017 , 40.99
37.87 , 40.9767
 1             86 
 2 
 -9998.0  ,   -9997.0
  -380.5  ,   -325.5
 12
37.7517 , 45.
37.755 , 44.965
37.7717 , 44.91
37.7717 , 44.8517
37.8017 , 44.83
37.8433 , 44.795
37.885 , 44.7583
37.9267 , 44.7217
37.995 , 44.6767
38.0283 , 44.6567
38.0383 , 44.6217
38.04639	44.5836
 1             87 
 2 
 -9998.0  ,   -9997.0
  -330.5  ,    -1.0
 17 
41.0921	40.8064
41.119 , 40.8212
41.181 , 40.8474
41.2534 , 40.9041
41.3259 , 40.952
41.3879 , 41.0174
41.4086 , 41.0872
41.419 , 41.1134
41.4707 , 41.1134
41.5224 , 41.0959
41.5845 , 41.0872
41.6931 , 41.1221
41.7603 , 41.1744
41.8328 , 41.2224
41.8897 , 41.2704
41.9414 , 41.3183
42	41.47839
 1             88 
 2 
 -9998.0  ,   -9997.0
  -325.5  ,    -1.0
 6
38.04639	44.58364
38.0793 , 44.6103
38.1165 , 44.6786
38.1848 , 44.7779
38.2593 , 44.8835
38.3338 , 45.
 1             89 
 2 
 -9998.0  ,   -9997.0
  -323.4  ,    -301.4
 19 
39.7834	40.3485
39.7869 , 40.3617
39.8118 , 40.3783
39.8531 , 40.401
39.8821 , 40.4176
39.9214 , 40.4424
39.9649 , 40.4796
39.9628 , 40.5169
39.9256 , 40.5727
39.9256 , 40.5727
39.8945 , 40.6369
39.8945 , 40.6824
39.8925 , 40.7383
39.9256 , 40.792
39.9628 , 40.8355
39.9918 , 40.8665
40.0166 , 40.9058
40.0187 , 40.9389
40.01286	40.95461 
 1             90 
 2 
 -9998.0  ,   -9997.0
  -323.4  ,    -1.0
 21 
 40.5644	40
40.6052 , 40.0155
40.6621 , 40.031
40.7293 , 40.0776
40.7759 , 40.119
40.8534 , 40.1552
40.9465 , 40.1759
41.0603 , 40.1914
41.1534 , 40.2017
41.2362 , 40.2017
41.2776 , 40.1655
41.35 , 40.1759
41.4276 , 40.1914
41.5103 , 40.2121
41.5621 , 40.2224
41.6221 , 40.2472
41.7131 , 40.2535
41.8041 , 40.2493
41.8848 , 40.2452
41.9552 , 40.2307
 42.	40.239
 1             91 
 2 
 -9998.0  ,   -9997.0
  -301.4  ,    -1.0
 54 
37.9673 , 40.9735
37.9634 , 40.9616
37.958 , 40.9502
37.9513 , 40.9396
37.9433 , 40.93
37.9341 , 40.9214
37.924 , 40.914
37.913 , 40.9079
37.9013 , 40.9033
37.8891 , 40.9002
37.8767 , 40.8986
37.8641 , 40.8986
37.8517 , 40.9002
37.8395 , 40.9033
37.8278 , 40.9079
37.8168 , 40.914
37.8067 , 40.9214
37.7975 , 40.93
37.7895 , 40.9396
37.7828 , 40.9502
37.7774 , 40.9616
37.7735 , 40.9735
37.7712 , 40.9859
37.7704 , 40.9984
37.7712 , 41.0109
37.7735 , 41.0233
37.7774 , 41.0352
37.7828 , 41.0466
 37.78381      41.05045 
 37.78625      41.04805 
 37.78875      41.04564 
 37.803        41.03806 
 37.80392      41.03053 
 37.80397      41.03045 
 37.80633      41.02675 
 37.80739      41.02614 
 37.80753      41.02606 
 37.81142      41.02378 
 37.82445      41.02003 
 37.86061      41.01414 
 37.86908      41.01042 
 37.87506      41.00381 
 37.87769      40.99075 
 37.878        40.98922 
 37.87808      40.98881 
 37.87853      40.98853 
 37.88036      40.98736 
 37.88384      40.98517 
 37.89314      40.98217 
 37.91928      40.98428 
 37.93817      40.98239 
 37.95528      40.9802 
 37.96636      40.98139 
37.9673 , 40.9735
 1             92 
 2 
 -9998.0  ,   -9997.0
  -281.3  ,     -1.0
 26 
 37.9693	40.
37.9508 , 40.0351
37.8991 , 40.0816
37.8835 , 40.1282
37.9042 , 40.1695
37.9818 , 40.1851
38.0594 , 40.1747
38.137 , 40.1851
38.3284 , 40.1954
38.3749 , 40.2058
38.4525 , 40.2523
38.4939 , 40.3402
38.468 , 40.4075
38.4215 , 40.4437
38.2922 , 40.5109
38.1991 , 40.5523
38.137 , 40.542
38.0594 , 40.5109
37.9766 , 40.5213
37.9301 , 40.5626
37.9146 , 40.6351
37.9508 , 40.7385
37.9663 , 40.8109
37.9715 , 40.8989
37.9715 , 40.9506
37.96636	40.98139 
