 10 
 1             1 
 2 
 -9998.0  ,   -9997.0
  1999.0  ,    9990.0
 389 
 72            40.33561 
 72.01436      40.35122 
 72.02541      40.35747 
 72.03803      40.36836 
 72.04048      40.37197 
 72.0439       40.37697 
 72.04795      40.37961 
 72.07078      40.38347 
 72.0775       40.38639 
 72.08375      40.39297 
 72.08448      40.39711 
 72.08542      40.40239 
 72.0992       40.41422 
 72.10222      40.41981 
 72.09848      40.43547 
 72.09766      40.43717 
 72.09248      40.44811 
 72.0989       40.4592 
 72.10242      40.46531 
 72.10733      40.46283 
 72.12175      40.45556 
 72.13448      40.45225 
 72.1399       40.45303 
 72.1425       40.45339 
 72.1525       40.45733 
 72.16608      40.46731 
 72.17267      40.47542 
 72.17381      40.47783 
 72.1835       40.49825 
 72.1863       40.49867 
 72.19197      40.49953 
 72.19511      40.49898 
 72.21428      40.49553 
 72.21508      40.49539 
 72.23397      40.49656 
 72.24047      40.49697 
 72.25025      40.49244 
 72.25164      40.48836 
 72.24925      40.48217 
 72.24441      40.46964 
 72.24453      40.46689 
 72.24831      40.46311 
 72.25408      40.46122 
 72.27353      40.4615 
 72.27998      40.458 
 72.29066      40.44617 
 72.2977       40.4427 
 72.31485      40.44772 
 72.3212       40.44606 
 72.33531      40.43842 
 72.33695      40.43722 
 72.33715      40.43709 
 72.3622       40.41875 
 72.36878      40.41206 
 72.37853      40.40753 
 72.38641      40.40497 
 72.39903      40.40414 
 72.4105       40.40125 
 72.41703      40.40231 
 72.42081      40.40492 
 72.42216      40.41548 
 72.41617      40.42928 
 72.42625      40.45039 
 72.42953      40.4555 
 72.44092      40.47333 
 72.43561      40.48578 
 72.42823      40.49017 
 72.42506      40.49442 
 72.422        40.50281 
 72.42161      40.506 
 72.4209       40.5122 
 72.42078      40.51314 
 72.42011      40.51878 
 72.41448      40.52481 
 72.40875      40.52511 
 72.40166      40.52289 
 72.39231      40.52303 
 72.39117      40.52306 
 72.38814      40.53053 
 72.39167      40.53886 
 72.39753      40.54197 
 72.40103      40.54197 
 72.4027       40.54197 
 72.41403      40.54194 
 72.41995      40.54369 
 72.42745      40.55028 
 72.4291       40.5542 
 72.42826      40.55945 
 72.42411      40.56528 
 72.42316      40.56595 
 72.41947      40.56859 
 72.39675      40.57397 
 72.3933       40.57708 
 72.38672      40.59086 
 72.37989      40.59594 
 72.35561      40.6022 
 72.35242      40.60692 
 72.3525       40.60706 
 72.35578      40.6125 
 72.36103      40.61583 
 72.36235      40.61567 
 72.36916      40.61489 
 72.38472      40.61597 
 72.39117      40.61934 
 72.40217      40.62203 
 72.40606      40.62297 
 72.41456      40.61992 
 72.44478      40.60056 
 72.45397      40.58778 
 72.45614      40.58475 
 72.45658      40.58414 
 72.4763       40.56406 
 72.48525      40.55728 
 72.48622      40.55653 
 72.48648      40.5565 
 72.49076      40.55595 
 72.50553      40.56067 
 72.51645      40.55773 
 72.53623      40.54334 
 72.55117      40.53706 
 72.57061      40.53775 
 72.58297      40.53597 
 72.61308      40.51747 
 72.6221       40.51678 
 72.62898      40.51803 
 72.63666      40.51939 
 72.6491       40.53706 
 72.65365      40.56025 
 72.65678      40.56422 
 72.67555      40.57447 
 72.67655      40.58706 
 72.68353      40.59317 
 72.71615      40.5875 
 72.72425      40.58283 
 72.72533      40.58222 
 72.73683      40.5715 
 72.74811      40.5665 
 72.75708      40.56736 
 72.7621       40.57 
 72.76228      40.57258 
 72.76278      40.57884 
 72.7635       40.58764 
 72.7597       40.63281 
 72.76186      40.63972 
 72.77797      40.64967 
 72.77748      40.65314 
 72.77717      40.65536 
 72.76908      40.66297 
 72.76611      40.67022 
 72.76711      40.6755 
 72.77378      40.68136 
 72.79083      40.68311 
 72.79933      40.681 
 72.81525      40.68067 
 72.83048      40.68328 
 72.84859      40.68892 
 72.85886      40.69561 
 72.86561      40.7 
 72.86972      40.70414 
 72.87025      40.70467 
 72.87292      40.70564 
 72.88367      40.70953 
 72.8845       40.70984 
 72.88835      40.71122 
 72.89733      40.71595 
 72.8992       40.71692 
 72.89925      40.71695 
 72.91805      40.72031 
 72.91915      40.72397 
 72.92753      40.72436 
 72.93678      40.72686 
 72.93798      40.72736 
 72.95175      40.73317 
 72.96698      40.73958 
 72.99208      40.75286 
 72.99536      40.75628 
 72.99656      40.75753 
 73.00364      40.76492 
 73.00573      40.76708 
 73.01056      40.76761 
 73.01189      40.76775 
 73.02175      40.76883 
 73.03486      40.77025 
 73.03703      40.77047 
 73.03709      40.77047 
 73.04166      40.77097 
 73.05261      40.77475 
 73.05922      40.77703 
 73.06081      40.77728 
 73.0685       40.77858 
 73.073        40.78039 
 73.09492      40.78914 
 73.10389      40.79092 
 73.11364      40.79611 
 73.12295      40.80611 
 73.12775      40.81581 
 73.13228      40.83464 
 73.1312       40.84264 
 73.13108      40.84353 
 73.12725      40.85056 
 73.118        40.85678 
 73.10953      40.85847 
 73.08545      40.858 
 73.06975      40.85064 
 73.06495      40.84939 
 73.0589       40.85111 
 73.04045      40.86197 
 73.02808      40.86286 
 73.02108      40.86525 
 73.01678      40.86961 
 73.00816      40.87836 
 73.00142      40.88522 
 73.00028      40.88728 
 72.99917      40.88928 
 72.98983      40.88933 
 72.98606      40.8865 
 72.98483      40.88558 
 72.98389      40.8832 
 72.98261      40.87992 
 72.98001      40.87328 
 72.9757       40.86231 
 72.98114      40.85645 
 72.9832       40.85422 
 72.99578      40.84761 
 72.99795      40.84536 
 72.999        40.83883 
 72.99133      40.83539 
 72.97886      40.83508 
 72.9702       40.82717 
 72.96347      40.8245 
 72.95634      40.82167 
 72.95228      40.81678 
 72.94867      40.81608 
 72.93925      40.81431 
 72.93885      40.81422 
 72.93831      40.8127 
 72.93828      40.81261 
 72.93825      40.81261 
 72.92717      40.81194 
 72.91295      40.81461 
 72.90925      40.81706 
 72.90214      40.83209 
 72.90111      40.83428 
 72.88225      40.84831 
 72.87767      40.85267 
 72.8682       40.86172 
 72.8649       40.8635 
 72.85961      40.86633 
 72.85047      40.86914 
 72.83481      40.86947 
 72.81353      40.86536 
 72.81036      40.86475 
 72.78695      40.86022 
 72.77236      40.86381 
 72.75231      40.86064 
 72.7321       40.854 
 72.7075       40.85828 
 72.69272      40.85886 
 72.68081      40.85561 
 72.65173      40.86373 
 72.6467       40.86514 
 72.6217       40.87325 
 72.61798      40.87567 
 72.59245      40.88139 
 72.59211      40.88147 
 72.59206      40.8815 
 72.58172      40.88581 
 72.57692      40.88942 
 72.5755       40.89047 
 72.5753       40.89139 
 72.57286      40.90297 
 72.57345      40.91834 
 72.57114      40.92331 
 72.56433      40.92948 
 72.56308      40.93061 
 72.55976      40.93364 
 72.55861      40.93467 
 72.55566      40.93986 
 72.55003      40.94595 
 72.54642      40.94983 
 72.54173      40.95489 
 72.54111      40.95556 
 72.54092      40.95575 
 72.53989      40.95686 
 72.5392       40.95792 
 72.52991      40.97172 
 72.52092      40.97814 
 72.51081      40.98203 
 72.50547      40.98164 
 72.50058      40.9807 
 72.4906       40.96892 
 72.48745      40.96856 
 72.48631      40.96956 
 72.48336      40.97217 
 72.4832       40.97592 
 72.48803      40.98267 
 72.49258      40.98906 
 72.50096      41.00078 
 72.50322      41.01133 
 72.5022       41.01731 
 72.50091      41.02483 
 72.50081      41.02547 
 72.49765      41.03053 
 72.49758      41.03064 
 72.48925      41.03361 
 72.48317      41.03578 
 72.47258      41.03753 
 72.469        41.03814 
 72.46646      41.03858 
 72.45231      41.03756 
 72.44778      41.03723 
 72.43333      41.04128 
 72.43058      41.04364 
 72.42145      41.04503 
 72.4115       41.04456 
 72.40691      41.04581 
 72.39725      41.05161 
 72.39048      41.0557 
 72.36664      41.0615 
 72.36181      41.06136 
 72.361        41.06211 
 72.35866      41.06425 
 72.3517       41.06478 
 72.35008      41.06447 
 72.34361      41.0632 
 72.34214      41.0622 
 72.33861      41.05983 
 72.33511      41.05747 
 72.32464      41.04792 
 72.31951      41.04322 
 72.31914      41.04289 
 72.2976       41.03047 
 72.29296      41.02781 
 72.27648      41.02486 
 72.24173      41.01322 
 72.24064      41.01286 
 72.23275      41.01019 
 72.22314      41.00514 
 72.2219       41.00478 
 72.21481      41.00275 
 72.20406      41.00261 
 72.20036      41.00256 
 72.19991      41.00275 
 72.1972       41.004 
 72.18598      41.00919 
 72.17817      41.01517 
 72.17617      41.01875 
 72.17956      41.02411 
 72.18731      41.0255 
 72.20056      41.02786 
 72.2068       41.02897 
 72.20689      41.029 
 72.2112       41.03078 
 72.21215      41.03117 
 72.21828      41.03567 
 72.22258      41.041 
 72.2257       41.04481 
 72.22836      41.05242 
 72.22736      41.05381 
 72.21868      41.06589 
 72.21681      41.07292 
 72.21558      41.07753 
 72.21245      41.08928 
 72.21173      41.10481 
 72.20875      41.11239 
 72.20692      41.11703 
 72.20683      41.11767 
 72.20367      41.14119 
 72.19906      41.14886 
 72.1939       41.15375 
 72.19272      41.15486 
 72.19103      41.15567 
 72.18603      41.15809 
 72.18281      41.15964 
 72.17308      41.16075 
 72.16328      41.15681 
 72.15366      41.15928 
 72.14061      41.16261 
 72.13756      41.16269 
 72.13739      41.16269 
 72.12422      41.16306 
 72.10291      41.15311 
 72.08356      41.14089 
 72.07606      41.13953 
 72.06128      41.14439 
 72.05189      41.149 
 72.02375      41.16278 
 72.01265      41.16503 
 72            41.16758 
 1             2 
 2 
 -9998.0  ,   -9997.0
  1999.0  ,    9990.0
 363 
 72            42.77956 
 72.02098      42.77339 
 72.03772      42.77386 
 72.05691      42.76889 
 72.08861      42.74434 
 72.12036      42.7365 
 72.12833      42.73856 
 72.14506      42.7397 
 72.14953      42.74281 
 72.16608      42.75445 
 72.17446      42.75467 
 72.18208      42.75098 
 72.19111      42.75053 
 72.21191      42.757 
 72.22556      42.75783 
 72.23197      42.76028 
 72.26145      42.76081 
 72.28203      42.75928 
 72.284        42.75681 
 72.30095      42.75289 
 72.30639      42.75089 
 72.3297       42.74239 
 72.38006      42.72784 
 72.40183      42.71989 
 72.40448      42.71653 
 72.40867      42.71414 
 72.41561      42.71017 
 72.45911      42.69711 
 72.49895      42.68514 
 72.52203      42.68225 
 72.52742      42.67939 
 72.53983      42.67922 
 72.54953      42.67717 
 72.55947      42.67695 
 72.58803      42.684 
 72.60675      42.68145 
 72.62148      42.67692 
 72.62622      42.67547 
 72.66731      42.65692 
 72.70866      42.6457 
 72.73197      42.64436 
 72.74428      42.63892 
 72.76683      42.61878 
 72.77286      42.61342 
 72.7891       42.59384 
 72.79086      42.58817 
 72.79736      42.5805 
 72.81425      42.56781 
 72.82308      42.56298 
 72.83908      42.55734 
 72.8795       42.55245 
 72.88973      42.54395 
 72.90111      42.53731 
 72.91078      42.53498 
 72.95167      42.53398 
 72.96083      42.52842 
 72.97542      42.52756 
 73.0067       42.53525 
 73.01598      42.5352 
 73.03533      42.53006 
 73.05111      42.53134 
 73.07236      42.53306 
 73.09115      42.53636 
 73.10695      42.5355 
 73.11573      42.53178 
 73.13461      42.53142 
 73.18855      42.51773 
 73.20817      42.51417 
 73.21556      42.51381 
 73.2218       42.5135 
 73.24053      42.50834 
 73.29811      42.50609 
 73.3069       42.50234 
 73.30908      42.49834 
 73.31015      42.49645 
 73.31236      42.48481 
 73.30773      42.45361 
 73.3097       42.44928 
 73.31175      42.4477 
 73.32011      42.44123 
 73.34617      42.42723 
 73.3765       42.42564 
 73.39406      42.42636 
 73.40773      42.42406 
 73.41395      42.42145 
 73.42083      42.41856 
 73.43875      42.41881 
 73.44456      42.4205 
 73.44953      42.41992 
 73.4514       42.4197 
 73.45614      42.41497 
 73.46456      42.4117 
 73.4755       42.40747 
 73.49121      42.40909 
 73.49606      42.41211 
 73.5111       42.41622 
 73.5115       42.41698 
 73.51431      42.422 
 73.5139       42.43848 
 73.50906      42.4455 
 73.50376      42.44817 
 73.49481      42.45856 
 73.46966      42.47667 
 73.45936      42.48962 
 73.45206      42.4952 
 73.44778      42.49848 
 73.44328      42.50192 
 73.44148      42.50503 
 73.43855      42.51006 
 73.43595      42.51892 
 73.43264      42.53017 
 73.42464      42.54697 
 73.42189      42.56786 
 73.42156      42.57042 
 73.42614      42.59303 
 73.42658      42.59514 
 73.42658      42.59517 
 73.42323      42.60925 
 73.42308      42.60986 
 73.42395      42.62628 
 73.42598      42.63364 
 73.42789      42.64059 
 73.43989      42.65723 
 73.44095      42.66122 
 73.44197      42.66511 
 73.4452       42.67734 
 73.45036      42.69692 
 73.45164      42.70178 
 73.45748      42.71459 
 73.46195      42.72442 
 73.47761      42.74453 
 73.47833      42.74545 
 73.4875       42.7572 
 73.49886      42.7755 
 73.5035       42.78297 
 73.50367      42.78322 
 73.50425      42.78697 
 73.5067       42.80242 
 73.5064       42.80575 
 73.50592      42.81086 
 73.50545      42.81586 
 73.50447      42.8265 
 73.50398      42.83206 
 73.50386      42.83331 
 73.5036       42.83628 
 73.50333      42.83895 
 73.50275      42.84517 
 73.50136      42.85103 
 73.4982       42.86456 
 73.50017      42.90692 
 73.51439      42.93389 
 73.54145      42.95945 
 73.54561      42.96606 
 73.55417      42.97956 
 73.5615       42.99109 
 73.56409      43.00328 
 73.5615       43.00345 
 73.55431      43.01639 
 73.5582       43.02286 
 73.57131      43.03425 
 73.62911      43.05186 
 73.63817      43.05461 
 73.64308      43.05764 
 73.64706      43.05912 
 73.64933      43.05997 
 73.65676      43.06275 
 73.68608      43.07375 
 73.69197      43.07475 
 73.6932       43.07542 
 73.70153      43.07992 
 73.70164      43.07995 
 73.71692      43.0857 
 73.74495      43.09622 
 73.75433      43.09975 
 73.77278      43.1067 
 73.77831      43.10878 
 73.7817       43.10906 
 73.79391      43.11009 
 73.80278      43.11081 
 73.80442      43.11095 
 73.81978      43.11222 
 73.86081      43.10089 
 73.87065      43.09817 
 73.87786      43.09687 
 73.879        43.09689 
 73.89098      43.09725 
 73.89714      43.10167 
 73.90564      43.12875 
 73.90522      43.13378 
 73.91323      43.13959 
 73.92095      43.15045 
 73.9342       43.16911 
 73.9544       43.19197 
 73.98328      43.18586 
 73.98431      43.1852 
 73.99595      43.17753 
 73.9997       43.17322 
 74.00328      43.16911 
 74.02333      43.16725 
 74.02995      43.16345 
 74.04193      43.15945 
 74.04542      43.159 
 74.05133      43.15825 
 74.05192      43.15817 
 74.09928      43.16753 
 74.1117       43.17222 
 74.1182       43.17662 
 74.12411      43.17758 
 74.13514      43.18256 
 74.13653      43.1832 
 74.1412       43.18458 
 74.15808      43.18497 
 74.17392      43.19106 
 74.17726      43.19886 
 74.17206      43.20959 
 74.16859      43.21345 
 74.15775      43.22547 
 74.15575      43.23164 
 74.15915      43.23625 
 74.16942      43.2377 
 74.18846      43.23422 
 74.19453      43.23311 
 74.23106      43.235 
 74.28958      43.238 
 74.29431      43.23823 
 74.30323      43.22134 
 74.30842      43.21633 
 74.30895      43.2162 
 74.30983      43.21595 
 74.32135      43.21278 
 74.32678      43.21275 
 74.3339       43.21273 
 74.33617      43.2107 
 74.33953      43.2077 
 74.34233      43.2052 
 74.349        43.20645 
 74.36483      43.20153 
 74.37011      43.19989 
 74.37025      43.19986 
 74.37141      43.20031 
 74.37556      43.20186 
 74.37622      43.20183 
 74.38597      43.20159 
 74.4062       43.19361 
 74.4162       43.20017 
 74.42261      43.20045 
 74.427        43.19847 
 74.42772      43.19814 
 74.4309       43.19225 
 74.4319       43.19039 
 74.43703      43.1875 
 74.45275      43.18884 
 74.48031      43.18489 
 74.48573      43.18412 
 74.49415      43.17739 
 74.49611      43.17448 
 74.49775      43.17203 
 74.49675      43.16867 
 74.49625      43.167 
 74.49703      43.16622 
 74.50445      43.15881 
 74.50536      43.15945 
 74.50972      43.1625 
 74.51178      43.16273 
 74.51411      43.16297 
 74.5251       43.16028 
 74.5342       43.15348 
 74.54603      43.15767 
 74.54875      43.15706 
 74.55011      43.15675 
 74.55041      43.15642 
 74.55895      43.14742 
 74.56611      43.14439 
 74.56803      43.14359 
 74.57885      43.14136 
 74.58         43.14111 
 74.58089      43.13959 
 74.5815       43.13853 
 74.58303      43.13592 
 74.58503      43.13434 
 74.58517      43.13423 
 74.59111      43.12953 
 74.59255      43.12903 
 74.59272      43.12897 
 74.61264      43.12206 
 74.61733      43.1175 
 74.61798      43.11467 
 74.61864      43.11131 
 74.62053      43.10181 
 74.621        43.09939 
 74.62111      43.09925 
 74.62148      43.09878 
 74.62573      43.09328 
 74.63028      43.09278 
 74.63075      43.09273 
 74.63098      43.09259 
 74.64814      43.08272 
 74.66123      43.07945 
 74.66317      43.07895 
 74.6658       43.07828 
 74.68486      43.0677 
 74.68775      43.06525 
 74.69422      43.05978 
 74.6997       43.05253 
 74.70323      43.04787 
 74.70556      43.03528 
 74.70686      43.02822 
 74.70725      43.02778 
 74.71321      43.02128 
 74.72073      43.01609 
 74.72383      43.01392 
 74.73286      42.99895 
 74.73348      42.99859 
 74.74047      42.99439 
 74.76317      42.99198 
 74.76733      42.99153 
 74.77611      42.99159 
 74.78267      42.99356 
 74.78989      42.9957 
 74.80331      42.99364 
 74.806        42.99383 
 74.81797      42.9947 
 74.8235       42.99553 
 74.82422      42.99564 
 74.83011      43.00425 
 74.83053      43.00486 
 74.83123      43.00586 
 74.8375       43.00589 
 74.84423      43.00442 
 74.85308      43.00064 
 74.8625       42.99664 
 74.8714       42.99287 
 74.87986      42.98934 
 74.89105      42.98795 
 74.8945       42.98753 
 74.8992       42.98478 
 74.91011      42.983 
 74.91167      42.98275 
 74.91233      42.98231 
 74.91917      42.97772 
 74.91953      42.97706 
 74.92106      42.97431 
 74.91956      42.96731 
 74.9192       42.96561 
 74.91956      42.96425 
 74.92025      42.96164 
 74.92047      42.96081 
 74.92078      42.96053 
 74.92514      42.95647 
 74.93418      42.95992 
 74.93978      42.95856 
 74.94011      42.95811 
 74.94475      42.95198 
 74.94511      42.95148 
 74.94791      42.95031 
 74.94998      42.94945 
 74.956        42.94692 
 74.96398      42.94336 
 74.97089      42.94267 
 74.97442      42.94234 
 74.98011      42.94303 
 74.9885       42.94406 
 75            42.94106 
 1             3 
 2 
 -9998.0  ,   -9997.0
  1999.0  ,    9990.0
 451 
 73.98145      40 
 73.97281      40.00606 
 73.95042      40.01267 
 73.94561      40.01558 
 73.94317      40.01992 
 73.9449       40.02314 
 73.95045      40.02731 
 73.9924       40.04031 
 74.01086      40.05489 
 74.01631      40.06728 
 74.02108      40.07372 
 74.02851      40.08364 
 74.0388       40.08878 
 74.04539      40.0877 
 74.07564      40.07383 
 74.08308      40.07389 
 74.09873      40.08045 
 74.10592      40.07778 
 74.11036      40.0785 
 74.11331      40.08106 
 74.11608      40.09203 
 74.12366      40.1017 
 74.1305       40.10292 
 74.14245      40.09936 
 74.14561      40.09908 
 74.14958      40.09875 
 74.16436      40.10619 
 74.1792       40.10861 
 74.196        40.11811 
 74.20731      40.11867 
 74.22895      40.12411 
 74.24181      40.12034 
 74.25096      40.12681 
 74.25539      40.12753 
 74.26286      40.12483 
 74.26861      40.11825 
 74.27414      40.10572 
 74.27775      40.10272 
 74.28586      40.096 
 74.30656      40.10553 
 74.31492      40.104 
 74.31531      40.10364 
 74.33356      40.087 
 74.34045      40.08386 
 74.36373      40.10092 
 74.38325      40.10998 
 74.39623      40.12103 
 74.40217      40.12478 
 74.41186      40.13094 
 74.42284      40.13423 
 74.44031      40.14256 
 74.45215      40.15064 
 74.45945      40.16278 
 74.47036      40.17267 
 74.48278      40.18028 
 74.48922      40.19245 
 74.49336      40.19589 
 74.4981       40.19842 
 74.51266      40.20056 
 74.52089      40.20334 
 74.52367      40.20428 
 74.53164      40.21095 
 74.54253      40.22633 
 74.54806      40.23203 
 74.55611      40.24033 
 74.55961      40.24947 
 74.56965      40.26256 
 74.57731      40.26944 
 74.58591      40.27453 
 74.62525      40.27906 
 74.63411      40.27845 
 74.63481      40.27842 
 74.64533      40.26842 
 74.6635       40.26917 
 74.67308      40.26534 
 74.68025      40.26422 
 74.6847       40.26606 
 74.68736      40.26994 
 74.68305      40.2905 
 74.6842       40.29667 
 74.69278      40.30539 
 74.69781      40.31342 
 74.7004       40.32803 
 74.6975       40.33525 
 74.69481      40.34197 
 74.69583      40.34247 
 74.70355      40.34611 
 74.71733      40.34647 
 74.72414      40.34664 
 74.74086      40.34945 
 74.77103      40.34544 
 74.78495      40.34931 
 74.79011      40.35075 
 74.79278      40.35069 
 74.80206      40.35056 
 74.81883      40.3433 
 74.82992      40.33575 
 74.8359       40.3317 
 74.84158      40.32575 
 74.84265      40.32525 
 74.85833      40.31759 
 74.86311      40.31759 
 74.87203      40.32697 
 74.87828      40.32997 
 74.89948      40.33708 
 74.90808      40.34578 
 74.90208      40.35172 
 74.8704       40.36856 
 74.85928      40.37906 
 74.85328      40.38945 
 74.84995      40.39525 
 74.80495      40.42961 
 74.78931      40.4465 
 74.78928      40.45014 
 74.79197      40.45289 
 74.812        40.45386 
 74.8215       40.46622 
 74.82367      40.47944 
 74.8253       40.48934 
 74.8217       40.49942 
 74.82105      40.5012 
 74.81803      40.50483 
 74.82333      40.52131 
 74.82516      40.52264 
 74.82811      40.52475 
 74.83473      40.52386 
 74.84043      40.52022 
 74.8512       40.51703 
 74.9004       40.49475 
 74.91817      40.49175 
 74.92433      40.4907 
 74.92645      40.48614 
 74.92555      40.48409 
 74.93428      40.47517 
 74.96515      40.45992 
 74.9879       40.45059 
 74.99683      40.45042 
 74.99836      40.45039 
 75            40.45139 
 75.003        40.45319 
 75.01089      40.45792 
 75.01808      40.45861 
 75.02468      40.45472 
 75.02795      40.45497 
 75.03191      40.45531 
 75.03603      40.45564 
 75.04486      40.452 
 75.04708      40.45109 
 75.05033      40.45081 
 75.05303      40.45059 
 75.06626      40.4495 
 75.07672      40.44356 
 75.08598      40.44084 
 75.09167      40.44072 
 75.095        40.44064 
 75.09706      40.44061 
 75.10631      40.44134 
 75.1064       40.44134 
 75.10872      40.44153 
 75.11978      40.44861 
 75.13861      40.45545 
 75.16942      40.44972 
 75.1856       40.44081 
 75.19395      40.43875 
 75.20361      40.43981 
 75.21906      40.44147 
 75.22895      40.44511 
 75.23186      40.44808 
 75.23791      40.45425 
 75.25111      40.4627 
 75.2595       40.47778 
 75.2649       40.47958 
 75.28945      40.48139 
 75.29545      40.48892 
 75.30117      40.501 
 75.31736      40.51286 
 75.32003      40.514 
 75.32816      40.51742 
 75.34822      40.5192 
 75.35783      40.5265 
 75.37348      40.54336 
 75.38458      40.55272 
 75.39         40.55567 
 75.3965       40.55492 
 75.402        40.55428 
 75.41006      40.55333 
 75.41848      40.55903 
 75.44548      40.5815 
 75.44886      40.58431 
 75.45309      40.59047 
 75.45556      40.60325 
 75.46039      40.60895 
 75.47028      40.61144 
 75.48656      40.62214 
 75.50875      40.62572 
 75.51778      40.62933 
 75.53375      40.64208 
 75.55539      40.64884 
 75.56053      40.65247 
 75.56703      40.65372 
 75.59311      40.65872 
 75.5967       40.65645 
 75.61253      40.62261 
 75.61933      40.61475 
 75.62103      40.56422 
 75.6228       40.55861 
 75.62631      40.54753 
 75.6379       40.526 
 75.6409       40.50692 
 75.64865      40.50192 
 75.67723      40.49692 
 75.71948      40.48509 
 75.71971      40.48444 
 75.72186      40.47828 
 75.71647      40.45828 
 75.71525      40.43736 
 75.70917      40.43234 
 75.69086      40.42831 
 75.68135      40.42103 
 75.67658      40.40831 
 75.66945      40.40103 
 75.64836      40.38883 
 75.64291      40.38336 
 75.64498      40.3802 
 75.64706      40.37695 
 75.66075      40.37117 
 75.66611      40.36794 
 75.66936      40.36358 
 75.66092      40.35425 
 75.66445      40.34989 
 75.68283      40.34128 
 75.68992      40.33586 
 75.68733      40.31642 
 75.69828      40.30386 
 75.69956      40.29967 
 75.69683      40.29395 
 75.69348      40.28828 
 75.69493      40.28325 
 75.69991      40.27728 
 75.72242      40.28881 
 75.74036      40.29489 
 75.75831      40.29867 
 75.7792       40.299 
 75.79273      40.30784 
 75.80483      40.31967 
 75.81331      40.33045 
 75.81775      40.33608 
 75.82523      40.3395 
 75.82881      40.33859 
 75.82968      40.33125 
 75.83781      40.31098 
 75.84433      40.30773 
 75.85775      40.30672 
 75.88523      40.30789 
 75.8902       40.30658 
 75.89503      40.30531 
 75.90036      40.30117 
 75.91161      40.28639 
 75.91822      40.28581 
 75.91825      40.28581 
 75.92247      40.29072 
 75.92308      40.29242 
 75.9254       40.29861 
 75.92161      40.31781 
 75.9223       40.32717 
 75.93008      40.33775 
 75.9482       40.35381 
 75.96005      40.37086 
 75.96672      40.37675 
 75.97483      40.38011 
 76.00486      40.37986 
 76.0101       40.37983 
 76.02355      40.3827 
 76.069        40.40378 
 76.09086      40.40747 
 76.10667      40.40481 
 76.12061      40.39828 
 76.1257       40.39825 
 76.15428      40.38717 
 76.15775      40.38583 
 76.17267      40.38317 
 76.18758      40.38281 
 76.2005       40.38678 
 76.22041      40.39664 
 76.2587       40.43234 
 76.27486      40.45 
 76.27775      40.4522 
 76.28911      40.46081 
 76.29303      40.46147 
 76.30289      40.46045 
 76.30967      40.45533 
 76.3125       40.44731 
 76.31414      40.42214 
 76.32211      40.4015 
 76.32481      40.37061 
 76.33023      40.36203 
 76.33178      40.35956 
 76.33575      40.36092 
 76.3402       40.36245 
 76.36447      40.38206 
 76.37773      40.38714 
 76.41075      40.39589 
 76.41523      40.39517 
 76.43989      40.40242 
 76.45255      40.4082 
 76.45893      40.41223 
 76.46233      40.41767 
 76.46511      40.42047 
 76.47578      40.43122 
 76.49668      40.4435 
 76.52133      40.46261 
 76.52756      40.47353 
 76.52875      40.50117 
 76.53345      40.52258 
 76.53492      40.52639 
 76.5382       40.53486 
 76.57528      40.57095 
 76.5886       40.58881 
 76.59935      40.59986 
 76.61398      40.60994 
 76.63795      40.62167 
 76.64036      40.62283 
 76.64655      40.63053 
 76.64556      40.63878 
 76.64685      40.64264 
 76.63925      40.664 
 76.63895      40.67489 
 76.64706      40.68881 
 76.64725      40.69658 
 76.64478      40.70667 
 76.63301      40.72809 
 76.62918      40.74047 
 76.634        40.75733 
 76.645        40.76497 
 76.65153      40.774 
 76.65703      40.77778 
 76.6757       40.79059 
 76.67589      40.7907 
 76.69328      40.80061 
 76.74103      40.82786 
 76.74681      40.83117 
 76.75347      40.83389 
 76.7815       40.84525 
 76.78709      40.85136 
 76.7888       40.86 
 76.78856      40.86106 
 76.78664      40.86922 
 76.77528      40.91784 
 76.77517      40.92447 
 76.77761      40.93264 
 76.77775      40.93306 
 76.78609      40.96067 
 76.79375      40.96603 
 76.80597      40.97133 
 76.82445      40.97469 
 76.83056      40.97781 
 76.83136      40.98036 
 76.83256      40.98417 
 76.83681      40.98478 
 76.84375      40.9972 
 76.84886      41.00633 
 76.85386      41.01264 
 76.86405      41.02094 
 76.87286      41.02295 
 76.88745      41.02628 
 76.9115       41.02314 
 76.94728      41.03878 
 76.96975      41.04297 
 76.98742      41.04817 
 77.01566      41.05295 
 77.02725      41.05708 
 77.02853      41.05725 
 77.04547      41.05947 
 77.04728      41.0597 
 77.0707       41.05517 
 77.09433      41.04767 
 77.09706      41.04614 
 77.10758      41.04014 
 77.12386      41.03089 
 77.13258      41.02592 
 77.13503      41.02633 
 77.14333      41.0217 
 77.15281      41.01639 
 77.16575      41.015 
 77.17572      41.01978 
 77.18785      41.02559 
 77.20331      41.02803 
 77.22958      41.02775 
 77.24628      41.02195 
 77.24878      41.01889 
 77.25122      41.01589 
 77.25051      41.01225 
 77.25867      41.00789 
 77.26117      41.00655 
 77.26496      41.00681 
 77.27448      41.00742 
 77.27914      41.00903 
 77.29728      41.01534 
 77.30686      41.01867 
 77.3155       41.02375 
 77.31911      41.02514 
 77.33203      41.03006 
 77.33861      41.03111 
 77.34873      41.0327 
 77.35958      41.0327 
 77.36131      41.03245 
 77.37611      41.03031 
 77.4232       41.02131 
 77.44014      41.02234 
 77.44856      41.021 
 77.461        41.01525 
 77.46689      41.003 
 77.46761      41.00253 
 77.46983      41.00111 
 77.50542      40.99986 
 77.52267      40.99356 
 77.53316      40.99194 
 77.5492       40.99272 
 77.57014      40.99592 
 77.59765      41.00397 
 77.6167       41.01233 
 77.62528      41.01275 
 77.64322      41.00817 
 77.66383      40.99859 
 77.68656      41.00811 
 77.6925       41.01344 
 77.6982       41.0195 
 77.70686      41.02434 
 77.7218       41.02809 
 77.72728      41.02864 
 77.75117      41.02236 
 77.75933      41.02306 
 77.76825      41.02672 
 77.7747       41.03572 
 77.79747      41.04614 
 77.81033      41.04911 
 77.81089      41.04925 
 77.83428      41.05861 
 77.839        41.0605 
 77.85181      41.06561 
 77.87753      41.07319 
 77.88595      41.07208 
 77.90366      41.06317 
 77.91295      41.06133 
 77.92298      41.06222 
 77.93733      41.06572 
 77.94197      41.06836 
 77.95292      41.06989 
 77.9832       41.07781 
 77.98808      41.07642 
 78            41.07306 
 1             4 
 2 
 -9998.0  ,   -9997.0
  1999.0  ,    9990.0
 237 
 75            42.94106 
 75.00491      42.93978 
 75.00556      42.93892 
 75.00645      42.93772 
 75.00928      42.93389 
 75.01095      42.93164 
 75.01836      42.93048 
 75.02436      42.92953 
 75.03415      42.91864 
 75.03675      42.91795 
 75.0401       42.91706 
 75.04906      42.91164 
 75.05326      42.91139 
 75.05722      42.91114 
 75.05867      42.91056 
 75.07811      42.90281 
 75.07886      42.9025 
 75.07928      42.90059 
 75.08006      42.89706 
 75.08041      42.89542 
 75.08066      42.89525 
 75.08373      42.89303 
 75.08417      42.8927 
 75.09534      42.89059 
 75.10986      42.88545 
 75.11066      42.88517 
 75.11764      42.8827 
 75.12886      42.87873 
 75.13236      42.87395 
 75.13486      42.87056 
 75.13686      42.86872 
 75.14181      42.86417 
 75.14353      42.86261 
 75.1573       42.84992 
 75.16995      42.84833 
 75.17064      42.84833 
 75.19297      42.84845 
 75.197        42.84525 
 75.19936      42.84339 
 75.20192      42.84136 
 75.20531      42.84095 
 75.2324       42.83767 
 75.24606      42.84106 
 75.25022      42.84209 
 75.25325      42.84284 
 75.254        42.84314 
 75.25442      42.84331 
 75.27458      42.85142 
 75.28543      42.85256 
 75.28661      42.8527 
 75.30845      42.85503 
 75.31897      42.85614 
 75.32203      42.85647 
 75.33048      42.85428 
 75.33505      42.85309 
 75.34172      42.8512 
 75.35392      42.84428 
 75.3735       42.83739 
 75.4157       42.82447 
 75.42783      42.82203 
 75.43995      42.82078 
 75.44989      42.81975 
 75.45143      42.81959 
 75.47972      42.82367 
 75.49073      42.82525 
 75.51908      42.82345 
 75.5439       42.82186 
 75.54901      42.82153 
 75.54936      42.8215 
 75.55528      42.82423 
 75.57105      42.8217 
 75.5802       42.82022 
 75.58089      42.82011 
 75.58253      42.82014 
 75.61398      42.82081 
 75.64153      42.81612 
 75.65958      42.81306 
 75.68097      42.80698 
 75.69922      42.79867 
 75.7107       42.79653 
 75.71628      42.7972 
 75.73439      42.80464 
 75.75083      42.8155 
 75.75878      42.82075 
 75.7669       42.83125 
 75.77108      42.8367 
 75.77225      42.84559 
 75.77341      42.85431 
 75.78917      42.9002 
 75.8012       42.91775 
 75.81509      42.9337 
 75.82164      42.93598 
 75.85347      42.94703 
 75.86228      42.95009 
 75.89585      42.943 
 75.91808      42.95406 
 75.92711      42.95445 
 75.93303      42.95259 
 75.94256      42.94428 
 75.96078      42.93384 
 75.9841       42.92886 
 75.99875      42.93125 
 76.00578      42.93025 
 76.00715      42.93006 
 76.02278      42.91392 
 76.03547      42.90992 
 76.05258      42.90978 
 76.08283      42.91317 
 76.08811      42.9145 
 76.11283      42.9207 
 76.13436      42.92348 
 76.16198      42.92086 
 76.18253      42.91892 
 76.21306      42.92 
 76.24042      42.91811 
 76.26847      42.91923 
 76.27866      42.91637 
 76.29964      42.90562 
 76.30542      42.898 
 76.30831      42.88692 
 76.30845      42.88642 
 76.31033      42.8792 
 76.31545      42.87092 
 76.31803      42.86928 
 76.3181       42.86925 
 76.32315      42.86603 
 76.34708      42.86553 
 76.37825      42.86931 
 76.44486      42.88592 
 76.45758      42.88558 
 76.45981      42.88553 
 76.48539      42.88887 
 76.4942       42.89611 
 76.50065      42.90139 
 76.50186      42.90239 
 76.50906      42.91742 
 76.51256      42.91834 
 76.51408      42.91873 
 76.5315       42.91784 
 76.56648      42.90961 
 76.57923      42.9092 
 76.60328      42.91223 
 76.60733      42.91273 
 76.63653      42.9105 
 76.65636      42.90725 
 76.67509      42.90839 
 76.68589      42.90547 
 76.70483      42.90409 
 76.72322      42.9052 
 76.72889      42.90717 
 76.73808      42.91408 
 76.73905      42.91481 
 76.7485       42.93022 
 76.74961      42.93447 
 76.75161      42.94208 
 76.75545      42.94592 
 76.76239      42.949 
 76.77708      42.95109 
 76.80258      42.95095 
 76.81453      42.95878 
 76.82909      42.97206 
 76.8352       42.97581 
 76.8462       42.98256 
 76.85966      42.98509 
 76.88991      42.98306 
 76.8995       42.98239 
 76.92914      42.98331 
 76.93486      42.9827 
 76.94683      42.98142 
 76.9605       42.97936 
 76.97281      42.97481 
 76.9847       42.97214 
 76.99047      42.97086 
 76.99965      42.97034 
 77.00725      42.96989 
 77.02572      42.96531 
 77.04281      42.96106 
 77.05648      42.96175 
 77.06278      42.96208 
 77.07306      42.96395 
 77.08691      42.96648 
 77.11706      42.96422 
 77.13914      42.96258 
 77.17581      42.95984 
 77.18785      42.95573 
 77.19425      42.95172 
 77.2014       42.94197 
 77.21022      42.93389 
 77.22342      42.92189 
 77.24375      42.91553 
 77.24597      42.91528 
 77.25986      42.91364 
 77.27533      42.9127 
 77.27634      42.91264 
 77.344        42.91545 
 77.36183      42.91759 
 77.37048      42.92047 
 77.38264      42.9245 
 77.40111      42.92689 
 77.4222       42.93286 
 77.43911      42.93547 
 77.45033      42.9357 
 77.48116      42.9275 
 77.50923      42.92784 
 77.52961      42.93153 
 77.53572      42.93053 
 77.56022      42.9265 
 77.58228      42.91711 
 77.64206      42.91645 
 77.68139      42.91145 
 77.70147      42.907 
 77.70328      42.90658 
 77.72721      42.90489 
 77.73597      42.90675 
 77.75345      42.90703 
 77.76916      42.91078 
 77.78533      42.91064 
 77.79303      42.90839 
 77.80125      42.89698 
 77.81536      42.88542 
 77.83317      42.87995 
 77.85286      42.88064 
 77.86778      42.88117 
 77.90483      42.86814 
 77.91389      42.86859 
 77.92878      42.87439 
 77.93598      42.87514 
 77.94486      42.87195 
 77.94922      42.8652 
 77.96291      42.85247 
 77.96809      42.84984 
 77.97722      42.85189 
 77.98881      42.85712 
 77.99692      42.86075 
 77.99695      42.86142 
 77.997        42.86214 
 78            42.86375 
 1             5 
 1 
 -9999.0  ,   -9998.0
 50 
73.2453 , 43.3269
73.2418 , 43.3454
73.236 , 43.3633
73.2279 , 43.3804
73.2179 , 43.3963
73.2058 , 43.4108
73.1921 , 43.4237
73.1769 , 43.4348
73.1604 , 43.4438
73.1429 , 43.4508
73.1246 , 43.4554
73.1059 , 43.4578
73.0871 , 43.4578
73.0684 , 43.4554
73.0501 , 43.4508
73.0326 , 43.4438
73.0161 , 43.4348
73.0009 , 43.4237
72.9872 , 43.4108
72.9751 , 43.3963
72.9651 , 43.3804
72.957 , 43.3633
72.9512 , 43.3454
72.9477 , 43.3269
72.9465 , 43.3081
72.9477 , 43.2893
72.9512 , 43.2708
72.957 , 43.2529
72.9651 , 43.2358
72.9751 , 43.2199
72.9872 , 43.2054
73.0009 , 43.1925
73.0161 , 43.1815
73.0326 , 43.1724
73.0501 , 43.1654
73.0684 , 43.1608
73.0871 , 43.1584
73.1059 , 43.1584
73.1246 , 43.1608
73.1429 , 43.1654
73.1604 , 43.1724
73.1769 , 43.1815
73.1921 , 43.1925
73.2058 , 43.2054
73.2179 , 43.2199
73.2279 , 43.2358
73.236 , 43.2529
73.2418 , 43.2708
73.2453 , 43.2893
73.2465 , 43.3081
 1             6 
 1 
 -9999.0  ,   -9998.0
 50 
74.6316 , 42.1409
74.6281 , 42.1594
74.6223 , 42.1773
74.6142 , 42.1944
74.6042 , 42.2103
74.5921 , 42.2248
74.5784 , 42.2377
74.5632 , 42.2488
74.5467 , 42.2578
74.5292 , 42.2648
74.5109 , 42.2694
74.4922 , 42.2718
74.4734 , 42.2718
74.4547 , 42.2694
74.4364 , 42.2648
74.4189 , 42.2578
74.4024 , 42.2488
74.3872 , 42.2377
74.3735 , 42.2248
74.3614 , 42.2103
74.3514 , 42.1944
74.3433 , 42.1773
74.3375 , 42.1594
74.334 , 42.1409
74.3328 , 42.1221
74.334 , 42.1033
74.3375 , 42.0848
74.3433 , 42.0669
74.3514 , 42.0498
74.3614 , 42.0339
74.3735 , 42.0194
74.3872 , 42.0065
74.4024 , 41.9955
74.4189 , 41.9864
74.4364 , 41.9794
74.4547 , 41.9748
74.4734 , 41.9724
74.4922 , 41.9724
74.5109 , 41.9748
74.5292 , 41.9794
74.5467 , 41.9864
74.5632 , 41.9955
74.5784 , 42.0065
74.5921 , 42.0194
74.6042 , 42.0339
74.6142 , 42.0498
74.6223 , 42.0669
74.6281 , 42.0848
74.6316 , 42.1033
74.6328 , 42.1221
 1             7 
 1 
 -9999.0  ,   -9998.0
 50 
73.2867 , 41.4955
73.2832 , 41.514
73.2774 , 41.5319
73.2693 , 41.549
73.2593 , 41.5649
73.2472 , 41.5794
73.2335 , 41.5923
73.2183 , 41.6034
73.2018 , 41.6124
73.1843 , 41.6194
73.166 , 41.624
73.1473 , 41.6264
73.1285 , 41.6264
73.1098 , 41.624
73.0915 , 41.6194
73.074 , 41.6124
73.0575 , 41.6034
73.0423 , 41.5923
73.0286 , 41.5794
73.0165 , 41.5649
73.0065 , 41.549
72.9984 , 41.5319
72.9926 , 41.514
72.9891 , 41.4955
72.9879 , 41.4767
72.9891 , 41.4579
72.9926 , 41.4394
72.9984 , 41.4215
73.0065 , 41.4044
73.0165 , 41.3885
73.0286 , 41.374
73.0423 , 41.3611
73.0575 , 41.3501
73.074 , 41.341
73.0915 , 41.334
73.1098 , 41.3294
73.1285 , 41.327
73.1473 , 41.327
73.166 , 41.3294
73.1843 , 41.334
73.2018 , 41.341
73.2183 , 41.3501
73.2335 , 41.3611
73.2472 , 41.374
73.2593 , 41.3885
73.2693 , 41.4044
73.2774 , 41.4215
73.2832 , 41.4394
73.2867 , 41.4579
73.2879 , 41.4767
 1             8 
 1 
 -9999.0  ,   -9998.0
 50 
74.0522 , 40.2544
74.0487 , 40.2729
74.0429 , 40.2908
74.0348 , 40.3079
74.0248 , 40.3238
74.0127 , 40.3383
73.999 , 40.3512
73.9838 , 40.3623
73.9673 , 40.3713
73.9498 , 40.3783
73.9315 , 40.3829
73.9128 , 40.3853
73.894 , 40.3853
73.8753 , 40.3829
73.857 , 40.3783
73.8395 , 40.3713
73.823 , 40.3623
73.8078 , 40.3512
73.7941 , 40.3383
73.782 , 40.3238
73.772 , 40.3079
73.7639 , 40.2908
73.7581 , 40.2729
73.7546 , 40.2544
73.7534 , 40.2356
73.7546 , 40.2168
73.7581 , 40.1983
73.7639 , 40.1804
73.772 , 40.1633
73.782 , 40.1474
73.7941 , 40.1329
73.8078 , 40.12
73.823 , 40.109
73.8395 , 40.0999
73.857 , 40.0929
73.8753 , 40.0883
73.894 , 40.0859
73.9128 , 40.0859
73.9315 , 40.0883
73.9498 , 40.0929
73.9673 , 40.0999
73.9838 , 40.109
73.999 , 40.12
74.0127 , 40.1329
74.0248 , 40.1474
74.0348 , 40.1633
74.0429 , 40.1804
74.0487 , 40.1983
74.0522 , 40.2168
74.0534 , 40.2356
 1             9 
 2 
 -9999.0  ,   -9997.0
  1990.0  ,    9999.0
 614 
73.96592799	40
73.96634674	40.00534058
73.9633255	40.0088768
73.96041107	40.00973511
73.95040894	40.01268005
73.94561005	40.0155983
73.94532776	40.01609039
73.9360199	40.01781464
73.92783356	40.02108383
73.92111206	40.02534866
73.92042542	40.02817154
73.92186737	40.0312767
73.93184662	40.03535843
73.9426651	40.03888702
73.95894623	40.04275131
73.96859741	40.04620743
73.98453522	40.05351257
73.98944092	40.05728149
73.99538422	40.0644455
74.00222778	40.07421112
74.00369263	40.082901
74.00648499	40.08819962
74.00931549	40.09123611
74.015625	40.0947876
74.0182724	40.0958519
74.02391052	40.09830475
74.02793121	40.09635544
74.03518677	40.09453201
74.04079437	40.09155273
74.04519653	40.09076309
74.05030823	40.08880615
74.05630493	40.08584976
74.06201935	40.08182144
74.06758881	40.08306122
74.07444763	40.0851326
74.07809448	40.08595276
74.08642578	40.08901978
74.09162903	40.09189606
74.09585571	40.09667587
74.10097504	40.10044861
74.10643768	40.10469818
74.11005402	40.10778046
74.11362457	40.11131287
74.11807251	40.11203003
74.13312531	40.11277771
74.14989471	40.11171341
74.1559906	40.11278915
74.16205597	40.11410141
74.16670227	40.11723328
74.17419434	40.11982346
74.18050385	40.1218605
74.18531799	40.12333679
74.19786835	40.12503052
74.2073288	40.12344742
74.21662903	40.12351608
74.22563934	40.12333298
74.22922516	40.12473297
74.23683929	40.1292305
74.24284363	40.13124847
74.24794006	40.13297653
74.25164032	40.13319016
74.25375366	40.13069534
74.25460815	40.12739563
74.25538635	40.12752151
74.25572205	40.12739944
74.26286316	40.12483978
74.26860809	40.11825943
74.27413177	40.10573959
74.27459717	40.10535049
74.27578735	40.10555267
74.28043365	40.10868073
74.29208374	40.11317062
74.29898834	40.11238098
74.30400848	40.1086235
74.31202698	40.10452652
74.31490326	40.10399628
74.32053375	40.09886551
74.33355713	40.0870018
74.34043884	40.08385086
74.34844971	40.08972549
74.36371613	40.10092926
74.36878967	40.10327911
74.38324738	40.10997009
74.39621735	40.12102509
74.40215302	40.12479019
74.40433502	40.12617493
74.41187286	40.13095093
74.41601563	40.13218689
74.42284393	40.13422394
74.44032288	40.14255905
74.45213318	40.15063095
74.45591736	40.15692139
74.45944977	40.16278458
74.46216583	40.16524506
74.4703598	40.17266846
74.48278809	40.18028641
74.48634338	40.1870079
74.48921967	40.1924324
74.49334717	40.19588089
74.49809265	40.19842911
74.51068115	40.20027542
74.51267242	40.20056534
74.52088165	40.20334244
74.52365875	40.20428085
74.52510071	40.20548248
74.5316391	40.21094131
74.54252625	40.22632217
74.55610657	40.24032974
74.55960083	40.24948883
74.56962585	40.2625618
74.57731628	40.26945496
74.58592224	40.27452469
74.59832001	40.27595139
74.6167984	40.27807617
74.62338257	40.2788353
74.6252594	40.27905273
74.62766266	40.27889252
74.63411713	40.27845764
74.63480377	40.27841187
74.63846588	40.27492905
74.64360046	40.27004623
74.64588165	40.27074051
74.65575409	40.27485657
74.66133118	40.27902222
74.66582489	40.28284073
74.67055511	40.2881012
74.67863464	40.30024719
74.68253326	40.30646133
74.68598175	40.31150818
74.68878937	40.317379
74.6907959	40.32391739
74.69069672	40.32691193
74.68845367	40.33093262
74.68500519	40.33788681
74.68351746	40.34180832
74.68321228	40.34507751
74.68780518	40.34590149
74.69775391	40.34572983
74.71017456	40.34669495
74.7175827	40.34646988
74.72206116	40.34658813
74.72415161	40.34664154
74.72544098	40.34685898
74.74085236	40.34944153
74.74971771	40.34826279
74.764328	40.34878159
74.77628326	40.35071564
74.79341125	40.35135269
74.79602814	40.3506546
74.80206299	40.35055923
74.81236267	40.34609604
74.8188324	40.34329224
74.83589172	40.33168411
74.83634949	40.33120728
74.84107971	40.32629395
74.84159088	40.32575989
74.84263611	40.32524872
74.85834503	40.31757736
74.86312103	40.31758881
74.8687973	40.32356644
74.87197113	40.32691193
74.87203217	40.32697678
74.87828827	40.32995987
74.88538361	40.33234787
74.88999176	40.33390045
74.8976593	40.336483
74.89945984	40.33708954
74.90808868	40.34579086
74.90209198	40.3517189
74.89897156	40.3533783
74.89468384	40.35565186
74.87793732	40.36454391
74.87037659	40.36855698
74.85927582	40.37903976
74.85752869	40.38208008
74.85327148	40.38946533
74.84993744	40.39524078
74.8427124	40.40076065
74.82675171	40.41296005
74.8049469	40.42961884
74.79402924	40.44139481
74.79084015	40.44483948
74.78930664	40.44649124
74.78930664	40.44684601
74.78929901	40.44840622
74.78929138	40.45014191
74.79095459	40.45184326
74.79132843	40.45222855
74.7919693	40.45288849
74.79317474	40.45294571
74.81200409	40.45386505
74.82151031	40.4662323
74.82366943	40.47943878
74.82528687	40.48931885
74.82128906	40.50048447
74.82103729	40.50119019
74.81803131	40.50484085
74.81840515	40.50600433
74.81887054	40.50744629
74.81964874	40.50986099
74.82332611	40.5213089
74.82811737	40.52474976
74.83470917	40.52384949
74.83932495	40.52090836
74.84041595	40.52021408
74.85120392	40.51704025
74.86517334	40.51071167
74.88690948	40.50444794
74.90444183	40.49407196
74.91815948	40.49174118
74.9188385	40.49162674
74.92434692	40.49069214
74.92645264	40.48612976
74.92622375	40.48559952
74.92556763	40.48406982
74.93427277	40.47517014
74.96512604	40.45991135
74.98786926	40.45056915
74.99552917	40.45044708
74.99835205	40.45040131
75	40.45138931
75.00296021	40.45315933
75.01089478	40.45791245
75.01807404	40.45860291
75.0246582	40.45472717
75.036026	40.45565033
75.03967285	40.45414734
75.04709625	40.45109177
75.05303192	40.45059967
75.0662384	40.44950104
75.07572174	40.44412613
75.07670593	40.44356918
75.08598328	40.44083023
75.09316254	40.44068146
75.0970459	40.44060135
75.10770416	40.44144058
75.10871124	40.44152069
75.11976624	40.44860077
75.12393951	40.45011902
75.12675476	40.45114517
75.13861847	40.45545959
75.16942596	40.44972992
75.18556976	40.44081497
75.19393921	40.43875122
75.20361328	40.43980026
75.21906281	40.44147491
75.22893524	40.44512177
75.23143768	40.44766617
75.23792267	40.45425415
75.24520111	40.45891571
75.25109863	40.46269226
75.25456238	40.46889496
75.25950623	40.47776413
75.26441956	40.47941971
75.26490021	40.47957993
75.28943634	40.48138046
75.29349518	40.4864769
75.29544067	40.48892212
75.30116272	40.50101089
75.30857086	40.50643158
75.31735992	40.51286697
75.32003784	40.51399612
75.3239975	40.51566315
75.32817078	40.51742172
75.34822083	40.51921082
75.35782623	40.52649689
75.37210083	40.54188538
75.37346649	40.54336166
75.37891388	40.54794312
75.38459015	40.55271912
75.38999176	40.55567932
75.41005707	40.55334091
75.41846466	40.55902863
75.44258881	40.57909012
75.44547272	40.58148956
75.44886017	40.58430862
75.44902802	40.58455276
75.45310211	40.59046936
75.45555115	40.60326004
75.46038055	40.6089592
75.47026825	40.61143875
75.48654175	40.62213135
75.50875092	40.62570953
75.51274872	40.62731171
75.51724243	40.62911606
75.51777649	40.62932968
75.51804352	40.6295433
75.52366638	40.63402557
75.53375244	40.64207077
75.53984833	40.64397812
75.55539703	40.64884186
75.56052399	40.65247726
75.5670166	40.65372086
75.59310913	40.65871429
75.59669495	40.65644455
75.60592651	40.63673019
75.61091614	40.63233948
75.61373901	40.62522888
75.62606049	40.61818314
75.62644196	40.61343765
75.61967468	40.60477829
75.62029266	40.58635712
75.62050629	40.5846138
75.62149811	40.56277084
75.62281036	40.55860138
75.62630463	40.54751968
75.63790131	40.52600861
75.64081573	40.50736618
75.64107513	40.50679779
75.64862823	40.50192642
75.66587067	40.49891281
75.67338562	40.49760056
75.67722321	40.49692917
75.69830322	40.49102402
75.71948242	40.48509216
75.72131348	40.47985458
75.72186279	40.47827148
75.71893311	40.46738815
75.71966553	40.4649353
75.71640015	40.45692062
75.71594238	40.4491272
75.71526337	40.43735886
75.70915985	40.43231964
75.69953156	40.43020248
75.69284821	40.42539978
75.67826843	40.41282654
75.67656708	40.40829849
75.67549896	40.4072113
75.66989136	40.39404297
75.6664505	40.37143326
75.6652832	40.36843491
75.66609955	40.367939
75.66766357	40.36584854
75.66934967	40.36358643
75.66752625	40.36157227
75.66290283	40.35647583
75.66410828	40.3537941
75.66986084	40.34736633
75.68283844	40.34128952
75.68766785	40.33759308
75.68991852	40.33586884
75.68947601	40.33256912
75.68733215	40.31642151
75.69827271	40.30385971
75.69908142	40.30119324
75.69954681	40.29967117
75.69683075	40.29394913
75.69599915	40.29255676
75.69345856	40.28829193
75.69490814	40.2832489
75.69992065	40.27729034
75.70728302	40.28106308
75.72240448	40.28881836
75.72375488	40.28927612
75.7271347	40.29041672
75.73447418	40.29289627
75.74036407	40.29488373
75.75830078	40.29866028
75.77919006	40.29899597
75.78155518	40.30054092
75.79270935	40.30781937
75.80484009	40.31965637
75.81330872	40.33044052
75.81774139	40.33608246
75.82522583	40.3394928
75.82880402	40.33857346
75.82967377	40.33126068
75.83690643	40.31321335
75.8378067	40.31095886
75.84433746	40.30772018
75.85774994	40.30670929
75.87091827	40.30728149
75.88521576	40.30789948
75.89502716	40.3053093
75.90036011	40.30115891
75.905159	40.2948494
75.90956879	40.28904724
75.91078186	40.2874527
75.91652679	40.28705978
75.92263794	40.29119492
75.9230957	40.29242325
75.92405701	40.29501724
75.92539215	40.29861069
75.92204285	40.31569672
75.92189026	40.31648636
75.92162323	40.31782913
75.92230225	40.32717896
75.92520905	40.33112717
75.9300766	40.33774185
75.93260193	40.33998489
75.94818878	40.35380936
75.95355988	40.36151886
75.95977783	40.37044907
75.96006012	40.37086105
75.96671295	40.37675095
75.97057343	40.37835312
75.97224426	40.37904358
75.974823	40.38011169
75.97692871	40.38009644
75.98931122	40.37999725
76.00485229	40.37987137
76.0100708	40.37982941
76.02355957	40.38269043
76.06899261	40.40378189
76.09086609	40.4074707
76.10666656	40.40481186
76.1206131	40.39828873
76.12568665	40.39823914
76.13863373	40.39323044
76.15428162	40.3871727
76.15776062	40.38582611
76.16407013	40.38470078
76.17266083	40.38317108
76.18119049	40.38295364
76.18759155	40.38278961
76.20050812	40.38677597
76.22040558	40.39663315
76.24372101	40.41837311
76.25869751	40.43233871
76.27487183	40.44999695
76.27776337	40.4521904
76.28911591	40.46080017
76.29302979	40.46146011
76.29795837	40.46094513
76.30287933	40.46043015
76.30966949	40.4553299
76.31250763	40.44729996
76.31411743	40.42214966
76.32211304	40.40148926
76.32294464	40.39194107
76.32402039	40.37960815
76.32579803	40.37735748
76.32465363	40.37232208
76.32480621	40.37060928
76.33021545	40.36201477
76.33176422	40.35956573
76.34018707	40.3624382
76.36444855	40.38203049
76.36761475	40.38325119
76.37771606	40.38714981
76.38287354	40.38851547
76.41075134	40.39590073
76.4152298	40.39516068
76.439888	40.40240097
76.45256042	40.40818787
76.45892334	40.41222382
76.46232605	40.41766357
76.46511078	40.42047119
76.47576904	40.43120956
76.49667358	40.44351578
76.52132416	40.4626236
76.52754974	40.47351074
76.52876282	40.50115204
76.53343201	40.52257538
76.53491211	40.52639008
76.53820038	40.53485489
76.57527161	40.57093048
76.58857727	40.58880997
76.59932709	40.59986115
76.61396027	40.60995102
76.63793945	40.62165833
76.6403656	40.62284088
76.64655304	40.63051987
76.64554596	40.63877106
76.64684296	40.64263916
76.63925171	40.66400146
76.63891602	40.67488098
76.64705658	40.68881226
76.64724731	40.69657516
76.64619446	40.70090103
76.64479065	40.70666885
76.63298798	40.72809219
76.62918091	40.74047089
76.63398743	40.75733948
76.64499664	40.76496124
76.65153503	40.77401352
76.67569733	40.79058456
76.72899628	40.82098389
76.73134613	40.82232666
76.74102783	40.82784653
76.74682617	40.83115005
76.78150177	40.84526062
76.78708649	40.85134888
76.78881836	40.86001205
76.77529144	40.91783142
76.77516174	40.92446518
76.77775574	40.93305969
76.78290558	40.95014572
76.78599548	40.960392
76.78607178	40.96065521
76.79374695	40.96601868
76.80393219	40.97043991
76.80596161	40.97132111
76.82444763	40.97468948
76.82737732	40.97617722
76.83056641	40.97779846
76.83255005	40.98416901
76.83679199	40.9847908
76.84884644	41.00632095
76.85385132	41.01264191
76.86404419	41.02094269
76.87284851	41.02295303
76.87332916	41.02306366
76.88647461	41.02606201
76.88744354	41.02628326
76.91149902	41.02313995
76.94728851	41.03879166
76.9524765	41.03976059
76.96975708	41.04298019
76.97097778	41.04333878
76.98742676	41.04816818
77.01565552	41.05294037
77.02514648	41.05632782
77.02725983	41.05708313
77.02861023	41.05725861
77.04727936	41.05970383
77.0707016	41.05517197
77.07892609	41.0525589
77.09494019	41.05256653
77.11333466	41.0408287
77.11461639	41.03612518
77.12260437	41.03158569
77.13259125	41.02590942
77.1350174	41.02633286
77.15281677	41.01639557
77.15947723	41.01568222
77.1657486	41.01501083
77.17572784	41.01978302
77.18783569	41.02556992
77.20331573	41.02801895
77.22957611	41.02774429
77.23240662	41.0267601
77.24628448	41.02193069
77.24634552	41.02185822
77.2512207	41.01589203
77.25048828	41.01224899
77.2611618	41.00654221
77.26959229	41.00710297
77.27155304	41.00723267
77.27446747	41.00742722
77.30686188	41.01866913
77.31549072	41.02376175
77.31910706	41.02513885
77.33203125	41.03005981
77.34871674	41.03269196
77.35454559	41.03269577
77.35958862	41.03269958
77.37610626	41.03030014
77.39936066	41.02585983
77.42318726	41.0213089
77.42786407	41.02158737
77.42861176	41.02163315
77.44013977	41.02232361
77.44699097	41.02124405
77.44854736	41.02099991
77.46100616	41.01523972
77.46214294	41.01287842
77.46689606	41.00299454
77.46761322	41.00253677
77.469841	41.00110245
77.47994232	41.0007515
77.48206329	41.00067902
77.50540924	40.9998703
77.50812531	40.99887466
77.52266693	40.99354935
77.53206635	40.99210739
77.53807831	40.99217987
77.54920197	40.99272919
77.57015228	40.99591064
77.57221985	40.99651718
77.592659	41.00251007
77.59764862	41.0039711
77.5990448	41.00458527
77.61667633	41.01232147
77.62526703	41.01276016
77.63488007	41.01030731
77.64322662	41.00817871
77.64955139	41.00522995
77.65032959	41.00604248
77.65633392	41.00550079
77.66975403	41.00105667
77.68474579	41.00734711
77.68655396	41.00810623
77.69251251	41.01345444
77.69819641	41.0194931
77.70684814	41.02432251
77.72180176	41.02807999
77.72725677	41.02864075
77.73292542	41.0271492
77.75115967	41.02235031
77.75518799	41.02270126
77.75934601	41.02306366
77.76825714	41.02672958
77.77468109	41.03572845
77.78416443	41.04006958
77.79747772	41.04616165
77.80426788	41.04772186
77.81089783	41.04924774
77.8269577	41.05567551
77.83428192	41.05860519
77.85179901	41.06561661
77.8775177	41.07320404
77.88593292	41.07207489
77.88939667	41.07033157
77.90365601	41.06315994
77.91295624	41.06132126
77.922966	41.06221008
77.92404938	41.06247711
77.93730927	41.06573105
77.94197083	41.06835175
77.95292664	41.06990051
77.9832077	41.07780075
77.98809052	41.07642365
78	41.07306589
 1             10 
 2 
 -9998.0  ,   -9997.0
  -532.5  ,     -1.0
91 
73.71860	40
73.7544 , 40.0363
73.7753 , 40.078
73.8003 , 40.1405
73.8169 , 40.1904
73.8503 , 40.2321
73.8919 , 40.2238
73.9419 , 40.1904
73.9794 , 40.1613
74.0336 , 40.1238
74.0711 , 40.1029
74.1169 , 40.0988
74.2128 , 40.1113
74.3003 , 40.1279
74.4378 , 40.1696
74.5169 , 40.2113
74.6128 , 40.2488
74.6669 , 40.2738
74.6794 , 40.3029
74.6961 , 40.3196
74.6836 , 40.3488
74.7003 , 40.3529
74.7586 , 40.3529
74.8253 , 40.3446
74.8628 , 40.3196
74.9003 , 40.328
74.9086 , 40.3488
74.8836 , 40.3821
74.8336 , 40.4196
74.8128 , 40.4613
74.8128 , 40.4863
74.8253 , 40.5113
74.8419 , 40.5363
74.7794 , 40.5571
74.6836 , 40.5738
74.6253 , 40.5654
74.5878 , 40.5654
74.5878 , 40.5904
74.5711 , 40.6238
74.4919 , 40.6446
74.3919 , 40.6696
74.3336 , 40.7238
74.2794 , 40.7779
74.2169 , 40.8529
74.1419 , 40.9113
74.0628 , 40.9738
74.0044 , 41.0238
73.8961 , 41.1029
73.8961 , 41.1029
73.8461 , 41.1571
73.7919 , 41.2113
73.7378 , 41.2321
73.7128 , 41.2321
73.7128 , 41.2613
73.6878 , 41.2696
73.6544 , 41.2529
73.6294 , 41.2779
73.6128 , 41.3113
73.6003 , 41.3196
73.5836 , 41.3113
73.5336 , 41.2779
73.5044 , 41.3196
73.5044 , 41.3946
73.4419 , 41.4321
73.3711 , 41.4613
73.3753 , 41.4863
73.4086 , 41.4988
73.4461 , 41.5029
73.4961 , 41.4988
73.5128 , 41.5113
73.4919 , 41.5279
73.4211 , 41.5529
73.3669 , 41.5529
73.3128 , 41.5529
73.2586 , 41.6029
73.1836 , 41.6321
73.1169 , 41.6696
73.0503 , 41.703
72.9669 , 41.7113
72.8628 , 41.7154
72.8003 , 41.7279
72.7711 , 41.7613
72.7128 , 41.7696
72.6169 , 41.7696
72.5419 , 41.8113
72.4378 , 41.8613
72.3253 , 41.9029
72.2253 , 41.9363
72.1044 , 41.9488
72.0419 , 41.9779
72. , 41.9946
