 44 
 1             1 
 2 
 -9998.0  ,   -9997.0
  1999.0  ,    9990.0
 15 
-96.45835      43.50562 
-96.45811      43.63147 
-96.45787      43.75734 
-96.45762      43.88319 
-96.45749      43.95407 
-96.45824      44.00905 
-96.45996      44.13489 
-96.46138      44.23765 
-96.46112      44.26074 
-96.45973      44.38658 
-96.45834      44.51242 
-96.45694      44.63825 
-96.45569      44.75043 
-96.45616      44.87625 
-96.45662      45 
 1             2 
 2 
 -9998.0  ,   -9997.0
  1999.0  ,    9990.0
 4 
-96.45835      43.50562 
-96.28185      43.50409 
-96.10879      43.50373 
-96            43.50333 
 1             3 
 2 
 -9998.0  ,   -9997.0
  1999.0  ,    9990.0
 175 
-96.45835      43.50562 
-96.60801      43.50232 
-96.60508      43.49923 
-96.59587      43.49568 
-96.59268      43.4919 
-96.59544      43.46565 
-96.59706      43.46162 
-96.59734      43.46091 
-96.60584      43.45641 
-96.60874      43.45079 
-96.60704      43.44362 
-96.60358      43.43891 
-96.59464      43.43193 
-96.58613      43.43207 
-96.57839      43.43477 
-96.57402      43.42979 
-96.57696      43.42371 
-96.57546      43.41815 
-96.5323       43.39225 
-96.53084      43.38623 
-96.53261      43.3743 
-96.54396      43.29781 
-96.54628      43.29606 
-96.56264      43.29553 
-96.56948      43.29647 
-96.57633      43.30177 
-96.58132      43.30219 
-96.59248      43.29985 
-96.59424      43.29694 
-96.589        43.29125 
-96.58636      43.2884 
-96.58678      43.28245 
-96.58961      43.27775 
-96.5949       43.27382 
-96.59228      43.27097 
-96.58404      43.27204 
-96.57868      43.26794 
-96.57152      43.26722 
-96.56672      43.26383 
-96.56128      43.25652 
-96.56332      43.24972 
-96.57349      43.24323 
-96.57324      43.23337 
-96.56641      43.22784 
-96.55552      43.22652 
-96.54356      43.22744 
-96.53086      43.22077 
-96.51772      43.2192 
-96.51127      43.21843 
-96.49574      43.22953 
-96.49036      43.23024 
-96.48506      43.22545 
-96.47968      43.21287 
-96.47749      43.19514 
-96.4785       43.18097 
-96.47363      43.15695 
-96.46339      43.14235 
-96.45414      43.13613 
-96.45144      43.13432 
-96.44818      43.1232 
-96.46146      43.10354 
-96.46646      43.09044 
-96.46674      43.07785 
-96.47014      43.0695 
-96.46912      43.06625 
-96.48492      43.06388 
-96.50549      43.0516 
-96.52272      43.04653 
-96.52638      43.04346 
-96.51726      43.03532 
-96.51721      43.0273 
-96.51551      43.02471 
-96.50072      43.01728 
-96.49928      43.01103 
-96.50241      43.00656 
-96.51712      42.99727 
-96.52519      42.9891 
-96.5272       42.98276 
-96.52379      42.97346 
-96.51608      42.97202 
-96.51138      42.96795 
-96.51151      42.96154 
-96.51862      42.9492 
-96.51826      42.9453 
-96.52806      42.93925 
-96.52711      42.93486 
-96.52942      42.93312 
-96.539        42.93439 
-96.54584      42.9303 
-96.55106      42.92248 
-96.55254      42.91474 
-96.54969      42.9018 
-96.54742      42.89851 
-96.54171      42.89554 
-96.54104      42.89162 
-96.5474       42.88544 
-96.54744      42.88399 
-96.5476       42.87812 
-96.55579      42.87247 
-96.55867      42.86685 
-96.55757      42.86016 
-96.55371      42.85291 
-96.55511      42.85068 
-96.56412      42.84666 
-96.56687      42.84286 
-96.56562      42.83846 
-96.57145      42.83525 
-96.57344      42.82891 
-96.5808       42.83056 
-96.5824       42.83452 
-96.58613      42.83465 
-96.58909      42.83224 
-96.59492      42.82009 
-96.60066      42.81366 
-96.60263      42.80754 
-96.60214      42.80111 
-96.60465      42.79616 
-96.60922      42.79124 
-96.61204      42.78819 
-96.61782      42.78565 
-96.62563      42.78526 
-96.62993      42.78152 
-96.63721      42.77056 
-96.63959      42.76309 
-96.63828      42.75937 
-96.63248      42.75778 
-96.63268      42.75481 
-96.63918      42.74612 
-96.64262      42.73662 
-96.63676      42.71762 
-96.63029      42.70752 
-96.62112      42.70076 
-96.60951      42.69781 
-96.60457      42.69282 
-96.59465      42.69244 
-96.58953      42.68561 
-96.58241      42.68075 
-96.58241      42.67617 
-96.57545      42.67797 
-96.57176      42.67737 
-96.56764      42.67401 
-96.56582      42.66867 
-96.56718      42.66276 
-96.56368      42.65943 
-96.55901      42.65948 
-96.55515      42.66139 
-96.55023      42.66075 
-96.54778      42.65661 
-96.54244      42.64762 
-96.53036      42.63822 
-96.52696      42.63351 
-96.52602      42.62935 
-96.52798      42.62347 
-96.53319      42.61977 
-96.5337       42.61704 
-96.53082      42.61372 
-96.52465      42.61325 
-96.51825      42.61599 
-96.50919      42.6035 
-96.49892      42.58179 
-96.50612      42.57634 
-96.50416      42.56458 
-96.50089      42.56239 
-96.49104      42.56133 
-96.48798      42.5564 
-96.48775      42.5376 
-96.48882      42.53572 
-96.49199      42.5302 
-96.49974      42.52568 
-96.50124      42.52207 
-96.49903      42.5181 
-96.48722      42.5142 
-96.48435      42.51089 
-96.48106      42.50044 
-96.46919      42.48973 
 1             4 
 2 
 -9998.0  ,   -9997.0
  1999.0  ,    9990.0
 136 
-102           42.99699 
-101.995       42.99703 
-101.8234      42.99821 
-101.6517      42.99913 
-101.492       42.99974 
-101.3204      42.99841 
-101.1488      42.99682 
-100.9772      42.99496 
-100.9393      42.99452 
-100.8056      42.99483 
-100.634       42.995 
-100.4624      42.99491 
-100.2908      42.99456 
-100.1192      42.99393 
-100.0907      42.9938 
-100           42.99359 
-99.94757      42.99346 
-99.77597      42.99281 
-99.60437      42.9919 
-99.43278      42.99073 
-99.26119      42.98929 
-99.08962      42.98759 
-99.029        42.98693 
-98.85746      42.98998 
-98.6859       42.99276 
-98.51446      42.99528 
-98.50891      42.99445 
-98.47471      42.95214 
-98.46209      42.94182 
-98.44668      42.93623 
-98.40988      42.92779 
-98.38914      42.91872 
-98.38685      42.91772 
-98.36084      42.90089 
-98.31134      42.88591 
-98.28828      42.87726 
-98.26701      42.87247 
-98.23842      42.86144 
-98.19981      42.84651 
-98.1494       42.83909 
-98.13987      42.83408 
-98.13319      42.8234 
-98.094        42.80252 
-98.08241      42.79633 
-98.0603       42.78239 
-98.03351      42.77168 
-97.99468      42.76831 
-97.97708      42.76977 
-97.96319      42.77467 
-97.94321      42.78468 
-97.94273      42.78505 
-97.92634      42.79763 
-97.91252      42.81449 
-97.89273      42.83358 
-97.87588      42.84557 
-97.8479       42.85869 
-97.82819      42.86247 
-97.81059      42.86295 
-97.79184      42.86053 
-97.76096      42.85346 
-97.68377      42.84892 
-97.6794       42.84939 
-97.61309      42.85647 
-97.5917       42.8549 
-97.54674      42.85597 
-97.51024      42.86299 
-97.50792      42.86344 
-97.49238      42.86201 
-97.45666      42.84898 
-97.45212      42.84884 
-97.41471      42.86588 
-97.3977       42.86727 
-97.35918      42.85795 
-97.35232      42.85919 
-97.32761      42.86366 
-97.31396      42.86323 
-97.28579      42.85516 
-97.26294      42.85635 
-97.24676      42.85487 
-97.23396      42.85111 
-97.22642      42.84656 
-97.21758      42.82044 
-97.21624      42.81888 
-97.20907      42.81059 
-97.17643      42.80187 
-97.16524      42.79337 
-97.15096      42.78237 
-97.13001      42.77402 
-97.09151      42.76604 
-97.04812      42.76314 
-97.02732      42.76339 
-97.0158       42.7606 
-97.00582      42.76058 
-97.00084      42.76057 
-96.99226      42.76266 
-96.9813       42.76133 
-96.97252      42.75624 
-96.969        42.75038 
-96.96724      42.73739 
-96.96859      42.72644 
-96.95908      42.72276 
-96.91658      42.72701 
-96.88359      42.72489 
-96.87773      42.72287 
-96.84484      42.71155 
-96.81989      42.70587 
-96.81042      42.7017 
-96.81119      42.69024 
-96.80914      42.68203 
-96.80026      42.66926 
-96.78302      42.66481 
-96.75077      42.66876 
-96.73787      42.67034 
-96.70582      42.66437 
-96.70119      42.65606 
-96.70101      42.64935 
-96.71332      42.62109 
-96.71268      42.6115 
-96.69729      42.58987 
-96.68336      42.58289 
-96.64779      42.56505 
-96.63431      42.55401 
-96.62742      42.5413 
-96.62565      42.52018 
-96.61894      42.51418 
-96.60823      42.50994 
-96.59454      42.51134 
-96.58264      42.51471 
-96.57116      42.52145 
-96.55876      42.52289 
-96.54856      42.52058 
-96.53112      42.51081 
-96.50594      42.49165 
-96.49208      42.48632 
-96.48279      42.4877 
-96.46919      42.48973 
 1             5 
 2 
 -9998.0  ,   -9997.0
  1999.0  ,    9990.0
 102 
-96.46919      42.48973 
-96.42126      42.49291 
-96.40428      42.48917 
-96.39398      42.47906 
-96.38997      42.45849 
-96.39297      42.44585 
-96.39874      42.43281 
-96.41179      42.42414 
-96.41511      42.42074 
-96.41849      42.41727 
-96.42126      42.40768 
-96.42116      42.39951 
-96.41693      42.38199 
-96.4186       42.37797 
-96.42516      42.37313 
-96.42875      42.36153 
-96.42674      42.35124 
-96.42242      42.34444 
-96.4013       42.33186 
-96.39224      42.32384 
-96.38482      42.31231 
-96.38422      42.31079 
-96.37959      42.29934 
-96.35174      42.28495 
-96.3448       42.2765 
-96.34454      42.24281 
-96.34255      42.23252 
-96.35061      42.2257 
-96.36823      42.21978 
-96.37134      42.2148 
-96.36928      42.2092 
-96.36389      42.1946 
-96.36536      42.18394 
-96.35697      42.16727 
-96.33346      42.151 
-96.32619      42.13795 
-96.31889      42.13459 
-96.30736      42.13258 
-96.29334      42.12741 
-96.28916      42.10989 
-96.29056      42.10025 
-96.28429      42.08315 
-96.28046      42.05186 
-96.27146      42.04383 
-96.26027      42.03775 
-96.25879      42.0366 
-96.24991      42.02967 
-96.24824      42.01531 
-96.23654      41.99798 
-96.21944      41.99777 
-96.20935      41.99531 
-96.20202      41.99245 
-96.19048      41.98227 
-96.15459      41.97718 
-96.14911      41.96827 
-96.14856      41.96306 
-96.14477      41.92674 
-96.14799      41.92024 
-96.1687       41.90887 
-96.15553      41.88432 
-96.15434      41.87305 
-96.15096      41.86371 
-96.13504      41.85742 
-96.13316      41.85548 
-96.12682      41.84891 
-96.12244      41.82575 
-96.11691      41.81786 
-96.10449      41.81069 
-96.08459      41.8032 
-96.07889      41.79734 
-96.08508      41.77923 
-96.10098      41.76767 
-96.10778      41.75408 
-96.11146      41.74669 
-96.11329      41.74064 
-96.10826      41.71746 
-96.10965      41.70833 
-96.11488      41.70244 
-96.12565      41.69525 
-96.12956      41.68878 
-96.12915      41.68519 
-96.12126      41.6726 
-96.10598      41.65867 
-96.10329      41.64937 
-96.10554      41.63773 
-96.10824      41.633 
-96.11263      41.62528 
-96.12072      41.61746 
-96.12262      41.6104 
-96.12185      41.60272 
-96.10496      41.59229 
-96.10012      41.58443 
-96.10093      41.56507 
-96.10431      41.55654 
-96.10182      41.5447 
-96.09711      41.53531 
-96.09148      41.52894 
-96.08048      41.52405 
-96.05206      41.5114 
-96.02561      41.4934 
-96.02082      41.48503 
-96            41.47793 
 1             6 
 2 
 -9998.0  ,   -9997.0
  1999.0  ,    9990.0
 16 
-102           40 
-101.9179      40 
-101.9         40 
-101.8346      40 
-101.8         40 
-101.7513      40 
-101.7         40 
-101.668       40 
-101.6         40 
-101.5847      40 
-101.5014      40 
-101.5         40 
-101.4181      40 
-101.4         40 
-101.3348      40 
-101.3         40 
 1             7 
 2 
 -9998.0  ,   -9997.0
  1999.0  ,    9990.0
 3 
-101.3         40 
-101.2515      40.00001 
-101.2         40 
 1             8 
 2 
 -9998.0  ,   -9997.0
  1999.0  ,    9990.0
 9 
-101.2         40 
-101.1682      40 
-101.1         40 
-101.0849      40 
-101.0016      40 
-101           40 
-100.9183      40 
-100.9         40 
-100.835       40 
 1             9 
 2 
 -9998.0  ,   -9997.0
  1999.0  ,    9990.0
 3 
-100.835       40 
-100.8         40.00001 
-100.7517      40 
 1             10 
 2 
 -9998.0  ,   -9997.0
  1999.0  ,    9990.0
 5 
-100.7517      40 
-100.7         40 
-100.6684      40 
-100.6         40 
-100.5851      40 
 1             11 
 2 
 -9998.0  ,   -9997.0
  1999.0  ,    9990.0
 3 
-100.5851      40 
-100.5018      40.00001 
-100.5         40 
 1             12 
 2 
 -9998.0  ,   -9997.0
  1999.0  ,    9990.0
 3 
-100.5         40 
-100.4185      40 
-100.4         40 
 1             13 
 2 
 -9998.0  ,   -9997.0
  1999.0  ,    9990.0
 3 
-100.4         40 
-100.3352      40.00001 
-100.3         40 
 1             14 
 2 
 -9998.0  ,   -9997.0
  1999.0  ,    9990.0
 2 
-100.3         40 
-100.2519      40 
 1             15 
 2 
 -9998.0  ,   -9997.0
  1999.0  ,    9990.0
 3 
-100.2519      40 
-100.2         40.00001 
-100.1686      40 
 1             16 
 2 
 -9998.0  ,   -9997.0
  1999.0  ,    9990.0
 5 
-100.1686      40 
-100.1         40 
-100.0853      40 
-100.002       40 
-100           40 
 1             17 
 2 
 -9998.0  ,   -9997.0
  1999.0  ,    9990.0
 22 
-99.9          40 
-99.8334       40 
-99.8          40 
-99.7501       40 
-99.7          40 
-99.6668       40 
-99.6          40 
-99.58351      40 
-99.5          40 
-99.4169       40 
-99.4          40 
-99.3336       40 
-99.3          40 
-99.2503       40 
-99.2          40 
-99.167        40 
-99.1          40 
-99.0837       40 
-99            40 
-98.9171       40 
-98.9          40 
-98.8338       40 
 1             18 
 2 
 -9998.0  ,   -9997.0
  1999.0  ,    9990.0
 3 
-98.8338       40 
-98.8          40.00001 
-98.75051      40 
 1             19 
 2 
 -9998.0  ,   -9997.0
  1999.0  ,    9990.0
 5 
-98.75051      40 
-98.7          40 
-98.6672       40 
-98.6          40 
-98.5839       40 
 1             20 
 2 
 -9998.0  ,   -9997.0
  1999.0  ,    9990.0
 3 
-98.5          40 
-98.4173       40.00001 
-98.4          40 
 1             21 
 2 
 -9998.0  ,   -9997.0
  1999.0  ,    9990.0
 4 
-98.4          40 
-98.334        40 
-98.3          40 
-98.2507       40 
 1             22 
 2 
 -9998.0  ,   -9997.0
  1999.0  ,    9990.0
 4 
-98.2507       40 
-98.2          40.00001 
-98.16739      40.00001 
-98.1          40 
 1             23 
 2 
 -9998.0  ,   -9997.0
  1999.0  ,    9990.0
 2 
-98.1          40 
-98.0841       40 
 1             24 
 2 
 -9998.0  ,   -9997.0
  1999.0  ,    9990.0
 3 
-98            40 
-97.91751      40 
-97.9          40 
 1             25 
 2 
 -9998.0  ,   -9997.0
  1999.0  ,    9990.0
 3 
-97.9          40 
-97.8342       40.00001 
-97.8          40 
 1             26 
 2 
 -9998.0  ,   -9997.0
  1999.0  ,    9990.0
 34 
-97.8          40 
-97.7509       40 
-97.7          40 
-97.6676       40 
-97.6          40 
-97.5843       40 
-97.501        40 
-97.5          40 
-97.4177       40 
-97.4          40 
-97.33439      40 
-97.3          40 
-97.2511       40 
-97.2          40 
-97.1678       40 
-97.1          40 
-97.08451      40 
-97.0012       40 
-97            40 
-96.9179       40 
-96.9          40 
-96.8346       40 
-96.8          40 
-96.7513       40 
-96.7          40 
-96.668        40 
-96.6          40 
-96.5847       40 
-96.50141      40 
-96.5          40 
-96.4181       40 
-96.4          40 
-96.3348       40 
-96.3          40 
 1             27 
 2 
 -9998.0  ,   -9997.0
  1999.0  ,    9990.0
 3 
-96.3          40 
-96.2515       40.00001 
-96.2          40 
 1             28 
 2 
 -9998.0  ,   -9997.0
  1999.0  ,    9990.0
 6 
-96.2          40 
-96.1682       40 
-96.1          40 
-96.0849       40 
-96.0016       40 
-96            40 
 1             29 
 2 
 -9998.0  ,   -9997.0
  1999.0  ,    9990.0
 16 
-102           40 
-101.9179      40 
-101.9         40 
-101.8346      40 
-101.8         40 
-101.7513      40 
-101.7         40 
-101.668       40 
-101.6         40 
-101.5847      40 
-101.5014      40 
-101.5         40 
-101.4181      40 
-101.4         40 
-101.3348      40 
-101.3         40 
 1             30 
 2 
 -9998.0  ,   -9997.0
  1999.0  ,    9990.0
 9 
-101.2         40 
-101.1682      40 
-101.1         40 
-101.0849      40 
-101.0016      40 
-101           40 
-100.9183      40 
-100.9         40 
-100.835       40 
 1             31 
 2 
 -9998.0  ,   -9997.0
  1999.0  ,    9990.0
 5 
-100.7517      40 
-100.7         40 
-100.6684      40 
-100.6         40 
-100.5851      40 
 1             32 
 2 
 -9998.0  ,   -9997.0
  1999.0  ,    9990.0
 3 
-100.5         40 
-100.4185      40 
-100.4         40 
 1             33 
 2 
 -9998.0  ,   -9997.0
  1999.0  ,    9990.0
 2 
-100.3         40 
-100.2519      40 
 1             34 
 2 
 -9998.0  ,   -9997.0
  1999.0  ,    9990.0
 5 
-100.1686      40 
-100.1         40 
-100.0853      40 
-100.002       40 
-100           40 
 1             35 
 2 
 -9998.0  ,   -9997.0
  1999.0  ,    9990.0
 22 
-99.9          40 
-99.8334       40 
-99.8          40 
-99.7501       40 
-99.7          40 
-99.6668       40 
-99.6          40 
-99.58351      40 
-99.5          40 
-99.4169       40 
-99.4          40 
-99.3336       40 
-99.3          40 
-99.2503       40 
-99.2          40 
-99.167        40 
-99.1          40 
-99.0837       40 
-99            40 
-98.9171       40 
-98.9          40 
-98.8338       40 
 1             36 
 2 
 -9998.0  ,   -9997.0
  1999.0  ,    9990.0
 5 
-98.75051      40 
-98.7          40 
-98.6672       40 
-98.6          40 
-98.5839       40 
 1             37 
 2 
 -9998.0  ,   -9997.0
  1999.0  ,    9990.0
 4 
-98.4          40 
-98.334        40 
-98.3          40 
-98.2507       40 
 1             38 
 2 
 -9998.0  ,   -9997.0
  1999.0  ,    9990.0
 2 
-98.1          40 
-98.0841       40 
 1             39 
 2 
 -9998.0  ,   -9997.0
  1999.0  ,    9990.0
 3 
-98            40 
-97.91751      40 
-97.9          40 
 1             40 
 2 
 -9998.0  ,   -9997.0
  1999.0  ,    9990.0
 34 
-97.8          40 
-97.7509       40 
-97.7          40 
-97.6676       40 
-97.6          40 
-97.5843       40 
-97.501        40 
-97.5          40 
-97.4177       40 
-97.4          40 
-97.33439      40 
-97.3          40 
-97.2511       40 
-97.2          40 
-97.1678       40 
-97.1          40 
-97.08451      40 
-97.0012       40 
-97            40 
-96.9179       40 
-96.9          40 
-96.8346       40 
-96.8          40 
-96.7513       40 
-96.7          40 
-96.668        40 
-96.6          40 
-96.5847       40 
-96.50141      40 
-96.5          40 
-96.4181       40 
-96.4          40 
-96.3348       40 
-96.3          40 
 1             41 
 2 
 -9998.0  ,   -9997.0
  1999.0  ,    9990.0
 6 
-96.2          40 
-96.1682       40 
-96.1          40 
-96.0849       40 
-96.0016       40 
-96            40 
 1             42 
 2 
 -9998.0  ,   -9997.0
  1999.0  ,    9990.0
 3 
-100           40 
-99.9167       40 
-99.9          40 
 1             43 
 2 
 -9998.0  ,   -9997.0
  1999.0  ,    9990.0
 3 
-98.5839       40 
-98.5006       40 
-98.5          40 
 1             44 
 2 
 -9998.0  ,   -9997.0
  1999.0  ,    9990.0
 3 
-98.0841       40 
-98.0008       40 
-98            40 
