 18 
 1             1 
 2 
 -9998.0  ,   -9997.0
  1999.0  ,    9990.0
 10 
-67.04828      45 
-67.04828      45 
-67.02766      44.96377 
-66.99334      44.92544 
-66.9729       44.91744 
-66.97016      44.91259 
-66.9711       44.90414 
-66.97127      44.90356 
-66.97901      44.87932 
-66.97901      44.86927 
 1             2 
 2 
 -9998.0  ,   -9997.0
  1999.0  ,    9990.0
 4 
-66.97901      44.86927 
-66.9794       44.86806 
-66.97538      44.85683 
-66.9728       44.85178 
 1             3 
 2 
 -9998.0  ,   -9997.0
  1999.0  ,    9990.0
 2 
-66.9728       44.85178 
-66.97091      44.84189 
 1             4 
 2 
 -9998.0  ,   -9997.0
  1999.0  ,    9990.0
 12 
-66.97091      44.84189 
-66.96889      44.83588 
-66.96399      44.82847 
-66.95958      44.82564 
-66.9306       44.82606 
-66.91862      44.81875 
-66.9067       44.80966 
-66.88759      44.79507 
-66.88671      44.79277 
-66.96616      44.70606 
-67.0039       44.66477 
-67.0223       44.64242 
 1             5 
 2 
 -9998.0  ,   -9997.0
  1999.0  ,    9990.0
 133 
-71.53728      45 
-71.54046      44.99734 
-71.54167      44.98815 
-71.54473      44.98419 
-71.53163      44.96548 
-71.52275      44.96155 
-71.52222      44.95698 
-71.52466      44.94722 
-71.52688      44.93833 
-71.5148       44.92028 
-71.50354      44.91365 
-71.50176      44.9098 
-71.52655      44.87926 
-71.53248      44.875 
-71.5467       44.86873 
-71.56081      44.84551 
-71.55915      44.84172 
-71.55723      44.83735 
-71.55895      44.83273 
-71.5652       44.82801 
-71.56755      44.82337 
-71.57356      44.82095 
-71.57936      44.82105 
-71.58429      44.81613 
-71.57764      44.81124 
-71.57611      44.80555 
-71.57886      44.79564 
-71.58433      44.78818 
-71.59721      44.78148 
-71.60593      44.77487 
-71.61851      44.76152 
-71.62388      44.75934 
-71.63255      44.75914 
-71.63794      44.75031 
-71.63676      44.74829 
-71.62765      44.73267 
-71.62016      44.71981 
-71.61042      44.71064 
-71.6079       44.69764 
-71.60126      44.69275 
-71.60136      44.68085 
-71.59763      44.67658 
-71.58985      44.6747 
-71.5888       44.67289 
-71.59143      44.66 
-71.58919      44.65295 
-71.57898      44.64723 
-71.569        44.64631 
-71.56459      44.64137 
-71.56695      44.63651 
-71.56645      44.6324 
-71.55611      44.6237 
-71.56128      44.6174 
-71.55905      44.61035 
-71.56073      44.60482 
-71.56628      44.59988 
-71.5618       44.59288 
-71.55698      44.59276 
-71.55171      44.58967 
-71.54661      44.59024 
-71.5442       44.58641 
-71.5428       44.58392 
-71.54831      44.57784 
-71.55306      44.57659 
-71.55736      44.5797 
-71.56023      44.57918 
-71.56293      44.57499 
-71.55838      44.57349 
-71.55667      44.57124 
-71.5717       44.56311 
-71.57646      44.56209 
-71.59572      44.56256 
-71.60077      44.56085 
-71.60311      44.55598 
-71.60264      44.55256 
-71.58783      44.54396 
-71.58248      44.53882 
-71.58127      44.53335 
-71.58266      44.52851 
-71.58756      44.52358 
-71.59541      44.51997 
-71.59721      44.51741 
-71.57735      44.51008 
-71.5681       44.50342 
-71.56828      44.50043 
-71.58693      44.5023 
-71.59296      44.50102 
-71.59662      44.49704 
-71.5989       44.49034 
-71.60616      44.48834 
-71.612        44.48294 
-71.62296      44.48475 
-71.62995      44.47657 
-71.63628      44.47505 
-71.6409       44.47792 
-71.64375      44.47739 
-71.64868      44.47315 
-71.64981      44.46969 
-71.64505      44.46363 
-71.6523       44.46116 
-71.65691      44.45693 
-71.66573      44.44023 
-71.67671      44.43539 
-71.70236      44.416 
-71.71735      44.40831 
-71.72336      44.40702 
-71.74129      44.4075 
-71.74801      44.40092 
-71.75178      44.39946 
-71.75345      44.40079 
-71.76762      44.40544 
-71.77483      44.40459 
-71.78715      44.39842 
-71.80303      44.39633 
-71.81631      44.3794 
-71.8203       44.36361 
-71.82168      44.35813 
-71.82674      44.35213 
-71.83525      44.34778 
-71.8477       44.34506 
-71.85367      44.34909 
-71.85593      44.34557 
-71.86305      44.34264 
-71.87693      44.33954 
-71.88911      44.34169 
-71.90042      44.34629 
-71.9101       44.34641 
-71.91681      44.34521 
-71.93806      44.33431 
-71.95595      44.33458 
-71.96771      44.33283 
-71.96858      44.33254 
-72            44.32237 
 1             6 
 2 
 -9998.0  ,   -9997.0
  1999.0  ,    9990.0
 101 
-71.0576       45 
-71.0576       45 
-71.05249      44.93235 
-71.04519      44.83515 
-71.04252      44.80669 
-71.03536      44.73024 
-71.0354       44.71307 
-71.03         44.68123 
-71.02932      44.67723 
-71.02618      44.59693 
-71.02785      44.57148 
-71.02616      44.5555 
-71.02449      44.53972 
-71.01901      44.42974 
-71.01279      44.30455 
-71.01273      44.30394 
-71.00937      44.27026 
-71.00687      44.17816 
-71.00584      44.14026 
-71.00287      44.11879 
-71.00408      44.10754 
-71.00241      44.09567 
-71.00354      44.06427 
-71.00325      44.0525 
-71.00198      44.00041 
-70.99848      43.97231 
-70.99551      43.92678 
-70.99116      43.85977 
-70.99026      43.80097 
-70.99013      43.79224 
-70.98068      43.71867 
-70.97879      43.67541 
-70.9779       43.65505 
-70.97053      43.56708 
-70.96196      43.55601 
-70.9589       43.54943 
-70.96059      43.54321 
-70.9746       43.53815 
-70.97761      43.53421 
-70.9784       43.52938 
-70.96821      43.50758 
-70.96891      43.50046 
-70.9665       43.49432 
-70.96872      43.48535 
-70.95822      43.47271 
-70.96685      43.46152 
-70.96843      43.45386 
-70.96754      43.4434 
-70.97001      43.43551 
-70.976        43.42494 
-70.98601      43.41969 
-70.99038      43.40961 
-70.98865      43.39567 
-70.9908       43.39426 
-70.99076      43.38632 
-70.98766      43.37554 
-70.98035      43.36399 
-70.97618      43.35169 
-70.97203      43.34994 
-70.96831      43.34199 
-70.96416      43.34022 
-70.96055      43.33548 
-70.95395      43.33514 
-70.94556      43.33781 
-70.94083      43.33721 
-70.93305      43.33001 
-70.92295      43.32767 
-70.92001      43.32451 
-70.91485      43.31086 
-70.9116       43.30749 
-70.90688      43.30711 
-70.9042       43.30166 
-70.91011      43.30018 
-70.9122       43.29671 
-70.90456      43.29341 
-70.90375      43.29195 
-70.90155      43.28796 
-70.8949       43.28579 
-70.88863      43.27651 
-70.86968      43.27202 
-70.86556      43.26087 
-70.85447      43.25739 
-70.84534      43.24609 
-70.83206      43.24265 
-70.82791      43.23997 
-70.81485      43.22324 
-70.82608      43.20576 
-70.83388      43.18395 
-70.83322      43.17665 
-70.83943      43.14879 
-70.83451      43.13512 
-70.82862      43.12736 
-70.80241      43.1106 
-70.79753      43.10748 
-70.78612      43.0984 
-70.7593       43.08377 
-70.74211      43.07719 
-70.73016      43.07693 
-70.72291      43.07676 
-70.71579      43.07916 
-70.71205      43.0787 
 1             7 
 2 
 -9998.0  ,   -9997.0
  1999.0  ,    9990.0
 9 
-70.71205      43.0787 
-70.70921      43.07835 
-70.70366      43.07042 
-70.70651      43.06053 
-70.69797      43.04624 
-70.68432      43.03719 
-70.67918      43.02582 
-70.65528      43.00325 
-70.63351      42.98923 
 1             8 
 2 
 -9998.0  ,   -9997.0
  1999.0  ,    9990.0
 2 
-70.82058      42.87517 
-70.81773      42.87547 
 1             9 
 2 
 -9998.0  ,   -9997.0
  1999.0  ,    9990.0
 44 
-72            42.71651 
-71.99164      42.71571 
-71.95036      42.71527 
-71.852        42.71414 
-71.77967      42.71178 
-71.6091       42.706 
-71.54166      42.70365 
-71.43843      42.70241 
-71.36225      42.70143 
-71.30615      42.69579 
-71.28828      42.70005 
-71.27793      42.71194 
-71.25821      42.73457 
-71.2467       42.74259 
-71.23376      42.74583 
-71.20801      42.74727 
-71.18045      42.7419 
-71.18018      42.76019 
-71.18395      42.77891 
-71.18515      42.78483 
-71.18297      42.7938 
-71.16205      42.81757 
-71.13362      42.82339 
-71.12121      42.82455 
-71.10771      42.82114 
-71.10691      42.81965 
-71.06183      42.80896 
-71.06098      42.81351 
-71.05894      42.82436 
-71.04308      42.85462 
-71.02943      42.86164 
-71.01103      42.86476 
-70.99333      42.86505 
-70.97576      42.86893 
-70.9404       42.88365 
-70.93149      42.88735 
-70.91533      42.88879 
-70.88628      42.88677 
-70.87352      42.87737 
-70.86499      42.87362 
-70.85953      42.86822 
-70.84208      42.86828 
-70.82845      42.87433 
-70.82058      42.87517 
 1             10 
 2 
 -9998.0  ,   -9997.0
  1999.0  ,    9990.0
 6 
-71.79592      42.01177 
-71.79791      42.02444 
-71.93858      42.02627 
-71.9496       42.02711 
-71.95926      42.02785 
-72            42.0274 
 1             11 
 2 
 -9998.0  ,   -9997.0
  1999.0  ,    9990.0
 26 
-71.79592      42.01177 
-71.63604      42.01645 
-71.62721      42.01658 
-71.46714      42.01881 
-71.4584       42.01913 
-71.40332      42.02115 
-71.38021      42.01937 
-71.3776       42.01553 
-71.38016      41.9793 
-71.37856      41.96972 
-71.38215      41.95273 
-71.38244      41.95132 
-71.38118      41.9241 
-71.38073      41.90867 
-71.34153      41.91231 
-71.33788      41.87834 
-71.33776      41.85109 
-71.34395      41.83093 
-71.34369      41.82511 
-71.34038      41.81601 
-71.33483      41.80848 
-71.3276       41.78629 
-71.31737      41.78285 
-71.31101      41.7768 
-71.29447      41.76809 
-71.29387      41.76778 
 1             12 
 2 
 -9998.0  ,   -9997.0
  1999.0  ,    9990.0
 2 
-71.29387      41.76778 
-71.28715      41.76423 
 1             13 
 2 
 -9998.0  ,   -9997.0
  1999.0  ,    9990.0
 8 
-71.28715      41.76423 
-71.2826       41.76184 
-71.26615      41.75532 
-71.25734      41.74909 
-71.25027      41.73985 
-71.23983      41.7212 
-71.23685      41.71586 
-71.23438      41.71261 
 1             14 
 2 
 -9998.0  ,   -9997.0
  1999.0  ,    9990.0
 3 
-71.20735      41.67751 
-71.20786      41.67766 
-71.23438      41.71261 
 1             15 
 2 
 -9998.0  ,   -9997.0
  1999.0  ,    9990.0
 9 
-71.12655      41.55195 
-71.12966      41.58 
-71.13226      41.59322 
-71.13939      41.60754 
-71.14242      41.62026 
-71.1427       41.6398 
-71.14201      41.66458 
-71.17839      41.66922 
-71.20735      41.67751 
 1             16 
 2 
 -9998.0  ,   -9997.0
  1999.0  ,    9990.0
 2 
-71.12548      41.5422 
-71.12655      41.55195 
 1             17 
 2 
 -9998.0  ,   -9997.0
  1999.0  ,    9990.0
 2 
-71.12079      41.49975 
-71.12548      41.5422 
 1             18 
 2 
 -9998.0  ,   -9997.0
  1999.0  ,    9990.0
 29 
-71.84571      41.3643 
-71.84636      41.36542 
-71.83911      41.37271 
-71.8376       41.37985 
-71.8397       41.38552 
-71.84805      41.40819 
-71.84583      41.4126 
-71.83415      41.4168 
-71.82858      41.42153 
-71.82409      41.42302 
-71.81295      41.41919 
-71.80808      41.41909 
-71.80575      41.42144 
-71.8055       41.4288 
-71.79858      41.44363 
-71.79158      41.55362 
-71.79131      41.55783 
-71.79227      41.57223 
-71.78935      41.62176 
-71.79035      41.67938 
-71.79065      41.69705 
-71.78902      41.70145 
-71.79224      41.73159 
-71.79406      41.80494 
-71.79623      41.892 
-71.79483      41.92799 
-71.79525      41.93075 
-71.7966       41.93985 
-71.79592      42.01177 
