 38 
 1 
 1             1             
1
 -9999.0   ,   9990.0
   7
 6 
46.0693      -20
46.07223     -20
46.07234     -20.00118
46.07111     -20.01401
46.06893     -20.01083
46.0693      -20
 1 
 1             2             
1
 -9999.0   ,   9990.0
   7
 9 
48.75727     -20
48.77258     -20
48.7772      -20.00378
48.77852     -20.01043
48.77833     -20.01342
48.77571     -20.01667
48.76955     -20.01148
48.76535     -20.0074
48.75727     -20
 1 
 1             3             
1
 -9999.0   ,   9990.0
   7
 8 
48.71306     -20.10026
48.70552     -20.11576
48.70256     -20.1135
48.70079     -20.10893
48.70648     -20.0992
48.70969     -20.08721
48.71886     -20.08249
48.71306     -20.10026
 1 
 1             4             
1
 -9999.0   ,   9990.0
   7
 24 
48.70331     -20.1452
48.7065      -20.14722
48.70893     -20.14673
48.72549     -20.1164
48.72629     -20.12145
48.72398     -20.12906
48.70734     -20.15388
48.68801     -20.19458
48.68302     -20.202
48.67835     -20.21561
48.67308     -20.22097
48.67089     -20.22965
48.66987     -20.23365
48.65642     -20.2614
48.64522     -20.27764
48.64651     -20.27221
48.6504      -20.26477
48.6589      -20.2485
48.66751     -20.22243
48.6746      -20.19338
48.69681     -20.16574
48.70238     -20.15604
48.69783     -20.15286
48.70331     -20.1452
 1 
 1             5             
1
 -9999.0   ,   9990.0
   7
 10 
48.70203     -20.12569
48.70256     -20.12867
48.69631     -20.13381
48.68801     -20.13231
48.68554     -20.12982
48.68671     -20.12705
48.69009     -20.12516
48.69422     -20.12465
48.69743     -20.12759
48.70203     -20.12569
 1 
 1             6             
1
 -9999.0   ,   9990.0
   7
 16 
48.55757     -20.42951
48.55445     -20.43276
48.55178     -20.43348
48.54904     -20.42984
48.54515     -20.43058
48.54221     -20.42924
48.54216     -20.42603
48.54529     -20.42346
48.55574     -20.42057
48.54979     -20.41444
48.55098     -20.41259
48.55536     -20.41184
48.55928     -20.41317
48.56053     -20.41545
48.56183     -20.42095
48.55757     -20.42951
 1 
 1             7             
1
 -9999.0   ,   9990.0
   7
 29 
48.53849     -20.48434
48.53686     -20.4883
48.53831     -20.49546
48.52705     -20.51008
48.52337     -20.50828
48.52109     -20.50303
48.52449     -20.48461
48.53091     -20.47373
48.54005     -20.46488
48.53927     -20.4619
48.53341     -20.46129
48.5324      -20.45923
48.535       -20.45346
48.53837     -20.45043
48.53784     -20.44722
48.53566     -20.44816
48.53321     -20.44728
48.53342     -20.44521
48.53727     -20.44148
48.55379     -20.43782
48.55434     -20.44126
48.54483     -20.45816
48.54646     -20.46939
48.5436      -20.47448
48.54394     -20.48068
48.54697     -20.48776
48.54366     -20.49493
48.5417      -20.49381
48.53849     -20.48434
 1 
 1             8             
1
 -9999.0   ,   9990.0
   7
 16 
48.53395     -20.58121
48.539       -20.57586
48.54111     -20.57032
48.54049     -20.56113
48.54431     -20.55488
48.55444     -20.52439
48.56906     -20.48036
48.57267     -20.47687
48.57369     -20.47984
48.56734     -20.49555
48.55537     -20.53426
48.55224     -20.54903
48.55062     -20.55916
48.54124     -20.57859
48.53884     -20.58114
48.53395     -20.58121
 1 
 1             9             
1
 -9999.0   ,   9990.0
   7
 10 
48.47566     -20.70347
48.47343     -20.70096
48.48121     -20.69857
48.48571     -20.68841
48.48908     -20.68538
48.49226     -20.68557
48.49377     -20.68854
48.4914      -20.69408
48.48297     -20.70223
48.47566     -20.70347
 1 
 1             10            
1
 -9999.0   ,   9990.0
   7
 9 
48.47214     -20.74715
48.46819     -20.74491
48.46657     -20.73367
48.46985     -20.72398
48.47621     -20.72436
48.47915     -20.72525
48.48171     -20.73326
48.48006     -20.73764
48.47214     -20.74715
 1 
 1             11            
1
 -9999.0   ,   9990.0
   7
 8 
48.46343     -20.83938
48.46601     -20.83177
48.47014     -20.82965
48.47259     -20.84708
48.46678     -20.85151
48.45789     -20.86219
48.4566      -20.85761
48.46343     -20.83938
 1 
 1             12            
1
 -9999.0   ,   9990.0
   7
 41 
48.43839     -20.98762
48.4345      -20.98996
48.42592     -21.00614
48.42303     -21.00894
48.4152      -21.00949
48.41171     -21.01098
48.40912     -21.01209
48.39778     -21.02417
48.39426     -21.03455
48.39482     -21.04028
48.38914     -21.05436
48.38974     -21.06217
48.38665     -21.06886
48.38133     -21.07375
48.3757      -21.07359
48.37223     -21.07018
48.37043     -21.06423
48.37182     -21.05893
48.38358     -21.05925
48.3845      -21.05465
48.38317     -21.04708
48.37779     -21.04003
48.37744     -21.03957
48.37887     -21.03703
48.38645     -21.03694
48.38912     -21.0353
48.39383     -21.02169
48.40587     -21.00708
48.40822     -21.00039
48.4067      -20.99673
48.40327     -20.99654
48.39701     -21.00351
48.39358     -21.00355
48.39133     -21.00013
48.39177     -20.99668
48.3949      -20.99227
48.40293     -20.98965
48.41307     -20.97965
48.41818     -20.97776
48.43264     -20.97942
48.43839     -20.98762
 1 
 1             13            
1
 -9999.0   ,   9990.0
   7
 8 
48.40037     -21.05193
48.39838     -21.04966
48.40142     -21.03952
48.40929     -21.02403
48.41367     -21.02237
48.4102      -21.03735
48.4033      -21.05121
48.40037     -21.05193
 1 
 1             14            
1
 -9999.0   ,   9990.0
   7
 29 
48.22309     -21.20211
48.23358     -21.21715
48.23769     -21.23203
48.24268     -21.23933
48.25011     -21.24522
48.2408      -21.24555
48.23683     -21.24192
48.23168     -21.22245
48.22742     -21.21492
48.21995     -21.20536
48.21403     -21.20221
48.20962     -21.20271
48.20574     -21.20551
48.20411     -21.21242
48.2058      -21.22985
48.20294     -21.23678
48.19859     -21.24119
48.19541     -21.24214
48.19002     -21.2422
48.18434     -21.23858
48.18949     -21.23853
48.1951      -21.2364
48.20014     -21.22831
48.20064     -21.2097
48.20204     -21.2044
48.20494     -21.20093
48.20883     -21.19836
48.2179      -21.19849
48.22309     -21.20211
 1 
 1             15            
1
 -9999.0   ,   9990.0
   7
 15 
48.17538     -21.22765
48.17293     -21.22745
48.16843     -21.22038
48.15846     -21.21881
48.14943     -21.21965
48.14323     -21.22386
48.13722     -21.23334
48.13379     -21.23383
48.13443     -21.22556
48.1373      -21.21979
48.14731     -21.2167
48.16936     -21.2167
48.17257     -21.2185
48.17483     -21.22261
48.17538     -21.22765
 1 
 1             16            
1
 -9999.0   ,   9990.0
   7
 22 
48.34021     -21.25568
48.3304      -21.25579
48.31264     -21.26564
48.3048      -21.26573
48.30183     -21.26347
48.29274     -21.24382
48.28853     -21.2402
48.28264     -21.24003
48.2646      -21.24712
48.26117     -21.24716
48.25943     -21.24534
48.28063     -21.23592
48.28821     -21.23469
48.29437     -21.23714
48.29885     -21.24237
48.30348     -21.25886
48.3072      -21.2618
48.3148      -21.26148
48.32837     -21.25007
48.33375     -21.24932
48.34138     -21.25199
48.34021     -21.25568
 1 
 1             17            
1
 -9999.0   ,   9990.0
   7
 14 
48.27017     -21.39198
48.27417     -21.3979
48.27597     -21.40408
48.27564     -21.41649
48.27762     -21.41715
48.26928     -21.41748
48.26165     -21.41573
48.25188     -21.41951
48.24916     -21.4177
48.24786     -21.41197
48.25565     -21.38869
48.25906     -21.38682
48.26177     -21.38702
48.27017     -21.39198
 1 
 1             18            
1
 -9999.0   ,   9990.0
   7
 8 
48.27959     -21.41805
48.28253     -21.41802
48.28486     -21.42672
48.28366     -21.4288
48.28072     -21.42952
48.27873     -21.42725
48.28086     -21.42125
48.27959     -21.41805
 1 
 1             19            
1
 -9999.0   ,   9990.0
   7
 12 
48.28269     -21.44856
48.28186     -21.44145
48.27279     -21.44201
48.27248     -21.43719
48.27515     -21.43509
48.2833      -21.43891
48.29392     -21.42524
48.2957      -21.43027
48.291       -21.44548
48.28859     -21.44918
48.28541     -21.44991
48.28269     -21.44856
 1 
 1             20            
1
 -9999.0   ,   9990.0
   7
 7 
48.28054     -21.45272
48.2819      -21.46258
48.27972     -21.4649
48.27674     -21.46263
48.27191     -21.44937
48.27458     -21.44727
48.28054     -21.45272
 1 
 1             21            
1
 -9999.0   ,   9990.0
   7
 122 
45.46765     -21.45665
45.47334     -21.47003
45.46835     -21.48747
45.44957     -21.51218
45.44358     -21.53397
45.42999     -21.5502
45.41915     -21.55612
45.40586     -21.56272
45.40116     -21.5689
45.39916     -21.57623
45.40204     -21.58888
45.40005     -21.59254
45.37788     -21.60483
45.37145     -21.61329
45.36625     -21.62039
45.35637     -21.62975
45.33226     -21.63559
45.32552     -21.65439
45.31412     -21.67132
45.30277     -21.67883
45.29539     -21.67994
45.27974     -21.68132
45.2585      -21.68318
45.23927     -21.6934
45.21987     -21.69099
45.21593     -21.69212
45.20241     -21.70235
45.20186     -21.70229
45.1915      -21.7069
45.16839     -21.70584
45.15684     -21.69607
45.14925     -21.68964
45.1387      -21.69854
45.13294     -21.7148
45.14072     -21.72702
45.14093     -21.7323
45.13901     -21.76168
45.13503     -21.76808
45.13249     -21.77862
45.13709     -21.78945
45.13755     -21.79473
45.13533     -21.7954
45.1288      -21.77906
45.12858     -21.7747
45.13062     -21.76913
45.1346      -21.7582
45.1323      -21.73615
45.12698     -21.72303
45.12974     -21.71478
45.12856     -21.70811
45.12982     -21.70284
45.13528     -21.69622
45.14697     -21.68637
45.1354      -21.67854
45.11266     -21.6799
45.10417     -21.68041
45.0875      -21.67502
45.07989     -21.67428
45.07222     -21.67997
45.07115     -21.68011
45.05968     -21.68172
45.05252     -21.68557
45.0498      -21.68954
45.04656     -21.69426
45.04261     -21.69652
45.03523     -21.69716
45.02172     -21.695
45.01511     -21.6922
45           -21.69005
45           -21.68439
45.00613     -21.68488
45.01737     -21.68579
45.02252     -21.68766
45.03284     -21.6875
45.04162     -21.68496
45.04368     -21.68436
45.05159     -21.67845
45.05276     -21.67825
45.06758     -21.6758
45.08139     -21.67038
45.09024     -21.66998
45.09638     -21.67048
45.10543     -21.67501
45.13272     -21.67439
45.13948     -21.67773
45.14448     -21.6802
45.16892     -21.70079
45.17506     -21.70175
45.18807     -21.70366
45.19399     -21.70163
45.21103     -21.68933
45.21792     -21.68708
45.2388      -21.6895
45.24966     -21.68221
45.25927     -21.67882
45.27745     -21.6787
45.28608     -21.67507
45.29346     -21.67465
45.29912     -21.67285
45.30579     -21.66691
45.31595     -21.65204
45.32267     -21.63738
45.33205     -21.62916
45.34851     -21.62902
45.35098     -21.62743
45.36213     -21.6098
45.36855     -21.60387
45.38206     -21.59841
45.38652     -21.59661
45.39047     -21.59341
45.39319     -21.58952
45.39455     -21.56496
45.39629     -21.56038
45.39925     -21.55741
45.41574     -21.5506
45.42708     -21.5433
45.43325     -21.53644
45.44122     -21.51352
45.45013     -21.50001
45.4622      -21.49157
45.46843     -21.4707
45.46765     -21.45665
 1 
 1             22            
1
 -9999.0   ,   9990.0
   7
 8 
48.23596     -21.53634
48.23616     -21.53243
48.2344      -21.52901
48.24518     -21.50822
48.24862     -21.50819
48.24916     -21.51208
48.24514     -21.5243
48.23596     -21.53634
 1 
 1             23            
1
 -9999.0   ,   9990.0
   7
 16 
48.24974     -21.53826
48.25882     -21.53747
48.25983     -21.53975
48.24207     -21.5907
48.23702     -21.59879
48.23481     -21.59927
48.24454     -21.57276
48.24327     -21.56979
48.2367      -21.57445
48.23254     -21.57496
48.22931     -21.57224
48.23114     -21.56211
48.23499     -21.5561
48.24147     -21.54409
48.24607     -21.53876
48.24974     -21.53826
 1 
 1             24            
1
 -9999.0   ,   9990.0
   7
 23 
48.12288     -21.90905
48.12414     -21.91179
48.11185     -21.93373
48.10491     -21.94941
48.10139     -21.95045
48.0977      -21.94443
48.09253     -21.9438
48.08287     -21.93884
48.07942     -21.93934
48.07695     -21.93821
48.07519     -21.93479
48.0658      -21.9319
48.07263     -21.92701
48.07554     -21.92307
48.08047     -21.92349
48.08809     -21.92096
48.08447     -21.92873
48.08477     -21.93354
48.09294     -21.93691
48.10401     -21.93656
48.10911     -21.93031
48.1151      -21.91693
48.12288     -21.90905
 1 
 1             25            
1
 -9999.0   ,   9990.0
   7
 12 
47.36566     -23.16873
47.35528     -23.17338
47.34438     -23.17597
47.33524     -23.18244
47.3278      -23.18271
47.32355     -23.17907
47.32451     -23.17379
47.32751     -23.17698
47.33496     -23.17763
47.3483      -23.16975
47.36218     -23.16738
47.36566     -23.16873
 1 
 1             26            
1
 -9999.0   ,   9990.0
   7
 17 
47.39152     -23.17591
47.39724     -23.17725
47.40468     -23.17606
47.41306     -23.1689
47.41604     -23.16934
47.41854     -23.17161
47.41959     -23.1794
47.42285     -23.18328
47.42956     -23.18462
47.43755     -23.19098
47.43184     -23.19056
47.41989     -23.18628
47.41465     -23.18219
47.41068     -23.18198
47.40575     -23.18591
47.3983      -23.18527
47.39152     -23.17591
 1 
 1             27            
1
 -9999.0   ,   9990.0
   7
 7 
47.48129     -23.25903
47.48618     -23.28009
47.49604     -23.30089
47.49178     -23.29679
47.4812      -23.27783
47.47981     -23.25995
47.48129     -23.25903
 1 
 1             28            
1
 -9999.0   ,   9990.0
   7
 36 
47.60905     -23.32966
47.61039     -23.33512
47.61214     -23.34225
47.61602     -23.34619
47.61841     -23.34862
47.62689     -23.352
47.62777     -23.35206
47.65796     -23.35406
47.65871     -23.35435
47.67118     -23.35923
47.69492     -23.34804
47.70014     -23.348
47.69994     -23.3535
47.69176     -23.3554
47.67915     -23.36169
47.67014     -23.3623
47.66773     -23.36246
47.66577     -23.36174
47.65502     -23.35775
47.6324      -23.35723
47.62512     -23.35539
47.62269     -23.35478
47.61196     -23.34913
47.60818     -23.34411
47.60672     -23.33744
47.60508     -23.32992
47.60206     -23.32559
47.59881     -23.32424
47.57203     -23.32856
47.57251     -23.32649
47.57572     -23.32417
47.58462     -23.31998
47.59182     -23.3197
47.60028     -23.32079
47.60602     -23.32418
47.60905     -23.32966
 1 
 1             29            
1
 -9999.0   ,   9990.0
   7
 46 
47.59236     -23.57576
47.58924     -23.5747
47.58637     -23.57374
47.58534     -23.57008
47.59058     -23.55542
47.59093     -23.55445
47.59291     -23.55329
47.59441     -23.55442
47.59548     -23.56313
47.59849     -23.56609
47.60317     -23.56078
47.60665     -23.56007
47.61058     -23.55453
47.61091     -23.56324
47.61445     -23.57032
47.61162     -23.5873
47.61274     -23.60059
47.62094     -23.60007
47.61949     -23.60443
47.6205      -23.60649
47.59318     -23.61196
47.58914     -23.60489
47.5849      -23.60446
47.5795      -23.61206
47.57448     -23.60797
47.57195     -23.60318
47.56449     -23.60415
47.56299     -23.60278
47.5632      -23.59865
47.56592     -23.59635
47.56712     -23.59641
47.56966     -23.59655
47.57416     -23.59972
47.57889     -23.60038
47.58209     -23.59646
47.58683     -23.59734
47.58805     -23.59435
47.59001     -23.59159
47.59424     -23.59156
47.60074     -23.59426
47.60344     -23.59011
47.60242     -23.58783
47.59719     -23.58649
47.59788     -23.58122
47.59635     -23.57687
47.59236     -23.57576
 1 
 1             30            
1
 -9999.0   ,   9990.0
   7
 12 
47.44164     -24.05089
47.45187     -24.05053
47.45405     -24.04884
47.45719     -24.04048
47.46137     -24.03872
47.46465     -24.03952
47.46737     -24.04471
47.46532     -24.04937
47.46176     -24.05385
47.44581     -24.05487
47.44173     -24.05295
47.44164     -24.05089
 1 
 1             31            
1
 -9999.0   ,   9990.0
   7
 13 
47.43598     -24.06485
47.43688     -24.06849
47.43468     -24.06971
47.42664     -24.06862
47.42013     -24.07435
47.41693     -24.07538
47.41612     -24.07403
47.41986     -24.0677
47.42036     -24.06172
47.42303     -24.06002
47.42752     -24.05964
47.43515     -24.06304
47.43598     -24.06485
 1 
 1             32            
1
 -9999.0   ,   9990.0
   7
 8 
47.38947     -24.16672
47.38553     -24.16227
47.38912     -24.15824
47.39609     -24.15754
47.39848     -24.1609
47.39703     -24.1621
47.39176     -24.1616
47.38947     -24.16672
 1 
 1             33            
1
 -9999.0   ,   9990.0
   7
 6 
47.40085     -24.17818
47.39788     -24.18069
47.39079     -24.17448
47.38055     -24.16864
47.38048     -24.16703
47.38947     -24.16672
 1 
 1             34            
1
 -9999.0   ,   9990.0
   7
 14 
47.31959     -24.26847
47.32537     -24.26896
47.33341     -24.2758
47.35168     -24.28159
47.3556      -24.27962
47.36325     -24.27087
47.36486     -24.27334
47.35823     -24.28275
47.35152     -24.29009
47.34556     -24.29121
47.34925     -24.29567
47.34622     -24.30128
47.33266     -24.28202
47.31959     -24.26847
 1 
 1             35            
1
 -9999.0   ,   9990.0
   7
 7 
47.31238     -24.36784
47.3165      -24.36448
47.32228     -24.36475
47.3273      -24.37123
47.32072     -24.38256
47.31853     -24.3713
47.31238     -24.36784
 1 
 1             36            
1
 -9999.0   ,   9990.0
   7
 9 
47.1791      -24.7854
47.17156     -24.79184
47.16897     -24.79629
47.16646     -24.7966
47.16221     -24.79077
47.1677      -24.78967
47.1728      -24.78514
47.17628     -24.78411
47.1791      -24.7854
 1 
 1             37            
1
 -9999.0   ,   9990.0
   7
 33 
47.1077      -24.86325
47.11202     -24.86425
47.109       -24.87055
47.10984     -24.87282
47.11184     -24.87252
47.11418     -24.87428
47.11404     -24.87727
47.1073      -24.88507
47.10694     -24.88875
47.10925     -24.89625
47.11023     -24.8976
47.1151      -24.90433
47.11528     -24.90869
47.12059     -24.91586
47.12258     -24.92153
47.11626     -24.9339
47.11288     -24.9368
47.10947     -24.93412
47.10716     -24.92662
47.10147     -24.92267
47.10134     -24.91923
47.09626     -24.91182
47.09713     -24.90835
47.10112     -24.9073
47.107       -24.90964
47.10894     -24.90774
47.10425     -24.90376
47.10072     -24.89056
47.10354     -24.87256
47.10086     -24.86852
47.10323     -24.86477
47.1065      -24.86466
47.1077      -24.86325
 1 
 1             38            
1
 -9999.0   ,   9990.0
   7
 15 
47.05673     -24.96382
47.06008     -24.96555
47.07563     -24.96391
47.08275     -24.96574
47.0556      -24.9735
47.04756     -24.97422
47.03841     -24.97198
47.03275     -24.97561
47.0292      -24.97503
47.02658     -24.97236
47.02774     -24.9698
47.03499     -24.96819
47.04106     -24.96249
47.04453     -24.961
47.05673     -24.96382
