 9 
 1 
 1             1             
1
 -9999.0   ,   9990.0
   7
 8 
166.8674     -22.26533
166.8725     -22.2645
166.8785     -22.26942
166.8794     -22.27208
166.8779     -22.27417
166.8688     -22.27111
166.8661     -22.2672
166.8674     -22.26533
 1 
 1             2             
1
 -9999.0   ,   9990.0
   7
 11 
166.9071     -22.26322
166.91       -22.26739
166.9101     -22.2707
166.903      -22.27775
166.9006     -22.27736
166.8965     -22.27406
166.8945     -22.2687
166.8963     -22.2627
166.8984     -22.26145
166.9029     -22.26081
166.9071     -22.26322
 1 
 1             3             
1
 -9999.0   ,   9990.0
   7
 117 
166.6683     -22.14256
166.6672     -22.13884
166.6691     -22.13408
166.6756     -22.13261
166.6809     -22.13278
166.6884     -22.1307
166.6962     -22.13128
166.7077     -22.13514
166.7104     -22.13472
166.7157     -22.12995
166.7224     -22.13033
166.7105     -22.11903
166.7077     -22.12047
166.7052     -22.12442
166.7019     -22.12381
166.6934     -22.11414
166.6899     -22.11189
166.6823     -22.11109
166.681      -22.1082
166.6903     -22.10795
166.6952     -22.11103
166.7005     -22.1172
166.7054     -22.11697
166.7107     -22.11467
166.715      -22.1157
166.7236     -22.12228
166.7288     -22.12928
166.7348     -22.13028
166.7412     -22.13458
166.7581     -22.13925
166.7661     -22.14003
166.7728     -22.1427
166.775      -22.1402
166.7741     -22.13795
166.7605     -22.12642
166.7572     -22.12295
166.7482     -22.11328
166.7453     -22.10895
166.7464     -22.10625
166.7501     -22.10356
166.7548     -22.10311
166.757      -22.10536
166.7575     -22.11342
166.7626     -22.11608
166.7751     -22.11583
166.7795     -22.11786
166.7853     -22.12859
166.7869     -22.1352
166.7914     -22.13681
166.7943     -22.13597
166.7954     -22.13267
166.7929     -22.12814
166.7949     -22.12503
166.7999     -22.1217
166.8008     -22.11858
166.7984     -22.11508
166.7988     -22.11322
166.8039     -22.11092
166.8094     -22.11208
166.8117     -22.11256
166.8157     -22.1212
166.8212     -22.1222
166.8221     -22.12406
166.8127     -22.13589
166.8111     -22.13981
166.814      -22.1425
166.8263     -22.1445
166.8405     -22.15456
166.8503     -22.15614
166.8621     -22.15483
166.8709     -22.15747
166.874      -22.16097
166.8745     -22.16158
166.8756     -22.16511
166.8743     -22.16883
166.8723     -22.16967
166.8674     -22.16328
166.8666     -22.16317
166.8625     -22.16264
166.8614     -22.1625
166.8477     -22.16525
166.8388     -22.16303
166.8335     -22.17153
166.8291     -22.17011
166.8271     -22.16639
166.8301     -22.15997
166.825      -22.15628
166.8133     -22.16089
166.8006     -22.16011
166.7968     -22.16178
166.7927     -22.16883
166.7863     -22.16908
166.7844     -22.16597
166.7877     -22.15872
166.786      -22.15586
166.7791     -22.1565
166.774      -22.15881
166.7693     -22.15717
166.7604     -22.14959
166.7547     -22.149
166.7486     -22.14839
166.7402     -22.14389
166.7375     -22.14575
166.7376     -22.15856
166.7341     -22.16375
166.7307     -22.16314
166.7289     -22.15572
166.732      -22.14433
166.7297     -22.13917
166.7266     -22.13817
166.7189     -22.14192
166.708      -22.14053
166.6978     -22.14283
166.6933     -22.13975
166.6867     -22.13772
166.6776     -22.13756
166.6683     -22.14256
 1 
 1             4             
1
 -9999.0   ,   9990.0
   7
 5 
166.0393     -21.89103
166.042      -21.89661
166.0391     -21.89909
166.0362     -21.8962
166.0393     -21.89103
 1 
 1             5             
1
 -9999.0   ,   9990.0
   7
 8 
165.8293     -21.86503
165.8282     -21.86336
165.8315     -21.85675
165.8318     -21.84972
165.8355     -21.85097
165.8364     -21.85511
165.8349     -21.86047
165.8293     -21.86503
 1 
 1             6             
1
 -9999.0   ,   9990.0
   7
 8 
165.8249     -21.84125
165.8136     -21.81936
165.8152     -21.81792
165.8176     -21.81811
165.8229     -21.82286
165.8267     -21.83217
165.8273     -21.83878
165.8249     -21.84125
 1 
 1             7             
1
 -9999.0   ,   9990.0
   7
 8 
165.8074     -21.82411
165.7977     -21.81853
165.791      -21.8185
165.7897     -21.81728
165.7913     -21.8152
165.7999     -21.81272
165.8081     -21.82122
165.8074     -21.82411
 1 
 1             8             
1
 -9999.0   ,   9990.0
   7
 7 
165.7634     -21.77428
165.7543     -21.77075
165.751      -21.76578
165.7519     -21.76372
165.7563     -21.76497
165.7641     -21.77261
165.7634     -21.77428
 1 
 1             9             
1
 -9999.0   ,   9990.0
   7
 10 
165.7747     -21.74309
165.7756     -21.74472
165.7745     -21.74659
165.7703     -21.74822
165.7669     -21.74761
165.7581     -21.73811
165.7621     -21.73253
165.7645     -21.73314
165.7701     -21.74161
165.7747     -21.74309
