 56 
 1 
 1             1             
1
 -9999.0   ,   9990.0
   7
 14 
-42.68699     -20.05703
-42.69419     -20.06514
-42.69266     -20.07225
-42.69362     -20.07295
-42.69703     -20.07275
-42.70096     -20.06819
-42.70948     -20.06735
-42.71047     -20.06552
-42.7088      -20.06252
-42.70419     -20.06225
-42.69984     -20.06014
-42.69722     -20.0546
-42.69139     -20.055
-42.68699     -20.05703
 1 
 1             2             
1
 -9999.0   ,   9990.0
   7
 10 
-43.94486     -20.12617
-43.94533     -20.13146
-43.94214     -20.13904
-43.94311     -20.14111
-43.94822     -20.14158
-43.9492      -20.13767
-43.94824     -20.13239
-43.95459     -20.12436
-43.95462     -20.11608
-43.94486     -20.12617
 1 
 1             3             
1
 -9999.0   ,   9990.0
   7
 22 
-44.52527     -20.12102
-44.52065     -20.11643
-44.51676     -20.12034
-44.51117     -20.11943
-44.50996     -20.1215
-44.51166     -20.12403
-44.51093     -20.12564
-44.50704     -20.1261
-44.50559     -20.12863
-44.51313     -20.13414
-44.51459     -20.13689
-44.51265     -20.14724
-44.50973     -20.14885
-44.50901     -20.15092
-44.5129      -20.15781
-44.51193     -20.16264
-44.51315     -20.16608
-44.51971     -20.15642
-44.52019     -20.14631
-44.51774     -20.12839
-44.51896     -20.12586
-44.52527     -20.12102
 1 
 1             4             
1
 -9999.0   ,   9990.0
   7
 12 
-40.20802     -20.15439
-40.21911     -20.16753
-40.22357     -20.16441
-40.23022     -20.17055
-40.23604     -20.17137
-40.23854     -20.16867
-40.22469     -20.15892
-40.21814     -20.15808
-40.21459     -20.15432
-40.21837     -20.14935
-40.21403     -20.14787
-40.20802     -20.15439
 1 
 1             5             
1
 -9999.0   ,   9990.0
   7
 10 
-43.88735     -20.16281
-43.88539     -20.16763
-43.88927     -20.17292
-43.88755     -20.17705
-43.88146     -20.18141
-43.88339     -20.18394
-43.89265     -20.17914
-43.89363     -20.17753
-43.89268     -20.17017
-43.88735     -20.16281
 1 
 1             6             
1
 -9999.0   ,   9990.0
   7
 15 
-43.94301     -20.17604
-43.94714     -20.17743
-43.95104     -20.17445
-43.9542      -20.17538
-43.95589     -20.17975
-43.95491     -20.18526
-43.95587     -20.18871
-43.95927     -20.19171
-43.96097     -20.18918
-43.95836     -20.16918
-43.95642     -20.16389
-43.95351     -20.16296
-43.95083     -20.16503
-43.94887     -20.16962
-43.94301     -20.17604
 1 
 1             7             
1
 -9999.0   ,   9990.0
   7
 8 
-43.93974     -20.21327
-43.93876     -20.21625
-43.94287     -20.22637
-43.94506     -20.22707
-43.94701     -20.22523
-43.94775     -20.22087
-43.94436     -20.21465
-43.93974     -20.21327
 1 
 1             8             
1
 -9999.0   ,   9990.0
   7
 64 
-44.75386     -20.23717
-44.75339     -20.24498
-44.74999     -20.25097
-44.74148     -20.25144
-44.73541     -20.26134
-44.73321     -20.25721
-44.72908     -20.25584
-44.72127     -20.24919
-44.71641     -20.25035
-44.71715     -20.2554
-44.72787     -20.26044
-44.72982     -20.2648
-44.72837     -20.26894
-44.724       -20.27309
-44.72378     -20.28527
-44.7199      -20.29424
-44.71529     -20.29838
-44.71139     -20.29931
-44.70896     -20.29656
-44.70692     -20.29769
-44.70312     -20.29979
-44.70166     -20.30209
-44.70632     -20.31587
-44.7051      -20.3184
-44.69975     -20.31887
-44.69708     -20.32347
-44.6927      -20.32647
-44.67955     -20.32236
-44.67419     -20.32214
-44.66203     -20.32951
-44.66641     -20.33111
-44.68078     -20.3304
-44.69198     -20.33336
-44.69734     -20.33243
-44.70268     -20.32438
-44.71704     -20.32343
-44.71971     -20.32067
-44.71411     -20.31792
-44.71141     -20.30735
-44.71604     -20.30689
-44.71749     -20.30367
-44.72624     -20.29951
-44.72818     -20.29399
-44.73522     -20.288
-44.73668     -20.28455
-44.73543     -20.28055
-44.73374     -20.27513
-44.73567     -20.27053
-44.74687     -20.26867
-44.75513     -20.26061
-44.75828     -20.25945
-44.76145     -20.26013
-44.76219     -20.26519
-44.7656      -20.26817
-44.77318     -20.28033
-44.77757     -20.28376
-44.77951     -20.28123
-44.77439     -20.27642
-44.76679     -20.25506
-44.76314     -20.25277
-44.76167     -20.25002
-44.76433     -20.24404
-44.76043     -20.23968
-44.75386     -20.23717
 1 
 1             9             
1
 -9999.0   ,   9990.0
   7
 19 
-43.5654      -20.51973
-43.56858     -20.51791
-43.56351     -20.50847
-43.5662      -20.50595
-43.5672      -20.50113
-43.58232     -20.50004
-43.5855      -20.49776
-43.58429     -20.49592
-43.58162     -20.4943
-43.5621      -20.4972
-43.55236     -20.4967
-43.55138     -20.49807
-43.55282     -20.50083
-43.55768     -20.50384
-43.55571     -20.50751
-43.55862     -20.51143
-43.55811     -20.51419
-43.55956     -20.51672
-43.5654      -20.51973
 1 
 1             10            
1
 -9999.0   ,   9990.0
   7
 14 
-40.5292      -20.67881
-40.52471     -20.68262
-40.52563     -20.68494
-40.52459     -20.68722
-40.51749     -20.68821
-40.51352     -20.69112
-40.51834     -20.69329
-40.52816     -20.6912
-40.53463     -20.68605
-40.53059     -20.68183
-40.53724     -20.67921
-40.53802     -20.67739
-40.53535     -20.67664
-40.5292      -20.67881
 1 
 1             11            
1
 -9999.0   ,   9990.0
   7
 19 
-40.58429     -20.77215
-40.59491     -20.76732
-40.59108     -20.76425
-40.57867     -20.76238
-40.57097     -20.75762
-40.56816     -20.75274
-40.56945     -20.74978
-40.57313     -20.74916
-40.57563     -20.74692
-40.57398     -20.74412
-40.56714     -20.74467
-40.55889     -20.7422
-40.55735     -20.74538
-40.55891     -20.75162
-40.57        -20.76725
-40.5739      -20.7678
-40.5765      -20.7713
-40.57946     -20.77021
-40.58429     -20.77215
 1 
 1             12            
1
 -9999.0   ,   9990.0
   7
 11 
-40.90123     -21.15915
-40.90526     -21.1544
-40.90217     -21.15021
-40.90399     -21.14542
-40.90337     -21.13989
-40.89972     -21.13936
-40.89808     -21.14691
-40.89371     -21.14522
-40.89294     -21.14681
-40.89686     -21.15746
-40.90123     -21.15915
 1 
 1             13            
1
 -9999.0   ,   9990.0
   7
 10 
-40.92126     -21.1724
-40.92423     -21.17108
-40.93201     -21.16227
-40.93233     -21.15883
-40.92893     -21.15785
-40.92141     -21.16552
-40.91771     -21.16705
-40.91594     -21.16932
-40.91785     -21.17165
-40.92126     -21.1724
 2 
 1             14            
1
 -9999.0   ,   9990.0
   7
 264 
-44.4547      -21.344
-44.45984     -21.33895
-44.47552     -21.33687
-44.47969     -21.33824
-44.48484     -21.34513
-44.49293     -21.3511
-44.49955     -21.35178
-44.50323     -21.35591
-44.50127     -21.35982
-44.50274     -21.36212
-44.50789     -21.36097
-44.51009     -21.36533
-44.50642     -21.37016
-44.50716     -21.37751
-44.51354     -21.37957
-44.51697     -21.38278
-44.52138     -21.38369
-44.52433     -21.38806
-44.51943     -21.38944
-44.51305     -21.38761
-44.51085     -21.39083
-44.51039     -21.39627
-44.50791     -21.39933
-44.50497     -21.39979
-44.50203     -21.39681
-44.49712     -21.38533
-44.49319     -21.38234
-44.48756     -21.38188
-44.4856      -21.38579
-44.49075     -21.39567
-44.48977     -21.39866
-44.48291     -21.40371
-44.47899     -21.40372
-44.47359     -21.39752
-44.4682      -21.39568
-44.46036     -21.39707
-44.45594     -21.39386
-44.453       -21.39638
-44.44761     -21.3957
-44.44712     -21.39891
-44.44908     -21.40144
-44.4682      -21.40097
-44.47125     -21.40328
-44.47458     -21.40579
-44.47115     -21.40923
-44.47115     -21.41245
-44.46919     -21.41544
-44.46134     -21.41269
-44.46061     -21.41774
-44.46405     -21.42532
-44.46233     -21.42877
-44.45865     -21.43061
-44.44198     -21.43177
-44.43781     -21.43613
-44.43806     -21.4444
-44.43512     -21.44509
-44.39858     -21.43201
-44.39442     -21.43224
-44.39098     -21.43753
-44.39221     -21.4396
-44.39686     -21.44051
-44.39956     -21.44373
-44.40251     -21.44235
-44.41256     -21.44878
-44.42727     -21.45084
-44.43316     -21.45382
-44.43953     -21.45313
-44.44762     -21.44854
-44.45106     -21.44853
-44.45449     -21.45243
-44.45645     -21.45772
-44.44788     -21.47173
-44.44665     -21.47863
-44.44813     -21.48988
-44.44592     -21.49494
-44.43954     -21.49747
-44.43268     -21.50482
-44.43194     -21.50758
-44.43575     -21.50905
-44.43906     -21.51033
-44.44127     -21.51423
-44.43489     -21.52205
-44.42287     -21.52917
-44.42263     -21.53147
-44.43366     -21.52963
-44.44151     -21.52021
-44.44495     -21.5186
-44.44838     -21.51951
-44.45084     -21.52503
-44.45991     -21.52686
-44.46482     -21.52456
-44.45402     -21.51974
-44.45132     -21.50894
-44.44445     -21.5055
-44.44298     -21.50275
-44.45058     -21.49723
-44.45303     -21.49355
-44.45474     -21.47518
-44.45303     -21.47127
-44.45791     -21.46415
-44.46454     -21.4545
-44.46234     -21.44875
-44.44787     -21.44302
-44.44541     -21.44118
-44.44591     -21.43957
-44.46429     -21.43933
-44.46895     -21.43658
-44.47336     -21.43726
-44.47606     -21.43519
-44.47655     -21.42968
-44.47385     -21.41957
-44.47556     -21.41544
-44.47948     -21.41268
-44.48414     -21.41451
-44.48684     -21.41267
-44.49345     -21.40301
-44.49713     -21.40026
-44.49933     -21.40393
-44.49685     -21.41013
-44.4915      -21.42346
-44.49298     -21.43035
-44.4969      -21.43196
-44.49861     -21.42851
-44.49787     -21.42116
-44.49934     -21.41588
-44.50253     -21.41082
-44.5062      -21.40829
-44.51258     -21.40714
-44.51502     -21.40438
-44.51723     -21.39679
-44.52164     -21.39679
-44.52581     -21.4046
-44.53023     -21.40643
-44.53145     -21.40413
-44.5285      -21.39793
-44.53095     -21.39035
-44.53021     -21.38575
-44.53462     -21.38139
-44.53241     -21.3784
-44.52898     -21.37772
-44.52467     -21.37966
-44.52285     -21.38048
-44.51549     -21.37566
-44.515       -21.36992
-44.52186     -21.36624
-44.51965     -21.35797
-44.51646     -21.35659
-44.51156     -21.35729
-44.51376     -21.35154
-44.5287      -21.34211
-44.53483     -21.34279
-44.54046     -21.34049
-44.54072     -21.3522
-44.54293     -21.35909
-44.54759     -21.36529
-44.55642     -21.3685
-44.56107     -21.36803
-44.56181     -21.36642
-44.55218     -21.36131
-44.55102     -21.36069
-44.54684     -21.35196
-44.54782     -21.34484
-44.55125     -21.34025
-44.54634     -21.33313
-44.54584     -21.32899
-44.56102     -21.31657
-44.56837     -21.31289
-44.57156     -21.31885
-44.56912     -21.33058
-44.57059     -21.33287
-44.58039     -21.33079
-44.58406     -21.3278
-44.58848     -21.32963
-44.59509     -21.32893
-44.59681     -21.33353
-44.59584     -21.33812
-44.59339     -21.33996
-44.58824     -21.34055
-44.58726     -21.34066
-44.57797     -21.35515
-44.5792      -21.35698
-44.58116     -21.35836
-44.5841      -21.35789
-44.58874     -21.34594
-44.59193     -21.34663
-44.59291     -21.35237
-44.59194     -21.35949
-44.59366     -21.36454
-44.59735     -21.36913
-44.60495     -21.37349
-44.61181     -21.37302
-44.61255     -21.37187
-44.60028     -21.36476
-44.59806     -21.35512
-44.601       -21.34822
-44.61301     -21.34775
-44.61175     -21.34475
-44.60907     -21.33833
-44.61054     -21.33511
-44.61764     -21.33441
-44.6272      -21.33968
-44.63823     -21.34081
-44.64167     -21.34471
-44.65244     -21.33918
-44.65956     -21.34308
-44.66127     -21.34215
-44.66176     -21.33963
-44.65906     -21.33664
-44.65243     -21.33436
-44.6419      -21.33575
-44.62769     -21.33394
-44.61175     -21.32408
-44.6093      -21.32455
-44.60832     -21.33098
-44.60539     -21.33719
-44.60319     -21.33696
-44.60048     -21.32479
-44.59827     -21.32272
-44.59288     -21.32136
-44.58332     -21.32229
-44.5794      -21.32091
-44.57744     -21.31747
-44.58012     -21.30897
-44.57865     -21.30506
-44.57277     -21.30576
-44.56713     -21.30117
-44.57397     -21.28393
-44.57441     -21.27596
-44.56051     -21.29222
-44.55389     -21.29246
-44.55096     -21.29935
-44.55782     -21.30164
-44.55978     -21.30417
-44.55929     -21.3067
-44.54779     -21.30924
-44.54214     -21.30557
-44.53284     -21.30626
-44.53382     -21.30948
-44.53847     -21.30993
-44.54068     -21.31292
-44.54216     -21.31958
-44.53727     -21.33176
-44.53335     -21.33475
-44.52772     -21.33568
-44.52634     -21.33433
-44.52183     -21.32994
-44.51595     -21.32902
-44.50982     -21.32467
-44.50737     -21.32444
-44.50566     -21.32696
-44.50713     -21.33501
-44.50469     -21.34167
-44.50077     -21.34512
-44.4966      -21.34558
-44.46866     -21.32654
-44.46229     -21.32585
-44.45641     -21.32884
-44.45984     -21.33136
-44.46646     -21.33113
-44.4667      -21.3332
-44.45592     -21.33573
-44.45274     -21.33849
-44.45298     -21.34309
-44.4547      -21.344
 1             14            2 
1
 -9999.0   ,   9990.0
   7
 6 
-44.50934     -21.34603
-44.50861     -21.34442
-44.51277     -21.33569
-44.51596     -21.33592
-44.51718     -21.34212
-44.50934     -21.34603
 1 
 1             15            
1
 -9999.0   ,   9990.0
   7
 27 
-41.07903     -21.43364
-41.08321     -21.43348
-41.0971      -21.42615
-41.10213     -21.41981
-41.10641     -21.40288
-41.10561     -21.39437
-41.10136     -21.38648
-41.08777     -21.36831
-41.09012     -21.36531
-41.09432     -21.35993
-41.09366     -21.3567
-41.0907      -21.35734
-41.08317     -21.35421
-41.0748      -21.35567
-41.06687     -21.36012
-41.06478     -21.36605
-41.06613     -21.37182
-41.07364     -21.37609
-41.0895      -21.39109
-41.09137     -21.39503
-41.0864      -21.39862
-41.0851      -21.40204
-41.08618     -21.40918
-41.08481     -21.41582
-41.07872     -21.42536
-41.0774      -21.42993
-41.07903     -21.43364
 1 
 1             16            
1
 -9999.0   ,   9990.0
   7
 18 
-43.45824     -21.48288
-43.46416     -21.47716
-43.46695     -21.47031
-43.46789     -21.46799
-43.46645     -21.46293
-43.46795     -21.45835
-43.47214     -21.45446
-43.48075     -21.45014
-43.49647     -21.44539
-43.50358     -21.44519
-43.50604     -21.4436
-43.50557     -21.4413
-43.50092     -21.43921
-43.48717     -21.44305
-43.47217     -21.44872
-43.46602     -21.45305
-43.45729     -21.47759
-43.45824     -21.48288
 3 
 1             17            
1
 -9999.0   ,   9990.0
   7
 231 
-42.06122     -21.64231
-42.05759     -21.63905
-42.04341     -21.63496
-42.03588     -21.62936
-42.03001     -21.62836
-42.02336     -21.62942
-42.0068      -21.63702
-42.00262     -21.63719
-41.98408     -21.6296
-41.95861     -21.60973
-41.94716     -21.60407
-41.94408     -21.6019
-41.92725     -21.59002
-41.90413     -21.5773
-41.87942     -21.57236
-41.87128     -21.57478
-41.85098     -21.58575
-41.834       -21.60298
-41.82935     -21.60415
-41.82538     -21.60515
-41.819       -21.60483
-41.81217     -21.60198
-41.80417     -21.59612
-41.79344     -21.5923
-41.77895     -21.59255
-41.76491     -21.5951
-41.76169     -21.59735
-41.75839     -21.60374
-41.75778     -21.61039
-41.75974     -21.62535
-41.75684     -21.63725
-41.75358     -21.64134
-41.74033     -21.64154
-41.7381      -21.64157
-41.72526     -21.64575
-41.70267     -21.64611
-41.68504     -21.64332
-41.67212     -21.63761
-41.62641     -21.62636
-41.61123     -21.61876
-41.60937     -21.61783
-41.59652     -21.60867
-41.58743     -21.60899
-41.57535     -21.61179
-41.5587      -21.6097
-41.54686     -21.6125
-41.52577     -21.6248
-41.50276     -21.64787
-41.49912     -21.65414
-41.49261     -21.6654
-41.4843      -21.67629
-41.47514     -21.68005
-41.45052     -21.68333
-41.4394      -21.68705
-41.41848     -21.7021
-41.40409     -21.70922
-41.38699     -21.71359
-41.38385     -21.7144
-41.3617      -21.71633
-41.35325     -21.72124
-41.33845     -21.73684
-41.32028     -21.74894
-41.29004     -21.74981
-41.26408     -21.75763
-41.25794     -21.7573
-41.24625     -21.75227
-41.24296     -21.75011
-41.23049     -21.74189
-41.19717     -21.72523
-41.173       -21.70573
-41.15306     -21.69573
-41.14607     -21.68963
-41.14372     -21.68454
-41.14288     -21.67763
-41.13983     -21.67441
-41.13735     -21.67179
-41.13298     -21.66941
-41.12463     -21.66926
-41.11279     -21.67181
-41.10817     -21.66965
-41.10362     -21.66406
-41.10231     -21.65622
-41.09004     -21.64428
-41.08024     -21.63147
-41.06889     -21.6223
-41.05678     -21.61496
-41.05103     -21.60819
-41.04076     -21.61765
-41.03796     -21.62243
-41.0445      -21.62668
-41.05115     -21.63691
-41.06281     -21.64287
-41.07675     -21.64588
-41.08014     -21.64801
-41.08531     -21.65867
-41.09352     -21.66549
-41.09843     -21.67729
-41.10477     -21.67947
-41.11913     -21.67399
-41.12599     -21.67457
-41.13183     -21.6772
-41.13616     -21.68165
-41.13756     -21.68467
-41.14345     -21.69739
-41.14997     -21.70257
-41.19025     -21.72717
-41.22791     -21.74805
-41.24562     -21.75645
-41.25103     -21.75902
-41.27006     -21.766
-41.27548     -21.76541
-41.28299     -21.75796
-41.29411     -21.75516
-41.31896     -21.75375
-41.32292     -21.7522
-41.33389     -21.74389
-41.3438      -21.73927
-41.3458      -21.73835
-41.36105     -21.72482
-41.36799     -21.72126
-41.3852      -21.72062
-41.3995      -21.71833
-41.42554     -21.70544
-41.43651     -21.69665
-41.44369     -21.69379
-41.45772     -21.69217
-41.46325     -21.68926
-41.47082     -21.68802
-41.48947     -21.67591
-41.50709     -21.65276
-41.51656     -21.6451
-41.52516     -21.631
-41.54331     -21.6191
-41.55515     -21.61607
-41.56509     -21.61657
-41.57501     -21.61707
-41.58734     -21.61405
-41.59691     -21.61465
-41.61236     -21.6289
-41.617       -21.63058
-41.63366     -21.63244
-41.6434      -21.63741
-41.65369     -21.63872
-41.65953     -21.64156
-41.67303     -21.64199
-41.68905     -21.64919
-41.69471     -21.65173
-41.70798     -21.65147
-41.7271      -21.65336
-41.73995     -21.64872
-41.75622     -21.64505
-41.76121     -21.6403
-41.7643      -21.63162
-41.76414     -21.61163
-41.76645     -21.60615
-41.77562     -21.601
-41.78572     -21.59839
-41.80167     -21.59907
-41.81454     -21.6073
-41.82089     -21.60968
-41.82995     -21.6105
-41.83862     -21.6058
-41.84615     -21.59579
-41.84799     -21.59413
-41.85363     -21.58901
-41.86403     -21.58341
-41.8923      -21.58035
-41.89695     -21.58157
-41.91007     -21.58978
-41.92494     -21.59619
-41.96585     -21.62262
-41.98449     -21.63466
-42.00301     -21.64386
-42.01573     -21.64655
-42.02115     -21.64594
-42.03819     -21.63926
-42.04358     -21.64002
-42.05614     -21.65351
-42.08127     -21.66868
-42.09655     -21.67791
-42.12292     -21.70511
-42.1329      -21.71144
-42.13611     -21.71056
-42.15599     -21.6945
-42.16191     -21.69227
-42.19136     -21.68962
-42.1956      -21.68923
-42.20123     -21.69114
-42.21583     -21.70096
-42.23768     -21.70168
-42.2469      -21.70982
-42.26861     -21.72087
-42.28548     -21.72727
-42.294       -21.73311
-42.31079     -21.74113
-42.32158     -21.74629
-42.35052     -21.75029
-42.35571     -21.74805
-42.36211     -21.74766
-42.42118     -21.77816
-42.42879     -21.7787
-42.43526     -21.77725
-42.43426     -21.77683
-42.42983     -21.77412
-42.41128     -21.7678
-42.40267     -21.76487
-42.38779     -21.75667
-42.3722      -21.74571
-42.36095     -21.74236
-42.34251     -21.74331
-42.32509     -21.7415
-42.29605     -21.72693
-42.29015     -21.72128
-42.28707     -21.71833
-42.27346     -21.71827
-42.27245     -21.71717
-42.24603     -21.702
-42.23266     -21.69197
-42.21992     -21.68929
-42.20893     -21.68457
-42.17753     -21.68258
-42.16696     -21.68567
-42.15114     -21.6903
-42.13529     -21.6993
-42.12766     -21.70012
-42.12375     -21.69892
-42.11816     -21.69449
-42.10904     -21.68013
-42.10298     -21.67477
-42.07937     -21.66023
-42.06122     -21.64231
 1             17            2 
1
 -9999.0   ,   9990.0
   7
 6 
-42.01949     -21.64178
-42.01709     -21.6383
-42.01935     -21.63465
-42.03261     -21.63437
-42.03234     -21.63666
-42.01949     -21.64178
 1             17            3 
1
 -9999.0   ,   9990.0
   7
 10 
-41.04851     -21.62262
-41.05872     -21.62717
-41.06877     -21.62827
-41.08156     -21.63862
-41.08223     -21.64162
-41.0681      -21.63676
-41.06122     -21.63687
-41.05634     -21.63517
-41.05179     -21.6298
-41.04851     -21.62262
 1 
 1             18            
1
 -9999.0   ,   9990.0
   7
 15 
-41.196       -21.68638
-41.19948     -21.68438
-41.20154     -21.67982
-41.20067     -21.67512
-41.19557     -21.64732
-41.19039     -21.63643
-41.18439     -21.62944
-41.17809     -21.62542
-41.17679     -21.62884
-41.1794      -21.64566
-41.17735     -21.66124
-41.18302     -21.6726
-41.1822      -21.67626
-41.18479     -21.68182
-41.196       -21.68638
 1 
 1             19            
1
 -9999.0   ,   9990.0
   7
 12 
-41.21937     -21.64797
-41.22534     -21.64417
-41.23616     -21.64367
-41.23794     -21.64071
-41.2358      -21.63746
-41.22374     -21.63863
-41.22135     -21.63537
-41.21842     -21.6344
-41.21618     -21.6362
-41.21478     -21.64421
-41.21644     -21.64746
-41.21937     -21.64797
 1 
 1             20            
1
 -9999.0   ,   9990.0
   7
 22 
-43.39316     -21.635
-43.3902      -21.64975
-43.38677     -21.65019
-43.38435     -21.64421
-43.37625     -21.64348
-43.37476     -21.64645
-43.37597     -21.64853
-43.38185     -21.65177
-43.38401     -21.65868
-43.37905     -21.66646
-43.39467     -21.6817
-43.39908     -21.68333
-43.40203     -21.68243
-43.40426     -21.67946
-43.40353     -21.67762
-43.39324     -21.67389
-43.39058     -21.66813
-43.39091     -21.65527
-43.39258     -21.65363
-43.39511     -21.65116
-43.39613     -21.6445
-43.39316     -21.635
 1 
 1             21            
1
 -9999.0   ,   9990.0
   7
 9 
-41.23743     -21.66574
-41.24043     -21.6635
-41.23732     -21.65908
-41.23144     -21.65829
-41.22749     -21.65937
-41.22448     -21.66276
-41.22565     -21.66531
-41.22886     -21.66445
-41.23743     -21.66574
 1 
 1             22            
1
 -9999.0   ,   9990.0
   7
 8 
-41.26918     -21.69937
-41.27289     -21.69783
-41.2885      -21.6788
-41.28856     -21.67581
-41.28587     -21.67531
-41.27061     -21.68929
-41.26754     -21.69521
-41.26918     -21.69937
 1 
 1             23            
1
 -9999.0   ,   9990.0
   7
 31 
-41.54453     -21.79416
-41.54806     -21.7894
-41.54567     -21.78546
-41.54868     -21.78229
-41.54221     -21.77346
-41.54545     -21.77075
-41.544       -21.76935
-41.53936     -21.7679
-41.53638     -21.76969
-41.5327      -21.76917
-41.53036     -21.7627
-41.52324     -21.76259
-41.51629     -21.75276
-41.5031      -21.74849
-41.49576     -21.74723
-41.49204     -21.74854
-41.48354     -21.75668
-41.48151     -21.76009
-41.48269     -21.76286
-41.48461     -21.76496
-41.49127     -21.76392
-41.49515     -21.76651
-41.49772     -21.7739
-41.50041     -21.77441
-41.5081      -21.77039
-41.51807     -21.77652
-41.51949     -21.77907
-41.51428     -21.78197
-41.51595     -21.78476
-41.53386     -21.78665
-41.54453     -21.79416
 1 
 1             24            
1
 -9999.0   ,   9990.0
   7
 8 
-41.14498     -21.78908
-41.14769     -21.78867
-41.14923     -21.78548
-41.14473     -21.77759
-41.14181     -21.77616
-41.14052     -21.7789
-41.14188     -21.78443
-41.14498     -21.78908
 1 
 1             25            
1
 -9999.0   ,   9990.0
   7
 7 
-41.13708     -21.81421
-41.13986     -21.81082
-41.13848     -21.80596
-41.13486     -21.80291
-41.13278     -21.80816
-41.13415     -21.81324
-41.13708     -21.81421
 1 
 1             26            
1
 -9999.0   ,   9990.0
   7
 16 
-40.99328     -21.92666
-40.99873     -21.92469
-41.00224     -21.92222
-41.00698     -21.91887
-41.03632     -21.893
-41.03942     -21.88594
-41.039       -21.88271
-41.03607     -21.88174
-41.02478     -21.8921
-41.01468     -21.8926
-41.00995     -21.89527
-41.00433     -21.90504
-40.99425     -21.91611
-40.98938     -21.92475
-40.99058     -21.92638
-40.99328     -21.92666
 1 
 1             27            
1
 -9999.0   ,   9990.0
   7
 157 
-41.29697     -21.92059
-41.29499     -21.91972
-41.29209     -21.91844
-41.28934     -21.92069
-41.28974     -21.92552
-41.29472     -21.93457
-41.29677     -21.94287
-41.29484     -21.95386
-41.29721     -21.95827
-41.29989     -21.95923
-41.30215     -21.9572
-41.30678     -21.95935
-41.31185     -21.96425
-41.30712     -21.96693
-41.30678     -21.98415
-41.30291     -21.98087
-41.29566     -21.98672
-41.29198     -21.98597
-41.28642     -21.98082
-41.28226     -21.97953
-41.2786      -21.97839
-41.27399     -21.97486
-41.27195     -21.96633
-41.26924     -21.96475
-41.26001     -21.97256
-41.25942     -21.9776
-41.2639      -21.98709
-41.26287     -21.98937
-41.23602     -22.00327
-41.21736     -22.01293
-41.21327     -22.02021
-41.20427     -22.02717
-41.19896     -22.03351
-41.20664     -22.03158
-41.21672     -22.03198
-41.22154     -22.03689
-41.2267      -22.03744
-41.23223     -22.04397
-41.23812     -22.04499
-41.24649     -22.04091
-41.25453     -22.037
-41.26241     -22.03691
-41.2731      -22.03181
-41.27487     -22.02954
-41.27551     -22.0222
-41.2862      -22.01665
-41.29979     -22.01412
-41.3047      -22.01489
-41.30931     -22.01819
-41.31117     -22.02142
-41.31145     -22.02189
-41.30993     -22.02417
-41.30453     -22.02316
-41.30106     -22.02471
-41.29542     -22.02346
-41.28594     -22.02996
-41.27934     -22.03995
-41.26997     -22.04048
-41.26698     -22.0425
-41.26314     -22.04978
-41.27083     -22.0467
-41.27549     -22.04724
-41.27837     -22.05119
-41.27121     -22.06462
-41.27605     -22.06884
-41.28221     -22.06848
-41.29772     -22.05657
-41.29899     -22.0543
-41.29854     -22.05374
-41.29635     -22.05104
-41.2929      -22.05098
-41.29049     -22.04818
-41.29152     -22.04613
-41.2955      -22.04436
-41.29855     -22.03913
-41.30129     -22.0378
-41.30472     -22.03855
-41.31124     -22.04486
-41.31565     -22.04608
-41.31838     -22.04475
-41.32123     -22.03745
-41.32519     -22.03683
-41.32637     -22.03937
-41.32426     -22.04623
-41.3269      -22.04995
-41.34363     -22.03805
-41.35555     -22.03228
-41.35973     -22.03281
-41.35994     -22.03442
-41.35569     -22.0378
-41.35515     -22.04031
-41.35733     -22.04242
-41.36447     -22.04231
-41.36507     -22.04277
-41.36689     -22.04418
-41.34845     -22.05582
-41.34194     -22.06145
-41.33676     -22.07446
-41.33275     -22.07806
-41.32357     -22.08135
-41.32029     -22.08543
-41.31997     -22.08887
-41.32236     -22.09259
-41.32824     -22.09429
-41.3299      -22.09731
-41.32913     -22.09913
-41.3259      -22.10068
-41.31756     -22.09917
-41.3121      -22.10114
-41.30929     -22.09374
-41.2999      -22.09542
-41.29639     -22.09858
-41.29451     -22.10296
-41.29277     -22.10701
-41.29541     -22.11073
-41.29986     -22.10966
-41.30174     -22.11405
-41.29943     -22.11884
-41.30332     -22.12166
-41.31119     -22.12202
-41.32752     -22.1184
-41.35269     -22.1032
-41.36994     -22.08994
-41.38376     -22.0757
-41.38773     -22.06909
-41.38936     -22.06637
-41.4027      -22.05143
-41.40918     -22.03432
-41.43058     -22.0094
-41.43874     -21.99437
-41.44473     -21.99011
-41.43825     -21.98127
-41.43491     -21.96285
-41.42136     -21.95091
-41.41476     -21.94828
-41.39729     -21.94868
-41.39565     -21.94429
-41.38598     -21.94827
-41.37962     -21.94632
-41.37591     -21.94741
-41.37151     -21.94573
-41.37086     -21.94136
-41.36495     -21.94126
-41.36359     -21.9417
-41.34936     -21.94628
-41.32578     -21.95668
-41.31886     -21.95817
-41.30961     -21.95342
-41.30357     -21.94758
-41.30363     -21.94459
-41.30589     -21.94233
-41.31881     -21.94852
-41.32178     -21.9472
-41.32312     -21.94171
-41.3218      -21.93388
-41.31794     -21.92991
-41.29697     -21.92059
 1 
 1             28            
1
 -9999.0   ,   9990.0
   7
 11 
-42.86519     -21.95716
-42.86621     -21.95791
-42.87398     -21.96366
-42.8759      -21.96965
-42.88248     -21.97521
-42.8852      -21.97455
-42.88254     -21.97099
-42.88079     -21.96866
-42.88015     -21.96233
-42.87281     -21.95768
-42.86519     -21.95716
 1 
 1             29            
1
 -9999.0   ,   9990.0
   7
 67 
-43.13628     -22.11213
-43.12901     -22.10867
-43.12285     -22.09711
-43.11382     -22.08787
-43.10843     -22.08507
-43.07863     -22.08578
-43.0747      -22.08484
-43.07247     -22.08597
-43.06922     -22.09169
-43.06431     -22.0905
-43.03689     -22.07194
-43.03422     -22.06824
-43.03327     -22.0641
-43.03461     -22.06222
-43.038       -22.05748
-43.03905     -22.05037
-43.03736     -22.04714
-43.01453     -22.0394
-43.00597     -22.03313
-43.00204     -22.03264
-42.99635     -22.03581
-42.99216     -22.03601
-42.97777     -22.02189
-42.95349     -22.01229
-42.93552     -22.00304
-42.92949     -21.99993
-42.91501     -21.99568
-42.91258     -21.99435
-42.91154     -21.99377
-42.90571     -21.99056
-42.90134     -21.98649
-42.89376     -21.97944
-42.89165     -21.97879
-42.88763     -21.97755
-42.88883     -21.98055
-42.90322     -21.9933
-42.92137     -22.00056
-42.963       -22.02201
-42.96939     -22.02367
-42.97599     -22.02808
-42.98745     -22.04011
-42.99434     -22.04062
-42.99997     -22.03898
-43.00125     -22.03861
-43.00592     -22.03956
-43.02283     -22.04772
-43.02972     -22.04846
-43.03216     -22.05032
-43.03287     -22.054
-43.02713     -22.06268
-43.02978     -22.06913
-43.05739     -22.09344
-43.06598     -22.09695
-43.07163     -22.09745
-43.07489     -22.09173
-43.08645     -22.09319
-43.09253     -22.09208
-43.10593     -22.08965
-43.11644     -22.09914
-43.12276     -22.10836
-43.13059     -22.11439
-43.14484     -22.11953
-43.14979     -22.11658
-43.14956     -22.11451
-43.14242     -22.11447
-43.13814     -22.11284
-43.13628     -22.11213
 1 
 1             30            
1
 -9999.0   ,   9990.0
   7
 8 
-41.22117     -22.14
-41.22316     -22.13889
-41.22051     -22.13586
-41.20146     -22.12818
-41.19652     -22.12855
-41.19844     -22.13134
-41.20453     -22.13466
-41.22117     -22.14
 1 
 1             31            
1
 -9999.0   ,   9990.0
   7
 17 
-42.10878     -22.18448
-42.11253     -22.18085
-42.12587     -22.17766
-42.13082     -22.17648
-42.13432     -22.17308
-42.13436     -22.17056
-42.13217     -22.16846
-42.12494     -22.17434
-42.11702     -22.177
-42.11334     -22.17604
-42.11032     -22.16314
-42.11285     -22.15881
-42.09737     -22.13956
-42.09512     -22.1416
-42.10805     -22.16725
-42.10712     -22.18032
-42.10878     -22.18448
 1 
 1             32            
1
 -9999.0   ,   9990.0
   7
 53 
-41.40302     -22.14996
-41.39818     -22.14552
-41.39134     -22.14265
-41.38347     -22.1416
-41.37161     -22.14347
-41.37255     -22.14579
-41.38067     -22.14661
-41.38383     -22.1485
-41.38006     -22.15234
-41.38596     -22.1529
-41.3874      -22.15545
-41.38637     -22.15773
-41.37973     -22.1567
-41.37747     -22.15896
-41.37477     -22.15868
-41.37101     -22.16206
-41.36332     -22.16469
-41.35924     -22.17151
-41.35428     -22.17327
-41.3442      -22.17241
-41.34171     -22.17352
-41.34485     -22.17679
-41.35624     -22.17796
-41.35813     -22.17816
-41.40074     -22.19149
-41.41547     -22.19471
-41.41918     -22.19409
-41.41749     -22.19176
-41.40526     -22.1872
-41.3668      -22.17577
-41.36586     -22.17346
-41.36792     -22.16867
-41.37291     -22.16793
-41.37904     -22.16702
-41.38329     -22.1641
-41.38896     -22.16351
-41.39901     -22.1662
-41.41696     -22.1681
-41.4281      -22.17839
-41.4301      -22.17704
-41.42795     -22.1731
-41.42997     -22.17038
-41.42879     -22.16783
-41.41781     -22.1626
-41.40944     -22.16224
-41.39621     -22.15835
-41.39404     -22.15578
-41.39654     -22.15399
-41.39609     -22.15192
-41.39315     -22.15095
-41.3922      -22.14909
-41.39345     -22.14797
-41.40302     -22.14996
 1 
 1             33            
1
 -9999.0   ,   9990.0
   7
 7 
-41.2466      -22.1494
-41.24592     -22.14663
-41.24373     -22.14522
-41.23049     -22.14177
-41.22775     -22.14333
-41.23775     -22.14833
-41.2466      -22.1494
 1 
 1             34            
1
 -9999.0   ,   9990.0
   7
 8 
-41.27082     -22.15762
-41.27355     -22.15652
-41.27187     -22.15442
-41.26234     -22.15082
-41.2535      -22.14905
-41.25099     -22.15177
-41.25244     -22.15317
-41.27082     -22.15762
 1 
 1             35            
1
 -9999.0   ,   9990.0
   7
 9 
-41.33065     -22.17195
-41.33388     -22.17063
-41.33024     -22.16782
-41.32411     -22.16634
-41.29512     -22.1624
-41.29386     -22.16399
-41.29529     -22.16585
-41.30019     -22.16754
-41.33065     -22.17195
 1 
 1             36            
1
 -9999.0   ,   9990.0
   7
 51 
-41.6235      -22.2101
-41.63144     -22.20224
-41.63987     -22.19961
-41.64337     -22.19645
-41.64242     -22.1946
-41.63923     -22.19409
-41.63402     -22.19608
-41.61582     -22.20797
-41.61188     -22.20746
-41.6073      -22.20188
-41.60832     -22.19982
-41.61427     -22.19785
-41.61705     -22.19398
-41.61437     -22.19234
-41.61131     -22.19218
-41.60797     -22.19201
-41.60247     -22.19652
-41.60015     -22.18845
-41.59678     -22.1838
-41.59458     -22.18308
-41.59381     -22.18467
-41.59616     -22.19114
-41.59589     -22.19162
-41.59259     -22.19751
-41.59866     -22.20266
-41.60078     -22.2082
-41.61056     -22.21226
-41.61165     -22.22008
-41.60513     -22.22687
-41.60447     -22.23582
-41.60159     -22.24519
-41.59372     -22.24438
-41.5897      -22.24868
-41.58889     -22.25257
-41.59545     -22.25795
-41.59939     -22.25778
-41.59801     -22.25271
-41.60341     -22.25371
-41.60778     -22.24367
-41.61025     -22.24325
-41.61761     -22.24566
-41.61937     -22.24339
-41.61892     -22.24086
-41.61258     -22.23709
-41.61068     -22.23338
-41.61173     -22.22996
-41.61726     -22.22361
-41.6232      -22.22209
-41.62083     -22.21678
-41.62116     -22.21242
-41.6235      -22.2101
 1 
 1             37            
1
 -9999.0   ,   9990.0
   7
 8 
-41.44779     -22.20557
-41.45028     -22.20423
-41.4486      -22.20168
-41.43569     -22.19413
-41.43054     -22.19243
-41.42605     -22.19558
-41.43041     -22.19932
-41.44779     -22.20557
 1 
 1             38            
1
 -9999.0   ,   9990.0
   7
 24 
-43.0747      -22.22972
-43.07669     -22.2279
-43.07747     -22.22286
-43.07527     -22.22054
-43.06883     -22.22463
-43.04947     -22.21187
-43.04238     -22.20492
-43.04042     -22.20491
-43.03941     -22.20697
-43.03449     -22.20648
-43.02595     -22.19677
-43.02371     -22.19859
-43.02468     -22.20112
-43.02071     -22.20408
-43.02217     -22.2057
-43.02066     -22.21005
-43.02212     -22.21189
-43.02806     -22.20895
-43.03246     -22.21312
-43.04648     -22.21529
-43.05039     -22.21922
-43.06682     -22.22921
-43.07124     -22.23085
-43.0747      -22.22972
 1 
 1             39            
1
 -9999.0   ,   9990.0
   7
 7 
-41.48677     -22.2163
-41.49122     -22.21545
-41.48857     -22.21242
-41.4734      -22.20644
-41.45965     -22.20416
-41.46009     -22.20669
-41.48677     -22.2163
 1 
 1             40            
1
 -9999.0   ,   9990.0
   7
 11 
-41.55562     -22.23851
-41.55639     -22.23691
-41.54857     -22.23312
-41.5452      -22.2287
-41.53927     -22.22976
-41.52138     -22.22397
-41.51963     -22.22555
-41.52302     -22.22836
-41.53257     -22.23195
-41.55094     -22.23821
-41.55562     -22.23851
 1 
 1             41            
1
 -9999.0   ,   9990.0
   7
 90 
-44.67116     -22.5303
-44.65438     -22.53492
-44.65068     -22.53424
-44.64376     -22.52805
-44.6361      -22.52394
-44.63337     -22.51981
-44.63534     -22.51292
-44.6341      -22.51017
-44.62076     -22.50651
-44.60941     -22.50952
-44.60793     -22.51365
-44.61684     -22.5242
-44.61759     -22.52993
-44.61389     -22.54027
-44.60773     -22.54624
-44.60446     -22.55337
-44.60404     -22.55428
-44.59194     -22.56164
-44.58602     -22.55913
-44.57884     -22.55202
-44.57686     -22.54583
-44.57859     -22.54399
-44.58402     -22.54513
-44.58624     -22.5426
-44.58179     -22.53871
-44.56475     -22.53574
-44.56253     -22.53437
-44.56005     -22.52863
-44.55758     -22.52611
-44.55339     -22.52749
-44.54597     -22.51993
-44.54301     -22.52085
-44.54079     -22.52544
-44.54821     -22.53645
-44.54649     -22.54403
-44.55266     -22.54425
-44.5576      -22.54149
-44.56871     -22.54653
-44.57168     -22.55088
-44.57392     -22.56121
-44.57145     -22.56557
-44.56577     -22.5665
-44.56356     -22.57247
-44.54554     -22.58993
-44.54589     -22.59055
-44.54826     -22.59475
-44.54658     -22.59789
-44.55493     -22.59405
-44.56036     -22.58671
-44.56703     -22.58325
-44.56998     -22.57728
-44.5801      -22.56878
-44.588       -22.56922
-44.59534     -22.58215
-44.60063     -22.59147
-44.61473     -22.60729
-44.6155      -22.60905
-44.62043     -22.62036
-44.61895     -22.62564
-44.62611     -22.62196
-44.62759     -22.61897
-44.62212     -22.60884
-44.62115     -22.60705
-44.60755     -22.59353
-44.60605     -22.58664
-44.60061     -22.58046
-44.59739     -22.5738
-44.59838     -22.57036
-44.60331     -22.56461
-44.60874     -22.56139
-44.61342     -22.55473
-44.61836     -22.55174
-44.6223      -22.54622
-44.62947     -22.54851
-44.6302      -22.54621
-44.62426     -22.53819
-44.62228     -22.53153
-44.62227     -22.52648
-44.62449     -22.52441
-44.62795     -22.52441
-44.63537     -22.53335
-44.6408      -22.53472
-44.64773     -22.54159
-44.65588     -22.54663
-44.66157     -22.54822
-44.66329     -22.54707
-44.66402     -22.53973
-44.66797     -22.53743
-44.67166     -22.53282
-44.67116     -22.5303
 1 
 1             42            
1
 -9999.0   ,   9990.0
   7
 13 
-42.28144     -22.62366
-42.28535     -22.62622
-42.29393     -22.63184
-42.29952     -22.63924
-42.30734     -22.64553
-42.31153     -22.64627
-42.31583     -22.63897
-42.31439     -22.63574
-42.30805     -22.6297
-42.30542     -22.62301
-42.29637     -22.61603
-42.28892     -22.61984
-42.28144     -22.62366
 1 
 1             43            
1
 -9999.0   ,   9990.0
   7
 13 
-43.89304     -22.6356
-43.88614     -22.63168
-43.88314     -22.64086
-43.87944     -22.64177
-43.87352     -22.63647
-43.86956     -22.63807
-43.86831     -22.6422
-43.86978     -22.64679
-43.87546     -22.64818
-43.88211     -22.65463
-43.88857     -22.64294
-43.89576     -22.63699
-43.89304     -22.6356
 1 
 1             44            
1
 -9999.0   ,   9990.0
   7
 7 
-43.87935     -22.66632
-43.87564     -22.66769
-43.87489     -22.67067
-43.87858     -22.67482
-43.88105     -22.67482
-43.88403     -22.67047
-43.87935     -22.66632
 3 
 1             45            
1
 -9999.0   ,   9990.0
   7
 134 
-43.88049     -22.71771
-43.88164     -22.72233
-43.89498     -22.72512
-43.90115     -22.72789
-43.91719     -22.73848
-43.91913     -22.74927
-43.91813     -22.75294
-43.90823     -22.75544
-43.90228     -22.76116
-43.89966     -22.76162
-43.89312     -22.76275
-43.89213     -22.76481
-43.89336     -22.76688
-43.90349     -22.76759
-43.90893     -22.7699
-43.9146      -22.77657
-43.91954     -22.77681
-43.92102     -22.7798
-43.91532     -22.78254
-43.91431     -22.78873
-43.92122     -22.79219
-43.92245     -22.79495
-43.92096     -22.79724
-43.91551     -22.79791
-43.9155      -22.80273
-43.9261      -22.81308
-43.92785     -22.80942
-43.92714     -22.79886
-43.93135     -22.79841
-43.93333     -22.79497
-43.92841     -22.78762
-43.92976     -22.78421
-43.93215     -22.77822
-43.93785     -22.77272
-43.94775     -22.7716
-43.95046     -22.77344
-43.9544      -22.78056
-43.94967     -22.7918
-43.9494      -22.79707
-43.95211     -22.80305
-43.96297     -22.81041
-43.97138     -22.81135
-43.97286     -22.81296
-43.97753     -22.82146
-43.97233     -22.82604
-43.97603     -22.82765
-43.98539     -22.84305
-43.98788     -22.83961
-43.98764     -22.83685
-43.98707     -22.83605
-43.98172     -22.82835
-43.98197     -22.82583
-43.98346     -22.82514
-43.98963     -22.83135
-43.99335     -22.82952
-43.98669     -22.8201
-43.98052     -22.81435
-43.9798      -22.80907
-43.9746      -22.80791
-43.96597     -22.79963
-43.95682     -22.79686
-43.95486     -22.79433
-43.95536     -22.79089
-43.95956     -22.79113
-43.96353     -22.78907
-43.96627     -22.78242
-43.98332     -22.7843
-43.99024     -22.78821
-43.99561     -22.78991
-44.00408     -22.7926
-44.01595     -22.79308
-44.01891     -22.79469
-44.02062     -22.80272
-44.02384     -22.80319
-44.02731     -22.80021
-44.02584     -22.79608
-44.02782     -22.79333
-44.03573     -22.79426
-44.03722     -22.79128
-44.02635     -22.78782
-44.00978     -22.78687
-43.96778     -22.77279
-43.96625     -22.77102
-43.9658      -22.77049
-43.96459     -22.76383
-43.96733     -22.75649
-43.98686     -22.75653
-43.98909     -22.75516
-43.9886      -22.75264
-43.98317     -22.75056
-43.97352     -22.75031
-43.97082     -22.74686
-43.96785     -22.7464
-43.96537     -22.74823
-43.96585     -22.75374
-43.96016     -22.75441
-43.95004     -22.74888
-43.94757     -22.74911
-43.93864     -22.75574
-43.93543     -22.75505
-43.93272     -22.75229
-43.93347     -22.74976
-43.94685     -22.7397
-43.94456     -22.73707
-43.94365     -22.73602
-43.93846     -22.73532
-43.93473     -22.74197
-43.92533     -22.74332
-43.92312     -22.73941
-43.92784     -22.73002
-43.92439     -22.72748
-43.91523     -22.72999
-43.90092     -22.72261
-43.90044     -22.71939
-43.90538     -22.71918
-43.90613     -22.7178
-43.90218     -22.71458
-43.90194     -22.71205
-43.90516     -22.70954
-43.90369     -22.70701
-43.89825     -22.70631
-43.89802     -22.70217
-43.90346     -22.70012
-43.90174     -22.69805
-43.88914     -22.69665
-43.88492     -22.70214
-43.88368     -22.70145
-43.88022     -22.70351
-43.87946     -22.70786
-43.88266     -22.71177
-43.88686     -22.71133
-43.88983     -22.71271
-43.88956     -22.71845
-43.88049     -22.71771
 1             45            2 
1
 -9999.0   ,   9990.0
   7
 7 
-43.95098     -22.76725
-43.94455     -22.76677
-43.94184     -22.76103
-43.94309     -22.75828
-43.94927     -22.75691
-43.95321     -22.76495
-43.95098     -22.76725
 1             45            3 
1
 -9999.0   ,   9990.0
   7
 7 
-43.92605     -22.75112
-43.93813     -22.76355
-43.9391      -22.76768
-43.93737     -22.76836
-43.92774     -22.76191
-43.92529     -22.75548
-43.92605     -22.75112
 1 
 1             46            
1
 -9999.0   ,   9990.0
   7
 158 
-42.29933     -22.92703
-42.30507     -22.92412
-42.31613     -22.91093
-42.32287     -22.90688
-42.33501     -22.90678
-42.3385      -22.90453
-42.34119     -22.90708
-42.33865     -22.91164
-42.33937     -22.91326
-42.35025     -22.91429
-42.35138     -22.91645
-42.35291     -22.91937
-42.35981     -22.92151
-42.36479     -22.91904
-42.37211     -22.90857
-42.37733     -22.90656
-42.38138     -22.90041
-42.38198     -22.89238
-42.38005     -22.88823
-42.37634     -22.88773
-42.37137     -22.88951
-42.36684     -22.8952
-42.3621      -22.89813
-42.35729     -22.90588
-42.35281     -22.90813
-42.34963     -22.90511
-42.35067     -22.90145
-42.34824     -22.89821
-42.34877     -22.895
-42.34642     -22.88626
-42.34174     -22.88437
-42.33735     -22.8795
-42.33338     -22.87878
-42.32517     -22.88281
-42.32239     -22.8876
-42.31964     -22.8894
-42.31494     -22.88912
-42.31077     -22.88632
-42.30525     -22.87409
-42.29934     -22.8715
-42.28717     -22.87504
-42.27865     -22.88251
-42.27393     -22.88406
-42.26654     -22.88168
-42.26139     -22.87818
-42.25978     -22.86898
-42.25563     -22.8648
-42.24921     -22.86404
-42.242       -22.86648
-42.23656     -22.86619
-42.23361     -22.86432
-42.23201     -22.86107
-42.22712     -22.85116
-42.22125     -22.84627
-42.20465     -22.84768
-42.1961      -22.85676
-42.18453     -22.85295
-42.18027     -22.85657
-42.17507     -22.8572
-42.16154     -22.85176
-42.14761     -22.85641
-42.14368     -22.85475
-42.13811     -22.84642
-42.13268     -22.84544
-42.12746     -22.84675
-42.12577     -22.84421
-42.12583     -22.83967
-42.12589     -22.83595
-42.1168      -22.83125
-42.11206     -22.83371
-42.10799     -22.84146
-42.10666     -22.84764
-42.11146     -22.85803
-42.11901     -22.86638
-42.11965     -22.87282
-42.12429     -22.87723
-42.13363     -22.88194
-42.13507     -22.88517
-42.13378     -22.88814
-42.12982     -22.88878
-42.11774     -22.88519
-42.11284     -22.88192
-42.11223     -22.87273
-42.11005     -22.86972
-42.10318     -22.8655
-42.10036     -22.85583
-42.09521     -22.85209
-42.08241     -22.8478
-42.07767     -22.85072
-42.07124     -22.85018
-42.06746     -22.8545
-42.07036     -22.85935
-42.06933     -22.8621
-42.06387     -22.86294
-42.06063     -22.86497
-42.05525     -22.8766
-42.05593     -22.88074
-42.06054     -22.88699
-42.06454     -22.88429
-42.0749      -22.87019
-42.07839     -22.86817
-42.08108     -22.87096
-42.07882     -22.87277
-42.07758     -22.87968
-42.07693     -22.8833
-42.08131     -22.88818
-42.1006      -22.87304
-42.10457     -22.87217
-42.10849     -22.87452
-42.10449     -22.87768
-42.09828     -22.87875
-42.08816     -22.894
-42.08656     -22.90155
-42.08753     -22.91946
-42.09157     -22.93099
-42.09093     -22.94062
-42.09555     -22.94618
-42.09723     -22.94637
-42.10025     -22.9467
-42.11764     -22.94209
-42.12513     -22.93806
-42.15145     -22.91566
-42.16143     -22.91073
-42.1761      -22.90609
-42.17298     -22.91661
-42.17073     -22.91796
-42.16506     -22.91628
-42.15584     -22.92053
-42.15107     -22.92483
-42.14883     -22.93046
-42.14542     -22.93899
-42.14782     -22.9443
-42.15003     -22.9457
-42.15473     -22.94553
-42.16051     -22.94032
-42.16741     -22.94178
-42.17386     -22.94117
-42.18507     -22.93649
-42.19282     -22.9313
-42.20369     -22.91514
-42.21774     -22.902
-42.22307     -22.89288
-42.22705     -22.89155
-42.22697     -22.9039
-42.22685     -22.92345
-42.23247     -22.92879
-42.23914     -22.92955
-42.25626     -22.927
-42.27078     -22.91501
-42.28034     -22.90387
-42.28207     -22.90389
-42.28254     -22.90573
-42.27848     -22.91349
-42.2769      -22.92035
-42.27881     -22.92542
-42.28174     -22.92798
-42.28422     -22.92824
-42.29933     -22.92703
 1 
 1             47            
1
 -9999.0   ,   9990.0
   7
 31 
-42.58026     -22.93183
-42.58698     -22.92869
-42.5928      -22.91842
-42.59233     -22.91566
-42.58326     -22.90846
-42.57007     -22.89272
-42.56384     -22.89679
-42.55615     -22.89855
-42.55755     -22.90499
-42.55397     -22.91505
-42.55463     -22.91637
-42.55663     -22.92036
-42.54969     -22.92098
-42.54329     -22.91793
-42.54109     -22.91515
-42.54162     -22.91241
-42.53842     -22.91146
-42.53569     -22.91212
-42.53665     -22.91465
-42.53515     -22.91578
-42.52796     -22.9164
-42.52467     -22.92233
-42.51623     -22.92454
-42.5147      -22.92843
-42.51615     -22.93074
-42.52086     -22.93032
-42.52637     -22.92556
-42.54022     -22.92639
-42.54619     -22.9237
-42.55725     -22.93023
-42.58026     -22.93183
 1 
 1             48            
1
 -9999.0   ,   9990.0
   7
 19 
-42.49112     -22.93278
-42.49757     -22.93192
-42.50382     -22.92717
-42.51402     -22.92268
-42.51603     -22.92018
-42.51286     -22.91671
-42.51464     -22.91259
-42.50903     -22.90565
-42.50607     -22.90516
-42.50525     -22.91158
-42.49905     -22.91266
-42.49212     -22.91236
-42.48547     -22.90931
-42.48076     -22.90972
-42.47921     -22.91498
-42.4806      -22.92326
-42.48673     -22.92768
-42.48717     -22.93205
-42.49112     -22.93278
 1 
 1             49            
1
 -9999.0   ,   9990.0
   7
 9 
-42.42836     -22.9234
-42.43185     -22.92183
-42.43587     -22.91706
-42.43516     -22.91452
-42.42282     -22.91095
-42.4213      -22.91415
-42.42272     -22.91944
-42.42491     -22.92222
-42.42836     -22.9234
 1 
 1             50            
1
 -9999.0   ,   9990.0
   7
 60 
-42.81227     -22.95185
-42.81369     -22.95828
-42.82135     -22.95996
-42.82507     -22.95907
-42.82388     -22.95447
-42.82489     -22.95333
-42.82834     -22.95359
-42.8367      -22.96031
-42.84983     -22.95974
-42.85699     -22.96186
-42.87482     -22.96132
-42.87954     -22.95952
-42.88206     -22.95472
-42.88064     -22.94806
-42.87819     -22.94597
-42.8678      -22.9452
-42.86536     -22.94174
-42.86613     -22.93899
-42.86442     -22.93599
-42.85729     -22.93135
-42.85358     -22.93086
-42.8522      -22.93227
-42.84958     -22.93495
-42.84596     -22.92552
-42.83366     -22.91761
-42.83018     -22.91896
-42.82691     -22.92398
-42.83052     -22.93457
-42.82898     -22.94006
-42.82966     -22.94557
-42.8279      -22.94854
-42.8227      -22.94873
-42.82104     -22.9416
-42.81884     -22.93883
-42.81292     -22.93671
-42.81213     -22.94175
-42.8067      -22.93987
-42.80248     -22.94121
-42.79681     -22.93887
-42.79136     -22.93905
-42.78866     -22.93605
-42.7902      -22.93147
-42.78948     -22.92894
-42.78775     -22.92846
-42.78419     -22.9303
-42.78029     -22.9323
-42.77951     -22.9362
-42.78315     -22.94265
-42.78486     -22.94473
-42.78956     -22.94546
-42.79075     -22.94937
-42.78646     -22.9576
-42.78816     -22.96036
-42.79218     -22.95535
-42.79882     -22.95999
-42.80574     -22.96074
-42.8075      -22.95869
-42.80291     -22.94695
-42.80885     -22.94746
-42.81227     -22.95185
 1 
 1             51            
1
 -9999.0   ,   9990.0
   7
 9 
-42.64777     -22.93822
-42.65174     -22.93779
-42.653       -22.93597
-42.65108     -22.93045
-42.6279      -22.92242
-42.6266      -22.92746
-42.62828     -22.93207
-42.63938     -22.93653
-42.64777     -22.93822
 1 
 1             52            
1
 -9999.0   ,   9990.0
   7
 10 
-42.3673      -22.93559
-42.40298     -22.93346
-42.39707     -22.93064
-42.3815      -22.92932
-42.37824     -22.93181
-42.37428     -22.93223
-42.36911     -22.92942
-42.36392     -22.9289
-42.36411     -22.93372
-42.3673      -22.93559
 1 
 1             53            
1
 -9999.0   ,   9990.0
   7
 8 
-42.30963     -22.93449
-42.3138      -22.93706
-42.32891     -22.93677
-42.33636     -22.93502
-42.33888     -22.93161
-42.33593     -22.92997
-42.31388     -22.93179
-42.30963     -22.93449
 1 
 1             54            
1
 -9999.0   ,   9990.0
   7
 7 
-42.41261     -22.9354
-42.42277     -22.93458
-42.42453     -22.93254
-42.42258     -22.93045
-42.4139      -22.93128
-42.41139     -22.93355
-42.41261     -22.9354
 1 
 1             55            
1
 -9999.0   ,   9990.0
   7
 15 
-42.72803     -22.93413
-42.72605     -22.93389
-42.70983     -22.94613
-42.70461     -22.94769
-42.70309     -22.95089
-42.70553     -22.95412
-42.71472     -22.95191
-42.72338     -22.95268
-42.73181     -22.95069
-42.73724     -22.95303
-42.74318     -22.95263
-42.74173     -22.9494
-42.74401     -22.94506
-42.74108     -22.94113
-42.72803     -22.93413
 1 
 1             56            
1
 -9999.0   ,   9990.0
   7
 14 
-42.75165     -22.94788
-42.75334     -22.95203
-42.75702     -22.95573
-42.76372     -22.95441
-42.77556     -22.95796
-42.78176     -22.95778
-42.78451     -22.95414
-42.7833      -22.95206
-42.77834     -22.9527
-42.77194     -22.94898
-42.76895     -22.95056
-42.76177     -22.95118
-42.75611     -22.94769
-42.75165     -22.94788
