 13 
 1             1 
1
 -9999.0   ,   9990.0 
 14 
 179.8579     -9.418389 
 179.8593     -9.422861 
 179.8571     -9.432555 
 179.8588     -9.436194 
 179.8629     -9.434778 
 179.8634     -9.416611 
 179.8633     -9.416056 
 179.8619     -9.409028 
 179.8583     -9.401972 
 179.8543     -9.397861 
 179.8511     -9.395166 
 179.8476     -9.395667 
 179.853      -9.402722 
 179.8579     -9.418389 
 1             2 
1
 -9999.0   ,   9990.0 
 19 
 179.8372     -9.378083 
 179.8358     -9.3765 
 179.8371     -9.369833 
 179.8357     -9.366639 
 179.8343     -9.363194 
 179.8291     -9.355222 
 179.8228     -9.35275 
 179.8211     -9.352083 
 179.8163     -9.356972 
 179.8194     -9.357639 
 179.8231     -9.355972 
 179.8263     -9.358167 
 179.8263     -9.358194 
 179.8293     -9.360278 
 179.8311     -9.365722 
 179.8327     -9.370806 
 179.8325     -9.374695 
 179.8342     -9.377222 
 179.8372     -9.378083 
 1             3 
1
 -9999.0   ,   9990.0 
 7 
 179.0879     -8.623472 
 179.0913     -8.617695 
 179.0913     -8.614028 
 179.0849     -8.620055 
 179.0871     -8.629444 
 179.091      -8.632639 
 179.0879     -8.623472 
 1             4 
1
 -9999.0   ,   9990.0 
 20 
 179.1777     -8.534611 
 179.1791     -8.537332 
 179.1829     -8.535389 
 179.1874     -8.533112 
 179.1919     -8.528472 
 179.1926     -8.523418 
 179.1896     -8.497722 
 179.1911     -8.492194 
 179.1899     -8.487166 
 179.1864     -8.481222 
 179.1794     -8.469361 
 179.1758     -8.458834 
 179.1733     -8.458167 
 179.1771     -8.4735 
 179.1848     -8.486889 
 179.1858     -8.488584 
 179.1857     -8.501445 
 179.1888     -8.509 
 179.1879     -8.517278 
 179.1777     -8.534611 
 1             5 
1
 -9999.0   ,   9990.0 
 17 
 178.4242     -7.974722 
 178.423      -7.976944 
 178.4205     -7.981778 
 178.4175     -7.985722 
 178.4147     -7.990334 
 178.4146     -7.990556 
 178.4123     -7.992861 
 178.4107     -7.994945 
 178.4098     -7.998861 
 178.4057     -8 
 178.4072     -7.994972 
 178.4118     -7.989194 
 178.4129     -7.987278 
 178.415      -7.983667 
 178.4198     -7.978583 
 178.4223     -7.9765 
 178.4242     -7.974722 
 1             6 
1
 -9999.0   ,   9990.0 
 5 
 178.4247     -7.974222 
 178.426      -7.971194 
 178.4271     -7.968639 
 178.4269     -7.970944 
 178.4247     -7.974222 
 1             7 
1
 -9999.0   ,   9990.0 
 80 
 178.6733     -7.473139 
 178.6694     -7.469056 
 178.6652     -7.465667 
 178.6626     -7.462695 
 178.6601     -7.460667 
 178.6594     -7.457695 
 178.6582     -7.455167 
 178.658      -7.454611 
 178.6575     -7.452889 
 178.6584     -7.451278 
 178.6602     -7.448722 
 178.6634     -7.448916 
 178.6646     -7.449611 
 178.6639     -7.450305 
 178.6618     -7.450083 
 178.6598     -7.450333 
 178.66       -7.45125 
 178.6614     -7.454 
 178.6614     -7.454056 
 178.6623     -7.456056 
 178.6635     -7.457639 
 178.6644     -7.456028 
 178.6644     -7.454639 
 178.6648     -7.4535 
 178.6651     -7.452806 
 178.6653     -7.45275 
 178.6672     -7.452333 
 178.6683     -7.452083 
 178.6686     -7.452417 
 178.67       -7.453694 
 178.6701     -7.453833 
 178.6806     -7.463695 
 178.679      -7.466444 
 178.6793     -7.468056 
 178.6795     -7.468972 
 178.6789     -7.469278 
 178.6775     -7.47 
 178.6759     -7.470778 
 178.6758     -7.470833 
 178.6785     -7.4745 
 178.6809     -7.477917 
 178.6831     -7.484334 
 178.6863     -7.485889 
 178.6865     -7.485694 
 178.6875     -7.484111 
 178.6884     -7.482666 
 178.6884     -7.482639 
 178.6888     -7.481667 
 178.6893     -7.480583 
 178.689      -7.478528 
 178.6886     -7.477833 
 178.6876     -7.476472 
 178.6853     -7.474667 
 178.6844     -7.474667 
 178.6837     -7.474 
 178.6851     -7.471917 
 178.6855     -7.47075 
 178.6862     -7.471445 
 178.6876     -7.472333 
 178.6885     -7.470722 
 178.6901     -7.469806 
 178.6929     -7.470472 
 178.6943     -7.472055 
 178.6955     -7.473889 
 178.6968     -7.475945 
 178.6976     -7.478445 
 178.6992     -7.480278 
 178.6995     -7.482333 
 178.6942     -7.489278 
 178.6936     -7.489972 
 178.6935     -7.490222 
 178.6926     -7.491333 
 178.6915     -7.492833 
 178.6903     -7.494361 
 178.6846     -7.493945 
 178.6825     -7.488 
 178.6794     -7.483667 
 178.6766     -7.480945 
 178.6747     -7.4775 
 178.6733     -7.473139 
 1             8 
1
 -9999.0   ,   9990.0 
 26 
 177.1521     -7.246167 
 177.1531     -7.246222 
 177.1561     -7.245972 
 177.1586     -7.245722 
 177.1609     -7.244333 
 177.1632     -7.243417 
 177.165      -7.242472 
 177.1657     -7.241083 
 177.1657     -7.239028 
 177.1636     -7.239722 
 177.1609     -7.241583 
 177.1579     -7.241833 
 177.1556     -7.240472 
 177.154      -7.239555 
 177.1521     -7.238889 
 177.1512     -7.237056 
 177.1505     -7.236139 
 177.1503     -7.237056 
 177.1493     -7.235917 
 177.1475     -7.23525 
 177.1461     -7.237778 
 177.1463     -7.240305 
 177.1461     -7.243528 
 177.1482     -7.245333 
 177.1503     -7.246028 
 177.1521     -7.246167 
 1             9 
1
 -9999.0   ,   9990.0 
 16 
 177.1499     -7.182445 
 177.1473     -7.182917 
 177.1455     -7.18475 
 177.1451     -7.186833 
 177.149      -7.191167 
 177.1509     -7.194361 
 177.1525     -7.196195 
 177.1542     -7.199861 
 177.1546     -7.201917 
 177.1558     -7.202139 
 177.1569     -7.198694 
 177.1564     -7.194556 
 177.1548     -7.190195 
 177.1526     -7.187 
 177.151      -7.1845 
 177.1499     -7.182445 
 1             10 
1
 -9999.0   ,   9990.0 
 24 
 176.3169     -6.277278 
 176.3142     -6.280528 
 176.3106     -6.284667 
 176.3097     -6.28975 
 176.3104     -6.293417 
 176.3123     -6.296389 
 176.3132     -6.299361 
 176.3139     -6.302361 
 176.3141     -6.3025 
 176.316      -6.303722 
 176.3174     -6.303722 
 176.3194     -6.300944 
 176.3209     -6.299222 
 176.3224     -6.297472 
 176.3247     -6.294028 
 176.3258     -6.290778 
 176.3256     -6.2885 
 176.3241     -6.286194 
 176.3234     -6.285278 
 176.3216     -6.283222 
 176.3214     -6.282861 
 176.3202     -6.280472 
 176.3193     -6.279333 
 176.3169     -6.277278 
 1             11 
1
 -9999.0   ,   9990.0 
 25 
 177.2909     -6.108056 
 177.2889     -6.109222 
 177.2903     -6.111972 
 177.2924     -6.114722 
 177.2936     -6.117472 
 177.2952     -6.11975 
 177.2987     -6.120639 
 177.3021     -6.120389 
 177.3046     -6.120833 
 177.3078     -6.120111 
 177.3101     -6.119167 
 177.3108     -6.117556 
 177.312      -6.116416 
 177.3126     -6.114555 
 177.3124     -6.111583 
 177.3119     -6.1095 
 177.3094     -6.108833 
 177.3064     -6.108639 
 177.3034     -6.109334 
 177.3013     -6.109583 
 177.2993     -6.108917 
 177.2972     -6.10825 
 177.2951     -6.107333 
 177.2926     -6.107361 
 177.2909     -6.108056 
 1             12 
1
 -9999.0   ,   9990.0 
 53 
 176.1228     -5.676833 
 176.1204     -5.676139 
 176.1193     -5.675917 
 176.119      -5.676361 
 176.1188     -5.676611 
 176.119      -5.676861 
 176.1207     -5.679361 
 176.124      -5.682111 
 176.1269     -5.68525 
 176.1274     -5.68575 
 176.1318     -5.689417 
 176.1341     -5.691694 
 176.1362     -5.694222 
 176.139      -5.695111 
 176.1418     -5.700611 
 176.1419     -5.700889 
 176.1436     -5.704056 
 176.1457     -5.706111 
 176.1475     -5.707695 
 176.1498     -5.708833 
 176.1501     -5.707695 
 176.1486     -5.705028 
 176.1484     -5.704722 
 176.1457     -5.700833 
 176.144      -5.697834 
 176.1434     -5.694417 
 176.1433     -5.693722 
 176.141      -5.689361 
 176.1396     -5.685444 
 176.1363     -5.679722 
 176.135      -5.676528 
 176.1333     -5.672611 
 176.1312     -5.670805 
 176.1298     -5.669278 
 176.1294     -5.66875 
 176.1275     -5.670139 
 176.1293     -5.672 
 176.1301     -5.672861 
 176.1315     -5.675861 
 176.1331     -5.680889 
 176.1337     -5.682194 
 176.1341     -5.682972 
 176.1341     -5.684333 
 176.1338     -5.6855 
 176.1331     -5.686417 
 176.1306     -5.684583 
 176.1283     -5.682778 
 176.1267     -5.680695 
 176.1251     -5.678889 
 176.1246     -5.677722 
 176.1244     -5.677055 
 176.1228     -5.675917 
 176.1228     -5.676833 
 1             13 
1
 -9999.0   ,   9990.0 
 19 
 176.0651     -5.643361 
 176.0671     -5.641972 
 176.0706     -5.643806 
 176.0741     -5.646528 
 176.0789     -5.647417 
 176.0791     -5.648083 
 176.0798     -5.649944 
 176.0826     -5.651306 
 176.0825     -5.651583 
 176.0821     -5.652472 
 176.0782     -5.652805 
 176.0764     -5.652972 
 176.0725     -5.652056 
 176.0702     -5.651611 
 176.0683     -5.650944 
 176.0665     -5.650028 
 176.0649     -5.648194 
 176.0649     -5.646584 
 176.0651     -5.643361 
