 71 
 1             1 
1
 -9999.0   ,   9990.0 
 690 
 110          -7.884666 
 110.0195     -7.893528 
 110.0338     -7.895861 
 110.0492     -7.905056 
 110.0582     -7.90575 
 110.0669     -7.909889 
 110.0727     -7.9145 
 110.08       -7.917028 
 110.1001     -7.926917 
 110.1016     -7.927556 
 110.135      -7.941444 
 110.1429     -7.946278 
 110.1633     -7.952944 
 110.1696     -7.953639 
 110.1739     -7.958694 
 110.206      -7.979556 
 110.2082     -7.981 
 110.2105     -7.975722 
 110.2137     -7.974361 
 110.2172     -7.97 
 110.2198     -7.964472 
 110.2211     -7.961722 
 110.224      -7.958722 
 110.2287     -7.953917 
 110.2313     -7.947667 
 110.2318     -7.946889 
 110.2326     -7.945639 
 110.2341     -7.943889 
 110.243      -7.932806 
 110.2478     -7.930528 
 110.2411     -7.949584 
 110.2375     -7.954389 
 110.2331     -7.960139 
 110.2319     -7.962194 
 110.2315     -7.962945 
 110.2268     -7.971611 
 110.218      -7.981639 
 110.2167     -7.983083 
 110.2176     -7.985139 
 110.2261     -7.989528 
 110.2425     -7.992972 
 110.2504     -8 
 110.2551     -8.001723 
 110.2653     -8.002806 
 110.279      -8.009445 
 110.2912     -8.012167 
 110.305      -8.014666 
 110.3293     -8.024445 
 110.3408     -8.027611 
 110.3492     -8.033 
 110.3541     -8.047556 
 110.3675     -8.060166 
 110.3766     -8.070861 
 110.3814     -8.073446 
 110.3888     -8.072861 
 110.3921     -8.07464 
 110.3968     -8.077139 
 110.4078     -8.078444 
 110.4362     -8.093778 
 110.4409     -8.10075 
 110.4566     -8.102361 
 110.4639     -8.108666 
 110.4676     -8.110084 
 110.4835     -8.110306 
 110.4979     -8.117891 
 110.5058     -8.119416 
 110.5094     -8.120111 
 110.5214     -8.125112 
 110.531      -8.13075 
 110.5473     -8.13214 
 110.5515     -8.131056 
 110.5593     -8.134611 
 110.5703     -8.136139 
 110.5825     -8.14089 
 110.5923     -8.148389 
 110.6046     -8.148111 
 110.6124     -8.151195 
 110.6234     -8.157166 
 110.6458     -8.169336 
 110.6516     -8.169888 
 110.6563     -8.174306 
 110.6644     -8.175333 
 110.6841     -8.1855 
 110.6991     -8.188222 
 110.7118     -8.187695 
 110.7112     -8.196195 
 110.7079     -8.200278 
 110.7107     -8.201694 
 110.7162     -8.199473 
 110.724      -8.200084 
 110.7271     -8.200306 
 110.7341     -8.194667 
 110.7398     -8.194528 
 110.7472     -8.197389 
 110.7523     -8.197667 
 110.7587     -8.195694 
 110.7857     -8.19789 
 110.7989     -8.191639 
 110.801      -8.193026 
 110.7991     -8.196223 
 110.8011     -8.19925 
 110.8161     -8.200833 
 110.8283     -8.20489 
 110.838      -8.206223 
 110.8394     -8.206417 
 110.8447     -8.204861 
 110.8719     -8.207973 
 110.8848     -8.212055 
 110.8921     -8.211695 
 110.8988     -8.214528 
 110.9058     -8.211861 
 110.9122     -8.212417 
 110.9246     -8.221306 
 110.9409     -8.227473 
 110.9492     -8.227583 
 110.9584     -8.229611 
 110.9648     -8.231 
 110.9655     -8.236056 
 110.9712     -8.23775 
 110.9769     -8.241722 
 110.9864     -8.242306 
 110.9935     -8.247445 
 110.9966     -8.253695 
 110.9994     -8.255333 
 111.0079     -8.252666 
 111.0213     -8.25375 
 111.0271     -8.254973 
 111.0298     -8.260306 
 111.0318     -8.260778 
 111.0444     -8.254278 
 111.053      -8.25325 
 111.064      -8.254056 
 111.0696     -8.250446 
 111.073      -8.250112 
 111.0775     -8.249639 
 111.0793     -8.247583 
 111.0773     -8.243889 
 111.0796     -8.238417 
 111.0763     -8.231 
 111.0796     -8.220723 
 111.0831     -8.218695 
 111.0896     -8.219445 
 111.1031     -8.226278 
 111.1058     -8.231361 
 111.1042     -8.235028 
 111.1004     -8.240723 
 111.102      -8.24489 
 111.0973     -8.247111 
 111.0978     -8.249416 
 111.1024     -8.251083 
 111.1078     -8.259417 
 111.1115     -8.259916 
 111.1175     -8.256556 
 111.1208     -8.256583 
 111.1253     -8.261472 
 111.1336     -8.26525 
 111.1401     -8.263723 
 111.1405     -8.26625 
 111.1351     -8.274917 
 111.1378     -8.279083 
 111.1438     -8.283055 
 111.1495     -8.2845 
 111.1528     -8.281333 
 111.1576     -8.287139 
 111.1613     -8.282806 
 111.168      -8.283167 
 111.1721     -8.28339 
 111.1805     -8.27775 
 111.1957     -8.28139 
 111.1992     -8.278889 
 111.2016     -8.271584 
 111.2041     -8.269778 
 111.2129     -8.269639 
 111.2185     -8.265333 
 111.2211     -8.265361 
 111.2228     -8.270917 
 111.2281     -8.269806 
 111.2315     -8.264334 
 111.2396     -8.260083 
 111.2477     -8.2565 
 111.2541     -8.256556 
 111.2604     -8.252973 
 111.2669     -8.252586 
 111.274      -8.254973 
 111.2793     -8.257305 
 111.2802     -8.260778 
 111.2841     -8.263806 
 111.2794     -8.268583 
 111.2798     -8.271334 
 111.2828     -8.274141 
 111.2883     -8.273976 
 111.2936     -8.276556 
 111.2969     -8.272917 
 111.2949     -8.269446 
 111.2898     -8.268917 
 111.2891     -8.267083 
 111.2922     -8.26275 
 111.2954     -8.266 
 111.3012     -8.260778 
 111.3044     -8.260141 
 111.3118     -8.264584 
 111.3129     -8.266889 
 111.3156     -8.272445 
 111.3259     -8.276223 
 111.3296     -8.275806 
 111.3332     -8.268723 
 111.3367     -8.266472 
 111.3415     -8.265611 
 111.348      -8.267056 
 111.3521     -8.270555 
 111.3534     -8.270945 
 111.3569     -8.271973 
 111.3667     -8.265445 
 111.3708     -8.264778 
 111.375      -8.265972 
 111.3806     -8.263278 
 111.3817     -8.266278 
 111.3784     -8.272917 
 111.3786     -8.277056 
 111.3827     -8.279612 
 111.3873     -8.280833 
 111.3899     -8.278084 
 111.3926     -8.277445 
 111.3961     -8.28139 
 111.3988     -8.281417 
 111.4007     -8.277528 
 111.4042     -8.275945 
 111.4067     -8.276446 
 111.412      -8.281555 
 111.4154     -8.280666 
 111.4186     -8.269223 
 111.4223     -8.264445 
 111.4269     -8.262667 
 111.4316     -8.263389 
 111.4389     -8.26739 
 111.4444     -8.270194 
 111.4526     -8.278334 
 111.4535     -8.281555 
 111.4503     -8.286333 
 111.4544     -8.287778 
 111.458      -8.292639 
 111.45       -8.294222 
 111.4492     -8.294361 
 111.446      -8.297334 
 111.449      -8.299416 
 111.4505     -8.304028 
 111.4484     -8.306778 
 111.4488     -8.310917 
 111.458      -8.314696 
 111.4582     -8.318361 
 111.4533     -8.324056 
 111.4565     -8.325472 
 111.4603     -8.322056 
 111.4627     -8.32875 
 111.4657     -8.329473 
 111.469      -8.32675 
 111.4733     -8.313945 
 111.4777     -8.309611 
 111.4821     -8.3085 
 111.4851     -8.312445 
 111.4813     -8.318611 
 111.4822     -8.322056 
 111.4852     -8.323028 
 111.491      -8.317805 
 111.4945     -8.318528 
 111.4953     -8.321056 
 111.4942     -8.324805 
 111.4937     -8.326333 
 111.496      -8.327973 
 111.5027     -8.326195 
 111.5084     -8.328333 
 111.5143     -8.337584 
 111.54       -8.333028 
 111.5424     -8.330055 
 111.5341     -8.324917 
 111.5341     -8.322166 
 111.5369     -8.319445 
 111.5448     -8.318833 
 111.5478     -8.316112 
 111.5469     -8.31264 
 111.5493     -8.308778 
 111.5594     -8.309111 
 111.5706     -8.317028 
 111.5787     -8.317361 
 111.5743     -8.321889 
 111.5724     -8.326694 
 111.5692     -8.327806 
 111.5682     -8.330334 
 111.5716     -8.336583 
 111.5785     -8.338473 
 111.5811     -8.333445 
 111.5868     -8.338805 
 111.5905     -8.339056 
 111.5926     -8.336111 
 111.5899     -8.333306 
 111.5966     -8.328333 
 111.6017     -8.328167 
 111.6033     -8.33025 
 111.603      -8.334833 
 111.6032     -8.335305 
 111.6066     -8.344278 
 111.6099     -8.343638 
 111.6134     -8.339084 
 111.6083     -8.33375 
 111.6121     -8.33125 
 111.614      -8.325055 
 111.6165     -8.324166 
 111.6271     -8.327501 
 111.6291     -8.330973 
 111.6295     -8.338556 
 111.6355     -8.342972 
 111.6336     -8.345946 
 111.6288     -8.348195 
 111.6255     -8.351611 
 111.6271     -8.355056 
 111.6319     -8.357195 
 111.637      -8.351722 
 111.6411     -8.354056 
 111.6492     -8.355528 
 111.651      -8.359 
 111.6503     -8.366333 
 111.6515     -8.36839 
 111.6521     -8.369333 
 111.6558     -8.370306 
 111.6574     -8.368472 
 111.6563     -8.36525 
 111.6591     -8.360917 
 111.6683     -8.362611 
 111.6724     -8.371611 
 111.679      -8.377666 
 111.6827     -8.378612 
 111.6857     -8.376805 
 111.6879     -8.370861 
 111.6906     -8.370196 
 111.6925     -8.371361 
 111.6951     -8.380111 
 111.7032     -8.386639 
 111.7053     -8.382972 
 111.7056     -8.372639 
 111.7084     -8.369917 
 111.7103     -8.370833 
 111.7123     -8.375695 
 111.7148     -8.377084 
 111.7192     -8.374833 
 111.7234     -8.3765 
 111.7261     -8.375836 
 111.7243     -8.373056 
 111.7158     -8.366083 
 111.7141     -8.357556 
 111.7088     -8.354278 
 111.7036     -8.347333 
 111.6987     -8.348666 
 111.696      -8.346806 
 111.6953     -8.342195 
 111.6895     -8.341473 
 111.6882     -8.338473 
 111.6929     -8.327028 
 111.7009     -8.328945 
 111.704      -8.325751 
 111.7095     -8.326945 
 111.7135     -8.324001 
 111.7149     -8.31989 
 111.7138     -8.314834 
 111.7076     -8.30625 
 111.7091     -8.301222 
 111.7149     -8.294833 
 111.7233     -8.291028 
 111.729      -8.291306 
 111.7322     -8.294336 
 111.7326     -8.300306 
 111.7375     -8.301278 
 111.7406     -8.307278 
 111.7452     -8.311 
 111.7479     -8.315086 
 111.7484     -8.315861 
 111.7402     -8.333 
 111.742      -8.338083 
 111.7484     -8.339056 
 111.7516     -8.343917 
 111.7548     -8.34325 
 111.7574     -8.339611 
 111.7651     -8.337833 
 111.7697     -8.331917 
 111.7748     -8.328972 
 111.7859     -8.327945 
 111.7841     -8.324695 
 111.776      -8.323472 
 111.7726     -8.32114 
 111.7719     -8.317473 
 111.7725     -8.313111 
 111.7755     -8.311751 
 111.7771     -8.308556 
 111.7746     -8.302083 
 111.7712     -8.298611 
 111.7726     -8.296333 
 111.7758     -8.297083 
 111.7777     -8.297528 
 111.7793     -8.293417 
 111.7784     -8.289278 
 111.7745     -8.29014 
 111.7734     -8.288526 
 111.7815     -8.27989 
 111.7795     -8.276417 
 111.7739     -8.275444 
 111.7717     -8.271973 
 111.7717     -8.267834 
 111.7757     -8.258695 
 111.7783     -8.257334 
 111.7843     -8.259222 
 111.7963     -8.256583 
 111.8014     -8.258695 
 111.8027     -8.263778 
 111.7999     -8.271083 
 111.8033     -8.272278 
 111.8093     -8.268666 
 111.813      -8.269167 
 111.8148     -8.275611 
 111.8173     -8.276334 
 111.8215     -8.274055 
 111.8231     -8.274333 
 111.8271     -8.275028 
 111.8307     -8.280111 
 111.8339     -8.282 
 111.8415     -8.282973 
 111.8436     -8.281861 
 111.845      -8.278196 
 111.8439     -8.274055 
 111.8391     -8.269861 
 111.8385     -8.266195 
 111.8394     -8.260667 
 111.8419     -8.260946 
 111.844      -8.264167 
 111.8493     -8.266528 
 111.8525     -8.272972 
 111.8555     -8.273694 
 111.8594     -8.270973 
 111.862      -8.271472 
 111.8628     -8.275361 
 111.8672     -8.27725 
 111.8685     -8.28139 
 111.8678     -8.284389 
 111.8724     -8.286028 
 111.8761     -8.292945 
 111.8848     -8.293946 
 111.9009     -8.305361 
 111.9085     -8.305667 
 111.9136     -8.300195 
 111.9189     -8.300696 
 111.929      -8.307223 
 111.9371     -8.309834 
 111.9419     -8.3085 
 111.9443     -8.306222 
 111.9462     -8.300028 
 111.9446     -8.295195 
 111.9388     -8.294222 
 111.937      -8.291695 
 111.9393     -8.28689 
 111.9459     -8.281195 
 111.9498     -8.280556 
 111.9565     -8.282444 
 111.9608     -8.282473 
 111.9634     -8.2825 
 111.9724     -8.28464 
 111.9781     -8.287694 
 111.9951     -8.301639 
 112.0013     -8.303278 
 112.0091     -8.302667 
 112.0156     -8.306418 
 112.0218     -8.30739 
 112.0291     -8.313639 
 112.0346     -8.320806 
 112.0411     -8.322251 
 112.0492     -8.32025 
 112.0711     -8.325278 
 112.0724     -8.323446 
 112.0766     -8.320723 
 112.0806     -8.321446 
 112.0947     -8.318361 
 112.1034     -8.321861 
 112.1078     -8.321667 
 112.1127     -8.31425 
 112.1134     -8.313222 
 112.1153     -8.313472 
 112.1191     -8.318111 
 112.1238     -8.317223 
 112.1256     -8.322973 
 112.1295     -8.326917 
 112.1334     -8.327861 
 112.1359     -8.324445 
 112.1441     -8.320139 
 112.1473     -8.320167 
 112.1511     -8.327778 
 112.1546     -8.330806 
 112.162      -8.329028 
 112.1668     -8.330916 
 112.1696     -8.330472 
 112.1729     -8.324972 
 112.1773     -8.324556 
 112.1832     -8.328056 
 112.2047     -8.328916 
 112.2171     -8.331333 
 112.2236     -8.333223 
 112.224      -8.33575 
 112.2208     -8.339861 
 112.221      -8.344 
 112.2355     -8.348 
 112.2466     -8.34764 
 112.2528     -8.345861 
 112.2627     -8.349611 
 112.2673     -8.349195 
 112.2785     -8.340306 
 112.2924     -8.33514 
 112.2984     -8.334726 
 112.3182     -8.343833 
 112.3215     -8.344 
 112.3235     -8.344111 
 112.3247     -8.337445 
 112.3272     -8.334726 
 112.3309     -8.333834 
 112.3355     -8.336389 
 112.341      -8.343111 
 112.3503     -8.344084 
 112.353      -8.346416 
 112.3479     -8.351889 
 112.3504     -8.354195 
 112.3636     -8.352917 
 112.3666     -8.355251 
 112.3747     -8.373223 
 112.3789     -8.377167 
 112.3932     -8.3775 
 112.3941     -8.381416 
 112.3957     -8.382556 
 112.4042     -8.380611 
 112.4218     -8.384139 
 112.4273     -8.389916 
 112.4379     -8.393222 
 112.4413     -8.397389 
 112.4461     -8.398334 
 112.4521     -8.397001 
 112.4586     -8.398666 
 112.4755     -8.395554 
 112.4887     -8.401667 
 112.5027     -8.405639 
 112.5071     -8.405194 
 112.511      -8.402695 
 112.518      -8.397001 
 112.5226     -8.397722 
 112.5278     -8.402833 
 112.547      -8.403889 
 112.5539     -8.405528 
 112.5593     -8.403278 
 112.5692     -8.405416 
 112.5733     -8.409111 
 112.58       -8.410528 
 112.5896     -8.417945 
 112.6053     -8.420584 
 112.6161     -8.426639 
 112.623      -8.435416 
 112.6283     -8.432 
 112.6371     -8.433444 
 112.6431     -8.436472 
 112.6472     -8.441556 
 112.6509     -8.447306 
 112.6587     -8.448972 
 112.6663     -8.447639 
 112.6698     -8.444 
 112.6708     -8.438028 
 112.6733     -8.437805 
 112.6751     -8.444028 
 112.6777     -8.446806 
 112.6847     -8.436499 
 112.6967     -8.427611 
 112.702      -8.428583 
 112.706      -8.427 
 112.7094     -8.421972 
 112.7129     -8.421056 
 112.7201     -8.42225 
 112.7275     -8.419556 
 112.7356     -8.422112 
 112.7425     -8.418722 
 112.7464     -8.425639 
 112.7496     -8.421056 
 112.7504     -8.420694 
 112.7526     -8.419695 
 112.7589     -8.423417 
 112.7623     -8.422055 
 112.758      -8.415611 
 112.7598     -8.413555 
 112.7617     -8.414028 
 112.7673     -8.411528 
 112.7686     -8.41475 
 112.7721     -8.415 
 112.7723     -8.408112 
 112.7699     -8.398444 
 112.7713     -8.38925 
 112.7771     -8.386084 
 112.787      -8.390056 
 112.7879     -8.398084 
 112.7909     -8.402471 
 112.7978     -8.406417 
 112.8028     -8.406694 
 112.807      -8.400724 
 112.8093     -8.400056 
 112.8121     -8.402833 
 112.8163     -8.403778 
 112.8186     -8.399417 
 112.823      -8.396472 
 112.8235     -8.393722 
 112.8212     -8.390028 
 112.8208     -8.382446 
 112.8245     -8.382 
 112.8252     -8.374195 
 112.828      -8.373278 
 112.8321     -8.374222 
 112.8358     -8.371278 
 112.8391     -8.371972 
 112.8418     -8.376361 
 112.8425     -8.382111 
 112.8448     -8.383278 
 112.846      -8.380056 
 112.8496     -8.378473 
 112.8515     -8.381473 
 112.8496     -8.386501 
 112.8537     -8.391584 
 112.8535     -8.394333 
 112.8491     -8.401222 
 112.852      -8.406278 
 112.8557     -8.402861 
 112.8615     -8.402445 
 112.8638     -8.397861 
 112.8666     -8.397861 
 112.8749     -8.410556 
 112.8829     -8.409001 
 112.8867     -8.404889 
 112.8982     -8.405167 
 112.9001     -8.403584 
 112.901      -8.400833 
 112.8953     -8.394806 
 112.8953     -8.391611 
 112.8983     -8.39025 
 112.8993     -8.383805 
 112.9016     -8.383361 
 112.9101     -8.386861 
 112.9108     -8.388944 
 112.9075     -8.394889 
 112.9114     -8.398139 
 112.9163     -8.401611 
 112.9197     -8.397722 
 112.923      -8.3975 
 112.9278     -8.393166 
 112.9331     -8.393416 
 112.9348     -8.387 
 112.9394     -8.385889 
 112.9431     -8.379916 
 112.9425     -8.37625 
 112.9466     -8.374888 
 112.9511     -8.362723 
 112.9525     -8.358611 
 112.9548     -8.356556 
 112.9569     -8.355195 
 112.9627     -8.343973 
 112.966      -8.334778 
 112.9769     -8.326583 
 113.0054     -8.313861 
 113.0375     -8.305305 
 113.0488     -8.300083 
 113.0601     -8.299195 
 113.0682     -8.298556 
 113.0743     -8.293778 
 113.0766     -8.288056 
 113.0805     -8.286695 
 113.1116     -8.290528 
 113.1197     -8.292389 
 113.141      -8.292028 
 113.15       -8.289556 
 113.1611     -8.283167 
 113.1805     -8.280501 
 113.1848     -8.28075 
 113.2375     -8.28375 
 113.2481     -8.288167 
 113.2561     -8.288667 
 113.2836     -8.295889 
 113.3078     -8.30589 
 113.3172     -8.311196 
 113.3407     -8.328305 
 113.3543     -8.341917 
 113.3848     -8.384751 
 113.3907     -8.398389 
 113.3921     -8.401778 
 113.3963     -8.404111 
 1             2 
1
 -9999.0   ,   9990.0 
 444 
 112.4891     -6.899305 
 112.479      -6.898417 
 112.4716     -6.895195 
 112.4751     -6.892445 
 112.4604     -6.8865 
 112.4535     -6.877778 
 112.4388     -6.870444 
 112.4323     -6.865167 
 112.4233     -6.866778 
 112.4148     -6.863584 
 112.41       -6.864056 
 112.3996     -6.8705 
 112.3799     -6.872611 
 112.37       -6.868028 
 112.3633     -6.867111 
 112.358      -6.86275 
 112.3553     -6.86275 
 112.347      -6.867833 
 112.3422     -6.866694 
 112.3362     -6.863028 
 112.3231     -6.861195 
 112.3144     -6.867417 
 112.3088     -6.868805 
 112.2955     -6.868361 
 112.2845     -6.867694 
 112.2735     -6.875778 
 112.2703     -6.876417 
 112.2699     -6.8765 
 112.2698     -6.876528 
 112.2566     -6.879222 
 112.2565     -6.879194 
 112.2399     -6.876389 
 112.2393     -6.876278 
 112.2383     -6.876111 
 112.2367     -6.875834 
 112.2357     -6.876139 
 112.2319     -6.877278 
 112.2318     -6.877306 
 112.2298     -6.877917 
 112.2269     -6.88025 
 112.2268     -6.880306 
 112.2251     -6.881694 
 112.224      -6.882472 
 112.2158     -6.888722 
 112.2145     -6.889194 
 112.2133     -6.889667 
 112.213      -6.889222 
 112.213      -6.889139 
 112.2123     -6.888055 
 112.2084     -6.886416 
 112.2082     -6.886528 
 112.2048     -6.888389 
 112.2031     -6.885611 
 112.2019     -6.884944 
 112.2001     -6.883917 
 112.1993     -6.885528 
 112.1966     -6.890972 
 112.1965     -6.891278 
 112.196      -6.892194 
 112.1949     -6.892389 
 112.1948     -6.892389 
 112.1903     -6.893139 
 112.1821     -6.893694 
 112.1728     -6.893222 
 112.1726     -6.893222 
 112.1652     -6.893861 
 112.1533     -6.891111 
 112.1439     -6.893445 
 112.1241     -6.898972 
 112.1101     -6.892334 
 112.1029     -6.891194 
 112.0769     -6.891695 
 112.0682     -6.88875 
 112.0591     -6.885667 
 112.0392     -6.864833 
 112.021      -6.840889 
 112.0074     -6.823028 
 112.0033     -6.810833 
 111.9964     -6.805806 
 111.9913     -6.79775 
 111.9835     -6.78925 
 111.9811     -6.778222 
 111.9775     -6.770861 
 111.9715     -6.766278 
 111.9614     -6.762389 
 111.949      -6.761472 
 111.9405     -6.763333 
 111.9384     -6.764667 
 111.9173     -6.778306 
 111.9005     -6.785222 
 111.8676     -6.794917 
 111.8545     -6.798139 
 111.8401     -6.799305 
 111.8323     -6.799528 
 111.8263     -6.797028 
 111.7682     -6.773361 
 111.7649     -6.772 
 111.7589     -6.772944 
 111.7515     -6.768583 
 111.723      -6.767 
 111.7127     -6.762389 
 111.7078     -6.7595 
 111.6791     -6.742667 
 111.6711     -6.736444 
 111.6478     -6.712555 
 111.626      -6.694861 
 111.5818     -6.654194 
 111.5602     -6.638583 
 111.5551     -6.635139 
 111.5266     -6.627083 
 111.514      -6.629639 
 111.5055     -6.626417 
 111.5006     -6.6225 
 111.4915     -6.618389 
 111.4889     -6.618389 
 111.4841     -6.624139 
 111.4784     -6.623667 
 111.4747     -6.626444 
 111.4713     -6.636111 
 111.4632     -6.640472 
 111.4607     -6.652861 
 111.4582     -6.665083 
 111.4561     -6.669694 
 111.4504     -6.673584 
 111.4469     -6.674278 
 111.4446     -6.673139 
 111.44       -6.676139 
 111.4315     -6.682583 
 111.4263     -6.685805 
 111.4214     -6.685111 
 111.4189     -6.682583 
 111.4115     -6.686028 
 111.4088     -6.69225 
 111.3989     -6.693389 
 111.378      -6.701222 
 111.373      -6.705611 
 111.369      -6.703084 
 111.3562     -6.704222 
 111.3284     -6.699417 
 111.324      -6.699639 
 111.3068     -6.693444 
 111.3021     -6.691611 
 111.2939     -6.683778 
 111.2877     -6.684028 
 111.2801     -6.68725 
 111.273      -6.688167 
 111.2633     -6.683556 
 111.25       -6.688389 
 111.2454     -6.688639 
 111.2351     -6.695028 
 111.2217     -6.698056 
 111.2075     -6.700139 
 111.1921     -6.699695 
 111.1852     -6.698083 
 111.1778     -6.691195 
 111.1755     -6.702306 
 111.1707     -6.703611 
 111.1686     -6.6905 
 111.1758     -6.682445 
 111.1743     -6.678222 
 111.1741     -6.677778 
 111.1774     -6.671361 
 111.174      -6.667472 
 111.1727     -6.671139 
 111.168      -6.675583 
 111.1564     -6.680611 
 111.1556     -6.683472 
 111.1575     -6.686833 
 111.1489     -6.68975 
 111.1436     -6.687444 
 111.1379     -6.683583 
 111.1269     -6.670222 
 111.1161     -6.656917 
 111.115      -6.650944 
 111.1095     -6.645778 
 111.1074     -6.641111 
 111.1001     -6.630222 
 111.0974     -6.626861 
 111.0961     -6.621139 
 111.1046     -6.6125 
 111.1028     -6.609667 
 111.0929     -6.6165 
 111.0895     -6.608972 
 111.0874     -6.601944 
 111.0902     -6.598028 
 111.0946     -6.595139 
 111.0863     -6.5965 
 111.0838     -6.589305 
 111.092      -6.587861 
 111.0896     -6.583472 
 111.0834     -6.585333 
 111.0816     -6.584306 
 111.0774     -6.580695 
 111.0781     -6.576 
 111.076      -6.572361 
 111.0749     -6.565861 
 111.078      -6.562972 
 111.0775     -6.560111 
 111.0702     -6.5625 
 111.0686     -6.554722 
 111.0683     -6.543528 
 111.0709     -6.541695 
 111.0661     -6.528139 
 111.0594     -6.504222 
 111.0564     -6.504222 
 111.0513     -6.498694 
 111.0523     -6.490194 
 111.054      -6.487833 
 111.052      -6.48675 
 111.0504     -6.480778 
 111.0472     -6.477083 
 111.0463     -6.465833 
 111.0523     -6.466278 
 111.0496     -6.454916 
 111.0423     -6.446833 
 111.041      -6.443 
 111.0354     -6.437889 
 111.0273     -6.436666 
 111.026      -6.434972 
 111.02       -6.430722 
 111.0157     -6.43075 
 111.0054     -6.426528 
 111.0126     -6.4235 
 111.0178     -6.421333 
 111.0195     -6.417028 
 111.0083     -6.415833 
 111.0075     -6.420972 
 110.9861     -6.42025 
 110.9737     -6.41775 
 110.9624     -6.417972 
 110.9458     -6.409472 
 110.9123     -6.397278 
 110.8923     -6.403028 
 110.874      -6.403944 
 110.8503     -6.402333 
 110.8429     -6.40325 
 110.8386     -6.405778 
 110.8317     -6.408528 
 110.8138     -6.422555 
 110.7913     -6.420722 
 110.7692     -6.428056 
 110.7616     -6.434055 
 110.7545     -6.438639 
 110.7347     -6.437028 
 110.72       -6.443917 
 110.7159     -6.447834 
 110.7131     -6.453583 
 110.7113     -6.466917 
 110.7092     -6.469666 
 110.6989     -6.475667 
 110.6915     -6.481861 
 110.6874     -6.49175 
 110.6768     -6.489666 
 110.6727     -6.493361 
 110.6683     -6.494056 
 110.6653     -6.496583 
 110.6652     -6.501056 
 110.6651     -6.50325 
 110.6672     -6.507833 
 110.6821     -6.507611 
 110.6837     -6.509917 
 110.681      -6.52325 
 110.6766     -6.529472 
 110.6718     -6.532917 
 110.6674     -6.529 
 110.6649     -6.528778 
 110.6628     -6.537278 
 110.6601     -6.5405 
 110.6546     -6.540028 
 110.6543     -6.547389 
 110.6527     -6.549 
 110.6458     -6.548778 
 110.6451     -6.551306 
 110.6573     -6.56075 
 110.6608     -6.56625 
 110.6626     -6.572917 
 110.6612     -6.577528 
 110.6594     -6.579834 
 110.6557     -6.58075 
 110.6467     -6.579139 
 110.6451     -6.581666 
 110.6557     -6.595472 
 110.6506     -6.607417 
 110.6472     -6.610167 
 110.641      -6.611778 
 110.6396     -6.614778 
 110.6401     -6.624889 
 110.6433     -6.634333 
 110.6419     -6.637778 
 110.6442     -6.647889 
 110.6417     -6.657084 
 110.6369     -6.667222 
 110.6309     -6.690444 
 110.6246     -6.702889 
 110.6212     -6.707139 
 110.6189     -6.719167 
 110.6208     -6.725833 
 110.6171     -6.7325 
 110.6196     -6.740778 
 110.6182     -6.743556 
 110.6123     -6.742861 
 110.6086     -6.745139 
 110.6028     -6.744472 
 110.5973     -6.74125 
 110.5904     -6.740778 
 110.5838     -6.742778 
 110.5725     -6.738472 
 110.5695     -6.738222 
 110.5647     -6.741445 
 110.5635     -6.744667 
 110.5654     -6.747889 
 110.5728     -6.747694 
 110.5764     -6.747445 
 110.5919     -6.753445 
 110.5925     -6.753667 
 110.596      -6.757111 
 110.5978     -6.760778 
 110.5969     -6.767 
 110.5987     -6.7725 
 110.5983     -6.777056 
 110.5897     -6.77275 
 110.592      -6.766528 
 110.5897     -6.762611 
 110.5913     -6.759167 
 110.587      -6.756639 
 110.5847     -6.759167 
 110.578      -6.760083 
 110.5789     -6.767222 
 110.5815     -6.7755 
 110.5851     -6.777805 
 110.5861     -6.78125 
 110.5832     -6.787194 
 110.5785     -6.795944 
 110.5773     -6.801944 
 110.5717     -6.809306 
 110.5665     -6.8155 
 110.5638     -6.823306 
 110.5598     -6.826528 
 110.5566     -6.827222 
 110.5516     -6.843306 
 110.5322     -6.831666 
 110.5302     -6.836861 
 110.5394     -6.840305 
 110.5472     -6.847222 
 110.5424     -6.853639 
 110.5329     -6.855945 
 110.5346     -6.860556 
 110.5318     -6.866361 
 110.5265     -6.868556 
 110.5251     -6.870667 
 110.5226     -6.8695 
 110.5194     -6.870194 
 110.5136     -6.884305 
 110.5089     -6.883528 
 110.5061     -6.881 
 110.5042     -6.883056 
 110.5123     -6.89525 
 110.5116     -6.897555 
 110.504      -6.896389 
 110.4973     -6.896389 
 110.4932     -6.899611 
 110.4893     -6.905361 
 110.4893     -6.914306 
 110.4842     -6.918917 
 110.4828     -6.922361 
 110.4837     -6.926722 
 110.4821     -6.929945 
 110.475      -6.930639 
 110.4725     -6.935 
 110.4633     -6.942361 
 110.4543     -6.951305 
 110.4483     -6.951778 
 110.4385     -6.945778 
 110.4368     -6.948778 
 110.4251     -6.946472 
 110.4225     -6.948611 
 110.4215     -6.949444 
 110.418      -6.946472 
 110.4174     -6.94675 
 110.4173     -6.946778 
 110.4152     -6.947667 
 110.4079     -6.958861 
 110.3996     -6.957944 
 110.3994     -6.960472 
 110.3927     -6.963222 
 110.3856     -6.970111 
 110.3765     -6.968139 
 110.3726     -6.972195 
 110.3713     -6.973556 
 110.3605     -6.974 
 110.3534     -6.97225 
 110.3511     -6.971694 
 110.3481     -6.969167 
 110.3446     -6.969861 
 110.3293     -6.965694 
 110.3246     -6.964556 
 110.3201     -6.960861 
 110.3149     -6.953389 
 110.3095     -6.947528 
 110.307      -6.945445 
 110.3014     -6.94775 
 110.2973     -6.947055 
 110.2957     -6.943389 
 110.2978     -6.938778 
 110.2955     -6.935555 
 110.3031     -6.926139 
 110.2996     -6.923444 
 110.2941     -6.929111 
 110.29       -6.930944 
 110.2849     -6.929584 
 110.2759     -6.933694 
 110.2699     -6.931861 
 110.2649     -6.929917 
 110.259      -6.924083 
 110.2539     -6.913694 
 110.2493     -6.91575 
 110.2433     -6.914834 
 110.2405     -6.905611 
 110.2348     -6.905389 
 110.2311     -6.902389 
 110.2315     -6.898833 
 110.2184     -6.895916 
 110.2091     -6.891556 
 110.2008     -6.889722 
 110.19       -6.87775 
 110.1824     -6.864861 
 110.182      -6.854306 
 110.1786     -6.852722 
 110.1669     -6.852639 
 110.1647     -6.851278 
 110.1592     -6.852194 
 110.1585     -6.8545 
 110.1608     -6.859111 
 110.1592     -6.866 
 110.1511     -6.873333 
 110.1261     -6.888028 
 110.1187     -6.890555 
 110.0987     -6.892139 
 110.0847     -6.893972 
 110.0716     -6.898334 
 110.0532     -6.898861 
 110.0368     -6.904167 
 110.0127     -6.918944 
 110          -6.919861 
 1             3 
1
 -9999.0   ,   9990.0 
 6 
 112.5776     -6.93275 
 112.5777     -6.947528 
 112.5751     -6.959084 
 112.5846     -6.958111 
 112.5809     -6.929889 
 112.5776     -6.93275 
 1             4 
1
 -9999.0   ,   9990.0 
 12 
 114.6048     -5.106917 
 114.6092     -5.106667 
 114.6107     -5.095139 
 114.6151     -5.092139 
 114.618      -5.082667 
 114.612      -5.068666 
 114.6121     -5.057389 
 114.6014     -5.06225 
 114.5932     -5.072417 
 114.5983     -5.090139 
 114.5972     -5.10025 
 114.6048     -5.106917 
 1             5 
1
 -9999.0   ,   9990.0 
 15 
 114.433      -5.467167 
 114.4399     -5.464139 
 114.4424     -5.460222 
 114.444      -5.453778 
 114.4416     -5.444583 
 114.4352     -5.435639 
 114.4333     -5.427805 
 114.428      -5.426 
 114.4239     -5.426472 
 114.4221     -5.427861 
 114.4178     -5.438222 
 114.4178     -5.442833 
 114.4206     -5.452028 
 114.4307     -5.4665 
 114.433      -5.467167 
 1             6 
1
 -9999.0   ,   9990.0 
 26 
 114.4313     -5.587555 
 114.44       -5.584278 
 114.4462     -5.577583 
 114.4496     -5.568361 
 114.4541     -5.565805 
 114.4555     -5.55475 
 114.4543     -5.545556 
 114.4511     -5.543278 
 114.4474     -5.544889 
 114.4387     -5.543556 
 114.435      -5.546111 
 114.4304     -5.545195 
 114.4226     -5.541083 
 114.4207     -5.537416 
 114.4203     -5.5305 
 114.4125     -5.534 
 114.4044     -5.534028 
 114.4003     -5.538639 
 114.4012     -5.5425 
 114.4031     -5.550611 
 114.3997     -5.561444 
 114.4016     -5.5665 
 114.4092     -5.566 
 114.42       -5.569639 
 114.4267     -5.584805 
 114.4313     -5.587555 
 1             7 
1
 -9999.0   ,   9990.0 
 6 
 110.1973     -5.738917 
 110.1892     -5.737889 
 110.1892     -5.739305 
 110.1966     -5.744222 
 110.1987     -5.742084 
 110.1973     -5.738917 
 1             8 
1
 -9999.0   ,   9990.0 
 8 
 110.4069     -5.74575 
 110.4113     -5.745056 
 110.4142     -5.742306 
 110.4152     -5.739778 
 110.4131     -5.73125 
 110.4136     -5.727806 
 110.4078     -5.732389 
 110.4069     -5.74575 
 1             9 
1
 -9999.0   ,   9990.0 
 16 
 110.2457     -5.762417 
 110.2556     -5.7585 
 110.2572     -5.755055 
 110.2522     -5.744472 
 110.2533     -5.731111 
 110.2522     -5.7295 
 110.2465     -5.734806 
 110.2428     -5.731333 
 110.24       -5.736389 
 110.2356     -5.737083 
 110.2352     -5.739861 
 110.2386     -5.743083 
 110.2386     -5.74675 
 110.2423     -5.751361 
 110.2439     -5.76125 
 110.2457     -5.762417 
 1             10 
1
 -9999.0   ,   9990.0 
 8 
 112.7924     -5.788389 
 112.7915     -5.779639 
 112.789      -5.776667 
 112.7897     -5.774139 
 112.7931     -5.774361 
 112.7956     -5.776861 
 112.7961     -5.780778 
 112.7924     -5.788389 
 1             11 
1
 -9999.0   ,   9990.0 
 7 
 112.7628     -5.801 
 112.7606     -5.796861 
 112.7583     -5.796861 
 112.758      -5.803306 
 112.76       -5.805861 
 112.7629     -5.805194 
 112.7628     -5.801 
 1             12 
1
 -9999.0   ,   9990.0 
 7 
 110.1996     -5.816667 
 110.1918     -5.812972 
 110.1869     -5.8155 
 110.1853     -5.820111 
 110.1872     -5.823111 
 110.1973     -5.819194 
 110.1996     -5.816667 
 1             13 
1
 -9999.0   ,   9990.0 
 38 
 110.4606     -5.802389 
 110.4597     -5.812972 
 110.4551     -5.815972 
 110.4521     -5.810889 
 110.453      -5.808139 
 110.4714     -5.787889 
 110.4753     -5.778 
 110.4808     -5.770417 
 110.4847     -5.769722 
 110.4868     -5.775722 
 110.4836     -5.783528 
 110.4799     -5.786056 
 110.4785     -5.790195 
 110.4799     -5.795944 
 110.4826     -5.799167 
 110.4929     -5.803555 
 110.4932     -5.806083 
 110.4913     -5.808 
 110.4898     -5.809528 
 110.4923     -5.811611 
 110.4939     -5.816444 
 110.4911     -5.821972 
 110.4858     -5.822639 
 110.4847     -5.834611 
 110.4829     -5.834611 
 110.4785     -5.83025 
 110.4732     -5.828639 
 110.4714     -5.825639 
 110.4721     -5.823111 
 110.4776     -5.818278 
 110.4801     -5.810694 
 110.4789     -5.805611 
 110.4767     -5.804695 
 110.476      -5.816889 
 110.473      -5.815278 
 110.4702     -5.807694 
 110.4643     -5.809055 
 110.4606     -5.802389 
 1             14 
1
 -9999.0   ,   9990.0 
 70 
 112.6094     -5.864 
 112.6122     -5.863778 
 112.6131     -5.860083 
 112.6175     -5.856861 
 112.6199     -5.843056 
 112.6284     -5.8465 
 112.6342     -5.847167 
 112.6409     -5.854528 
 112.6466     -5.853111 
 112.6521     -5.853583 
 112.6544     -5.855166 
 112.6641     -5.854472 
 112.6739     -5.855834 
 112.6879     -5.851417 
 112.6918     -5.8475 
 112.6941     -5.847055 
 112.6985     -5.850472 
 112.7028     -5.849778 
 112.7093     -5.843361 
 112.7189     -5.833889 
 112.721      -5.829028 
 112.7198     -5.819389 
 112.7209     -5.810861 
 112.7259     -5.7975 
 112.7321     -5.7915 
 112.7316     -5.786445 
 112.7275     -5.783222 
 112.7226     -5.773361 
 112.7238     -5.765306 
 112.7228     -5.762528 
 112.7187     -5.76025 
 112.715      -5.7545 
 112.7168     -5.74 
 112.7152     -5.736084 
 112.7115     -5.735972 
 112.7001     -5.735667 
 112.6968     -5.733139 
 112.6787     -5.728111 
 112.6766     -5.726278 
 112.675      -5.72075 
 112.6715     -5.721222 
 112.664      -5.729528 
 112.656      -5.734611 
 112.6408     -5.729805 
 112.6367     -5.733028 
 112.6277     -5.733278 
 112.6231     -5.738806 
 112.619      -5.748944 
 112.6101     -5.755472 
 112.6067     -5.757945 
 112.6012     -5.763694 
 112.5957     -5.772695 
 112.5872     -5.77225 
 112.5817     -5.775944 
 112.5792     -5.781917 
 112.5817     -5.789972 
 112.5804     -5.792722 
 112.5767     -5.794806 
 112.5742     -5.803805 
 112.5643     -5.803583 
 112.5623     -5.805666 
 112.5655     -5.810472 
 112.5696     -5.812778 
 112.5761     -5.833944 
 112.5724     -5.840389 
 112.5739     -5.844306 
 112.5856     -5.855083 
 112.5918     -5.856444 
 112.6087     -5.856639 
 112.6094     -5.864 
 1             15 
1
 -9999.0   ,   9990.0 
 8 
 112.7579     -5.859334 
 112.7543     -5.859361 
 112.7514     -5.861945 
 112.7521     -5.865167 
 112.7547     -5.865806 
 112.7569     -5.863833 
 112.7585     -5.86125 
 112.7579     -5.859334 
 1             16 
1
 -9999.0   ,   9990.0 
 7 
 110.6013     -5.866667 
 110.6057     -5.855389 
 110.6064     -5.847556 
 110.6055     -5.8425 
 110.602      -5.840889 
 110.5992     -5.86275 
 110.6013     -5.866667 
 1             17 
1
 -9999.0   ,   9990.0 
 21 
 110.4475     -5.884528 
 110.4498     -5.865667 
 110.4675     -5.862667 
 110.4693     -5.855778 
 110.4769     -5.855333 
 110.4787     -5.851167 
 110.4776     -5.846361 
 110.4787     -5.843361 
 110.4773     -5.840361 
 110.473      -5.83875 
 110.4626     -5.825389 
 110.4585     -5.826556 
 110.4473     -5.8355 
 110.4291     -5.835028 
 110.4238     -5.837333 
 110.4167     -5.83825 
 110.4156     -5.839861 
 110.4328     -5.85575 
 110.4323     -5.860806 
 110.4397     -5.881528 
 110.4475     -5.884528 
 1             18 
1
 -9999.0   ,   9990.0 
 9 
 110.4354     -5.894306 
 110.4379     -5.893917 
 110.4371     -5.889 
 110.4347     -5.885833 
 110.4311     -5.883389 
 110.4273     -5.884806 
 110.428      -5.888333 
 110.4336     -5.890083 
 110.4354     -5.894306 
 1             19 
1
 -9999.0   ,   9990.0 
 6 
 110.4125     -5.8955 
 110.4097     -5.89375 
 110.41       -5.890194 
 110.4118     -5.887361 
 110.4139     -5.886667 
 110.4125     -5.8955 
 1             20 
1
 -9999.0   ,   9990.0 
 12 
 112.5511     -6.861805 
 112.5484     -6.863111 
 112.5472     -6.866083 
 112.5403     -6.867028 
 112.5383     -6.868639 
 112.5396     -6.870944 
 112.5461     -6.873694 
 112.5535     -6.8815 
 112.5558     -6.885861 
 112.5562     -6.890695 
 112.5519     -6.899028 
 112.5443     -6.904944 
 1             21 
1
 -9999.0   ,   9990.0 
 3 
 112.5278     -6.904083 
 112.5057     -6.904806 
 112.5025     -6.902972 
 1             22 
1
 -9999.0   ,   9990.0 
 68 
 114.4641     -7.835805 
 114.4626     -7.84225 
 114.4613     -7.844333 
 114.4589     -7.848222 
 114.4602     -7.853 
 114.461      -7.856028 
 114.4583     -7.863167 
 114.4637     -7.883584 
 114.4614     -7.890472 
 114.458      -7.89325 
 114.4495     -7.895111 
 114.4428     -7.898583 
 114.4373     -7.9085 
 114.4325     -7.912889 
 114.424      -7.915667 
 114.4217     -7.917972 
 114.4208     -7.923722 
 114.4225     -7.932222 
 114.4237     -7.943444 
 114.4212     -7.958639 
 114.4222     -7.966195 
 114.4254     -7.972611 
 114.4248     -7.982278 
 114.428      -7.9935 
 114.4275     -8 
 114.4273     -8.004889 
 114.4247     -8.012472 
 114.4316     -8.036111 
 114.4307     -8.042556 
 114.4316     -8.058861 
 114.4291     -8.066667 
 114.4178     -8.081361 
 114.4134     -8.099722 
 114.407      -8.112139 
 114.3996     -8.117639 
 114.3987     -8.125223 
 114.401      -8.134861 
 114.3991     -8.141084 
 114.4012     -8.149583 
 114.3973     -8.157028 
 114.3945     -8.162195 
 114.3924     -8.171389 
 114.3892     -8.181028 
 114.3807     -8.197583 
 114.3802     -8.206306 
 114.3858     -8.233861 
 114.3809     -8.25039 
 114.3694     -8.275444 
 114.3664     -8.282333 
 114.365      -8.304389 
 114.3592     -8.320694 
 114.359      -8.326445 
 114.3546     -8.334917 
 114.3576     -8.338834 
 114.3606     -8.334945 
 114.3624     -8.337916 
 114.3539     -8.348723 
 114.3511     -8.359056 
 114.3504     -8.375584 
 114.346      -8.397417 
 114.3416     -8.415111 
 114.3405     -8.426583 
 114.3405     -8.433028 
 114.3458     -8.447278 
 114.3491     -8.45175 
 114.3502     -8.45325 
 114.3504     -8.453778 
 114.3529     -8.460834 
 1             23 
1
 -9999.0   ,   9990.0 
 428 
 112.5511     -6.861805 
 112.5554     -6.869361 
 112.5625     -6.895916 
 112.5679     -6.908278 
 112.5703     -6.913583 
 112.5811     -6.922083 
 112.5809     -6.929028 
 112.5763     -6.928805 
 112.5736     -6.933861 
 112.5741     -6.944 
 112.5711     -6.951583 
 112.5702     -6.959167 
 112.5651     -6.962639 
 112.5649     -6.968139 
 112.5665     -6.9725 
 112.5643     -6.978028 
 112.5673     -6.983778 
 112.5829     -6.998222 
 112.583      -7.005472 
 112.5898     -7.0065 
 112.5878     -7.011083 
 112.5786     -7.009361 
 112.577      -7.011333 
 112.5779     -7.01525 
 112.577      -7.021472 
 112.5786     -7.027889 
 112.5814     -7.032028 
 112.5897     -7.032917 
 112.5945     -7.043944 
 112.5964     -7.042583 
 112.5958     -7.023944 
 112.5934     -7.007528 
 112.5941     -6.999667 
 112.5947     -7.000306 
 112.5998     -7.004056 
 112.5972     -7.009444 
 112.6        -7.023944 
 112.5988     -7.033444 
 112.5996     -7.038667 
 112.6035     -7.0405 
 112.6063     -7.046472 
 112.6179     -7.045944 
 112.6184     -7.039139 
 112.6204     -7.038306 
 112.6228     -7.043445 
 112.6283     -7.047806 
 112.6306     -7.047778 
 112.6336     -7.033306 
 112.6379     -7.025694 
 112.6366     -7.018583 
 112.6381     -7.012139 
 112.6419     -7.012917 
 112.6393     -7.02625 
 112.6417     -7.030361 
 112.6501     -7.037389 
 112.6548     -7.038833 
 112.6557     -7.050278 
 112.6562     -7.055555 
 112.6541     -7.059916 
 112.6457     -7.060805 
 112.6394     -7.051 
 112.6372     -7.049333 
 112.6268     -7.053528 
 112.6267     -7.052639 
 112.6201     -7.053333 
 112.6056     -7.064389 
 112.5976     -7.064167 
 112.5934     -7.066028 
 112.5902     -7.070167 
 112.5925     -7.072694 
 112.5863     -7.074083 
 112.582      -7.077556 
 112.5784     -7.079583 
 112.5794     -7.080833 
 112.5907     -7.084417 
 112.5953     -7.089 
 112.596      -7.094528 
 112.5946     -7.101194 
 112.6002     -7.107167 
 112.6059     -7.108194 
 112.6078     -7.108528 
 112.6086     -7.108472 
 112.614      -7.108167 
 112.6158     -7.108472 
 112.6158     -7.108472 
 112.618      -7.108861 
 112.62       -7.112333 
 112.62       -7.112694 
 112.6196     -7.119805 
 112.6192     -7.126222 
 112.6192     -7.127028 
 112.6228     -7.134 
 112.632      -7.142722 
 112.6414     -7.147778 
 112.6516     -7.148194 
 112.6541     -7.146584 
 112.6665     -7.155528 
 112.6677     -7.158972 
 112.6645     -7.167028 
 112.6675     -7.177834 
 112.6668     -7.1845 
 112.6625     -7.196917 
 112.6627     -7.202889 
 112.6583     -7.202917 
 112.6547     -7.205667 
 112.6543     -7.209306 
 112.6575     -7.214722 
 112.6571     -7.218806 
 112.6607     -7.223306 
 112.6735     -7.231361 
 112.6749     -7.229528 
 112.6744     -7.226806 
 112.6953     -7.229361 
 112.6976     -7.231139 
 112.7072     -7.226944 
 112.7132     -7.23175 
 112.721      -7.232639 
 112.7201     -7.230583 
 112.7145     -7.228055 
 112.7104     -7.221416 
 112.7168     -7.212417 
 112.7198     -7.211722 
 112.7218     -7.20575 
 112.7241     -7.204611 
 112.7264     -7.205278 
 112.7288     -7.209639 
 112.7324     -7.210333 
 112.7324     -7.205972 
 112.7283     -7.203889 
 112.7322     -7.202278 
 112.7395     -7.203195 
 112.7416     -7.1995 
 112.7432     -7.197444 
 112.7473     -7.197195 
 112.7465     -7.206222 
 112.7614     -7.197611 
 112.7648     -7.197389 
 112.7729     -7.202667 
 112.7773     -7.208389 
 112.781      -7.210694 
 112.7893     -7.222611 
 112.8034     -7.251306 
 112.8108     -7.272056 
 112.8186     -7.283 
 112.8246     -7.296556 
 112.8251     -7.305056 
 112.8221     -7.308278 
 112.8182     -7.30875 
 112.818      -7.312194 
 112.8229     -7.321361 
 112.822      -7.336306 
 112.8229     -7.338833 
 112.8178     -7.335639 
 112.8158     -7.32875 
 112.8038     -7.328111 
 112.8031     -7.328084 
 112.8022     -7.345083 
 112.8061     -7.34875 
 112.8041     -7.351972 
 112.7891     -7.355 
 112.7887     -7.356833 
 112.794      -7.359361 
 112.7956     -7.361639 
 112.7912     -7.365 
 112.7945     -7.366445 
 112.7938     -7.369417 
 112.7917     -7.368083 
 112.7853     -7.367889 
 112.7855     -7.370167 
 112.792      -7.372222 
 112.7952     -7.377972 
 112.8014     -7.379806 
 112.811      -7.387389 
 112.8113     -7.392861 
 112.8116     -7.406889 
 112.8019     -7.405861 
 112.7879     -7.404417 
 112.7845     -7.407417 
 112.7784     -7.408583 
 112.7762     -7.412028 
 112.7684     -7.415028 
 112.7672     -7.417333 
 112.7728     -7.429833 
 112.7698     -7.434333 
 112.7601     -7.427694 
 112.7569     -7.427 
 112.7523     -7.432055 
 112.7449     -7.434611 
 112.7429     -7.436695 
 112.744      -7.442889 
 112.7404     -7.447722 
 112.7411     -7.449333 
 112.7445     -7.449778 
 112.74       -7.459195 
 112.7393     -7.465416 
 112.7407     -7.47 
 112.7441     -7.468389 
 112.7515     -7.478028 
 112.7556     -7.479389 
 112.7551     -7.486722 
 112.755      -7.487945 
 112.7524     -7.495028 
 112.7532     -7.502139 
 112.7543     -7.506278 
 112.7571     -7.507889 
 112.7557     -7.511111 
 112.7569     -7.514083 
 112.7544     -7.518222 
 112.7541     -7.523056 
 112.748      -7.531111 
 112.7448     -7.541 
 112.7443     -7.545833 
 112.7688     -7.548111 
 112.7826     -7.544833 
 112.8016     -7.545472 
 112.8146     -7.543 
 112.8271     -7.537361 
 112.8312     -7.537722 
 112.8352     -7.541639 
 112.8547     -7.542361 
 112.8518     -7.546972 
 112.8423     -7.552278 
 112.8396     -7.557556 
 112.8345     -7.554584 
 112.8338     -7.556667 
 112.8357     -7.560778 
 112.8369     -7.572972 
 112.8452     -7.590861 
 112.8484     -7.59225 
 112.8516     -7.59775 
 112.8595     -7.605778 
 112.8639     -7.606667 
 112.8715     -7.604361 
 112.8749     -7.608944 
 112.88       -7.609861 
 112.8894     -7.616722 
 112.903      -7.626806 
 112.9131     -7.624472 
 112.9184     -7.626528 
 112.9256     -7.633361 
 112.9334     -7.636389 
 112.9459     -7.635889 
 112.9502     -7.637417 
 112.9514     -7.640917 
 112.9553     -7.642445 
 112.9569     -7.640861 
 112.9663     -7.649361 
 112.9597     -7.646695 
 112.9511     -7.648695 
 112.9445     -7.6515 
 112.9418     -7.658916 
 112.9368     -7.661695 
 112.945      -7.663944 
 112.9477     -7.661583 
 112.9478     -7.669778 
 112.9513     -7.668944 
 112.9536     -7.6665 
 112.9536     -7.661639 
 112.9626     -7.673139 
 112.9755     -7.674194 
 112.9728     -7.669167 
 112.9692     -7.666472 
 112.9664     -7.658306 
 112.9687     -7.652056 
 112.975      -7.654333 
 112.986      -7.659695 
 112.9919     -7.660583 
 112.9947     -7.65875 
 113.0117     -7.658028 
 113.0313     -7.652472 
 113.0396     -7.655278 
 113.0434     -7.656556 
 113.0527     -7.662528 
 113.0658     -7.675806 
 113.0758     -7.688194 
 113.0834     -7.703778 
 113.0949     -7.709722 
 113.1012     -7.718222 
 113.1093     -7.724861 
 113.1143     -7.727139 
 113.1261     -7.72825 
 113.1307     -7.731917 
 113.1329     -7.732139 
 113.144      -7.735333 
 113.1514     -7.742889 
 113.1558     -7.746555 
 113.1643     -7.749055 
 113.1733     -7.74675 
 113.1869     -7.75175 
 113.191      -7.751056 
 113.2082     -7.740667 
 113.2098     -7.739972 
 113.2158     -7.729639 
 113.2243     -7.737195 
 113.2257     -7.742 
 113.2296     -7.744306 
 113.2441     -7.746333 
 113.2559     -7.750195 
 113.2608     -7.755917 
 113.2654     -7.768306 
 113.2703     -7.776111 
 113.2779     -7.784361 
 113.285      -7.792139 
 113.2931     -7.792139 
 113.2989     -7.79 
 113.3032     -7.786583 
 113.311      -7.781361 
 113.3193     -7.783333 
 113.3227     -7.784695 
 113.3289     -7.78375 
 113.3371     -7.779194 
 113.3487     -7.771056 
 113.3583     -7.768055 
 113.3661     -7.761305 
 113.3788     -7.754445 
 113.382      -7.754889 
 113.3838     -7.751583 
 113.3884     -7.750972 
 113.3979     -7.744056 
 113.4038     -7.739194 
 113.4167     -7.736861 
 113.4326     -7.737056 
 113.4369     -7.735194 
 113.4404     -7.732222 
 113.4514     -7.730556 
 113.4654     -7.721111 
 113.484      -7.70475 
 113.4923     -7.700806 
 113.504      -7.700305 
 113.5192     -7.703944 
 113.5266     -7.707833 
 113.5388     -7.710306 
 113.5572     -7.711639 
 113.5678     -7.711611 
 113.5763     -7.708583 
 113.5827     -7.708806 
 113.5871     -7.712695 
 113.5977     -7.713361 
 113.6081     -7.718833 
 113.6178     -7.718333 
 113.6272     -7.718528 
 113.632      -7.721278 
 113.6433     -7.723083 
 113.6541     -7.728556 
 113.6606     -7.730139 
 113.6703     -7.730333 
 113.6815     -7.725028 
 113.6889     -7.720639 
 113.6985     -7.711417 
 113.7084     -7.706333 
 113.7127     -7.706555 
 113.7314     -7.721416 
 113.7522     -7.733528 
 113.774      -7.730917 
 113.7835     -7.730417 
 113.7906     -7.726944 
 113.7968     -7.721667 
 113.8139     -7.701389 
 113.8275     -7.689195 
 113.8289     -7.688 
 113.8419     -7.68175 
 113.8511     -7.680583 
 113.8599     -7.682611 
 113.8728     -7.681889 
 113.8885     -7.692167 
 113.8993     -7.695806 
 113.9166     -7.694583 
 113.9207     -7.696861 
 113.929      -7.696833 
 113.9375     -7.688778 
 113.9434     -7.685306 
 113.9528     -7.678611 
 113.9652     -7.659722 
 113.978      -7.647722 
 114.0111     -7.628528 
 114.013      -7.626833 
 114.0209     -7.619555 
 114.0315     -7.620194 
 114.0349     -7.615806 
 114.0425     -7.615611 
 114.0444     -7.619694 
 114.0557     -7.621028 
 114.0631     -7.623972 
 114.0774     -7.648056 
 114.089      -7.674667 
 114.0978     -7.684972 
 114.1057     -7.69275 
 114.1306     -7.71125 
 114.1428     -7.714361 
 114.1736     -7.713861 
 114.184      -7.711972 
 114.1973     -7.71375 
 114.2105     -7.716917 
 114.2167     -7.713444 
 114.2306     -7.701222 
 114.238      -7.697972 
 114.2424     -7.698417 
 114.2479     -7.701611 
 114.2539     -7.707556 
 114.2611     -7.717195 
 114.2724     -7.721722 
 114.2798     -7.726528 
 114.2846     -7.733389 
 114.2928     -7.743694 
 114.3135     -7.745917 
 114.3185     -7.748667 
 114.322      -7.755306 
 114.3356     -7.756861 
 114.3436     -7.75475 
 114.3595     -7.757444 
 114.3683     -7.757195 
 114.3713     -7.754861 
 114.3777     -7.754611 
 114.3809     -7.759666 
 114.3853     -7.762167 
 114.3902     -7.769278 
 114.3925     -7.770528 
 114.3939     -7.771306 
 114.4036     -7.771972 
 114.4213     -7.788667 
 114.429      -7.792305 
 114.4356     -7.78975 
 114.4379     -7.790667 
 114.4396     -7.797083 
 114.4481     -7.804639 
 114.4581     -7.81675 
 114.4632     -7.826389 
 114.4641     -7.835805 
 1             24 
1
 -9999.0   ,   9990.0 
 19 
 112.5516     -6.854805 
 112.5575     -6.865806 
 112.5682     -6.901472 
 112.5745     -6.912361 
 112.584      -6.920583 
 112.5864     -6.928805 
 112.5864     -6.928833 
 112.5955     -6.93 
 112.5998     -6.922333 
 112.6002     -6.916361 
 112.5967     -6.908778 
 112.5944     -6.906472 
 112.5885     -6.909 
 112.5857     -6.901195 
 112.5735     -6.887667 
 112.5557     -6.851583 
 112.5538     -6.850444 
 112.5518     -6.851361 
 112.5516     -6.854805 
 1             25 
1
 -9999.0   ,   9990.0 
 5 
 110.3539     -6.946278 
 110.3515     -6.949722 
 110.3597     -6.950389 
 110.3608     -6.948639 
 110.3539     -6.946278 
 1             26 
1
 -9999.0   ,   9990.0 
 11 
 112.6273     -6.979972 
 112.6222     -6.979528 
 112.6121     -6.969194 
 112.6042     -6.966694 
 112.6017     -6.964389 
 112.5957     -6.956139 
 112.5952     -6.950833 
 112.5987     -6.948528 
 112.6021     -6.954972 
 112.6123     -6.963222 
 112.6273     -6.979972 
 1             27 
1
 -9999.0   ,   9990.0 
 8 
 114.4324     -6.982 
 114.4363     -6.980834 
 114.4369     -6.976222 
 114.4358     -6.969111 
 114.4332     -6.964528 
 114.4305     -6.967278 
 114.43       -6.9705 
 114.4324     -6.982 
 1             28 
1
 -9999.0   ,   9990.0 
 12 
 114.1846     -7.001167 
 114.1876     -6.996555 
 114.1889     -6.98275 
 114.191      -6.97675 
 114.1886     -6.970778 
 114.1845     -6.967805 
 114.1771     -6.966472 
 114.1735     -6.967167 
 114.1703     -6.972472 
 114.1644     -6.995722 
 114.1662     -6.999611 
 114.1846     -7.001167 
 1             29 
1
 -9999.0   ,   9990.0 
 8 
 114.4888     -7.005195 
 114.4916     -7.004056 
 114.4977     -6.989083 
 114.4966     -6.987472 
 114.4929     -6.987722 
 114.4872     -6.998556 
 114.487      -7.00175 
 114.4888     -7.005195 
 1             30 
1
 -9999.0   ,   9990.0 
 6 
 114.5778     -7.082861 
 114.5747     -7.081333 
 114.5762     -7.078722 
 114.5803     -7.076611 
 114.5814     -7.079195 
 114.5778     -7.082861 
 1             31 
1
 -9999.0   ,   9990.0 
 8 
 114.6518     -7.088861 
 114.6529     -7.084722 
 114.6515     -7.080806 
 114.6485     -7.078528 
 114.645      -7.078556 
 114.6444     -7.081306 
 114.6488     -7.088194 
 114.6518     -7.088861 
 1             32 
1
 -9999.0   ,   9990.0 
 7 
 114.687      -7.105722 
 114.6778     -7.100695 
 114.6796     -7.098389 
 114.6833     -7.097917 
 114.6884     -7.100194 
 114.6893     -7.104556 
 114.687      -7.105722 
 1             33 
1
 -9999.0   ,   9990.0 
 32 
 114.0584     -7.113361 
 114.063      -7.110583 
 114.0634     -7.109694 
 114.066      -7.103222 
 114.0602     -7.088972 
 114.0595     -7.082556 
 114.0551     -7.075889 
 114.0505     -7.074083 
 114.0314     -7.073694 
 114.0123     -7.070305 
 113.9948     -7.074528 
 113.973      -7.072389 
 113.9674     -7.071861 
 113.9624     -7.068417 
 113.9584     -7.062917 
 113.9511     -7.0595 
 113.9469     -7.059055 
 113.9359     -7.069445 
 113.9357     -7.072667 
 113.9417     -7.084139 
 113.9411     -7.088278 
 113.9422     -7.090111 
 113.9593     -7.092805 
 113.9795     -7.104 
 113.9885     -7.10625 
 113.9969     -7.105917 
 114.014      -7.10525 
 114.0239     -7.109583 
 114.0308     -7.110694 
 114.0425     -7.1095 
 114.0515     -7.113167 
 114.0584     -7.113361 
 1             34 
1
 -9999.0   ,   9990.0 
 10 
 114.7713     -7.141889 
 114.7651     -7.138694 
 114.7642     -7.136139 
 114.7633     -7.133417 
 114.7644     -7.129278 
 114.7754     -7.121861 
 114.7791     -7.121389 
 114.7839     -7.125972 
 114.7789     -7.138861 
 114.7713     -7.141889 
 1             35 
1
 -9999.0   ,   9990.0 
 12 
 114.6611     -7.174806 
 114.6761     -7.169445 
 114.6841     -7.170333 
 114.685      -7.16825 
 114.6826     -7.164556 
 114.6823     -7.164111 
 114.6786     -7.163917 
 114.6751     -7.158417 
 114.6609     -7.164222 
 114.6565     -7.169305 
 114.6575     -7.174111 
 114.6611     -7.174806 
 1             36 
1
 -9999.0   ,   9990.0 
 39 
 114.6076     -7.177333 
 114.6101     -7.176639 
 114.6138     -7.17225 
 114.6162     -7.162361 
 114.613      -7.153639 
 114.6111     -7.14075 
 114.6055     -7.137111 
 114.5977     -7.135305 
 114.5839     -7.136278 
 114.5756     -7.133806 
 114.5623     -7.136139 
 114.5586     -7.135028 
 114.5423     -7.122222 
 114.5372     -7.12225 
 114.5322     -7.123861 
 114.5301     -7.124556 
 114.5213     -7.129667 
 114.52       -7.132417 
 114.5096     -7.134305 
 114.4961     -7.143111 
 114.4782     -7.145694 
 114.4764     -7.14825 
 114.4759     -7.151222 
 114.4796     -7.162472 
 114.4833     -7.165694 
 114.4896     -7.1675 
 114.4962     -7.167 
 114.5017     -7.163778 
 114.5178     -7.162083 
 114.5255     -7.162055 
 114.5631     -7.161889 
 114.571      -7.164611 
 114.5733     -7.169667 
 114.5726     -7.173333 
 114.574      -7.174722 
 114.5799     -7.172611 
 114.5951     -7.171417 
 114.6009     -7.173 
 114.6076     -7.177333 
 1             37 
1
 -9999.0   ,   9990.0 
 11 
 113.0961     -7.188556 
 113.1008     -7.193833 
 113.1081     -7.195194 
 113.1123     -7.187833 
 113.1111     -7.185528 
 113.1118     -7.181639 
 113.1122     -7.17725 
 113.1081     -7.177278 
 113.1005     -7.183278 
 113.0985     -7.18825 
 113.0961     -7.188556 
 1             38 
1
 -9999.0   ,   9990.0 
 33 
 114.3802     -7.191861 
 114.3903     -7.185833 
 114.4        -7.185111 
 114.4048     -7.175445 
 114.3953     -7.161917 
 114.3888     -7.147222 
 114.3892     -7.140111 
 114.3859     -7.131139 
 114.3799     -7.123361 
 114.3761     -7.103389 
 114.3693     -7.090305 
 114.365      -7.082056 
 114.3428     -7.060306 
 114.3327     -7.054584 
 114.3269     -7.054389 
 114.3129     -7.0595 
 114.2946     -7.06325 
 114.2884     -7.072 
 114.2783     -7.079167 
 114.2737     -7.090222 
 114.2724     -7.093444 
 114.2719     -7.098278 
 114.2766     -7.117583 
 114.295      -7.149445 
 114.3003     -7.156556 
 114.3079     -7.162722 
 114.3309     -7.168833 
 114.3392     -7.176167 
 114.3463     -7.179667 
 114.3489     -7.180944 
 114.3604     -7.182972 
 114.3743     -7.191195 
 114.3802     -7.191861 
 1             39 
1
 -9999.0   ,   9990.0 
 7 
 114.0477     -7.202139 
 114.0494     -7.201334 
 114.0518     -7.202722 
 114.0518     -7.20725 
 114.0496     -7.207583 
 114.0473     -7.205722 
 114.0477     -7.202139 
 1             40 
1
 -9999.0   ,   9990.0 
 22 
 113.9559     -7.231639 
 113.9575     -7.229361 
 113.9563     -7.226139 
 113.9476     -7.220889 
 113.9434     -7.214472 
 113.9431     -7.20275 
 113.9403     -7.196556 
 113.9286     -7.183028 
 113.9267     -7.17775 
 113.9214     -7.177306 
 113.8936     -7.186584 
 113.8902     -7.189139 
 113.8858     -7.196055 
 113.8847     -7.202472 
 113.8861     -7.208 
 113.8871     -7.208416 
 113.8919     -7.2105 
 113.905      -7.210917 
 113.9252     -7.206028 
 113.9305     -7.206695 
 113.9515     -7.231194 
 113.9559     -7.231639 
 1             41 
1
 -9999.0   ,   9990.0 
 20 
 113.7931     -7.235889 
 113.7981     -7.235417 
 113.8013     -7.227139 
 113.8114     -7.221361 
 113.8128     -7.218361 
 113.8114     -7.216084 
 113.7999     -7.212444 
 113.7955     -7.212222 
 113.7919     -7.214056 
 113.7879     -7.212945 
 113.7852     -7.2095 
 113.7824     -7.208583 
 113.776      -7.21 
 113.7674     -7.209556 
 113.7599     -7.206361 
 113.756      -7.209583 
 113.7526     -7.221111 
 113.7641     -7.223583 
 113.774      -7.227806 
 113.7931     -7.235889 
 1             42 
1
 -9999.0   ,   9990.0 
 5 
 113.672      -7.238917 
 113.6746     -7.238889 
 113.6753     -7.242889 
 113.6724     -7.24325 
 113.672      -7.238917 
 1             43 
1
 -9999.0   ,   9990.0 
 7 
 113.6664     -7.247806 
 113.669      -7.247445 
 113.669      -7.251611 
 113.6675     -7.254028 
 113.6645     -7.253361 
 113.6645     -7.25025 
 113.6664     -7.247806 
 1             44 
1
 -9999.0   ,   9990.0 
 6 
 113.2177     -7.318111 
 113.2198     -7.3165 
 113.2074     -7.313528 
 113.2051     -7.315611 
 113.2094     -7.317889 
 113.2177     -7.318111 
 1             45 
1
 -9999.0   ,   9990.0 
 9 
 113.2474     -7.687972 
 113.2534     -7.687028 
 113.2591     -7.683805 
 113.2601     -7.682639 
 113.2587     -7.680111 
 113.2488     -7.680833 
 113.2456     -7.683361 
 113.2451     -7.686139 
 113.2474     -7.687972 
 1             46 
1
 -9999.0   ,   9990.0 
 9 
 114.5154     -8.098806 
 114.5057     -8.095612 
 114.5061     -8.093528 
 114.5117     -8.091222 
 114.5246     -8.09239 
 114.5274     -8.095139 
 114.5251     -8.097889 
 114.52       -8.099972 
 114.5154     -8.098806 
 1             47 
1
 -9999.0   ,   9990.0 
 109 
 114.5621     -8.132334 
 114.5643     -8.13625 
 114.5678     -8.139 
 114.5641     -8.141751 
 114.5613     -8.141973 
 114.5571     -8.134417 
 114.5523     -8.131416 
 114.5401     -8.140139 
 114.5309     -8.151417 
 114.5223     -8.153472 
 114.5189     -8.152778 
 114.517      -8.143833 
 114.5214     -8.140833 
 114.5228     -8.136945 
 114.5219     -8.132334 
 114.5101     -8.115111 
 114.5052     -8.107306 
 114.4918     -8.096973 
 114.4866     -8.095612 
 114.4626     -8.096278 
 114.4499     -8.093778 
 114.4395     -8.096528 
 114.4344     -8.1025 
 114.4328     -8.118556 
 114.4344     -8.122694 
 114.443      -8.134417 
 114.4466     -8.142917 
 114.4446     -8.153722 
 114.4492     -8.160611 
 114.4517     -8.162445 
 114.4593     -8.161056 
 114.4614     -8.164973 
 114.4644     -8.164056 
 114.4651     -8.167028 
 114.4623     -8.17025 
 114.4603     -8.171638 
 114.4577     -8.16864 
 114.4556     -8.168417 
 114.452      -8.177834 
 114.4497     -8.178528 
 114.4481     -8.176222 
 114.4494     -8.174167 
 114.4467     -8.172305 
 114.4445     -8.177167 
 114.443      -8.180583 
 114.4395     -8.178528 
 114.4417     -8.173946 
 114.4434     -8.170472 
 114.4423     -8.166805 
 114.4381     -8.164278 
 114.4344     -8.165361 
 114.4342     -8.165417 
 114.4307     -8.171638 
 114.4308     -8.179668 
 114.4365     -8.185862 
 114.4409     -8.197778 
 114.449      -8.220083 
 114.4545     -8.229972 
 114.4631     -8.237556 
 114.4767     -8.260056 
 114.4838     -8.278666 
 114.5083     -8.301891 
 114.518      -8.310833 
 114.5196     -8.314972 
 114.521      -8.330113 
 114.5259     -8.336333 
 114.5427     -8.346416 
 114.5471     -8.351026 
 114.5446     -8.354917 
 114.5458     -8.357695 
 114.5525     -8.3625 
 114.5779     -8.388917 
 114.5811     -8.399028 
 114.583      -8.400416 
 114.5892     -8.404528 
 114.594      -8.405 
 114.6028     -8.402471 
 114.6037     -8.404083 
 114.6049     -8.405666 
 114.6155     -8.40775 
 114.6238     -8.409805 
 114.6338     -8.406584 
 114.6381     -8.4075 
 114.6511     -8.406333 
 114.6721     -8.401278 
 114.6993     -8.399195 
 114.7291     -8.396389 
 114.7462     -8.398 
 114.7587     -8.405556 
 114.7686     -8.406 
 114.7866     -8.411972 
 114.7975     -8.413778 
 114.8014     -8.415861 
 114.804      -8.423195 
 114.8141     -8.426639 
 114.8153     -8.432834 
 114.8266     -8.436722 
 114.8388     -8.437639 
 114.8488     -8.440139 
 114.8606     -8.445167 
 114.9073     -8.465111 
 114.9352     -8.481584 
 114.9459     -8.490084 
 114.9584     -8.503834 
 114.9652     -8.506722 
 114.9753     -8.512999 
 114.991      -8.527917 
 114.9975     -8.538 
 115          -8.539251 
 1             48 
1
 -9999.0   ,   9990.0 
 52 
 115          -8.1725 
 114.9905     -8.175028 
 114.9831     -8.179639 
 114.9718     -8.180805 
 114.9695     -8.181056 
 114.9238     -8.182278 
 114.9138     -8.182278 
 114.9033     -8.182306 
 114.8982     -8.186695 
 114.8977     -8.187139 
 114.8938     -8.188222 
 114.871      -8.194528 
 114.8502     -8.193861 
 114.8412     -8.19114 
 114.8368     -8.193417 
 114.8322     -8.193889 
 114.8255     -8.189083 
 114.8226     -8.190833 
 114.8202     -8.192306 
 114.8172     -8.190917 
 114.8138     -8.186556 
 114.8091     -8.188416 
 114.8066     -8.1875 
 114.8031     -8.182917 
 114.7953     -8.180611 
 114.7888     -8.176723 
 114.7727     -8.174445 
 114.7623     -8.175141 
 114.7334     -8.160944 
 114.7293     -8.158639 
 114.7163     -8.155445 
 114.7133     -8.151305 
 114.7066     -8.155222 
 114.7027     -8.152223 
 114.6946     -8.147195 
 114.6859     -8.144446 
 114.6755     -8.145139 
 114.6714     -8.146751 
 114.6649     -8.145833 
 114.6607     -8.142861 
 114.6559     -8.143084 
 114.6434     -8.130917 
 114.6402     -8.135972 
 114.6372     -8.136445 
 114.6328     -8.129778 
 114.6284     -8.128166 
 114.6215     -8.126805 
 114.6187     -8.124278 
 114.6148     -8.123584 
 114.6095     -8.132083 
 114.6042     -8.133223 
 114.5998     -8.136833 
 1             49 
1
 -9999.0   ,   9990.0 
 13 
 114.5998     -8.136833 
 114.5991     -8.137361 
 114.5906     -8.130945 
 114.5934     -8.125667 
 114.5934     -8.12175 
 114.5908     -8.12014 
 114.5862     -8.119001 
 114.5832     -8.120611 
 114.5742     -8.121528 
 114.5703     -8.124528 
 114.5638     -8.1275 
 114.5618     -8.131639 
 114.5621     -8.132334 
 1             50 
1
 -9999.0   ,   9990.0 
 5 
 110.6047     -8.154083 
 110.6052     -8.156306 
 110.6104     -8.15575 
 110.6092     -8.153806 
 110.6047     -8.154083 
 1             51 
1
 -9999.0   ,   9990.0 
 5 
 110.997      -8.258278 
 110.9967     -8.261389 
 110.9993     -8.262667 
 111          -8.260722 
 110.997      -8.258278 
 1             52 
1
 -9999.0   ,   9990.0 
 5 
 111.4393     -8.278196 
 111.4409     -8.277361 
 111.4407     -8.272695 
 111.4383     -8.274333 
 111.4393     -8.278196 
 1             53 
1
 -9999.0   ,   9990.0 
 8 
 111.9207     -8.309695 
 111.9249     -8.312139 
 111.9264     -8.312917 
 111.9266     -8.315416 
 111.9254     -8.317166 
 111.9235     -8.31614 
 111.9213     -8.313861 
 111.9207     -8.309695 
 1             54 
1
 -9999.0   ,   9990.0 
 8 
 111.4788     -8.333055 
 111.4802     -8.332084 
 111.4823     -8.333111 
 111.4823     -8.33189 
 111.4851     -8.331278 
 111.484      -8.334251 
 111.4806     -8.335918 
 111.4788     -8.333055 
 1             55 
1
 -9999.0   ,   9990.0 
 5 
 112.1864     -8.334278 
 112.1835     -8.334666 
 112.1823     -8.333111 
 112.1851     -8.331611 
 112.1864     -8.334278 
 1             56 
1
 -9999.0   ,   9990.0 
 5 
 112.2433     -8.352195 
 112.2391     -8.353111 
 112.2386     -8.355611 
 112.241      -8.355723 
 112.2433     -8.352195 
 1             57 
1
 -9999.0   ,   9990.0 
 6 
 111.6441     -8.357306 
 111.6454     -8.360389 
 111.6438     -8.361223 
 111.6423     -8.360416 
 111.6426     -8.357583 
 111.6441     -8.357306 
 1             58 
1
 -9999.0   ,   9990.0 
 5 
 111.6228     -8.362139 
 111.6265     -8.360389 
 111.6284     -8.362445 
 111.6245     -8.363556 
 111.6228     -8.362139 
 1             59 
1
 -9999.0   ,   9990.0 
 6 
 111.6348     -8.361611 
 111.6338     -8.360833 
 111.6305     -8.362806 
 111.6311     -8.365445 
 111.6337     -8.365416 
 111.6348     -8.361611 
 1             60 
1
 -9999.0   ,   9990.0 
 6 
 111.7661     -8.393917 
 111.7646     -8.393639 
 111.7636     -8.390667 
 111.7651     -8.390195 
 111.7665     -8.391889 
 111.7661     -8.393917 
 1             61 
1
 -9999.0   ,   9990.0 
 8 
 113.3963     -8.404111 
 113.4014     -8.40275 
 113.4116     -8.395667 
 113.4162     -8.390388 
 113.434      -8.382196 
 113.4419     -8.38014 
 113.4583     -8.380223 
 113.4804     -8.386278 
 1             62 
1
 -9999.0   ,   9990.0 
 6 
 111.7079     -8.399083 
 111.7061     -8.400084 
 111.7057     -8.403528 
 111.7079     -8.404139 
 111.7091     -8.403278 
 111.7079     -8.399083 
 1             63 
1
 -9999.0   ,   9990.0 
 54 
 114.3853     -8.510696 
 114.3888     -8.488194 
 114.3865     -8.465195 
 114.3832     -8.4535 
 114.3844     -8.449361 
 114.3876     -8.44775 
 114.3881     -8.448055 
 114.3931     -8.450972 
 114.3998     -8.465222 
 114.3975     -8.491417 
 114.4001     -8.49875 
 114.4047     -8.503111 
 114.4093     -8.513695 
 114.4095     -8.517361 
 114.4019     -8.533444 
 114.4001     -8.543111 
 114.4017     -8.549306 
 114.4061     -8.55575 
 114.4077     -8.562944 
 114.4095     -8.570917 
 114.4149     -8.583083 
 114.4202     -8.591139 
 114.4232     -8.604694 
 114.4296     -8.611362 
 114.4331     -8.620778 
 114.4375     -8.626528 
 114.4391     -8.633194 
 114.4461     -8.638695 
 114.45       -8.640083 
 114.4562     -8.639611 
 114.4613     -8.634334 
 114.4685     -8.621472 
 114.4726     -8.618028 
 114.4741     -8.61775 
 114.4775     -8.617111 
 114.4821     -8.620556 
 114.4916     -8.633194 
 114.4962     -8.636167 
 114.5031     -8.635472 
 114.5068     -8.638251 
 114.512      -8.649278 
 114.5161     -8.6525 
 114.5246     -8.652722 
 114.5318     -8.659389 
 114.5378     -8.659139 
 114.5487     -8.661444 
 114.5552     -8.657528 
 114.5651     -8.658 
 114.5709     -8.662139 
 114.5733     -8.668889 
 114.5748     -8.673166 
 114.5945     -8.702556 
 114.6        -8.710361 
 114.5999     -8.717472 
 1             64 
1
 -9999.0   ,   9990.0 
 259 
 114.5999     -8.717472 
 114.6017     -8.720472 
 114.6003     -8.727611 
 114.5952     -8.740028 
 114.5938     -8.751056 
 114.5899     -8.758861 
 114.5839     -8.764861 
 114.5735     -8.771278 
 114.5495     -8.776111 
 114.543      -8.780249 
 114.5295     -8.780528 
 114.5192     -8.780722 
 114.5021     -8.775917 
 114.4729     -8.759584 
 114.4556     -8.754306 
 114.4253     -8.750611 
 114.4085     -8.751278 
 114.4077     -8.751306 
 114.4031     -8.752916 
 114.3871     -8.75175 
 114.3795     -8.749222 
 114.3666     -8.748778 
 114.3499     -8.743694 
 114.3444     -8.740501 
 114.3441     -8.7375 
 114.3483     -8.732917 
 114.3661     -8.725333 
 114.3737     -8.716833 
 114.3781     -8.700499 
 114.3771     -8.697056 
 114.3707     -8.674306 
 114.3661     -8.666028 
 114.3573     -8.654083 
 114.3326     -8.637056 
 114.3196     -8.625334 
 114.3111     -8.621417 
 114.2954     -8.619111 
 114.2765     -8.613 
 114.2748     -8.612445 
 114.2658     -8.607139 
 114.2524     -8.602083 
 114.2432     -8.601389 
 114.2323     -8.602999 
 114.2309     -8.601389 
 114.2349     -8.598166 
 114.245      -8.594278 
 114.2564     -8.594722 
 114.2728     -8.600722 
 114.291      -8.611305 
 114.2984     -8.613833 
 114.3023     -8.612001 
 114.2878     -8.605084 
 114.2794     -8.597972 
 114.261      -8.593139 
 114.2485     -8.585778 
 114.2441     -8.586222 
 114.2337     -8.593806 
 114.2263     -8.596778 
 114.2244     -8.600445 
 114.2275     -8.608278 
 114.2261     -8.616083 
 114.2291     -8.62 
 114.2286     -8.622971 
 114.2258     -8.625972 
 114.2268     -8.629416 
 114.2257     -8.634111 
 114.2247     -8.638611 
 114.2196     -8.646861 
 114.2168     -8.648472 
 114.2094     -8.647083 
 114.202      -8.643416 
 114.1835     -8.642 
 114.1734     -8.634861 
 114.1523     -8.626805 
 114.1308     -8.621722 
 114.1129     -8.620278 
 114.1075     -8.619861 
 114.0925     -8.616389 
 114.0888     -8.618444 
 114.0876     -8.623278 
 114.0844     -8.624194 
 114.0828     -8.629694 
 114.0754     -8.625778 
 114.068      -8.625556 
 114.0636     -8.627833 
 114.0597     -8.632444 
 114.0578     -8.638166 
 114.0534     -8.638389 
 114.0516     -8.641611 
 114.0534     -8.647361 
 114.0527     -8.649667 
 114.0479     -8.648974 
 114.0451     -8.640445 
 114.0345     -8.63675 
 114.0312     -8.632611 
 114.0294     -8.627111 
 114.0301     -8.619639 
 114.0303     -8.617444 
 114.0292     -8.603444 
 114.0269     -8.599276 
 114.0227     -8.595834 
 114.0112     -8.590306 
 114.0068     -8.590306 
 114.002      -8.595583 
 113.9991     -8.610972 
 113.9978     -8.611639 
 113.995      -8.609361 
 113.9936     -8.602917 
 113.9906     -8.602 
 113.9888     -8.611417 
 113.9837     -8.610472 
 113.9818     -8.614166 
 113.9719     -8.611834 
 113.9668     -8.619194 
 113.9597     -8.617444 
 113.9591     -8.617333 
 113.9536     -8.609278 
 113.9483     -8.605361 
 113.9472     -8.602139 
 113.9511     -8.599389 
 113.9578     -8.599389 
 113.9629     -8.60125 
 113.967      -8.597584 
 113.9698     -8.588611 
 113.968      -8.582639 
 113.9594     -8.571139 
 113.9578     -8.568833 
 113.9412     -8.563528 
 113.9398     -8.563528 
 113.9403     -8.568361 
 113.9389     -8.569722 
 113.9338     -8.570167 
 113.9285     -8.565556 
 113.9267     -8.565556 
 113.9264     -8.572445 
 113.9202     -8.575194 
 113.9149     -8.581166 
 113.9077     -8.580694 
 113.8959     -8.571694 
 113.8719     -8.561556 
 113.8657     -8.564056 
 113.8594     -8.562195 
 113.8555     -8.556222 
 113.8449     -8.559417 
 113.8373     -8.556639 
 113.8359     -8.553889 
 113.8377     -8.550889 
 113.8336     -8.546306 
 113.8373     -8.537806 
 113.8373     -8.534805 
 113.8325     -8.529528 
 113.8295     -8.534333 
 113.8271     -8.540083 
 113.8273     -8.543972 
 113.8195     -8.546944 
 113.8172     -8.553833 
 113.8181     -8.557972 
 113.8165     -8.5605 
 113.8114     -8.559806 
 113.8079     -8.554972 
 113.8072     -8.552444 
 113.8133     -8.543028 
 113.8146     -8.538446 
 113.8137     -8.535666 
 113.8089     -8.532666 
 113.8064     -8.519111 
 113.811      -8.513833 
 113.8073     -8.509694 
 113.8073     -8.506944 
 113.8119     -8.503722 
 113.8101     -8.500528 
 113.7923     -8.492666 
 113.7896     -8.494028 
 113.7884     -8.496556 
 113.7898     -8.501166 
 113.7886     -8.502528 
 113.7815     -8.498834 
 113.7785     -8.499056 
 113.7722     -8.506861 
 113.7701     -8.506389 
 113.769      -8.504084 
 113.7662     -8.503612 
 113.7595     -8.509806 
 113.7581     -8.513028 
 113.763      -8.514639 
 113.7641     -8.516945 
 113.7611     -8.520166 
 113.7581     -8.520416 
 113.7505     -8.521055 
 113.7394     -8.528611 
 113.7357     -8.528833 
 113.7336     -8.526972 
 113.7345     -8.522833 
 113.7331     -8.521222 
 113.7299     -8.521694 
 113.7269     -8.524195 
 113.723      -8.521666 
 113.7162     -8.532306 
 113.7133     -8.527139 
 113.7161     -8.516806 
 113.7202     -8.514305 
 113.7191     -8.509249 
 113.7226     -8.501222 
 113.7191     -8.492945 
 113.715      -8.488556 
 113.7083     -8.486694 
 113.7041     -8.487389 
 113.7023     -8.489667 
 113.7048     -8.493806 
 113.6963     -8.497694 
 113.6905     -8.506166 
 113.687      -8.504556 
 113.6842     -8.496972 
 113.6808     -8.495361 
 113.6715     -8.497389 
 113.669      -8.499695 
 113.6616     -8.498972 
 113.6584     -8.496445 
 113.6508     -8.497334 
 113.648      -8.494806 
 113.6473     -8.491583 
 113.6498     -8.486749 
 113.6489     -8.484222 
 113.6409     -8.477083 
 113.6397     -8.473639 
 113.6441     -8.467916 
 113.6441     -8.464444 
 113.6416     -8.459611 
 113.6294     -8.4605 
 113.6275     -8.458195 
 113.6294     -8.454306 
 113.628      -8.450861 
 113.6103     -8.441832 
 113.6033     -8.440666 
 113.5969     -8.44225 
 113.5931     -8.445 
 113.5895     -8.448196 
 113.5871     -8.446834 
 113.5803     -8.432778 
 113.5756     -8.429778 
 113.5703     -8.429083 
 113.567      -8.429944 
 113.5599     -8.431806 
 113.5581     -8.437779 
 113.55       -8.433611 
 113.5394     -8.430805 
 113.5345     -8.430333 
 113.5292     -8.432389 
 113.5244     -8.431222 
 113.5142     -8.424751 
 113.5091     -8.424501 
 113.4997     -8.417111 
 113.4958     -8.415944 
 113.4914     -8.419611 
 113.4829     -8.412472 
 113.4833     -8.40625 
 113.4808     -8.399583 
 113.4825     -8.389028 
 113.4804     -8.386278 
 1             65 
1
 -9999.0   ,   9990.0 
 19 
 112.7076     -8.465361 
 112.7134     -8.456001 
 112.7123     -8.449778 
 112.7142     -8.441279 
 112.7126     -8.437361 
 112.7078     -8.434361 
 112.7004     -8.433611 
 112.6964     -8.434972 
 112.6946     -8.437722 
 112.6904     -8.438139 
 112.6846     -8.447306 
 112.6836     -8.451667 
 112.685      -8.4535 
 112.6885     -8.454222 
 112.692      -8.452861 
 112.6942     -8.459778 
 112.6984     -8.460028 
 112.7016     -8.463028 
 112.7076     -8.465361 
 1             66 
1
 -9999.0   ,   9990.0 
 20 
 114.3529     -8.460834 
 114.355      -8.469334 
 114.3601     -8.478306 
 114.3626     -8.4875 
 114.3603     -8.490945 
 114.3613     -8.493222 
 114.3624     -8.501056 
 114.361      -8.505417 
 114.3596     -8.509084 
 114.3536     -8.515056 
 114.3509     -8.521028 
 114.3506     -8.522861 
 114.3527     -8.531138 
 114.3557     -8.535278 
 114.3617     -8.538944 
 114.374      -8.534139 
 114.3773     -8.528833 
 114.3784     -8.526944 
 114.3795     -8.525168 
 114.3853     -8.510696 
 1             67 
1
 -9999.0   ,   9990.0 
 58 
 113.3188     -8.5035 
 113.3276     -8.500334 
 113.3412     -8.497861 
 113.3546     -8.500194 
 113.3618     -8.496333 
 113.3687     -8.496805 
 113.3921     -8.490694 
 113.4038     -8.491667 
 113.4094     -8.485945 
 113.4147     -8.486889 
 113.417      -8.484834 
 113.4157     -8.475389 
 113.418      -8.470139 
 113.4241     -8.466251 
 113.4252     -8.465555 
 113.4236     -8.463028 
 113.4127     -8.463445 
 113.4109     -8.462278 
 113.4097     -8.458611 
 113.4024     -8.451444 
 113.3978     -8.449833 
 113.389      -8.453472 
 113.3772     -8.452278 
 113.3735     -8.447445 
 113.3633     -8.447389 
 113.3585     -8.445528 
 113.3557     -8.446222 
 113.349      -8.454222 
 113.3439     -8.447084 
 113.3382     -8.442472 
 113.3287     -8.446555 
 113.3208     -8.446 
 113.3183     -8.445833 
 113.3093     -8.443972 
 113.3019     -8.440251 
 113.2994     -8.440472 
 113.2968     -8.443666 
 113.2998     -8.448749 
 113.2989     -8.451722 
 113.2917     -8.456056 
 113.2792     -8.459444 
 113.2762     -8.461972 
 113.2739     -8.466556 
 113.2739     -8.474584 
 113.2704     -8.480333 
 113.2706     -8.482639 
 113.2754     -8.486083 
 113.277      -8.492084 
 113.2893     -8.492583 
 113.2987     -8.501139 
 113.3024     -8.498167 
 113.3039     -8.499139 
 113.31       -8.50325 
 113.3142     -8.496583 
 113.3172     -8.495222 
 113.3181     -8.498694 
 113.3172     -8.501889 
 113.3188     -8.5035 
 1             68 
1
 -9999.0   ,   9990.0 
 6 
 113.6632     -8.502751 
 113.6599     -8.504694 
 113.6601     -8.506667 
 113.6629     -8.507889 
 113.665      -8.505083 
 113.6632     -8.502751 
 1             69 
1
 -9999.0   ,   9990.0 
 5 
 113.9038     -8.589222 
 113.9038     -8.590222 
 113.9005     -8.590806 
 113.9023     -8.588389 
 113.9038     -8.589222 
 1             70 
1
 -9999.0   ,   9990.0 
 7 
 113.896      -8.597639 
 113.8998     -8.598166 
 113.8998     -8.598111 
 113.9008     -8.595139 
 113.8992     -8.594639 
 113.8972     -8.596501 
 113.896      -8.597639 
 1             71 
1
 -9999.0   ,   9990.0 
 427 
 113.9484     -7.044167 
 113.9489     -7.044556 
 113.9496     -7.04825 
 113.948      -7.051917 
 113.9416     -7.052861 
 113.9391     -7.051778 
 113.9266     -7.04625 
 113.9158     -7.044694 
 113.9058     -7.047389 
 113.9016     -7.038528 
 113.8914     -7.036944 
 113.8827     -7.046167 
 113.874      -7.04575 
 113.8706     -7.049889 
 113.8784     -7.052111 
 113.8759     -7.056556 
 113.8662     -7.055444 
 113.8651     -7.059111 
 113.8588     -7.055917 
 113.851      -7.055944 
 113.8469     -7.056194 
 113.8394     -7.070472 
 113.8387     -7.07775 
 113.8431     -7.083333 
 113.845      -7.086528 
 113.8491     -7.091361 
 113.8576     -7.090861 
 113.8604     -7.094083 
 113.8661     -7.093583 
 113.8707     -7.094278 
 113.8779     -7.1 
 113.8839     -7.100667 
 113.8876     -7.106611 
 113.889      -7.114194 
 113.8924     -7.119945 
 113.8941     -7.12775 
 113.893      -7.1335 
 113.8842     -7.134 
 113.878      -7.132389 
 113.8718     -7.134028 
 113.8564     -7.134305 
 113.8431     -7.132528 
 113.8231     -7.135361 
 113.8224     -7.135111 
 113.818      -7.133528 
 113.8143     -7.129416 
 113.7991     -7.128528 
 113.7805     -7.123305 
 113.7678     -7.122445 
 113.7515     -7.118111 
 113.7255     -7.116139 
 113.6998     -7.111333 
 113.6857     -7.108695 
 113.6726     -7.108278 
 113.6689     -7.110583 
 113.657      -7.124639 
 113.6428     -7.124694 
 113.6391     -7.125834 
 113.6333     -7.127695 
 113.6239     -7.124278 
 113.6144     -7.124556 
 113.6025     -7.132639 
 113.5911     -7.145778 
 113.5868     -7.154278 
 113.5799     -7.163055 
 113.5765     -7.178444 
 113.5708     -7.191111 
 113.5628     -7.203084 
 113.5588     -7.20475 
 113.5574     -7.207639 
 113.5587     -7.209306 
 113.5594     -7.218056 
 113.5553     -7.219194 
 113.5541     -7.222667 
 113.556      -7.22725 
 113.5535     -7.230472 
 113.5553     -7.234139 
 113.5498     -7.235306 
 113.5447     -7.232584 
 113.5424     -7.2335 
 113.5411     -7.239028 
 113.5303     -7.248944 
 113.5275     -7.24825 
 113.5248     -7.243889 
 113.5271     -7.236722 
 113.5254     -7.236306 
 113.5215     -7.241389 
 113.5176     -7.240695 
 113.5111     -7.234056 
 113.5075     -7.232917 
 113.5001     -7.235917 
 113.4935     -7.233417 
 113.4808     -7.233 
 113.4725     -7.227972 
 113.454      -7.226 
 113.4263     -7.223055 
 113.4005     -7.223805 
 113.3655     -7.22 
 113.3379     -7.219639 
 113.328      -7.217583 
 113.3143     -7.223834 
 113.3081     -7.224778 
 113.2754     -7.218667 
 113.2703     -7.219361 
 113.2627     -7.223611 
 113.2579     -7.219083 
 113.2553     -7.22025 
 113.2526     -7.21825 
 113.2505     -7.20975 
 113.2484     -7.207695 
 113.2418     -7.208416 
 113.2397     -7.214167 
 113.2243     -7.217472 
 113.2108     -7.221583 
 113.2047     -7.222583 
 113.2025     -7.223945 
 113.1996     -7.229472 
 113.1987     -7.227334 
 113.1963     -7.227 
 113.1932     -7.230611 
 113.1726     -7.23475 
 113.1595     -7.221667 
 113.1537     -7.214361 
 113.1471     -7.214583 
 113.1511     -7.211528 
 113.1506     -7.209028 
 113.15       -7.2005 
 113.1484     -7.192806 
 113.15       -7.190722 
 113.1481     -7.187056 
 113.15       -7.18475 
 113.1479     -7.178083 
 113.1451     -7.177639 
 113.1426     -7.171667 
 113.1375     -7.170972 
 113.1375     -7.175833 
 113.1433     -7.189028 
 113.1434     -7.195806 
 113.1426     -7.204444 
 113.1422     -7.212306 
 113.142      -7.212306 
 113.1408     -7.212306 
 113.1411     -7.209611 
 113.1414     -7.191222 
 113.1398     -7.184472 
 113.1351     -7.176944 
 113.1318     -7.174 
 113.1267     -7.173194 
 113.1274     -7.167194 
 113.1235     -7.153417 
 113.1216     -7.160278 
 113.1189     -7.159472 
 113.1195     -7.155611 
 113.1163     -7.152639 
 113.1153     -7.147139 
 113.1098     -7.146695 
 113.1105     -7.140028 
 113.1089     -7.135667 
 113.1022     -7.139583 
 113.0939     -7.131111 
 113.0886     -7.131805 
 113.09       -7.135139 
 113.0969     -7.139278 
 113.0978     -7.141278 
 113.0963     -7.140972 
 113.0967     -7.144195 
 113.0937     -7.149028 
 113.0956     -7.157084 
 113.0984     -7.161194 
 113.0912     -7.159389 
 113.0894     -7.161917 
 113.0936     -7.166972 
 113.0871     -7.172028 
 113.0841     -7.160333 
 113.0839     -7.157333 
 113.0751     -7.154139 
 113.0735     -7.159667 
 113.0684     -7.153222 
 113.0664     -7.153695 
 113.0671     -7.162889 
 113.0785     -7.166444 
 113.077      -7.16975 
 113.0821     -7.177333 
 113.0925     -7.181667 
 113.0911     -7.184195 
 113.0821     -7.183084 
 113.0819     -7.187222 
 113.0775     -7.190917 
 113.0782     -7.192278 
 113.081      -7.192056 
 113.0846     -7.189055 
 113.0872     -7.193194 
 113.0973     -7.201472 
 113.1046     -7.204195 
 113.1107     -7.201167 
 113.1169     -7.204139 
 113.122      -7.209417 
 113.1215     -7.211028 
 113.1284     -7.212611 
 113.1487     -7.225889 
 113.1512     -7.223583 
 113.1521     -7.226583 
 113.1508     -7.228416 
 113.1434     -7.230278 
 113.1324     -7.229389 
 113.1108     -7.231972 
 113.105      -7.233833 
 113.0901     -7.232695 
 113.0665     -7.224778 
 113.0535     -7.220389 
 113.0424     -7.217667 
 113.0314     -7.217 
 113.0215     -7.213333 
 113.0079     -7.211778 
 112.9973     -7.214556 
 112.9815     -7.206083 
 112.9667     -7.201972 
 112.9531     -7.200861 
 112.9454     -7.197889 
 112.9352     -7.194028 
 112.9262     -7.193583 
 112.9182     -7.190389 
 112.9126     -7.191083 
 112.9085     -7.189722 
 112.8841     -7.181944 
 112.8721     -7.170944 
 112.8645     -7.168445 
 112.8542     -7.171222 
 112.8459     -7.171 
 112.8377     -7.169278 
 112.8089     -7.163278 
 112.767      -7.167278 
 112.7563     -7.174194 
 112.7413     -7.174917 
 112.7211     -7.179083 
 112.7156     -7.175416 
 112.7165     -7.169889 
 112.7127     -7.166555 
 112.7106     -7.164722 
 112.7013     -7.156528 
 112.7002     -7.153695 
 112.6999     -7.14675 
 112.7019     -7.139306 
 112.7059     -7.131444 
 112.7065     -7.130722 
 112.7104     -7.126194 
 112.7117     -7.120083 
 112.7111     -7.103305 
 112.7081     -7.097861 
 112.7056     -7.093333 
 112.7056     -7.088111 
 112.7081     -7.083083 
 112.7083     -7.078944 
 112.7082     -7.077778 
 112.7069     -7.065889 
 112.7106     -7.064556 
 112.7113     -7.063028 
 112.7106     -7.061083 
 112.7035     -7.059834 
 112.7015     -7.063778 
 112.7015     -7.076389 
 112.7009     -7.080528 
 112.6941     -7.095611 
 112.697      -7.097306 
 112.6933     -7.099833 
 112.6875     -7.099167 
 112.6845     -7.097111 
 112.6834     -7.086083 
 112.6792     -7.080555 
 112.6793     -7.070778 
 112.6782     -7.065805 
 112.6741     -7.061278 
 112.6764     -7.054139 
 112.6752     -7.047472 
 112.6789     -7.04425 
 112.681      -7.033667 
 112.7023     -7.037528 
 112.7093     -7.041889 
 112.7113     -7.04325 
 112.7168     -7.043028 
 112.7175     -7.042722 
 112.7263     -7.038389 
 112.7345     -7.029194 
 112.7363     -7.02 
 112.7388     -7.016528 
 112.7459     -7.016972 
 112.7508     -7.015139 
 112.7572     -7.006389 
 112.762      -7.006139 
 112.7666     -7.002917 
 112.7714     -6.993472 
 112.7854     -6.983333 
 112.7911     -6.9725 
 112.8003     -6.96675 
 112.8028     -6.961222 
 112.8152     -6.947639 
 112.8241     -6.930833 
 112.8273     -6.927361 
 112.831      -6.927361 
 112.8352     -6.928722 
 112.8308     -6.920694 
 112.8234     -6.915889 
 112.8197     -6.911278 
 112.8222     -6.906445 
 112.8326     -6.903666 
 112.8349     -6.904806 
 112.8372     -6.911944 
 112.8404     -6.914472 
 112.8434     -6.909861 
 112.8436     -6.904333 
 112.8426     -6.901083 
 112.8473     -6.8965 
 112.8626     -6.889694 
 112.8648     -6.889667 
 112.8654     -6.891278 
 112.8638     -6.892917 
 112.8724     -6.891222 
 112.8805     -6.890056 
 112.8868     -6.890944 
 112.8962     -6.886694 
 112.8996     -6.887333 
 112.8996     -6.889139 
 112.8944     -6.891361 
 112.8994     -6.892944 
 112.9075     -6.890389 
 112.9238     -6.891056 
 112.9461     -6.887306 
 112.9523     -6.884555 
 112.9601     -6.886361 
 112.964      -6.883584 
 112.9695     -6.884972 
 112.9787     -6.882417 
 112.9817     -6.884695 
 112.9824     -6.89 
 112.985      -6.889306 
 112.9861     -6.883555 
 112.9888     -6.882389 
 113.001      -6.880972 
 113.0102     -6.882111 
 113.0221     -6.879556 
 113.0288     -6.88275 
 113.035      -6.8795 
 113.0408     -6.878806 
 113.0516     -6.883389 
 113.0569     -6.882667 
 113.0808     -6.884 
 113.0932     -6.887861 
 113.1047     -6.886694 
 113.11       -6.89175 
 113.124      -6.891472 
 113.1311     -6.887778 
 113.1373     -6.88775 
 113.1564     -6.889555 
 113.1617     -6.889306 
 113.1661     -6.886778 
 113.1792     -6.891333 
 113.1875     -6.88925 
 113.2008     -6.896778 
 113.224      -6.888444 
 113.2465     -6.889306 
 113.2741     -6.886694 
 113.2778     -6.887611 
 113.2819     -6.8915 
 113.2893     -6.888972 
 113.2996     -6.888 
 113.3093     -6.890417 
 113.3191     -6.886111 
 113.3945     -6.885445 
 113.4164     -6.883306 
 113.4348     -6.884666 
 113.4525     -6.885944 
 113.4739     -6.891639 
 113.49       -6.893889 
 113.4969     -6.892944 
 113.5019     -6.895916 
 113.507      -6.895444 
 113.518      -6.889667 
 113.558      -6.888945 
 113.5631     -6.888834 
 113.5757     -6.886972 
 113.6129     -6.886611 
 113.6596     -6.88325 
 113.6763     -6.87975 
 113.6839     -6.879472 
 113.7044     -6.884472 
 113.7173     -6.885806 
 113.7474     -6.882945 
 113.7716     -6.884389 
 113.7731     -6.884472 
 113.8046     -6.882528 
 113.8122     -6.87975 
 113.8386     -6.875278 
 113.8653     -6.867361 
 113.8786     -6.866416 
 113.8956     -6.862833 
 113.9009     -6.861722 
 113.9287     -6.863 
 113.9646     -6.869555 
 113.9873     -6.877972 
 114.0164     -6.892583 
 114.0373     -6.903778 
 114.0647     -6.916083 
 114.0721     -6.920889 
 114.097      -6.930666 
 114.1067     -6.937083 
 114.1134     -6.944861 
 114.1198     -6.958694 
 114.124      -6.967834 
 114.125      -6.975167 
 114.1236     -6.978083 
 114.1223     -6.981167 
 114.1177     -6.982778 
 114.0988     -6.981722 
 114.0908     -6.984722 
 114.0763     -6.998111 
 114.0469     -7.006972 
 114.0336     -7.008389 
 114.0273     -7.008111 
 114.0053     -7.007111 
 113.9948     -7.009222 
 113.9801     -7.017083 
 113.9716     -7.024722 
 113.9657     -7.033916 
 113.9572     -7.042472 
 113.9545     -7.043167 
 113.9516     -7.04075 
 113.9484     -7.044167 
