 7 
 1             1 
 2 
 -9998.0  ,   -9997.0
  1999.0  ,    9990.0
 96 
 15            4.419208 
 14.98707      4.422005 
 14.98456      4.429374 
 14.98182      4.432143 
 14.97214      4.434868 
 14.96944      4.43563 
 14.96141      4.435424 
 14.95866      4.433131 
 14.94857      4.43431 
 14.94605      4.436388 
 14.94652      4.442139 
 14.94332      4.445138 
 14.93645      4.447708 
 14.93278      4.44908 
 14.9266       4.453929 
 14.91835      4.456944 
 14.90759      4.463876 
 14.89612      4.464828 
 14.89085      4.466914 
 14.88719      4.470376 
 14.88446      4.478435 
 14.87371      4.491348 
 14.86867      4.494123 
 14.86156      4.494833 
 14.85859      4.497372 
 14.8554       4.508193 
 14.84875      4.507982 
 14.846        4.51006 
 14.83683      4.510545 
 14.83431      4.512163 
 14.83226      4.51815 
 14.82287      4.523927 
 14.8153       4.524638 
 14.80708      4.538923 
 14.80112      4.5417 
 14.79197      4.550237 
 14.78877      4.556457 
 14.78328      4.561073 
 14.78277      4.562154 
 14.78054      4.566832 
 14.7739       4.572371 
 14.77185      4.578818 
 14.75787      4.581386 
 14.74827      4.599814 
 14.74369      4.601898 
 14.74072      4.605816 
 14.7359       4.606519 
 14.73201      4.60929 
 14.73478      4.618714 
 14.73206      4.629074 
 14.72611      4.63553 
 14.72405      4.641287 
 14.72639      4.658074 
 14.72275      4.673726 
 14.72507      4.682921 
 14.72511      4.699254 
 14.7226       4.706392 
 14.72242      4.725946 
 14.72039      4.740213 
 14.71444      4.74644 
 14.7133       4.752424 
 14.70483      4.759808 
 14.70278      4.763953 
 14.71035      4.766464 
 14.71472      4.770133 
 14.71516      4.771134 
 14.71703      4.775418 
 14.71773      4.782087 
 14.72142      4.787828 
 14.71983      4.795424 
 14.72191      4.800939 
 14.71395      4.833854 
 14.70846      4.841 
 14.71031      4.846975 
 14.70735      4.854574 
 14.71378      4.859158 
 14.71609      4.863062 
 14.71563      4.866514 
 14.70695      4.879189 
 14.70529      4.88496 
 14.70034      4.902208 
 14.69373      4.919247 
 14.68685      4.924556 
 14.68571      4.927549 
 14.68802      4.933524 
 14.69263      4.939262 
 14.69126      4.943636 
 14.69589      4.960646 
 14.69361      4.968703 
 14.68629      4.976542 
 14.68424      4.983449 
 14.67874      4.986913 
 14.67828      4.989214 
 14.6814       4.995687 
 14.68359      5 
 14.68359      5 
 1             2 
 2 
 -9998.0  ,   -9997.0
  1999.0  ,    9990.0
 339 
 13.29897      2.170563 
 13.30017      2.182692 
 13.28896      2.188681 
 13.28988      2.191669 
 13.29468      2.193505 
 13.29599      2.195346 
 13.30041      2.201548 
 13.30384      2.203844 
 13.30659      2.207981 
 13.30613      2.210741 
 13.29996      2.220175 
 13.30019      2.228453 
 13.29333      2.231219 
 13.29128      2.23421 
 13.28694      2.250081 
 13.28214      2.250775 
 13.2771       2.244341 
 13.27458      2.244113 
 13.27459      2.249862 
 13.27253      2.251473 
 13.2659       2.251019 
 13.26361      2.255391 
 13.26522      2.260908 
 13.25676      2.266895 
 13.25195      2.273338 
 13.24784      2.273341 
 13.24189      2.267367 
 13.23548      2.268982 
 13.23319      2.263235 
 13.2261       2.261401 
 13.22381      2.259333 
 13.22015      2.259106 
 13.21718      2.262328 
 13.21352      2.261641 
 13.21214      2.259573 
 13.20734      2.259346 
 13.20505      2.262568 
 13.20551      2.267856 
 13.20025      2.26763 
 13.19774      2.264413 
 13.19499      2.264875 
 13.19362      2.268785 
 13.18834      2.272109 
 13.18781      2.274909 
 13.19059      2.275235 
 13.19649      2.272336 
 13.19745      2.273414 
 13.19706      2.277751 
 13.19408      2.281433 
 13.18745      2.281668 
 13.18081      2.277534 
 13.17872      2.278279 
 13.16275      2.283986 
 13.12522      2.272975 
 13.11447      2.268383 
 13.11744      2.260102 
 13.11538      2.257574 
 13.1179       2.251364 
 13.10829      2.255049 
 13.10646      2.252521 
 13.10097      2.252525 
 13.09982      2.246087 
 13.09296      2.242182 
 13.09044      2.242183 
 13.08884      2.238967 
 13.08792      2.237126 
 13.0861       2.241726 
 13.08221      2.244488 
 13.07924      2.249089 
 13.07695      2.249551 
 13.07123      2.246335 
 13.06574      2.247028 
 13.0607       2.239213 
 13.05499      2.239906 
 13.05087      2.237149 
 13.04561      2.237842 
 13.04217      2.236464 
 13.03783      2.238076 
 13.03646      2.247736 
 13.03417      2.247507 
 13.03143      2.243829 
 13.02616      2.244292 
 13.02136      2.249584 
 13.01564      2.248897 
 13.00832      2.247751 
 13.00192      2.249365 
 12.99963      2.247066 
 12.99483      2.249138 
 12.98522      2.247304 
 12.97218      2.241561 
 12.96486      2.244095 
 12.95228      2.242491 
 12.94587      2.243874 
 12.93535      2.253307 
 12.92026      2.252854 
 12.91591      2.250326 
 12.91614      2.248026 
 12.92117      2.243425 
 12.90035      2.235385 
 12.89166      2.235849 
 12.88823      2.241599 
 12.88205      2.245281 
 12.87862      2.243903 
 12.87702      2.241143 
 12.87519      2.230796 
 12.87267      2.228498 
 12.8681       2.230569 
 12.86352      2.228501 
 12.85918      2.228963 
 12.85552      2.236093 
 12.85049      2.236094 
 12.84523      2.239316 
 12.82876      2.239781 
 12.82715      2.242081 
 12.8267       2.252889 
 12.82052      2.257721 
 12.81823      2.257031 
 12.81846      2.252662 
 12.81549      2.248524 
 12.80863      2.246226 
 12.80199      2.246918 
 12.79604      2.249449 
 12.79543      2.248147 
 12.79421      2.245541 
 12.79467      2.241401 
 12.79284      2.238642 
 12.77683      2.229908 
 12.75007      2.223476 
 12.74298      2.223248 
 12.73886      2.225088 
 12.73497      2.228998 
 12.72102      2.229921 
 12.71919      2.231071 
 12.71576      2.228772 
 12.71141      2.228313 
 12.68968      2.242344 
 12.67504      2.243496 
 12.67115      2.240278 
 12.65925      2.238669 
 12.62609      2.244421 
 12.61488      2.250861 
 12.6119       2.254771 
 12.6087       2.255231 
 12.60092      2.253161 
 12.58948      2.254772 
 12.58514      2.258911 
 12.58559      2.263333 
 12.58582      2.26558 
 12.57644      2.26903 
 12.54419      2.255922 
 12.52815      2.254101 
 12.50419      2.260766 
 12.49229      2.260727 
 12.47516      2.25423 
 12.46739      2.253284 
 12.45344      2.252548 
 12.42461      2.255673 
 12.39119      2.262461 
 12.38248      2.266572 
 12.35388      2.269465 
 12.3304       2.275781 
 12.32686      2.276733 
 12.31634      2.277617 
 12.30079      2.277102 
 12.2911       2.276392 
 12.2857       2.262774 
 12.2825       2.258864 
 12.27975      2.257253 
 12.26877      2.255869 
 12.25962      2.257705 
 12.25688      2.256555 
 12.25414      2.252414 
 12.24179      2.24988 
 12.22554      2.258382 
 12.22256      2.261141 
 12.22027      2.268728 
 12.2134       2.277234 
 12.20745      2.279531 
 12.20219      2.276309 
 12.18572      2.279349 
 12.17467      2.281387 
 12.1736       2.281585 
 12.16811      2.281353 
 12.16102      2.274451 
 12.15439      2.272377 
 12.14867      2.273294 
 12.13974      2.282718 
 12.12532      2.29099 
 12.1212       2.290068 
 12.1084       2.279252 
 12.09696      2.278785 
 12.08667      2.28108 
 12.08278      2.279927 
 12.07889      2.280845 
 12.07408      2.285441 
 12.06608      2.284517 
 12.05349      2.287498 
 12.05029      2.287036 
 12.04778      2.281746 
 12.04443      2.28192 
 12.03909      2.2822 
 12.03016      2.286564 
 12.02009      2.287937 
 12.01414      2.291152 
 12.01255      2.285172 
 12.01049      2.283101 
 12.00363      2.284246 
 12.00134      2.286314 
 11.99173      2.284698 
 11.98738      2.285845 
 11.9812       2.291359 
 11.97297      2.287214 
 11.96954      2.289971 
 11.96428      2.285138 
 11.95307      2.28651 
 11.95055      2.288348 
 11.9462       2.288115 
 11.94232      2.284432 
 11.93523      2.283507 
 11.93386      2.281896 
 11.9302       2.282123 
 11.92287      2.288557 
 11.91806      2.289012 
 11.91556      2.282342 
 11.90915      2.280267 
 11.90252      2.281411 
 11.89725      2.285546 
 11.89382      2.285774 
 11.88582      2.279558 
 11.87712      2.28392 
 11.86637      2.283221 
 11.86295      2.27333 
 11.85598      2.273494 
 11.85357      2.273552 
 11.85311      2.28091 
 11.84693      2.280905 
 11.83893      2.277218 
 11.83412      2.282043 
 11.8284       2.285028 
 11.82382      2.285253 
 11.82154      2.282952 
 11.82154      2.277432 
 11.81285      2.279034 
 11.79889      2.279251 
 11.79386      2.282236 
 11.79065      2.281773 
 11.78723      2.278321 
 11.7838       2.277857 
 11.78151      2.272796 
 11.77351      2.275318 
 11.76024      2.276225 
 11.75345      2.274154 
 11.7504       2.273225 
 11.75017      2.281044 
 11.74811      2.281962 
 11.74398      2.289777 
 11.74557      2.294147 
 11.74488      2.297826 
 11.74054      2.297592 
 11.73436      2.294826 
 11.7307       2.295282 
 11.722        2.304012 
 11.71124      2.306761 
 11.70666      2.310435 
 11.69956      2.322156 
 11.69521      2.322612 
 11.68904      2.320075 
 11.67394      2.317759 
 11.66822      2.317753 
 11.66433      2.321888 
 11.65198      2.315435 
 11.64673      2.30853 
 11.64399      2.306688 
 11.63872      2.305992 
 11.6268       2.30784 
 11.6122       2.299752 
 11.60694      2.300436 
 11.60258      2.30526 
 11.58793      2.311222 
 11.57764      2.312129 
 11.56735      2.309587 
 11.55728      2.309805 
 11.55249      2.3029 
 11.54792      2.299215 
 11.54449      2.298521 
 11.53945      2.300814 
 11.53602      2.29874 
 11.5319       2.298505 
 11.52755      2.300799 
 11.52137      2.303781 
 11.51337      2.302161 
 11.50513      2.30376 
 11.50033      2.301914 
 11.49576      2.297769 
 11.48661      2.295227 
 11.47402      2.303949 
 11.45755      2.304617 
 11.45114      2.303228 
 11.45595      2.299095 
 11.45687      2.296337 
 11.45299      2.293113 
 11.44658      2.292874 
 11.44063      2.299074 
 11.43399      2.301825 
 11.43285      2.299524 
 11.42485      2.296523 
 11.41364      2.296737 
 11.39098      2.303374 
 11.38344      2.298994 
 11.37612      2.299213 
 11.37064      2.292306 
 11.3647       2.288388 
 11.3663       2.286091 
 11.37317      2.283341 
 11.37524      2.277365 
 11.3773       2.276219 
 11.37799      2.27369 
 11.37251      2.267933 
 11.37434      2.264256 
 11.37709      2.26311 
 11.37755      2.260351 
 11.37025      2.249992 
 11.36431      2.247914 
 11.35997      2.242849 
 11.35747      2.233876 
 11.35016      2.226737 
 11.35085      2.224209 
 11.3568       2.221458 
 11.35407      2.218234 
 11.35591      2.211109 
 11.354        2.206523 
 11.35295      2.203975 
 11.35615      2.201681 
 11.35684      2.198922 
 11.3516       2.190176 
 11.35046      2.184426 
 11.35207      2.179599 
 11.35744      2.174149 
 11.33461      2.173887 
 1             3 
 2 
 -9998.0  ,   -9997.0
  1999.0  ,    9990.0
 54 
 11.33461      2.173887 
 11.24887      2.173765 
 11.22802      2.173735 
 11.20352      2.180517 
 11.19114      2.187128 
 11.18245      2.186166 
 11.1665       2.174817 
 11.12931      2.174499 
 11.03979      2.173728 
 11.00357      2.173978 
 10.96294      2.174257 
 10.96294      2.175177 
 10.89959      2.173699 
 10.87874      2.173757 
 10.75299      2.174096 
 10.66973      2.174309 
 10.64069      2.174149 
 10.63612      2.172744 
 10.62746      2.173016 
 10.59883      2.173917 
 10.52153      2.172791 
 10.50173      2.172817 
 10.38979      2.172953 
 10.376        2.173835 
 10.37332      2.174007 
 10.33033      2.172604 
 10.30356      2.174286 
 10.28893      2.172818 
 10.2504       2.17288 
 10.1979       2.172961 
 10.19396      2.172673 
 10.17258      2.158832 
 10.16432      2.166396 
 10.16201      2.173058 
 10.15935      2.175499 
 10.15246      2.174575 
 10.14801      2.175465 
 10.14238      2.174249 
 10.13002      2.162616 
 10.125        2.160071 
 10.11996      2.161436 
 10.11377      2.165556 
 10.10851      2.166 
 10.10144      2.163627 
 10.07215      2.163131 
 10.06071      2.165855 
 10.05474      2.173885 
 10.05289      2.181641 
 10.04947      2.176168 
 10.04607      2.16581 
 10.04082      2.161885 
 10.02983      2.16599 
 10.02524      2.169195 
 10            2.176527 
 1             4 
 2 
 -9998.0  ,   -9997.0
  1999.0  ,    9990.0
 145 
 15            2.021357 
 14.98711      2.033179 
 14.98001      2.026532 
 14.97379      2.008845 
 14.96806      2.004493 
 14.95455      2.000395 
 14.94037      2.000206 
 14.93076      1.997245 
 14.92299      1.997727 
 14.91477      2.0012 
 14.90107      2.012736 
 14.89789      2.018263 
 14.89881      2.02079 
 14.90912      2.029728 
 14.91371      2.036613 
 14.91717      2.048099 
 14.91765      2.054766 
 14.91492      2.059833 
 14.89144      2.066025 
 14.89023      2.066342 
 14.88339      2.07142 
 14.88067      2.081315 
 14.88118      2.102468 
 14.87822      2.107765 
 14.87319      2.108699 
 14.8638       2.103897 
 14.86173      2.100224 
 14.86902      2.086407 
 14.86878      2.082268 
 14.86694      2.079284 
 14.85048      2.08255 
 14.8411       2.080047 
 14.83666      2.071943 
 14.83582      2.070404 
 14.82756      2.062379 
 14.81474      2.057586 
 14.8104       2.058058 
 14.79762      2.071659 
 14.79419      2.071899 
 14.77999      2.06113 
 14.77496      2.061604 
 14.77085      2.065754 
 14.77017      2.068285 
 14.77661      2.080684 
 14.7773       2.086201 
 14.77526      2.092645 
 14.77207      2.095413 
 14.76132      2.094752 
 14.74986      2.086735 
 14.74437      2.087439 
 14.74232      2.091124 
 14.74371      2.095259 
 14.75537      2.094998 
 14.75676      2.100743 
 14.75539      2.103506 
 14.72959      2.1222 
 14.7241       2.121984 
 14.72249      2.118999 
 14.72225      2.115091 
 14.72704      2.10795 
 14.7268       2.103812 
 14.72314      2.103822 
 14.71492      2.108212 
 14.70257      2.109165 
 14.69894      2.119752 
 14.69049      2.128511 
 14.68593      2.130593 
 14.68004      2.129976 
 14.65596      2.127451 
 14.65093      2.129074 
 14.64569      2.137825 
 14.64937      2.146784 
 14.64778      2.151157 
 14.64252      2.155079 
 14.63063      2.156259 
 14.61982      2.174639 
 14.61628      2.18067 
 14.61218      2.190799 
 14.60671      2.196791 
 14.60076      2.198416 
 14.59116      2.201659 
 14.58661      2.210408 
 14.58318      2.211797 
 14.58089      2.211113 
 14.57332      2.202853 
 14.56738      2.203558 
 14.55696      2.211535 
 14.54592      2.196979 
 14.53883      2.195364 
 14.52905      2.190016 
 14.52535      2.187993 
 14.49082      2.177384 
 14.44555      2.159404 
 14.44006      2.1594 
 14.43366      2.155944 
 14.4268       2.155938 
 14.42085      2.161453 
 14.41549      2.168799 
 14.41146      2.174326 
 14.39681      2.182593 
 14.3856       2.184653 
 14.38561      2.183733 
 14.3625       2.185091 
 14.35199      2.183011 
 14.33529      2.184604 
 14.30989      2.190559 
 14.30098      2.188709 
 14.29696      2.188655 
 14.28245      2.18846 
 14.27582      2.185233 
 14.26965      2.185226 
 14.26096      2.179236 
 14.2564       2.17233 
 14.24565      2.171628 
 14.18412      2.172017 
 14.17756      2.171067 
 14.17452      2.170626 
 14.13015      2.172411 
 14.0931       2.171214 
 14.0519       2.171439 
 14.02517      2.171583 
 14.00916      2.169491 
 13.99247      2.169467 
 13.98926      2.171072 
 13.98217      2.171523 
 13.92667      2.17132 
 13.87697      2.171135 
 13.8621       2.172722 
 13.84701      2.171088 
 13.8011       2.171231 
 13.70177      2.171532 
 13.67535      2.1708 
 13.65741      2.170302 
 13.63202      2.172325 
 13.62836      2.170478 
 13.55013      2.169971 
 13.52773      2.169824 
 13.49548      2.171369 
 13.4797       2.169957 
 13.42449      2.168823 
 13.40491      2.16842 
 13.40148      2.169793 
 13.35162      2.171064 
 13.33081      2.169868 
 13.29897      2.170563 
 1             5 
 2 
 -9998.0  ,   -9997.0
  1999.0  ,    9990.0
 77 
 10            .99765 
 10.07134      .997886 
 10.07453      .999515 
 10.08914      .997451 
 10.09167      .997093 
 10.10948      .998123 
 10.12456      .997067 
 10.13049      .998482 
 10.1627       .996841 
 10.21442      .997254 
 10.28443      .997807 
 10.29516      .99902 
 10.33992      .998616 
 10.43334      .997763 
 10.44294      .996669 
 10.44681      .9983 
 10.4651       .998258 
 10.59067      .997958 
 10.71624      .997639 
 10.78894      .997445 
 10.79967      .998421 
 10.83531      .997232 
 10.84175      .997279 
 10.96732      .998193 
 10.98627      .998268 
 10.99609      .996918 
 10.99609      .997837 
 11.01573      .997707 
 11.02122      .996356 
 11.04839      .997872 
 11.10389      .99746 
 11.11058      .998212 
 11.12101      .999384 
 11.1249       .997335 
 11.15299      .999311 
 11.15939      .997504 
 11.17263      .997569 
 11.17698      .996211 
 11.20255      .997714 
 11.23502      .997544 
 11.31675      .99711 
 11.33478      .999263 
 11.33489      1.025108 
 11.3351       1.07856 
 11.33341      1.151441 
 11.33339      1.152335 
 11.33464      1.277163 
 11.33461      1.277801 
 11.3336       1.303135 
 11.33422      1.36751 
 11.33572      1.388208 
 11.33386      1.395326 
 11.3344       1.403843 
 11.33493      1.412115 
 11.33348      1.53021 
 11.33346      1.531897 
 11.33474      1.552367 
 11.33479      1.638596 
 11.33435      1.656568 
 11.33367      1.683431 
 11.33477      1.692865 
 11.3336       1.74805 
 11.33483      1.779562 
 11.33476      1.782873 
 11.33366      1.834291 
 11.33456      1.837744 
 11.33311      1.854756 
 11.33568      1.891106 
 11.33516      1.909009 
 11.33297      1.983551 
 11.33454      1.989539 
 11.33314      1.995282 
 11.33352      2.035035 
 11.33422      2.109372 
 11.33554      2.119499 
 11.33239      2.157208 
 11.33461      2.173887 
 1             6 
 2 
 -9998.0  ,   -9997.0
  1999.0  ,    9990.0
 482 
 14.48558      .933383 
 14.47718      .937709 
 14.46762      .951056 
 14.45165      .959364 
 14.44525      .960528 
 14.44038      .966832 
 14.43797      .969964 
 14.43229      .989277 
 14.42409      1.001472 
 14.42024      1.016415 
 14.4137       1.026446 
 14.41228      1.035274 
 14.39977      1.05736 
 14.39909      1.061727 
 14.40185      1.071831 
 14.39867      1.084016 
 14.39869      1.08976 
 14.39641      1.093672 
 14.38728      1.099437 
 14.37179      1.120841 
 14.35985      1.132685 
 14.34671      1.145713 
 14.3449       1.153759 
 14.3438       1.17743 
 14.33537      1.188249 
 14.329        1.204119 
 14.32399      1.210334 
 14.31029      1.217257 
 14.30916      1.226452 
 14.30094      1.228768 
 14.29616      1.233604 
 14.29503      1.24119 
 14.29755      1.249227 
 14.30397      1.260704 
 14.30559      1.269663 
 14.30356      1.283226 
 14.30678      1.294251 
 14.30542      1.299769 
 14.30382      1.299543 
 14.29674      1.305303 
 14.28764      1.326696 
 14.27899      1.341193 
 14.27168      1.346264 
 14.2589       1.351117 
 14.2516       1.359177 
 14.24726      1.361484 
 14.23721      1.362194 
 14.23014      1.369563 
 14.22534      1.370952 
 14.21688      1.370049 
 14.20547      1.374669 
 14.19794      1.382499 
 14.1911       1.393314 
 14.18722      1.39562 
 14.17534      1.394955 
 14.1703       1.391287 
 14.16002      1.391537 
 14.14449      1.395015 
 14.14222      1.394984 
 14.12964      1.394814 
 14.12529      1.392524 
 14.11889      1.391846 
 14.10927      1.380143 
 14.1031       1.375558 
 14.08345      1.378813 
 14.07454      1.378829 
 14.06654      1.380683 
 14.05855      1.385064 
 14.04989      1.397491 
 14.04258      1.398654 
 14.03026      1.410398 
 14.02866      1.413618 
 14.03027      1.42143 
 14.02845      1.427639 
 14.02457      1.431323 
 14.01772      1.433864 
 14.01156      1.438241 
 14.00927      1.434108 
 14.00446      1.432048 
 13.99942      1.420106 
 13.99599      1.418273 
 13.99526      1.418154 
 13.98342      1.416227 
 13.97771      1.417845 
 13.972        1.421992 
 13.96652      1.422232 
 13.94891      1.417665 
 13.92629      1.417243 
 13.89683      1.432232 
 13.89203      1.432699 
 13.8758       1.429508 
 13.86643      1.425386 
 13.86186      1.425853 
 13.85638      1.433676 
 13.85067      1.433915 
 13.83992      1.428645 
 13.83421      1.427735 
 13.82462      1.430738 
 13.81707      1.427762 
 13.81387      1.428686 
 13.81274      1.435583 
 13.81023      1.437655 
 13.80588      1.436972 
 13.80199      1.430313 
 13.80084      1.4225 
 13.80244      1.420429 
 13.80838      1.423638 
 13.80769      1.417203 
 13.81042      1.411913 
 13.80773      1.408249 
 13.80722      1.407551 
 13.79968      1.408022 
 13.7967       1.404119 
 13.79716      1.398832 
 13.79418      1.395619 
 13.79098      1.394245 
 13.78573      1.397011 
 13.78366      1.391039 
 13.78913      1.379998 
 13.78889      1.371035 
 13.78546      1.366214 
 13.7786       1.361398 
 13.76809      1.360724 
 13.76534      1.35866 
 13.76237      1.352459 
 13.75917      1.352923 
 13.75438      1.359135 
 13.75095      1.360979 
 13.7425       1.360532 
 13.74181      1.362371 
 13.74524      1.366273 
 13.74433      1.368113 
 13.73908      1.370419 
 13.73131      1.369971 
 13.72742      1.368367 
 13.72536      1.361705 
 13.70981      1.354603 
 13.70775      1.350929 
 13.70181      1.349788 
 13.69404      1.349798 
 13.68993      1.35486 
 13.68764      1.348428 
 13.6833       1.349354 
 13.67874      1.353956 
 13.66502      1.352596 
 13.65474      1.345485 
 13.64766      1.349402 
 13.6392       1.345046 
 13.63348      1.344135 
 13.63257      1.341148 
 13.63438      1.329195 
 13.62936      1.330351 
 13.60833      1.329459 
 13.60421      1.320501 
 13.59073      1.316841 
 13.59049      1.307419 
 13.58843      1.304434 
 13.57769      1.298472 
 13.57608      1.29043 
 13.57334      1.289285 
 13.55665      1.278734 
 13.55208      1.27828 
 13.54751      1.282881 
 13.54111      1.284038 
 13.52443      1.276015 
 13.513        1.27373 
 13.51163      1.271663 
 13.51528      1.267293 
 13.51437      1.265915 
 13.51025      1.266609 
 13.50089      1.275123 
 13.4961       1.275358 
 13.49472      1.269155 
 13.48855      1.270081 
 13.48216      1.273765 
 13.47736      1.27446 
 13.47508      1.279978 
 13.47005      1.280673 
 13.4648       1.284356 
 13.45772      1.285973 
 13.4463       1.294028 
 13.44265      1.294722 
 13.43853      1.292888 
 13.43671      1.300244 
 13.43146      1.29956 
 13.42231      1.295203 
 13.41386      1.29751 
 13.40974      1.29108 
 13.4022       1.290168 
 13.40014      1.283736 
 13.39763      1.282359 
 13.38805      1.285473 
 13.38415      1.286739 
 13.37775      1.291112 
 13.37501      1.290885 
 13.37112      1.285604 
 13.36609      1.279174 
 13.36632      1.275726 
 13.37317      1.270434 
 13.37454      1.267675 
 13.37248      1.265379 
 13.35192      1.266088 
 13.34666      1.25851 
 13.343        1.257594 
 13.34003      1.258057 
 13.33501      1.262887 
 13.32199      1.26221 
 13.32198      1.249111 
 13.3254       1.243133 
 13.32494      1.238077 
 13.32357      1.235781 
 13.31466      1.239466 
 13.31412      1.233935 
 13.31328      1.225219 
 13.30939      1.221087 
 13.30574      1.22132 
 13.29958      1.229828 
 13.29318      1.227536 
 13.28747      1.229609 
 13.2781       1.224792 
 13.27467      1.224795 
 13.27124      1.227555 
 13.26531      1.22779 
 13.26096      1.223198 
 13.25799      1.22389 
 13.25548      1.228258 
 13.24291      1.223902 
 13.24109      1.224593 
 13.23652      1.225976 
 13.22646      1.225295 
 13.21824      1.22691 
 13.19562      1.217966 
 13.18945      1.224635 
 13.18169      1.228547 
 13.16775      1.233154 
 13.15633      1.234311 
 13.15633      1.239596 
 13.16799      1.250619 
 13.17119      1.251306 
 13.17553      1.246936 
 13.17895      1.247393 
 13.17951      1.24867 
 13.18056      1.251069 
 13.17713      1.259804 
 13.17828      1.26417 
 13.18308      1.268073 
 13.18399      1.271979 
 13.18285      1.280023 
 13.18491      1.286916 
 13.1888       1.292429 
 13.19291      1.293804 
 13.19451      1.289207 
 13.19771      1.286906 
 13.2053       1.288944 
 13.21393      1.29126 
 13.22033      1.285279 
 13.22398      1.285047 
 13.2297       1.290098 
 13.22902      1.30044 
 13.2313       1.303656 
 13.23999      1.305027 
 13.24351      1.307261 
 13.25736      1.316044 
 13.264        1.336493 
 13.26309      1.34063 
 13.26171      1.34201 
 13.2576       1.341784 
 13.25417      1.33811 
 13.25029      1.336734 
 13.24549      1.340185 
 13.24389      1.344783 
 13.24481      1.348919 
 13.25418      1.356496 
 13.25396      1.358794 
 13.24733      1.364545 
 13.24642      1.367534 
 13.25717      1.388899 
 13.25626      1.392347 
 13.2494       1.391664 
 13.24918      1.39649 
 13.25261      1.405451 
 13.24896      1.4112 
 13.2437       1.411204 
 13.24188      1.415802 
 13.23754      1.418564 
 13.23662      1.422013 
 13.23891      1.427756 
 13.23412      1.438333 
 13.22887      1.443394 
 13.22658      1.439259 
 13.22155      1.443859 
 13.22133      1.447997 
 13.22338      1.451443 
 13.2211       1.456501 
 13.22316      1.460177 
 13.2227       1.462016 
 13.21791      1.46294 
 13.21631      1.465699 
 13.2202       1.470752 
 13.22065      1.47397 
 13.21838      1.478354 
 13.21792      1.479259 
 13.2138       1.48202 
 13.20809      1.481105 
 13.20604      1.490071 
 13.20009      1.487317 
 13.19484      1.487551 
 13.19392      1.489621 
 13.1985       1.495134 
 13.19918      1.498121 
 13.19827      1.50042 
 13.19278      1.498356 
 13.1953       1.508927 
 13.19828      1.512143 
 13.19462      1.515364 
 13.19165      1.515366 
 13.19005      1.524102 
 13.18389      1.527554 
 13.17863      1.535833 
 13.17543      1.535146 
 13.17292      1.53216 
 13.17292      1.529631 
 13.16926      1.529864 
 13.16377      1.525501 
 13.16156      1.527839 
 13.1592       1.530331 
 13.15213      1.543438 
 13.15441      1.549642 
 13.15373      1.551482 
 13.14824      1.551026 
 13.14527      1.555166 
 13.14459      1.559994 
 13.1391       1.559078 
 13.13728      1.561378 
 13.13956      1.563445 
 13.14117      1.57011 
 13.14071      1.577466 
 13.1382       1.581605 
 13.13317      1.583218 
 13.13089      1.586897 
 13.13226      1.591034 
 13.1366       1.589652 
 13.1414       1.591027 
 13.14552      1.589415 
 13.14597      1.592404 
 13.14278      1.595394 
 13.14209      1.598153 
 13.14552      1.606885 
 13.14324      1.610565 
 13.14507      1.61585 
 13.14919      1.617457 
 13.1497       1.619501 
 13.15102      1.624811 
 13.14919      1.62895 
 13.14622      1.631251 
 13.14714      1.633779 
 13.15079      1.634926 
 13.15034      1.641133 
 13.14531      1.640677 
 13.14006      1.652864 
 13.14235      1.658149 
 13.14006      1.663438 
 13.14304      1.672631 
 13.13938      1.677001 
 13.13984      1.684128 
 13.13642      1.691946 
 13.1387       1.697232 
 13.13711      1.701831 
 13.14511      1.708492 
 13.15266      1.72136 
 13.15536      1.722344 
 13.15769      1.723195 
 13.15884      1.725723 
 13.15655      1.732851 
 13.15907      1.741815 
 13.17142      1.745714 
 13.17508      1.750999 
 13.18034      1.753984 
 13.1824       1.756971 
 13.18148      1.762029 
 13.1824       1.769155 
 13.1792       1.773526 
 13.18241      1.783409 
 13.18173      1.791226 
 13.1831       1.793983 
 13.1863       1.793291 
 13.18835      1.788462 
 13.19567      1.791445 
 13.19865      1.79627 
 13.19911      1.801788 
 13.20139      1.806844 
 13.20036      1.809454 
 13.19708      1.812004 
 13.19546      1.816504 
 13.19227      1.817104 
 13.19043      1.823175 
 13.19592      1.829838 
 13.19501      1.832598 
 13.19364      1.834898 
 13.19387      1.849152 
 13.19204      1.853752 
 13.18725      1.857894 
 13.17284      1.858364 
 13.17078      1.861355 
 13.17216      1.865492 
 13.1717       1.869401 
 13.16324      1.872856 
 13.15959      1.875618 
 13.15753      1.881827 
 13.16074      1.886652 
 13.15822      1.893322 
 13.16189      1.901366 
 13.16349      1.901825 
 13.1676       1.902741 
 13.17263      1.900898 
 13.18132      1.907099 
 13.18475      1.910545 
 13.18293      1.914685 
 13.18384      1.917904 
 13.18773      1.921809 
 13.19094      1.928934 
 13.19391      1.931921 
 13.20123      1.933755 
 13.20421      1.938121 
 13.20741      1.938808 
 13.21656      1.946388 
 13.21679      1.949836 
 13.20879      1.965478 
 13.2072       1.975136 
 13.20971      1.981802 
 13.21772      1.982945 
 13.21864      1.987773 
 13.22481      1.991216 
 13.22962      1.996271 
 13.23159      1.996411 
 13.23282      1.996498 
 13.23511      1.998336 
 13.23603      2.005003 
 13.23991      2.007299 
 13.2374       2.01098 
 13.24632      2.0204 
 13.2509       2.019476 
 13.2541       2.024762 
 13.26302      2.023375 
 13.26897      2.025669 
 13.27377      2.024975 
 13.27789      2.035088 
 13.28658      2.039219 
 13.28864      2.043357 
 13.2811       2.050951 
 13.28133      2.05417 
 13.28316      2.054628 
 13.28682      2.050946 
 13.28979      2.050253 
 13.29003      2.057152 
 13.29437      2.061286 
 13.29552      2.064734 
 13.29346      2.068185 
 13.2953       2.075082 
 13.29347      2.084051 
 13.29439      2.088649 
 13.29737      2.091636 
 13.29599      2.093936 
 13.29943      2.098072 
 13.29783      2.100833 
 13.29896      2.104373 
 13.29829      2.108191 
 13.29372      2.108195 
 13.29098      2.118315 
 13.29144      2.121994 
 13.29487      2.125669 
 13.29441      2.128889 
 13.28733      2.133265 
 13.29191      2.139009 
 13.29717      2.139234 
 13.299        2.142912 
 13.29397      2.154184 
 13.29123      2.156486 
 13.29169      2.159015 
 13.29603      2.159471 
 13.29809      2.161768 
 13.29897      2.170563 
 1             7 
 2 
 -9998.0  ,   -9997.0
  1999.0  ,    9990.0
 137 
 13.93354      0 
 13.94921      .004374 
 13.95352      .021371 
 13.95852      .030791 
 13.95851      .041353 
 13.95394      .045708 
 13.94116      .048674 
 13.93432      .047975 
 13.92885      .044753 
 13.92382      .050485 
 13.92175      .061733 
 13.92173      .072983 
 13.91487      .084224 
 13.91476      .087367 
 13.91463      9.065199E-02 
 13.92328      .102835 
 13.92782      .120752 
 13.92644      .131313 
 13.91705      .154491 
 13.91225      .161831 
 13.90539      .168251 
 13.90606      .178126 
 13.89737      .19258 
 13.89165      .199225 
 13.88868      .202671 
 13.90077      .210038 
 13.89437      .215539 
 13.89368      .220361 
 13.8964       .228403 
 13.89593      .235292 
 13.89776      .23805 
 13.91257      .246111 
 13.92123      .253702 
 13.92601      .264274 
 13.934        .264286 
 13.94198      .267972 
 13.93603      .278068 
 13.9358       .282661 
 13.93467      .284422 
 13.93374      .285873 
 13.93487      .288631 
 13.94491      .289794 
 13.93783      .296444 
 13.94922      .307256 
 13.94214      .31069 
 13.94168      .315742 
 13.94783      .325397 
 13.9574       .329316 
 13.9615       .336672 
 13.96744      .336451 
 13.97129      .350926 
 13.97767      .36219 
 13.98268      .365183 
 13.98416      .367559 
 13.98951      .376217 
 14.01027      .38819 
 14.02259      .390964 
 14.03809      .404537 
 14.05132      .407082 
 14.06021      .416281 
 14.06636      .419735 
 14.0732       .429851 
 14.07419      .44273 
 14.07455      .44731 
 14.08503      .461566 
 14.09164      .466628 
 14.093        .469386 
 14.09254      .474439 
 14.08569      .479943 
 14.08112      .481775 
 14.07221      .489574 
 14.07083      .493936 
 14.08267      .521288 
 14.10022      .542209 
 14.1066       .549805 
 14.1196       .558322 
 14.13695      .557655 
 14.15201      .555146 
 14.1696       .548735 
 14.17873      .543003 
 14.18307      .543238 
 14.19881      .550837 
 14.20954      .549471 
 14.21248      .544928 
 14.21549      .540289 
 14.2228       .536392 
 14.23489      .536636 
 14.25794      .548378 
 14.281        .543578 
 14.28921      .543817 
 14.28349      .555757 
 14.29375      .570011 
 14.29351      .576903 
 14.29511      .58035 
 14.29571      .580783 
 14.31085      .591624 
 14.32249      .593014 
 14.33891      .610032 
 14.34986      .610732 
 14.3583       .617173 
 14.3656       .629127 
 14.38454      .637416 
 14.37669      .650851 
 14.37059      .661297 
 14.35962      .672544 
 14.36804      .698515 
 14.37854      .703121 
 14.38811      .721281 
 14.39268      .724272 
 14.39336      .72726 
 14.40203      .730255 
 14.41526      .742215 
 14.41504      .74558 
 14.41457      .752555 
 14.43099      .775317 
 14.43852      .780379 
 14.46112      .786832 
 14.46408      .789363 
 14.47274      .812808 
 14.48506      .819942 
 14.48871      .82523 
 14.48605      .833611 
 14.48551      .835338 
 14.48367      .848665 
 14.47704      .862907 
 14.4711       .86474 
 14.46584      .870711 
 14.46538      .874387 
 14.48776      .876704 
 14.49163      .879924 
 14.49323      .890497 
 14.50007      .898546 
 14.50235      .905901 
 14.49845      .926243 
 14.49799      .928649 
 14.49342      .932552 
 14.48558      .933383 
