 1 
 1             1 
 2 
 -9998.0  ,   -9997.0
  1999.0  ,    9990.0
 349 
-75.58104      0 
-75.57606      .012025 
-75.57353      .024687 
-75.57353      .04368 
-75.58346      .055021 
-75.59826      .065394 
-75.60828      .070243 
-75.6174       .073483 
-75.628        .072652 
-75.63153      .072376 
-75.65386      .068307 
-75.66527      .065355 
-75.6876       .065417 
-75.69923      .063613 
-75.73365      .064395 
-75.74071      .066017 
-75.76098      .070667 
-75.79058      .084979 
-75.80175      .092813 
-75.83016      .121353 
-75.83881      .128263 
-75.86772      .147851 
-75.8832       .156614 
-75.90163      .174338 
-75.90915      .182622 
-75.912        .185551 
-75.91665      .192513 
-75.92575      .202867 
-75.94348      .229543 
-75.95689      .251159 
-75.96667      .262433 
-75.98328      .274413 
-75.98829      .280395 
-75.99351      .29051 
-75.99965      .30545 
-76.01511      .326612 
-76.0233       .335357 
-76.04016      .349403 
-76.05268      .355403 
-76.06203      .355654 
-76.07115      .35269 
-76.07511      .350796 
-76.08645      .345377 
-76.09738      .347009 
-76.10147      .35253 
-76.10488      .367923 
-76.11305      .38126 
-76.12126      .387938 
-76.13219      .393933 
-76.13994      .395328 
-76.16935      .394474 
-76.1762       .39357 
-76.1949       .394759 
-76.21084      .398467 
-76.21343      .399619 
-76.21745      .401696 
-76.22927      .413757 
-76.22929      .414352 
-76.24388      .421042 
-76.25458      .428413 
-76.26915      .441074 
-76.27873      .442242 
-76.29606      .439521 
-76.30268      .436319 
-76.31591      .430605 
-76.32253      .423729 
-76.3287       .417081 
-76.33692      .405156 
-76.34468      .400349 
-76.36293      .399236 
-76.3855       .396984 
-76.39736      .391495 
-76.40261      .384156 
-76.40423      .369004 
-76.40245      .336164 
-76.39976      .299879 
-76.39796      .275307 
-76.39776      .261989 
-76.39868      .253725 
-76.40438      .247996 
-76.41533      .248016 
-76.42765      .246432 
-76.43606      .259995 
-76.44061      .26207 
-76.44952      .253131 
-76.46868      .252018 
-76.47847      .251577 
-76.49306      .24747 
-76.50332      .247718 
-76.52588      .256712 
-76.54229      .258348 
-76.55643      .254928 
-76.57765      .242795 
-76.58996      .23478 
-76.59545      .232862 
-76.59993      .234336 
-76.60759      .23958 
-76.61692      .242741 
-76.62272      .248398 
-76.62601      .257808 
-76.62788      .259484 
-76.64011      .265786 
-76.64467      .265591 
-76.65465      .258098 
-76.65735      .258523 
-76.65983      .260619 
-76.66168      .267519 
-76.66458      .271914 
-76.6708       .275274 
-76.67578      .276123 
-76.69546      .280774 
-76.70005      .280578 
-76.70876      .277051 
-76.71498      .277068 
-76.7183       .278957 
-76.72346      .28503 
-76.72886      .285671 
-76.73676      .281096 
-76.74361      .279862 
-76.75253      .277797 
-76.75814      .274678 
-76.76043      .270297 
-76.7592       .268205 
-76.75422      .264222 
-76.75278      .260458 
-76.75486      .256285 
-76.75985      .254418 
-76.76151      .254214 
-76.76213      .254007 
-76.77023      .252357 
-76.77977      .251965 
-76.78578      .253652 
-76.78702      .258669 
-76.7891       .260555 
-76.7949       .262241 
-76.8032       .264979 
-76.80755      .264782 
-76.81543      .262296 
-76.81896      .259171 
-76.82561      .254802 
-76.82791      .255434 
-76.83225      .254192 
-76.83808      .245433 
-76.84224      .24231 
-76.84743      .241906 
-76.85862      .245904 
-76.86796      .245719 
-76.87293      .247821 
-76.87978      .248256 
-76.88186      .24839 
-76.88949      .248541 
-76.89679      .247632 
-76.90568      .248791 
-76.92528      .254326 
-76.93805      .261001 
-76.96083      .266998 
-76.99025      .267952 
-77.00255      .273018 
-77.0138       .281063 
-77.01956      .279727 
-77.02476      .274099 
-77.02933      .272438 
-77.03617      .273499 
-77.04591      .282296 
-77.0542       .28524 
-77.06997      .283814 
-77.07599      .284664 
-77.07868      .285923 
-77.08241      .289484 
-77.08573      .292625 
-77.08718      .297433 
-77.08675      .301611 
-77.08362      .307244 
-77.08258      .310794 
-77.08423      .316229 
-77.09438      .326699 
-77.10163      .338206 
-77.10968      .355774 
-77.11258      .358915 
-77.12106      .370007 
-77.12314      .372102 
-77.1277       .373783 
-77.13538      .372129 
-77.14679      .373408 
-77.15198      .375509 
-77.15925      .37448 
-77.17792      .375148 
-77.18518      .374328 
-77.19453      .365364 
-77.20741      .360795 
-77.2155       .359141 
-77.22713      .357076 
-77.24123      .355225 
-77.2537       .351608 
-77.27246      .358015 
-77.2843       .360781 
-77.30071      .364698 
-77.32374      .373671 
-77.3511       .38104 
-77.36751      .385644 
-77.37321      .387026 
-77.37801      .386341 
-77.38348      .380833 
-77.38735      .366599 
-77.38963      .362237 
-77.39443      .359715 
-77.40308      .361558 
-77.4097       .366384 
-77.4227       .381549 
-77.43183      .387295 
-77.448        .388224 
-77.46456      .394914 
-77.4721       .418985 
-77.47933      .44658 
-77.48221      .464137 
-77.4824       .48566 
-77.48383      .499036 
-77.48838      .511164 
-77.49168      .518902 
-77.49291      .532069 
-77.49228      .542307 
-77.48622      .573225 
-77.48018      .591396 
-77.48037      .599755 
-77.48223      .606655 
-77.49736      .622565 
-77.50088      .63114 
-77.5071       .637212 
-77.51933      .645175 
-77.52639      .648323 
-77.53636      .650639 
-77.54258      .649605 
-77.55421      .64542 
-77.5682       .653786 
-77.58142      .658616 
-77.59465      .664594 
-77.60012      .667353 
-77.61188      .676555 
-77.61473      .679304 
-77.62545      .690564 
-77.6437       .710326 
-77.65145      .716072 
-77.65738      .718371 
-77.67655      .718378 
-77.68978      .720909 
-77.69708      .728262 
-77.70095      .738601 
-77.70188      .744114 
-77.69799      .752383 
-77.69343      .756287 
-77.6777       .765701 
-77.66447      .776493 
-77.65466      .783152 
-77.6517       .789353 
-77.6517       .795327 
-77.65512      .801531 
-77.66948      .813122 
-77.67379      .81724 
-77.68396      .823318 
-77.70367      .8361 
-77.7099       .839663 
-77.71488      .839879 
-77.72007      .838424 
-77.73461      .830293 
-77.75746      .8297 
-77.76348      .831381 
-77.7695       .830554 
-77.77925      .82576 
-77.7859       .824934 
-77.79525      .82432 
-77.80002      .822027 
-77.80376      .817643 
-77.80944      .808949 
-77.82164      .801803 
-77.83237      .798359 
-77.84583      .796523 
-77.86705      .800431 
-77.91495      .805488 
-77.93799      .807097 
-77.95555      .810543 
-77.96651      .813989 
-77.97404      .817894 
-77.98819      .829611 
-77.99869      .841556 
-78.01512      .853961 
-78.0311       .861312 
-78.0578       .870499 
-78.0708       .878308 
-78.08268      .888186 
-78.10481      .902427 
-78.12193      .913911 
-78.1571       .94538 
-78.17765      .96973 
-78.17758      .972273 
-78.18488      .98052 
-78.19774      .992448 
-78.20957      .99894 
-78.23034      1.006485 
-78.24882      1.015491 
-78.25858      1.018008 
-78.28433      1.023466 
-78.31444      1.029762 
-78.32378      1.033741 
-78.33313      1.038766 
-78.34704      1.04484 
-78.35576      1.050491 
-78.36428      1.058442 
-78.37341      1.063676 
-78.384        1.075601 
-78.39688      1.090454 
-78.40995      1.101335 
-78.41265      1.106982 
-78.41763      1.123085 
-78.42345      1.132916 
-78.42511      1.135845 
-78.43135      1.14484 
-78.43632      1.149025 
-78.45418      1.158027 
-78.47163      1.171419 
-78.48596      1.181883 
-78.49717      1.185862 
-78.50053      1.184935 
-78.51515      1.187868 
-78.52337      1.191999 
-78.53524      1.194749 
-78.5421       1.194054 
-78.54574      1.192902 
-78.55123      1.195197 
-78.5558       1.200938 
-78.56015      1.209898 
-78.56745      1.217477 
-78.58483      1.230104 
-78.60857      1.239507 
-78.61771      1.247314 
-78.62594      1.25673 
-78.64261      1.26522 
-78.65953      1.279455 
-78.67392      1.294611 
-78.68263      1.318966 
-78.68975      1.337347 
-78.69545      1.344007 
-78.70299      1.347678 
-78.72103      1.352717 
-78.72538      1.355931 
-78.73385      1.376839 
-78.74505      1.386252 
-78.75601      1.391068 
-78.76767      1.399101 
-78.77576      1.407844 
