 1 
 1             1 
 2 
 -9998.0  ,   -9997.0
  1999.0  ,    9990.0
 252 
 20           -17.89163 
 19.99754     -17.89015 
 19.97093     -17.8935 
 19.96761     -17.89255 
 19.95593     -17.87875 
 19.91951     -17.86626 
 19.9128      -17.86589 
 19.90229     -17.87439 
 19.89082     -17.88241 
 19.8754      -17.88529 
 19.85044     -17.8852 
 19.8245      -17.87613 
 19.81566     -17.87456 
 19.79737     -17.87714 
 19.79056     -17.88067 
 19.78169     -17.89057 
 19.78116     -17.89091 
 19.77754     -17.89324 
 19.77151     -17.89448 
 19.76762     -17.90657 
 19.76368     -17.91084 
 19.75713     -17.91368 
 19.74945     -17.91374 
 19.74256     -17.91083 
 19.73622     -17.90494 
 19.73401     -17.89731 
 19.72833     -17.8942 
 19.72402     -17.88399 
 19.72143     -17.88164 
 19.71282     -17.88075 
 19.70705     -17.8775 
 19.70461     -17.8788 
 19.70467     -17.88193 
 19.71128     -17.88479 
 19.71238     -17.88658 
 19.70878     -17.88893 
 19.70399     -17.88859 
 19.70266     -17.88744 
 19.68966     -17.87609 
 19.68327     -17.86263 
 19.67644     -17.85741 
 19.66192     -17.85272 
 19.65039     -17.85337 
 19.64642     -17.85421 
 19.62322     -17.86116 
 19.61401     -17.86557 
 19.60608     -17.86611 
 19.59604     -17.86453 
 19.57992     -17.86651 
 19.56971     -17.87274 
 19.5498      -17.87257 
 19.5338      -17.86927 
 19.51134     -17.86357 
 19.50688     -17.86447 
 19.50464     -17.86741 
 19.505       -17.87201 
 19.50353     -17.87312 
 19.49994     -17.87304 
 19.49455     -17.86785 
 19.48728     -17.87067 
 19.48533     -17.872 
 19.47463     -17.86807 
 19.46716     -17.86926 
 19.45987     -17.86358 
 19.45605     -17.86302 
 19.44997     -17.86609 
 19.44204     -17.86659 
 19.4357      -17.87034 
 19.42137     -17.86792 
 19.41194     -17.87068 
 19.40426     -17.87072 
 19.38998     -17.86624 
 19.37068     -17.85221 
 19.36705     -17.85202 
 19.36253     -17.85178 
 19.35984     -17.85378 
 19.35724     -17.86153 
 19.35341     -17.8612 
 19.3478      -17.85555 
 19.33799     -17.85439 
 19.33069     -17.85834 
 19.32492     -17.85889 
 19.32003     -17.85325 
 19.32347     -17.85012 
 19.33118     -17.84893 
 19.33391     -17.84556 
 19.33328     -17.84233 
 19.33025     -17.83904 
 19.3233      -17.83886 
 19.31697     -17.84215 
 19.31172     -17.8411 
 19.30707     -17.8357 
 19.30328     -17.834 
 19.29763     -17.83891 
 19.29212     -17.83831 
 19.274       -17.82545 
 19.26923     -17.82441 
 19.26336     -17.82863 
 19.25713     -17.82824 
 19.24942     -17.8207 
 19.24488     -17.82012 
 19.23858     -17.82249 
 19.23238     -17.82968 
 19.22875     -17.8312 
 19.22276     -17.83081 
 19.22184     -17.83047 
 19.20899     -17.82564 
 19.19202     -17.82336 
 19.17142     -17.81365 
 19.16824     -17.81518 
 19.16457     -17.81831 
 19.1405      -17.81204 
 19.13109     -17.81412 
 19.12423     -17.82017 
 19.12148     -17.82493 
 19.1191      -17.83384 
 19.11688     -17.83631 
 19.10768     -17.84001 
 19.08274     -17.83945 
 19.06147     -17.83644 
 19.02884     -17.83662 
 19.00869     -17.83349 
 18.99968     -17.83003 
 18.99321     -17.82963 
 18.98639     -17.83312 
 18.97441     -17.83257 
 18.96249     -17.82995 
 18.94854     -17.82314 
 18.92523     -17.82435 
 18.91065     -17.8228 
 18.899       -17.81927 
 18.88258     -17.80641 
 18.87732     -17.80604 
 18.87194     -17.80957 
 18.86693     -17.80851 
 18.85739     -17.7986 
 18.84787     -17.79604 
 18.84369     -17.79156 
 18.84263     -17.78694 
 18.84371     -17.78283 
 18.84118     -17.77932 
 18.8362      -17.77734 
 18.82562     -17.7782 
 18.81887     -17.7773 
 18.80365     -17.77529 
 18.79702     -17.77235 
 18.79092     -17.76804 
 18.78491     -17.76029 
 18.77845     -17.74403 
 18.77587     -17.74235 
 18.76893     -17.7417 
 18.76041     -17.74605 
 18.75489     -17.74635 
 18.74989     -17.74468 
 18.74379     -17.74053 
 18.73822     -17.72682 
 18.73766     -17.72611 
 18.73094     -17.71745 
 18.71893     -17.70935 
 18.70714     -17.70193 
 18.69957     -17.6983 
 18.68406     -17.68689 
 18.66559     -17.66966 
 18.64982     -17.65893 
 18.6277      -17.644 
 18.62432     -17.64293 
 18.6185      -17.63725 
 18.61498     -17.62727 
 18.61648     -17.61009 
 18.60986     -17.60714 
 18.60532     -17.5992 
 18.5986      -17.59188 
 18.5695      -17.58805 
 18.5688      -17.58765 
 18.56526     -17.58563 
 18.56191     -17.57818 
 18.54837     -17.56675 
 18.54623     -17.55888 
 18.54079     -17.5493 
 18.53743     -17.53428 
 18.53471     -17.52937 
 18.52507     -17.52403 
 18.51835     -17.51672 
 18.51142     -17.50135 
 18.50333     -17.49996 
 18.4984      -17.4966 
 18.49498     -17.49145 
 18.48546     -17.48956 
 18.47864     -17.48568 
 18.47499     -17.48029 
 18.47306     -17.47311 
 18.47265     -17.45633 
 18.47062     -17.45236 
 18.461       -17.44634 
 18.45569     -17.44021 
 18.44977     -17.42349 
 18.44654     -17.41995 
 18.43295     -17.41081 
 18.42271     -17.39443 
 18.42207     -17.39404 
 18.40747     -17.39316 
 18.39426     -17.39487 
 18.37775     -17.39466 
 18.36194     -17.39562 
 18.3536      -17.39447 
 18.32653     -17.39558 
 18.21529     -17.39507 
 18.18806     -17.39363 
 18.10527     -17.39361 
 18.06243     -17.39423 
 18.02892     -17.39465 
 17.97197     -17.39484 
 17.9093      -17.39416 
 17.8882      -17.39537 
 17.87172     -17.39443 
 17.84754     -17.39486 
 17.83919     -17.39415 
 17.75902     -17.3945 
 17.72743     -17.39469 
 17.70759     -17.39409 
 17.68819     -17.39487 
 17.66929     -17.39475 
 17.60535     -17.39622 
 17.59552     -17.3966 
 17.58481     -17.39489 
 17.57545     -17.39574 
 17.55776     -17.39542 
 17.53665     -17.39682 
 17.51512     -17.3966 
 17.50168     -17.39778 
 17.40907     -17.39804 
 17.39163     -17.39724 
 17.36815     -17.39786 
 17.34275     -17.39887 
 17.33155     -17.39759 
 17.28658     -17.39703 
 17.27266     -17.39818 
 17.24037     -17.39757 
 17.22771     -17.39714 
 17.20116     -17.39672 
 17.18148     -17.39813 
 17.17005     -17.39682 
 17.11622     -17.39638 
 17.10487     -17.39898 
 17.0796      -17.39652 
 17.07477     -17.39773 
 17.0592      -17.39812 
 17.03122     -17.39738 
 17.0138      -17.39609 
 17           -17.39589 
 15.14935     -17.3899 
 15           -17.38993 
