 1 
 1             1 
 2 
 -9998.0  ,   -9997.0
  1999.0  ,    9990.0
 18 
-70.3742      -18.34973 
-70.37282     -18.34706 
-70.35513     -18.32762 
-70.3405      -18.31639 
-70.32788     -18.31064 
-70.32307     -18.30959 
-70.30469     -18.30554 
-70.28595     -18.30633 
-70.27133     -18.30888 
-70.19075     -18.31922 
-70.17463     -18.31949 
-70.15941     -18.31584 
-70.13665     -18.30703 
-70.11439     -18.29889 
-70.09716     -18.29022 
-70.04864     -18.26482 
-70.0225      -18.26799 
-70           -18.26799 
