 5 
 1             1 
 2 
 -9998.0  ,   -9997.0
  1999.0  ,    9990.0
 202 
-42.49009     -15 
-42.48269     -15.00374 
-42.46445     -15.01184 
-42.45199     -15.02263 
-42.44296     -15.03226 
-42.43391     -15.04021 
-42.42884     -15.04643 
-42.41513     -15.0511 
-42.40713     -15.05346 
-42.39572     -15.05809 
-42.37681     -15.06117 
-42.36076     -15.06308 
-42.3459      -15.06721 
-42.33737     -15.07292 
-42.31464     -15.08833 
-42.30101     -15.09746 
-42.28505     -15.10551 
-42.27701     -15.10563 
-42.26841     -15.10687 
-42.25979     -15.10644 
-42.24493     -15.11112 
-42.23466     -15.11573 
-42.22893     -15.11693 
-42.22087     -15.11538 
-42.21096     -15.10659 
-42.20108     -15.09892 
-42.19297     -15.09457 
-42.18606     -15.09356 
-42.17768     -15.1093 
-42.17383     -15.11996 
-42.16984     -15.12225 
-42.16246     -15.12738 
-42.15447     -15.1314 
-42.14023     -15.13942 
-42.12319     -15.15193 
-42.11529     -15.16153 
-42.11029     -15.1722 
-42.10359     -15.18513 
-42.09962     -15.18854 
-42.09504     -15.18972 
-42.09099     -15.1881 
-42.08741     -15.17923 
-42.08448     -15.17536 
-42.07234     -15.17107 
-42.05854     -15.17014 
-42.05275     -15.16743 
-42.03321     -15.16659 
-42.02056     -15.1662 
-42.01074     -15.16299 
-42.00149     -15.15865 
-41.99403     -15.15987 
-41.9832      -15.1656 
-41.97351     -15.17076 
-41.96607     -15.17253 
-41.95327     -15.17089 
-41.92736     -15.15855 
-41.90133     -15.14662 
-41.88455     -15.13792 
-41.87752     -15.12852 
-41.87164     -15.11911 
-41.86289     -15.1103 
-41.85483     -15.10873 
-41.84337     -15.11056 
-41.83765     -15.11231 
-41.82785     -15.1102 
-41.81453     -15.10257 
-41.80123     -15.0966 
-41.79605     -15.09555 
-41.5685      -15.306 
-41.42766     -15.44157 
-41.35541     -15.50488 
-41.32788     -15.7439 
-41.32029     -15.73562 
-41.31161     -15.73182 
-41.30238     -15.7308 
-41.2949      -15.73033 
-41.28572     -15.73322 
-41.27947     -15.73998 
-41.27492     -15.7445 
-41.26749     -15.74904 
-41.2427      -15.74708 
-41.23464     -15.74717 
-41.22198     -15.74787 
-41.21224     -15.75188 
-41.19789     -15.75538 
-41.18416     -15.76334 
-41.17273     -15.77071 
-41.16242     -15.77528 
-41.15667     -15.7759 
-41.15033     -15.77541 
-41.14857     -15.77264 
-41.1467      -15.76039 
-41.14146     -15.75543 
-41.13741     -15.7538 
-41.12762     -15.7539 
-41.11899     -15.75455 
-41.10916     -15.75131 
-41.09183     -15.74592 
-41.05948     -15.73678 
-41.02883     -15.72482 
-41.01609     -15.71882 
-41.00038     -15.70337 
-40.98758     -15.69179 
-40.97945     -15.68518 
-40.96737     -15.68586 
-40.95867     -15.67981 
-40.94822     -15.67266 
-40.94127     -15.66827 
-40.93666     -15.66832 
-40.92577     -15.67233 
-40.91608     -15.68135 
-40.90641     -15.69204 
-40.89955     -15.69601 
-40.89036     -15.69833 
-40.88402     -15.69728 
-40.87074     -15.6935 
-40.85802     -15.68861 
-40.84527     -15.68092 
-40.83372     -15.67713 
-40.82565     -15.67665 
-40.81588     -15.67786 
-40.79867     -15.6836 
-40.7913      -15.69482 
-40.7776      -15.7061 
-40.76801     -15.72516 
-40.7584      -15.74197 
-40.75442     -15.74703 
-40.74753     -15.74877 
-40.73137     -15.74557 
-40.72147     -15.73395 
-40.70757     -15.72571 
-40.69658     -15.72135 
-40.6827      -15.71479 
-40.67056     -15.71044 
-40.65962     -15.70998 
-40.64871     -15.71286 
-40.6407      -15.71795 
-40.62926     -15.7253 
-40.61317     -15.72823 
-40.5994      -15.73393 
-40.59314     -15.74179 
-40.59208     -15.75017 
-40.5841      -15.75916 
-40.57723     -15.76368 
-40.56756     -15.77547 
-40.55679     -15.79341 
-40.55164     -15.79736 
-40.54413     -15.79519 
-40.53772     -15.78744 
-40.52962     -15.78305 
-40.51927     -15.78425 
-40.51179     -15.78487 
-40.5025      -15.77714 
-40.4909      -15.76832 
-40.47935     -15.76451 
-40.46783     -15.76405 
-40.45117     -15.76865 
-40.44253     -15.77434 
-40.4418      -15.78569 
-40.43044     -15.79995 
-40.41172     -15.80733 
-40.384       -15.81127 
-40.37121     -15.81657 
-40.36203     -15.81682 
-40.35582     -15.81699 
-40.35391     -15.81705 
-40.34229     -15.81384 
-40.31385     -15.81364 
-40.30792     -15.80974 
-40.30034     -15.80745 
-40.28801     -15.80654 
-40.26479     -15.81276 
-40.25247     -15.81094 
-40.24934     -15.80938 
-40.24465     -15.80704 
-40.23707     -15.80681 
-40.22972     -15.80866 
-40.22498     -15.81302 
-40.2155      -15.82911 
-40.20555     -15.85462 
-40.20034     -15.86013 
-40.18849     -15.86336 
-40.17995     -15.86979 
-40.17782     -15.87462 
-40.17711     -15.89024 
-40.17047     -15.89254 
-40.14979     -15.8912 
-40.13515     -15.89026 
-40.11073     -15.89118 
-40.10267     -15.89302 
-40.09461     -15.89716 
-40.0799      -15.91186 
-40.07445     -15.92243 
-40.07195     -15.93226 
-40.07139     -15.93448 
-40.06827     -15.94678 
-40.06448     -15.95413 
-40.05997     -15.95781 
-40.04361     -15.96171 
-40.03412     -15.96653 
-40.0085      -15.98468 
-40           -15.98479 
 1             2 
 2 
 -9998.0  ,   -9997.0
  1999.0  ,    9990.0
 172 
-40           -16.35772 
-40.02696     -16.37706 
-40.04434     -16.39176 
-40.05682     -16.40358 
-40.06948     -16.4177 
-40.07334     -16.42377 
-40.07871     -16.42713 
-40.08276     -16.43482 
-40.09474     -16.44799 
-40.10046     -16.45572 
-40.11059     -16.46701 
-40.12388     -16.48413 
-40.12866     -16.4916 
-40.13357     -16.50275 
-40.13397     -16.50506 
-40.13486     -16.50738 
-40.13205     -16.51419 
-40.12731     -16.52164 
-40.11895     -16.53106 
-40.11666     -16.53651 
-40.11841     -16.54161 
-40.12024     -16.54442 
-40.13024     -16.55226 
-40.14057     -16.55667 
-40.14512     -16.55564 
-40.15436     -16.55703 
-40.16515     -16.55387 
-40.18364     -16.54747 
-40.19577     -16.54756 
-40.20738     -16.54878 
-40.22271     -16.55332 
-40.22677     -16.55296 
-40.23473     -16.55707 
-40.23913     -16.56155 
-40.24498     -16.56469 
-40.25076     -16.57081 
-40.25857     -16.58088 
-40.26508     -16.60286 
-40.26582     -16.61919 
-40.26659     -16.62563 
-40.26349     -16.65104 
-40.26542     -16.6674 
-40.26758     -16.68352 
-40.26775     -16.69432 
-40.2688      -16.71662 
-40.27172     -16.7229 
-40.27811     -16.7497 
-40.2764      -16.75976 
-40.27471     -16.7689 
-40.26746     -16.78135 
-40.25423     -16.79455 
-40.2451      -16.8058 
-40.23731     -16.82007 
-40.23639     -16.82762 
-40.2333      -16.83581 
-40.23289     -16.84177 
-40.23632     -16.85518 
-40.23813     -16.85867 
-40.24366     -16.86547 
-40.25674     -16.87477 
-40.26212     -16.87812 
-40.26348     -16.88068 
-40.27977     -16.88639 
-40.28972     -16.88848 
-40.31916     -16.89222 
-40.34059     -16.89276 
-40.35278     -16.89169 
-40.35944     -16.89209 
-40.37354     -16.89061 
-40.37807     -16.89049 
-40.38354     -16.89086 
-40.3904      -16.89264 
-40.40444     -16.89368 
-40.41805     -16.89241 
-40.43667     -16.89127 
-40.458       -16.88674 
-40.46991     -16.88681 
-40.47582     -16.88902 
-40.48448     -16.89474 
-40.49318     -16.90782 
-40.49646     -16.91915 
-40.4993      -16.92887 
-40.50145     -16.93765 
-40.50612     -16.95016 
-40.51356     -16.96642 
-40.51459     -16.97242 
-40.52204     -16.98822 
-40.5322      -17.01878 
-40.54607     -17.06276 
-40.54998     -17.07732 
-40.55411     -17.09281 
-40.558       -17.11702 
-40.55797     -17.12736 
-40.55998     -17.14188 
-40.55721     -17.15605 
-40.55261     -17.16789 
-40.54461     -17.18148 
-40.54149     -17.19128 
-40.54236     -17.19452 
-40.54828     -17.20546 
-40.54997     -17.21377 
-40.54883     -17.22063 
-40.54979     -17.24753 
-40.55063     -17.25192 
-40.55035     -17.26271 
-40.5553      -17.27431 
-40.57611     -17.30054 
-40.58314     -17.30576 
-40.59115     -17.31009 
-40.60147     -17.31746 
-40.60825     -17.32313 
-40.61337     -17.32854 
-40.61699     -17.33644 
-40.61708     -17.34195 
-40.61911     -17.35601 
-40.61699     -17.36377 
-40.61139     -17.37697 
-40.61051     -17.38361 
-40.60987     -17.40794 
-40.60894     -17.41619 
-40.60145     -17.41923 
-40.58713     -17.4182 
-40.58148     -17.41508 
-40.57659     -17.40991 
-40.5732      -17.40248 
-40.57063     -17.40035 
-40.56553     -17.38506 
-40.5652      -17.37931 
-40.55941     -17.37228 
-40.55328     -17.36915 
-40.54706     -17.36922 
-40.53883     -17.37316 
-40.52886     -17.37062 
-40.52202     -17.36747 
-40.51069     -17.37087 
-40.50874     -17.37243 
-40.5069      -17.37859 
-40.50827     -17.38988 
-40.51257     -17.39895 
-40.53233     -17.4201 
-40.53482     -17.42545 
-40.53178     -17.43204 
-40.52402     -17.43598 
-40.51593     -17.43464 
-40.50432     -17.43068 
-40.49524     -17.43023 
-40.48715     -17.42888 
-40.47566     -17.42952 
-40.47243     -17.43404 
-40.46953     -17.45281 
-40.47147     -17.46963 
-40.47526     -17.47983 
-40.47493     -17.48327 
-40.47826     -17.48404 
-40.47871     -17.48497 
-40.48578     -17.50674 
-40.48785     -17.51897 
-40.49015     -17.52224 
-40.49349     -17.53174 
-40.4961      -17.54168 
-40.49835     -17.55575 
-40.49312     -17.56344 
-40.4855      -17.57107 
-40.47341     -17.5756 
-40.4643      -17.57629 
-40.4411      -17.57572 
-40.42468     -17.5721 
-40.40629     -17.57095 
-40.39809     -17.57304 
-40.39007     -17.57767 
-40.38381     -17.58785 
-40.37917     -17.59992 
 1             3 
 2 
 -9998.0  ,   -9997.0
  1999.0  ,    9990.0
 30 
-40.37917     -17.59992 
-40.37537     -17.61614 
-40.37381     -17.62046 
-40.36543     -17.63817 
-40.36023     -17.64448 
-40.34678     -17.65471 
-40.32591     -17.66452 
-40.31152     -17.67381 
-40.3046      -17.68168 
-40.29926     -17.69257 
-40.29619     -17.69984 
-40.28862     -17.71344 
-40.28116     -17.72336 
-40.27451     -17.72986 
-40.26403     -17.73602 
-40.25406     -17.74128 
-40.24167     -17.7474 
-40.21654     -17.75479 
-40.20892     -17.76148 
-40.20646     -17.76372 
-40.1958      -17.77631 
-40.18467     -17.78843 
-40.17637     -17.81028 
-40.17449     -17.81735 
-40.17397     -17.82699 
-40.18014     -17.84623 
-40.18743     -17.85929 
-40.19092     -17.86306 
-40.22415     -17.9 
-40.22766     -17.90308 
 1             4 
 2 
 -9998.0  ,   -9997.0
  1999.0  ,    9990.0
 28 
-40           -18.12013 
-40.00715     -18.11628 
-40.0167      -18.10988 
-40.02452     -18.10526 
-40.02918     -18.10194 
-40.03425     -18.10106 
-40.03238     -18.0995 
-40.03748     -18.09733 
-40.08089     -18.06655 
-40.10168     -18.05331 
-40.11246     -18.04601 
-40.12224     -18.03984 
-40.12661     -18.03811 
-40.13422     -18.03234 
-40.15316     -18.01652 
-40.18404     -17.99411 
-40.20197     -17.97941 
-40.21129     -17.97253 
-40.21422     -17.97076 
-40.21695     -17.96762 
-40.22624     -17.96165 
-40.24199     -17.94735 
-40.24695     -17.94173 
-40.25081     -17.93241 
-40.24651     -17.92356 
-40.24186     -17.91816 
-40.23228     -17.90941 
-40.22766     -17.90308 
 1             5 
 2 
 -9998.0  ,   -9997.0
  1999.0  ,    9990.0
 370 
-41.30476     -20 
-41.30667     -19.99396 
-41.3081      -19.98387 
-41.30739     -19.97213 
-41.30613     -19.96314 
-41.29934     -19.95151 
-41.29083     -19.941 
-41.27938     -19.93158 
-41.2722      -19.92684 
-41.24745     -19.91532 
-41.23571     -19.90819 
-41.22403     -19.8983 
-41.21675     -19.88735 
-41.21345     -19.88315 
-41.20711     -19.87359 
-41.20107     -19.86175 
-41.1959      -19.85429 
-41.18962     -19.84198 
-41.18126     -19.82526 
-41.1814      -19.80871 
-41.18211     -19.79861 
-41.18482     -19.78647 
-41.18677     -19.77548 
-41.18467     -19.76072 
-41.17975     -19.74246 
-41.17481     -19.72535 
-41.17203     -19.71932 
-41.17371     -19.70946 
-41.17248     -19.69978 
-41.17338     -19.69198 
-41.17325     -19.67658 
-41.16986     -19.6657 
-41.16186     -19.65497 
-41.15709     -19.65142 
-41.12421     -19.63741 
-41.11584     -19.63241 
-41.11492     -19.6301 
-41.10573     -19.6191 
-41.10079     -19.61233 
-41.09039     -19.60085 
-41.08589     -19.59685 
-41.08013     -19.59443 
-41.07585     -19.5909 
-41.06724     -19.58589 
-41.06533     -19.5847 
-41.05984     -19.58114 
-41.04983     -19.57403 
-41.04406     -19.57207 
-41.02804     -19.56276 
-41.02244     -19.55368 
-41.0193      -19.54327 
-41.01557     -19.5271 
-41.01112     -19.52056 
-41.00748     -19.51734 
-40.99154     -19.50865 
-40.98245     -19.50386 
-40.977       -19.49892 
-40.97303     -19.49262 
-40.97026     -19.47693 
-40.9712      -19.46798 
-40.97495     -19.44324 
-40.97324     -19.43377 
-40.97159     -19.42155 
-40.96558     -19.40993 
-40.95136     -19.38732 
-40.95001     -19.38315 
-40.94393     -19.37429 
-40.93789     -19.36381 
-40.93423     -19.35499 
-40.93133     -19.34482 
-40.92906     -19.33902 
-40.92965     -19.3342 
-40.92819     -19.32475 
-40.92934     -19.31718 
-40.93046     -19.311 
-40.9345      -19.30419 
-40.93686     -19.29643 
-40.94045     -19.28823 
-40.94373     -19.27243 
-40.94208     -19.26067 
-40.93566     -19.24605 
-40.93628     -19.24032 
-40.93487     -19.22879 
-40.93479     -19.22235 
-40.93689     -19.20538 
-40.93926     -19.19716 
-40.93947     -19.18866 
-40.94335     -19.16828 
-40.94592     -19.16167 
-40.94605     -19.15661 
-40.95265     -19.14319 
-40.97191     -19.11602 
-40.97869     -19.10536 
-40.98172     -19.08979 
-40.97986     -19.08653 
-40.98256     -19.08498 
-40.99356     -19.07947 
-41.00966     -19.07314 
-41.01553     -19.06982 
-41.04333     -19.05868 
-41.04993     -19.05514 
-41.05578     -19.05274 
-41.05953     -19.04753 
-41.06158     -19.04251 
-41.06216     -19.03839 
-41.05757     -19.0284 
-41.04826     -19.01327 
-41.04133     -18.99979 
-41.04002     -18.99401 
-41.04433     -18.98514 
-41.05615     -18.97527 
-41.06001     -18.96524 
-41.05841     -18.96129 
-41.05577     -18.9502 
-41.05631     -18.94815 
-41.05958     -18.94247 
-41.07346     -18.93678 
-41.08227     -18.93191 
-41.08769     -18.92719 
-41.09699     -18.91083 
-41.10732     -18.90231 
-41.11291     -18.90059 
-41.12106     -18.90283 
-41.13229     -18.90766 
-41.15157     -18.91932 
-41.15971     -18.92224 
-41.16909     -18.92381 
-41.17564     -18.92234 
-41.18166     -18.92269 
-41.18923     -18.9187 
-41.19684     -18.91288 
-41.20178     -18.90792 
-41.20993     -18.89958 
-41.22376     -18.88538 
-41.23279     -18.88073 
-41.24613     -18.87755 
-41.26094     -18.87347 
-41.27293     -18.86567 
-41.28191     -18.86331 
-41.29326     -18.86285 
-41.30504     -18.86446 
-41.32017     -18.86751 
-41.33558     -18.86873 
-41.33949     -18.86651 
-41.34877     -18.8614 
-41.35389     -18.85874 
-41.36586     -18.85162 
-41.372       -18.84668 
-41.37988     -18.83924 
-41.38314     -18.83333 
-41.38876     -18.8185 
-41.38889     -18.81229 
-41.38537     -18.79636 
-41.37727     -18.78081 
-41.37596     -18.77434 
-41.37568     -18.76491 
-41.3797      -18.75718 
-41.38756     -18.73894 
-41.38744     -18.73342 
-41.38531     -18.72027 
-41.38574     -18.71132 
-41.39315     -18.70295 
-41.39976     -18.69802 
-41.41014     -18.6973 
-41.42188     -18.70051 
-41.42981     -18.70135 
-41.44022     -18.69902 
-41.44559     -18.6959 
-41.44834     -18.6909 
-41.45382     -18.671 
-41.45857     -18.66282 
-41.46013     -18.65733 
-41.47024     -18.64625 
-41.47274     -18.64147 
-41.47764     -18.63766 
-41.48297     -18.63615 
-41.4978      -18.6293 
-41.52134     -18.62077 
-41.53533     -18.60815 
-41.53959     -18.59996 
-41.54118     -18.59286 
-41.54085     -18.58527 
-41.53713     -18.57876 
-41.52561     -18.56499 
-41.50645     -18.54855 
-41.49444     -18.53569 
-41.48851     -18.53121 
-41.47998     -18.52461 
-41.46834     -18.51727 
-41.45173     -18.51719 
-41.43841     -18.52108 
-41.43427     -18.52376 
-41.42991     -18.52482 
-41.41971     -18.529 
-41.41026     -18.53227 
-41.40277     -18.5335 
-41.39893     -18.53297 
-41.39485     -18.53243 
-41.38547     -18.53202 
-41.37734     -18.52911 
-41.3717      -18.52279 
-41.36774     -18.51674 
-41.35825     -18.51035 
-41.35159     -18.50654 
-41.34322     -18.50408 
-41.33273     -18.49928 
-41.32353     -18.49083 
-41.31892     -18.48155 
-41.31637     -18.46632 
-41.31307     -18.45201 
-41.31139     -18.44048 
-41.31005     -18.42483 
-41.31082     -18.41128 
-41.31431     -18.3948 
-41.31615     -18.37645 
-41.31585     -18.36794 
-41.31268     -18.35937 
-41.30248     -18.34193 
-41.2891      -18.32673 
-41.28007     -18.32196 
-41.27408     -18.32092 
-41.26504     -18.3166 
-41.24856     -18.31191 
-41.24311     -18.30835 
-41.2338      -18.30564 
-41.22953     -18.30279 
-41.2193      -18.29799 
-41.21458     -18.29422 
-41.20621     -18.29221 
-41.1867      -18.28331 
-41.17206     -18.27175 
-41.14767     -18.25585 
-41.13633     -18.24734 
-41.12446     -18.23032 
-41.11583     -18.21888 
-41.10847     -18.20471 
-41.11026     -18.20015 
-41.11521     -18.19404 
-41.12959     -18.18492 
-41.13645     -18.17909 
-41.16022     -18.1474 
-41.17191     -18.12948 
-41.17409     -18.12689 
-41.18394     -18.11801 
-41.19613     -18.10952 
-41.21142     -18.10225 
-41.22036     -18.09967 
-41.23727     -18.09495 
-41.25538     -18.09026 
-41.26557     -18.08541 
-41.2814      -18.07515 
-41.29248     -18.06227 
-41.30715     -18.03866 
-41.31044     -18.03091 
-41.31688     -18.02161 
-41.31877     -18.01177 
-41.31889     -17.99546 
-41.31507     -17.98343 
-41.30711     -17.97454 
-41.29791     -17.96724 
-41.28417     -17.95938 
-41.26942     -17.9538 
-41.2613      -17.95203 
-41.24293     -17.94776 
-41.23412     -17.94506 
-41.22769     -17.94309 
-41.21095     -17.94068 
-41.19228     -17.93892 
-41.18485     -17.93854 
-41.16828     -17.93958 
-41.1404      -17.942 
-41.11975     -17.94341 
-41.10841     -17.94616 
-41.09845     -17.95193 
-41.08867     -17.95977 
-41.08386     -17.97093 
-41.08322     -17.97758 
-41.0832      -17.98884 
-41.08146     -18.0019 
-41.07868     -18.00805 
-41.07251     -18.01527 
-41.06529     -18.01604 
-41.06174     -18.01412 
-41.05351     -18.00683 
-41.04796     -17.99798 
-41.03803     -17.98145 
-41.03718     -17.97684 
-41.02952     -17.96564 
-41.02413     -17.96024 
-41.01182     -17.95331 
-41.00799     -17.95323 
-40.99884     -17.95465 
-40.99308     -17.95475 
-40.98587     -17.95552 
-40.9791      -17.95744 
-40.973       -17.96167 
-40.96222     -17.96121 
-40.95508     -17.95922 
-40.94021     -17.94901 
-40.93099     -17.94353 
-40.92331     -17.94359 
-40.91844     -17.9467 
-40.91227     -17.95369 
-40.90553     -17.96457 
-40.89946     -17.96742 
-40.89369     -17.96821 
-40.89082     -17.96792 
-40.88506     -17.9678 
-40.87528     -17.96574 
-40.85874     -17.96537 
-40.8515      -17.96705 
-40.84548     -17.96784 
-40.83897     -17.96907 
-40.8121      -17.97904 
-40.80391     -17.98023 
-40.79241     -17.97951 
-40.78005     -17.97487 
-40.77317     -17.97195 
-40.76684     -17.96629 
-40.75243     -17.95723 
-40.74386     -17.95451 
-40.7405      -17.95466 
-40.73477     -17.95384 
-40.72469     -17.95384 
-40.71698     -17.95527 
-40.70663     -17.95664 
-40.70134     -17.95697 
-40.69239     -17.95998 
-40.68257     -17.95953 
-40.66091     -17.95305 
-40.63197     -17.94042 
-40.62554     -17.93843 
-40.60848     -17.93067 
-40.60372     -17.92895 
-40.60326     -17.92848 
-40.59352     -17.9248 
-40.57256     -17.91924 
-40.55657     -17.91633 
-40.54912     -17.91684 
-40.54067     -17.91894 
-40.53172     -17.92194 
-40.51468     -17.92245 
-40.50646     -17.92478 
-40.49082     -17.93543 
-40.48311     -17.93685 
-40.47547     -17.93574 
-40.46524     -17.93251 
-40.4589      -17.92752 
-40.45498     -17.92168 
-40.45391     -17.91683 
-40.45514     -17.90675 
-40.4605      -17.8947 
-40.46207     -17.88991 
-40.46052     -17.88528 
-40.45609     -17.88057 
-40.45159     -17.87862 
-40.43406     -17.87934 
-40.41021     -17.88357 
-40.39597     -17.8869 
-40.38277     -17.88749 
-40.37441     -17.88636 
-40.3677      -17.88619 
-40.344       -17.88491 
-40.33132     -17.8839 
-40.32003     -17.88453 
-40.30969     -17.88565 
-40.29043     -17.88814 
-40.24482     -17.89824 
-40.22967     -17.90014 
-40.22766     -17.90308 
